EMPID|AHP|Andres Hyatt Place|20241207|20241207|20250108|122214|2.00|2.00|Simphony|19.7.2
EMP|1-Restautante|1|1-Restautante|28|Jonatan |Fernandez Medina|101160002|1|1|0|0|1765.00|176.00|0.00|0|0.00|0|0.00|0.00|0.00|0|0.00|0|0.00|0|2276.00|1|2276.00|1|0.00|0|0.00|0|0.00|176.00|0.00|0|1765.00|0.00|0.00|1765.00
EMP|1-Restautante|1|1-Restautante|28|Yency Lorena|Moreno|220000414|12|21|0|0|1249411.00|113302.00|0.00|0|0.00|0|-11387.00|0.00|106300.00|2|0.00|0|0.00|1|1600102.00|12|1600102.00|12|0.00|0|0.00|0|0.00|113302.00|0.00|0|1249411.00|0.00|0.00|1249411.00
EMPSHFT|1-Restautante|1|1-Restautante|28|Jonatan |Fernandez Medina|101160002|1| |0| |0|BARRA |3|0|1765.00|0.00|0.00|176.00|1|1|0.00|0|0.00|0|0.00|0|0.00|0|0.00|0|0|0|0.00|0|0.00|0|0.00|0|0.00|0.00|0.00|0.00|0.00|0.00|335.00|0.00|2276.00|2276.00|1|0.00|0|0.00|0|0.00|0|0.00|0.00|0|0.00
EMPSHFT|1-Restautante|1|1-Restautante|28|Jonatan |Fernandez Medina|101160002|1| |0| |0|CAPS|1|0|0.00|0.00|0.00|0.00|0|0|0.00|0|0.00|0|0.00|0|0.00|0|0.00|0|0|0|176.00|0|176.00|1|0.00|0|1941.00|0.00|0.00|0.00|0.00|0.00|0.00|0.00|0.00|0.00|0|2276.00|1|0.00|0|0.00|0|0.00|0.00|0|0.00
EMPSHFT|1-Restautante|1|1-Restautante|28|Yency Lorena|Moreno|220000414|1| |0| |0|PRINCIPAL|4|0|465376.00|0.00|0.00|46538.00|3|7|0.00|0|0.00|0|0.00|0|59800.00|1|0.00|0|0|0|0.00|0|0.00|0|0.00|0|0.00|0.00|0.00|0.00|0.00|0.00|88424.00|0.00|600338.00|600338.00|3|0.00|0|0.00|0|0.00|0|0.00|0.00|0|0.00
EMPSHFT|1-Restautante|1|1-Restautante|28|Yency Lorena|Moreno|220000414|1| |0| |0|BARRA |3|0|784035.00|0.00|0.00|78151.00|9|14|0.00|0|0.00|0|0.00|0|46500.00|1|0.00|0|0|0|113302.00|0|113302.00|8|0.00|0|0.00|0.00|0.00|0.00|0.00|0.00|148965.00|0.00|1011151.00|1011151.00|9|1461602.00|8|0.00|0|0.00|0|0.00|0.00|0|0.00
EMPSHFT|1-Restautante|1|1-Restautante|28|Yency Lorena|Moreno|220000414|1| |0| |0|CAPS|1|0|0.00|0.00|0.00|-11387.00|0|0|0.00|0|0.00|0|0.00|0|0.00|0|0.00|0|0|0|0.00|0|0.00|0|0.00|0|1370973.00|0.00|0.00|0.00|0.00|0.00|0.00|-11387.00|0.00|-11387.00|0|138500.00|4|0.00|0|0.00|0|0.00|0.00|0|0.00
EMPTM|1-Restautante|1|1-Restautante|28|Sara|Cardenas Buitrago|270000410|Efectivo |101|Efectivo |101|Payment|177336.00|4
EMPTM|1-Restautante|1|1-Restautante|28|Sara|Cardenas Buitrago|270000410|Master Card|202|Master Card|202|Payment|663150.00|7
EMPTM|1-Restautante|1|1-Restautante|28|Sara|Cardenas Buitrago|270000410|Visa |204|Visa |204|Payment|761892.00|5
EMPTM|1-Restautante|1|1-Restautante|28|Sara|Cardenas Buitrago|270000410|Contado|102|Contado|102|Payment|0.00|0
EMPTM|1-Restautante|1|1-Restautante|28|Yency Lorena|Moreno|220000414|Contado|102|Contado|102|Payment|0.00|0
EMPOTSLS|1-Restautante|1|1-Restautante|28|Jonatan |Fernandez Medina|101160002|Para Aqui|1|Para Aqui|1|1|1|0|0|1765.00|0.00|0.00|0|0.00|0|0.00|0.00|0|0.00|0|0.00|0|0.00|0|0.00|0|0.00|0|0.00|0|0.00|0|0.00|0.00|1765.00
EMPOTSLS|1-Restautante|1|1-Restautante|28|Yency Lorena|Moreno|220000414|Para Aqui|1|Para Aqui|1|0|0|0|0|149747.00|0.00|0.00|0|0.00|0|0.00|0.00|0|0.00|0|0.00|0|0.00|0|0.00|0|0.00|0|0.00|0|0.00|0|0.00|0.00|149747.00
EMPOTSLS|1-Restautante|1|1-Restautante|28|Yency Lorena|Moreno|220000414|Para Aqui|1|Para Aqui|1|0|0|0|0|18235.00|0.00|0.00|0|0.00|0|0.00|0.00|0|0.00|0|0.00|0|0.00|0|0.00|0|0.00|0|0.00|0|0.00|0|0.00|0.00|18235.00
EMPOTSLS|1-Restautante|1|1-Restautante|28|Yency Lorena|Moreno|220000414|Para Aqui|1|Para Aqui|1|1|3|0|0|31092.00|0.00|0.00|0|0.00|0|0.00|0.00|0|0.00|0|0.00|0|0.00|0|0.00|0|0.00|0|0.00|0|0.00|0|0.00|0.00|31092.00
EMPOTSLS|1-Restautante|1|1-Restautante|28|Yency Lorena|Moreno|220000414|Para Aqui|1|Para Aqui|1|0|0|0|0|11008.00|0.00|0.00|0|0.00|0|0.00|0.00|0|0.00|0|0.00|0|0.00|0|0.00|0|0.00|0|0.00|0|0.00|0|0.00|0.00|11008.00
EMPOTSLS|1-Restautante|1|1-Restautante|28|Yency Lorena|Moreno|220000414|Para Aqui|1|Para Aqui|1|0|0|0|0|194621.00|0.00|0.00|0|0.00|0|0.00|0.00|0|0.00|0|0.00|0|0.00|0|0.00|0|0.00|0|0.00|0|0.00|0|0.00|0.00|194621.00
EMPOTSLS|1-Restautante|1|1-Restautante|28|Yency Lorena|Moreno|220000414|Para Aqui|1|Para Aqui|1|0|0|0|0|65126.00|0.00|0.00|0|0.00|0|0.00|0.00|0|0.00|0|0.00|0|0.00|0|0.00|0|0.00|0|0.00|0|0.00|0|0.00|0.00|65126.00
EMPOTSLS|1-Restautante|1|1-Restautante|28|Yency Lorena|Moreno|220000414|Para Aqui|1|Para Aqui|1|1|1|0|0|82605.00|0.00|0.00|0|0.00|0|0.00|0.00|0|0.00|0|0.00|0|0.00|0|0.00|0|0.00|0|0.00|0|0.00|0|0.00|0.00|82605.00
EMPOTSLS|1-Restautante|1|1-Restautante|28|Yency Lorena|Moreno|220000414|Para Aqui|1|Para Aqui|1|1|2|0|0|33109.00|0.00|0.00|0|0.00|0|0.00|0.00|0|0.00|0|0.00|0|0.00|0|0.00|0|0.00|0|0.00|0|0.00|0|0.00|0.00|33109.00
EMPOTSLS|1-Restautante|1|1-Restautante|28|Yency Lorena|Moreno|220000414|Para Aqui|1|Para Aqui|1|0|0|0|0|11598.00|0.00|0.00|0|0.00|0|0.00|0.00|0|0.00|0|0.00|0|0.00|0|0.00|0|0.00|0|0.00|0|0.00|0|0.00|0.00|11598.00
EMPOTSLS|1-Restautante|1|1-Restautante|28|Yency Lorena|Moreno|220000414|Para Aqui|1|Para Aqui|1|1|1|0|0|1261.00|0.00|0.00|0|0.00|0|0.00|0.00|0|0.00|0|0.00|0|0.00|0|0.00|0|0.00|0|0.00|0|0.00|0|0.00|0.00|1261.00
EMPOTSLS|1-Restautante|1|1-Restautante|28|Yency Lorena|Moreno|220000414|Para Aqui|1|Para Aqui|1|0|0|0|0|7563.00|0.00|0.00|0|0.00|0|0.00|0.00|0|0.00|0|0.00|0|0.00|0|0.00|0|0.00|0|0.00|0|0.00|0|0.00|0.00|7563.00
EMPOTSLS|1-Restautante|1|1-Restautante|28|Yency Lorena|Moreno|220000414|Para Aqui|1|Para Aqui|1|1|3|0|0|29579.00|0.00|0.00|0|0.00|0|0.00|0.00|0|0.00|0|0.00|0|0.00|0|0.00|0|0.00|0|0.00|0|0.00|0|0.00|0.00|29579.00
EMPOTSLS|1-Restautante|1|1-Restautante|28|Yency Lorena|Moreno|220000414|Para Aqui|1|Para Aqui|1|0|0|0|0|15126.00|0.00|0.00|0|0.00|0|0.00|0.00|0|0.00|0|0.00|0|0.00|0|0.00|0|0.00|0|0.00|0|0.00|0|0.00|0.00|15126.00
EMPOTSLS|1-Restautante|1|1-Restautante|28|Yency Lorena|Moreno|220000414|Para Aqui|1|Para Aqui|1|0|0|0|0|10504.00|0.00|0.00|0|0.00|0|0.00|0.00|0|0.00|0|0.00|0|0.00|0|0.00|0|0.00|0|0.00|0|0.00|0|0.00|0.00|10504.00
EMPOTSLS|1-Restautante|1|1-Restautante|28|Yency Lorena|Moreno|220000414|Para Aqui|1|Para Aqui|1|1|1|0|0|15546.00|0.00|0.00|0|0.00|0|0.00|0.00|0|0.00|0|0.00|0|0.00|0|0.00|0|0.00|0|0.00|0|0.00|0|0.00|0.00|15546.00
EMPOTSLS|1-Restautante|1|1-Restautante|28|Yency Lorena|Moreno|220000414|Para Aqui|1|Para Aqui|1|1|2|0|0|33109.00|0.00|0.00|0|0.00|0|0.00|0.00|0|0.00|0|0.00|0|0.00|0|0.00|0|0.00|0|0.00|0|0.00|0|0.00|0.00|33109.00
EMPOTSLS|1-Restautante|1|1-Restautante|28|Yency Lorena|Moreno|220000414|Para Aqui|1|Para Aqui|1|0|0|0|0|18571.00|0.00|0.00|0|0.00|0|0.00|0.00|0|0.00|0|0.00|0|0.00|0|0.00|0|0.00|0|0.00|0|0.00|0|0.00|0.00|18571.00
EMPOTSLS|1-Restautante|1|1-Restautante|28|Yency Lorena|Moreno|220000414|Para Aqui|1|Para Aqui|1|1|2|0|0|98320.00|0.00|0.00|0|0.00|0|0.00|0.00|0|0.00|0|0.00|0|0.00|0|0.00|0|0.00|0|0.00|0|0.00|0|0.00|0.00|98320.00
EMPOTSLS|1-Restautante|1|1-Restautante|28|Yency Lorena|Moreno|220000414|Para Aqui|1|Para Aqui|1|1|1|0|0|15546.00|0.00|0.00|0|0.00|0|0.00|0.00|0|0.00|0|0.00|0|0.00|0|0.00|0|0.00|0|0.00|0|0.00|0|0.00|0.00|15546.00
EMPOTSLS|1-Restautante|1|1-Restautante|28|Yency Lorena|Moreno|220000414|Para Aqui|1|Para Aqui|1|0|0|0|0|117479.00|0.00|0.00|0|0.00|0|0.00|0.00|0|0.00|0|0.00|0|0.00|0|0.00|0|0.00|0|0.00|0|0.00|0|0.00|0.00|117479.00
EMPOTSLS|1-Restautante|1|1-Restautante|28|Yency Lorena|Moreno|220000414|Para Aqui|1|Para Aqui|1|1|2|0|0|161597.00|0.00|0.00|0|0.00|0|0.00|0.00|0|0.00|0|0.00|0|0.00|0|0.00|0|0.00|0|0.00|0|0.00|0|0.00|0.00|161597.00
EMPOTSLS|1-Restautante|1|1-Restautante|28|Yency Lorena|Moreno|220000414|Para Aqui|1|Para Aqui|1|0|0|0|0|87395.00|0.00|0.00|0|0.00|0|0.00|0.00|0|0.00|0|0.00|0|0.00|0|0.00|0|0.00|0|0.00|0|0.00|0|0.00|0.00|87395.00
EMPOTSLS|1-Restautante|1|1-Restautante|28|Yency Lorena|Moreno|220000414|Para Aqui|1|Para Aqui|1|0|0|0|0|7983.00|0.00|0.00|0|0.00|0|0.00|0.00|0|0.00|0|0.00|0|0.00|0|0.00|0|0.00|0|0.00|0|0.00|0|0.00|0.00|7983.00
EMPOTSLS|1-Restautante|1|1-Restautante|28|Yency Lorena|Moreno|220000414|Para Aqui|1|Para Aqui|1|1|2|0|0|1261.00|0.00|0.00|0|0.00|0|0.00|0.00|0|0.00|0|0.00|0|0.00|0|0.00|0|0.00|0|0.00|0|0.00|0|0.00|0.00|1261.00
EMPOTSLS|1-Restautante|1|1-Restautante|28|Yency Lorena|Moreno|220000414|Para Aqui|1|Para Aqui|1|0|0|0|0|7983.00|0.00|0.00|0|0.00|0|0.00|0.00|0|0.00|0|0.00|0|0.00|0|0.00|0|0.00|0|0.00|0|0.00|0|0.00|0.00|7983.00
EMPOTSLS|1-Restautante|1|1-Restautante|28|Yency Lorena|Moreno|220000414|Para Aqui|1|Para Aqui|1|0|0|0|0|15464.00|0.00|0.00|0|0.00|0|0.00|0.00|0|0.00|0|0.00|0|0.00|0|0.00|0|0.00|0|0.00|0|0.00|0|0.00|0.00|15464.00
EMPOTSLS|1-Restautante|1|1-Restautante|28|Yency Lorena|Moreno|220000414|Para Aqui|1|Para Aqui|1|1|1|0|0|7983.00|0.00|0.00|0|0.00|0|0.00|0.00|0|0.00|0|0.00|0|0.00|0|0.00|0|0.00|0|0.00|0|0.00|0|0.00|0.00|7983.00
