EMPID|MIA|Andres Miami|20241215|20241215|20250116|122209|2.00|2.00|Simphony|19.7.2
EMP|Restaurant|1|Restaurante|1|Daniela|Suarez|44|1|1|0|0|485.00|97.00|0.00|0|0.00|0|0.00|0.00|96.00|1|0.00|0|0.00|0|634.38|2|634.38|2|0.00|0|0.00|0|0.00|0.00|0.00|0|485.00|0.00|0.00|485.00
EMP|Restaurant|1|Restaurante|1|Catalina|Herrera|45|0|0|0|0|0.00|0.00|0.00|0|0.00|0|0.00|0.00|0.00|0|0.00|0|0.00|1|0.00|0|0.00|0|0.00|0|0.00|0|0.00|0.00|0.00|0|0.00|0.00|0.00|0.00
EMP|Restaurant|1|Restaurante|1|Sara|Diez|47|0|0|0|0|0.00|0.00|0.00|0|0.00|0|0.00|0.00|0.00|0|0.00|0|0.00|4|0.00|0|0.00|0|0.00|0|0.00|0|0.00|0.00|0.00|0|0.00|0.00|0.00|0.00
EMP|Restaurant|1|Restaurante|1|Lianyi|Rivero|52|11|42|0|0|2061.00|443.78|-100.80|7|0.00|0|-9.09|0.00|54.00|4|0.00|0|0.00|0|2727.38|11|2540.32|9|0.00|0|0.00|0|0.00|0.00|0.00|0|2061.00|0.00|0.00|2061.00
EMP|Restaurant|1|Restaurante|1|Maria Jose|Garcia|54|7|27|0|0|1921.00|500.48|-76.80|2|0.00|0|-6.92|0.00|107.00|5|0.00|0|0.00|1|2628.96|7|2800.30|7|0.00|0|0.00|0|0.00|0.00|0.00|0|1921.00|0.00|0.00|1921.00
EMP|Restaurant|1|Restaurante|1|Sara|Melendez|59|9|14|0|0|2156.00|431.20|0.00|0|0.00|0|-0.01|0.00|105.00|5|0.00|0|0.00|0|2820.02|9|2851.42|8|0.00|0|0.00|0|0.00|0.00|0.00|0|2156.00|0.00|0.00|2156.00
EMP|Restaurant|1|Restaurante|1|Santiago|Sierra|62|8|21|0|0|1194.00|264.42|0.00|0|0.00|0|0.00|0.00|48.50|3|0.00|0|0.00|0|1587.35|9|1587.35|9|0.00|0|0.00|0|0.00|0.00|0.00|0|1194.00|0.00|0.00|1194.00
EMP|Restaurant|1|Restaurante|1|Daniel|Yate|63|20|55|0|0|2987.50|628.35|-127.20|12|0.00|0|-11.47|0.00|198.00|7|0.00|0|0.00|3|3938.48|22|3587.95|17|0.00|0|0.00|0|0.00|0.00|0.00|0|2987.50|0.00|0.00|2987.50
EMP|Restaurant|1|Restaurante|1|Pedro|Soto|70|0|0|0|0|0.00|0.00|0.00|0|0.00|0|0.00|0.00|0.00|0|0.00|0|0.00|0|0.00|1|0.00|1|0.00|0|0.00|0|0.00|0.00|0.00|0|0.00|0.00|0.00|0.00
EMP|Restaurant|1|Restaurante|1|Luisa Fernanda|Rosales|71|16|-8440|0|0|540.00|0.00|0.00|0|0.00|0|0.00|0.00|60.00|1|0.00|0|0.00|1|588.60|17|588.60|17|0.00|0|0.00|0|0.00|0.00|0.00|0|540.00|0.00|0.00|540.00
EMP|Restaurant|1|Restaurante|1|Gabriela|Peley|86|0|0|0|0|0.00|0.00|0.00|0|0.00|0|0.00|0.00|0.00|0|0.00|0|0.00|0|0.00|1|0.00|1|0.00|0|0.00|0|0.00|0.00|0.00|0|0.00|0.00|0.00|0.00
EMP|Restaurant|1|Restaurante|1|Ana|Fandiño|104|9|19|0|0|1384.50|303.38|-54.00|2|0.00|0|-4.86|0.00|88.00|3|0.00|0|0.00|0|1837.37|9|1961.63|9|0.00|0|0.00|0|0.00|0.00|0.00|0|1384.50|0.00|0.00|1384.50
EMP|Restaurant|1|Restaurante|1|Gisell|Caballero|106|4|13|0|0|693.50|138.70|0.00|0|0.00|0|0.00|0.00|3.50|2|0.00|0|0.00|0|907.09|4|907.09|4|0.00|0|0.00|0|0.00|0.00|0.00|0|693.50|0.00|0.00|693.50
EMP|Restaurant|1|Restaurante|1|Kevin|Gonzalez|110|24|40|0|0|1848.50|435.02|-123.60|8|0.00|0|-11.14|0.00|216.50|8|0.00|0|3.93|4|2481.96|24|2357.70|23|0.00|0|0.00|0|0.00|0.00|0.00|0|1848.50|0.00|0.00|1848.50
EMP|Restaurant|1|Restaurante|1|Mercedes|Juarez|114|8|22|0|0|1750.00|352.48|0.00|0|0.00|0|0.00|0.00|0.00|0|0.00|0|0.00|0|2291.48|8|2375.20|8|0.00|0|0.00|0|0.00|0.00|0.00|0|1750.00|0.00|0.00|1750.00
EMP|Restaurant|1|Restaurante|1|Adianes|Rojas|115|15|29|0|0|1541.50|325.72|-54.00|6|0.00|0|-4.89|0.00|17.00|1|0.00|0|0.00|1|2033.72|15|2539.91|14|0.00|0|0.00|0|0.00|0.00|0.00|0|1541.50|0.00|0.00|1541.50
EMP|Restaurant|1|Restaurante|1|David|Lopez|120|0|0|0|0|0.00|0.00|0.00|0|0.00|0|0.00|0.00|0.00|0|0.00|0|159.57|2|0.00|0|0.00|0|0.00|0|0.00|0|0.00|0.00|0.00|0|0.00|0.00|0.00|0.00
EMP|Restaurant|1|Restaurante|1|Alejandra|Perilla|132|13|35|0|0|1903.50|418.03|-69.60|4|0.00|0|-55.55|0.00|182.00|2|0.00|0|0.00|0|2527.12|13|2355.78|12|0.00|0|0.00|0|0.00|0.00|0.00|0|2063.50|-160.00|-160.00|1903.50
EMP|Restaurant|1|Restaurante|1|Pryssila|Moronta|135|16|46|0|0|2351.00|470.20|-7.20|3|0.00|0|-0.64|0.00|204.50|9|0.00|0|24.86|2|3075.10|16|2991.38|15|0.00|0|0.00|0|0.00|0.00|0.00|0|2351.00|0.00|0.00|2351.00
EMP|Restaurant|1|Restaurante|1|Antonella|Mezzenasco|137|8|17|0|0|1190.00|252.07|-166.80|11|0.00|0|-15.03|0.00|218.50|8|0.00|0|0.00|0|1570.58|8|1578.42|7|0.00|0|0.00|0|0.00|0.00|0.00|0|1190.00|0.00|0.00|1190.00
EMP|Restaurant|1|Restaurante|1|Sebastian|Valencia|139|12|20|0|0|1286.00|257.20|-94.80|10|0.00|0|-8.56|0.00|81.00|4|0.00|0|0.00|0|1682.09|12|1674.25|9|0.00|0|0.00|0|0.00|0.00|0.00|0|1286.00|0.00|0.00|1286.00
EMPSHFT|Restaurant|1|Restaurante|1|Daniela|Suarez|44|1| |0| |0|SegundoPiso1|57|0|0.00|0.00|0.00|0.00|0|0|0.00|0|0.00|0|0.00|0|0.00|0|0.00|0|0|0|0.00|0|0.00|0|0.00|0|634.38|0.00|0.00|0.00|0.00|97.00|0.00|0.00|0.00|0.00|0|634.38|1|0.00|0|0.00|0|0.00|0.00|0|0.00
EMPSHFT|Restaurant|1|Restaurante|1|Daniela|Suarez|44|1| |0| |0|BarSegundoPiso|7|0|226.00|0.00|0.00|45.20|2|1|0.00|0|0.00|0|0.00|0|0.00|0|0.00|0|0|0|0.00|0|0.00|0|0.00|0|-44.60|-44.60|45.20|0.00|0.00|0.00|24.40|0.00|295.60|295.60|2|0.00|0|0.00|0|0.00|0|0.00|0.00|0|0.00
EMPSHFT|Restaurant|1|Restaurante|1|Daniela|Suarez|44|1| |0| |0|Soul|8|0|116.00|0.00|0.00|23.20|5|0|0.00|0|0.00|0|0.00|0|0.00|0|0.00|0|0|0|0.00|0|0.00|0|0.00|0|8.20|8.20|23.20|0.00|0.00|0.00|12.54|-0.01|151.75|151.74|5|0.00|0|0.00|0|0.00|0|0.00|0.00|0|0.00
EMPSHFT|Restaurant|1|Restaurante|1|Daniela|Suarez|44|1| |0| |0|Coval|6|0|171.00|0.00|0.00|34.20|2|0|0.00|0|0.00|0|0.00|0|96.00|1|0.00|0|0|0|0.00|0|0.00|0|0.00|0|-7.00|-7.00|34.20|0.00|0.00|0.00|18.46|-0.01|223.67|223.66|3|0.00|0|0.00|0|0.00|0|0.00|0.00|0|0.00
EMPSHFT|Restaurant|1|Restaurante|1|Daniela|Suarez|44|1| |0| |0|Caja1|9|0|113.00|0.00|0.00|22.60|0|0|0.00|0|0.00|0|0.00|0|0.00|0|0.00|0|0|0|0.00|0|0.00|0|0.00|0|-22.60|-22.60|22.60|0.00|0.00|0.00|12.22|0.00|147.82|147.82|0|0.00|0|0.00|0|0.00|0|0.00|0.00|0|0.00
EMPSHFT|Restaurant|1|Restaurante|1|Catalina|Herrera|45|1| |0| |0|PrimerPiso5|54|0|0.00|0.00|0.00|0.00|0|0|0.00|0|0.00|0|0.00|0|0.00|0|0.00|0|0|0|0.00|0|0.00|0|0.00|0|98.10|0.00|0.00|0.00|0.00|15.00|0.00|0.00|0.00|0.00|0|98.10|1|0.00|0|0.00|0|0.00|0.00|0|0.00
EMPSHFT|Restaurant|1|Restaurante|1|Catalina|Herrera|45|1| |0| |0|BarPrimerPiso|4|0|0.00|0.00|0.00|0.00|1|0|0.00|0|0.00|0|0.00|0|0.00|0|0.00|0|0|0|0.00|0|0.00|0|0.00|0|12.80|12.80|0.00|0.00|0.00|0.00|0.01|0.00|0.01|0.01|1|0.00|0|0.00|0|0.00|0|0.00|0.00|0|0.00
EMPSHFT|Restaurant|1|Restaurante|1|Catalina|Herrera|45|1| |0| |0|Cava|3|0|26.00|0.00|0.00|5.20|2|0|0.00|0|0.00|0|0.00|0|0.00|0|0.00|0|0|0|0.00|0|0.00|0|0.00|0|11.60|11.60|5.20|0.00|0.00|0.00|2.81|-0.02|34.03|34.01|2|0.00|0|0.00|0|0.00|0|0.00|0.00|0|0.00
EMPSHFT|Restaurant|1|Restaurante|1|Lianyi|Rivero|52|1| |0| |0|PrimerPiso1|50|0|0.00|0.00|0.00|0.00|0|0|0.00|0|0.00|0|0.00|0|0.00|0|0.00|0|0|0|0.00|0|0.00|0|0.00|0|691.27|0.00|0.00|0.00|0.00|105.70|0.00|0.00|0.00|0.00|0|691.27|1|0.00|0|0.00|0|0.00|0.00|0|0.00
EMPSHFT|Restaurant|1|Restaurante|1|Lianyi|Rivero|52|1| |0| |0|Terraza3|67|0|0.00|0.00|0.00|0.00|0|0|0.00|0|0.00|0|0.00|0|0.00|0|0.00|0|0|0|0.00|0|0.00|0|0.00|0|96.13|0.00|0.00|0.00|0.00|14.70|0.00|0.00|0.00|0.00|0|96.13|1|0.00|0|0.00|0|0.00|0.00|0|0.00
EMPSHFT|Restaurant|1|Restaurante|1|Lianyi|Rivero|52|1| |0| |0|PrimerPiso5|54|0|0.00|0.00|0.00|0.00|0|0|0.00|0|0.00|0|0.00|0|0.00|0|0.00|0|0|0|0.00|0|0.00|0|0.00|0|268.14|0.00|0.00|0.00|0.00|41.00|0.00|0.00|0.00|0.00|0|268.14|1|0.00|0|0.00|0|0.00|0.00|0|0.00
EMPSHFT|Restaurant|1|Restaurante|1|Lianyi|Rivero|52|1| |0| |0|Joy|1|0|746.50|0.00|0.00|149.30|3|24|0.00|0|0.00|0|0.00|0|0.00|0|0.00|0|0|0|0.00|0|0.00|0|0.00|0|-149.30|-149.30|149.30|0.00|0.00|0.00|80.65|0.00|976.45|976.45|3|0.00|0|0.00|0|0.00|0|0.00|0.00|0|0.00
EMPSHFT|Restaurant|1|Restaurante|1|Lianyi|Rivero|52|1| |0| |0|BarPrimerPiso|4|0|554.50|0.00|0.00|110.90|4|18|0.00|0|0.00|0|0.00|0|41.00|3|0.00|0|0|0|0.00|0|0.00|0|0.00|0|-108.90|-108.90|110.90|0.00|0.00|0.00|59.87|0.00|725.27|725.27|4|0.00|0|0.00|0|0.00|0|0.00|0.00|0|0.00
EMPSHFT|Restaurant|1|Restaurante|1|Lianyi|Rivero|52|1| |0| |0|Cava|3|0|772.00|0.00|0.00|154.40|3|4|0.00|0|0.00|0|0.00|0|13.00|1|0.00|0|0|0|0.00|0|0.00|0|0.00|0|-152.80|-152.80|154.40|0.00|0.00|0.00|83.38|0.00|1009.78|1009.78|3|0.00|0|0.00|0|0.00|0|0.00|0.00|0|0.00
EMPSHFT|Restaurant|1|Restaurante|1|Lianyi|Rivero|52|1| |0| |0|PrimerPiso4|53|0|0.00|0.00|0.00|31.58|0|0|0.00|0|0.00|0|0.00|0|0.00|0|0.00|0|0|0|0.00|0|0.00|0|0.00|0|945.69|631.77|31.58|0.00|0.00|176.18|0.00|0.00|31.58|31.58|0|977.27|2|0.00|0|0.00|0|0.00|0.00|0|0.00
EMPSHFT|Restaurant|1|Restaurante|1|Maria Jose|Garcia|54|1| |0| |0|PrimerPiso7|56|0|0.00|0.00|0.00|5.23|0|0|0.00|0|0.00|0|0.00|0|0.00|0|0.00|0|0|0|0.00|0|0.00|0|0.00|0|104.64|104.64|5.23|0.00|0.00|21.23|0.00|0.00|5.23|5.23|0|109.87|1|0.00|0|0.00|0|0.00|0.00|0|0.00
EMPSHFT|Restaurant|1|Restaurante|1|Maria Jose|Garcia|54|1| |0| |0|PrimerPiso5|54|0|0.00|0.00|0.00|111.05|0|0|0.00|0|0.00|0|0.00|0|0.00|0|0.00|0|0|0|0.00|0|0.00|0|0.00|0|1264.85|1110.50|111.05|0.00|0.00|304.45|0.00|0.00|111.05|111.05|0|1375.90|2|0.00|0|0.00|0|0.00|0.00|0|0.00
EMPSHFT|Restaurant|1|Restaurante|1|Maria Jose|Garcia|54|1| |0| |0|PrimerPiso6|55|0|0.00|0.00|0.00|0.00|0|0|0.00|0|0.00|0|0.00|0|0.00|0|0.00|0|0|0|0.00|0|0.00|0|0.00|0|88.95|0.00|0.00|0.00|0.00|13.60|0.00|0.00|0.00|0.00|0|88.95|1|0.00|0|0.00|0|0.00|0.00|0|0.00
EMPSHFT|Restaurant|1|Restaurante|1|Maria Jose|Garcia|54|1| |0| |0|FuenteDeSoda|5|0|73.00|0.00|0.00|14.60|0|0|0.00|0|0.00|0|0.00|0|0.00|0|0.00|0|0|0|0.00|0|0.00|0|0.00|0|-14.60|-14.60|14.60|0.00|0.00|0.00|7.90|0.00|95.50|95.50|0|0.00|0|0.00|0|0.00|0|0.00|0.00|0|0.00
EMPSHFT|Restaurant|1|Restaurante|1|Maria Jose|Garcia|54|1| |0| |0|PrimerPiso1|50|0|0.00|0.00|0.00|0.00|0|0|0.00|0|0.00|0|0.00|0|0.00|0|0.00|0|0|0|0.00|0|0.00|0|0.00|0|1225.58|0.00|0.00|0.00|0.00|187.40|0.00|0.00|0.00|0.00|0|1225.58|2|0.00|0|0.00|0|0.00|0.00|0|0.00
EMPSHFT|Restaurant|1|Restaurante|1|Maria Jose|Garcia|54|1| |0| |0|Joy|1|0|1316.00|0.00|0.00|263.20|3|11|0.00|0|0.00|0|0.00|0|56.00|3|0.00|0|0|0|0.00|0|0.00|0|0.00|0|-263.20|-263.20|263.20|0.00|0.00|0.00|142.15|0.00|1721.35|1721.35|3|0.00|0|0.00|0|0.00|0|0.00|0.00|0|0.00
EMPSHFT|Restaurant|1|Restaurante|1|Maria Jose|Garcia|54|1| |0| |0|BarPrimerPiso|4|0|596.00|0.00|0.00|119.20|3|17|0.00|0|0.00|0|0.00|0|51.00|2|0.00|0|0|0|0.00|0|0.00|0|0.00|0|-119.20|-119.20|119.20|0.00|0.00|0.00|64.34|0.00|779.54|779.54|3|0.00|0|0.00|0|0.00|0|0.00|0.00|0|0.00
EMPSHFT|Restaurant|1|Restaurante|1|Sara|Melendez|59|1| |0| |0|PrimerPiso5|54|0|0.00|0.00|0.00|0.00|0|0|0.00|0|0.00|0|0.00|0|0.00|0|0.00|0|0|0|0.00|0|0.00|0|0.00|0|1012.38|0.00|0.00|0.00|0.00|154.80|0.00|0.00|0.00|0.00|0|1012.38|3|0.00|0|0.00|0|0.00|0.00|0|0.00
EMPSHFT|Restaurant|1|Restaurante|1|Sara|Melendez|59|1| |0| |0|Joy|1|0|813.00|0.00|0.00|162.60|4|6|0.00|0|0.00|0|0.00|0|6.00|1|0.00|0|0|0|0.00|0|0.00|0|0.00|0|-162.60|-162.60|162.60|0.00|0.00|0.00|87.83|0.00|1063.43|1063.43|4|0.00|0|0.00|0|0.00|0|0.00|0.00|0|0.00
EMPSHFT|Restaurant|1|Restaurante|1|Sara|Melendez|59|1| |0| |0|Cava|3|0|221.00|0.00|0.00|44.20|0|0|0.00|0|0.00|0|0.00|0|0.00|0|0.00|0|0|0|0.00|0|0.00|0|0.00|0|-44.20|-44.20|44.20|0.00|0.00|0.00|23.85|0.00|289.05|289.05|0|0.00|0|0.00|0|0.00|0|0.00|0.00|0|0.00
EMPSHFT|Restaurant|1|Restaurante|1|Sara|Melendez|59|1| |0| |0|PrimerPiso6|55|0|0.00|0.00|0.00|0.00|0|0|0.00|0|0.00|0|0.00|0|0.00|0|0.00|0|0|0|0.00|0|0.00|0|0.00|0|499.65|0.00|0.00|0.00|0.00|76.40|0.00|0.00|0.00|0.00|0|499.65|2|0.00|0|0.00|0|0.00|0.00|0|0.00
EMPSHFT|Restaurant|1|Restaurante|1|Sara|Melendez|59|1| |0| |0|FuenteDeSoda|5|0|191.00|0.00|0.00|38.20|0|0|0.00|0|0.00|0|0.00|0|13.00|1|0.00|0|0|0|0.00|0|0.00|0|0.00|0|-38.20|-38.20|38.20|0.00|0.00|0.00|20.63|0.00|249.83|249.83|0|0.00|0|0.00|0|0.00|0|0.00|0.00|0|0.00
EMPSHFT|Restaurant|1|Restaurante|1|Sara|Melendez|59|1| |0| |0|PrimerPiso4|53|0|0.00|0.00|0.00|0.00|0|0|0.00|0|0.00|0|0.00|0|0.00|0|0.00|0|0|0|0.00|0|0.00|0|0.00|0|222.36|0.00|0.00|0.00|0.00|34.00|0.00|0.00|0.00|0.00|0|222.36|1|0.00|0|0.00|0|0.00|0.00|0|0.00
EMPSHFT|Restaurant|1|Restaurante|1|Sara|Melendez|59|1| |0| |0|BarPrimerPiso|4|0|931.00|0.00|0.00|186.20|5|8|0.00|0|0.00|0|0.00|0|86.00|3|0.00|0|0|0|0.00|0|0.00|0|0.00|0|-184.60|-184.60|186.20|0.00|0.00|0.00|100.51|-0.01|1217.72|1217.71|5|0.00|0|0.00|0|0.00|0|0.00|0.00|0|0.00
EMPSHFT|Restaurant|1|Restaurante|1|Santiago|Sierra|62|1| |0| |0|Cava|3|0|0.00|0.00|0.00|0.00|0|0|0.00|0|0.00|0|0.00|0|0.00|0|0.00|0|0|0|0.00|0|0.00|0|0.00|0|0.00|0.00|0.00|0.00|0.00|0.00|0.00|0.00|0.00|0.00|0|0.00|0|0.00|0|0.00|0|0.00|0.00|0|0.00
EMPSHFT|Restaurant|1|Restaurante|1|Santiago|Sierra|62|1| |0| |0|BarSegundoPiso|7|0|0.00|0.00|0.00|0.00|0|0|0.00|0|0.00|0|0.00|0|0.00|0|0.00|0|0|0|0.00|0|0.00|0|0.00|0|0.00|0.00|0.00|0.00|0.00|0.00|0.00|0.00|0.00|0.00|0|0.00|0|0.00|0|0.00|0|0.00|0.00|0|0.00
EMPSHFT|Restaurant|1|Restaurante|1|Santiago|Sierra|62|1| |0| |0|PrimerPiso4|53|0|0.00|0.00|0.00|0.00|0|0|0.00|0|0.00|0|0.00|0|0.00|0|0.00|0|0|0|0.00|0|0.00|0|0.00|0|79.78|0.00|0.00|0.00|0.00|12.20|0.00|0.00|0.00|0.00|0|79.78|1|0.00|0|0.00|0|0.00|0.00|0|0.00
EMPSHFT|Restaurant|1|Restaurante|1|Santiago|Sierra|62|1| |0| |0|PrimerPiso7|56|0|0.00|0.00|0.00|7.68|0|0|0.00|0|0.00|0|0.00|0|0.00|0|0.00|0|0|0|0.00|0|0.00|0|0.00|0|153.69|153.69|7.68|0.00|0.00|31.18|0.00|0.00|7.68|7.68|0|161.37|1|0.00|0|0.00|0|0.00|0.00|0|0.00
EMPSHFT|Restaurant|1|Restaurante|1|Santiago|Sierra|62|1| |0| |0|PrimerPiso6|55|0|0.00|0.00|0.00|17.94|0|0|0.00|0|0.00|0|0.00|0|0.00|0|0.00|0|0|0|0.00|0|0.00|0|0.00|0|458.46|224.33|17.94|0.00|0.00|88.04|0.00|0.00|17.94|17.94|0|476.40|3|0.00|0|0.00|0|0.00|0.00|0|0.00
EMPSHFT|Restaurant|1|Restaurante|1|Santiago|Sierra|62|1| |0| |0|Joy|1|0|188.00|0.00|0.00|37.60|1|5|0.00|0|0.00|0|0.00|0|3.50|2|0.00|0|0|0|0.00|0|0.00|0|0.00|0|-37.60|-37.60|37.60|0.00|0.00|0.00|20.31|0.00|245.91|245.91|2|0.00|0|0.00|0|0.00|0|0.00|0.00|0|0.00
EMPSHFT|Restaurant|1|Restaurante|1|Santiago|Sierra|62|1| |0| |0|BarPrimerPiso|4|0|1006.00|0.00|0.00|201.20|7|16|0.00|0|0.00|0|0.00|0|45.00|1|0.00|0|0|0|0.00|0|0.00|0|0.00|0|-201.20|-201.20|201.20|0.00|0.00|0.00|108.62|0.00|1315.82|1315.82|7|0.00|1|0.00|0|0.00|0|0.00|0.00|0|0.00
EMPSHFT|Restaurant|1|Restaurante|1|Santiago|Sierra|62|1| |0| |0|PrimerPiso1|50|0|0.00|0.00|0.00|0.00|0|0|0.00|0|0.00|0|0.00|0|0.00|0|0.00|0|0|0|0.00|0|0.00|0|0.00|0|465.64|0.00|0.00|0.00|0.00|71.20|0.00|0.00|0.00|0.00|0|465.64|3|0.00|0|0.00|0|0.00|0.00|0|0.00
EMPSHFT|Restaurant|1|Restaurante|1|Daniel|Yate|63|1| |0| |0|BarPrimerPiso|4|0|1326.00|0.00|0.00|265.20|5|18|0.00|0|0.00|0|0.00|0|71.00|3|0.00|0|0|0|0.00|0|0.00|0|0.00|0|-265.20|-265.20|265.20|0.00|0.00|0.00|143.26|0.00|1734.46|1734.46|5|0.00|0|0.00|0|0.00|0|0.00|0.00|0|0.00
EMPSHFT|Restaurant|1|Restaurante|1|Daniel|Yate|63|1| |0| |0|Joy|1|0|596.00|0.00|0.00|119.20|8|17|0.00|0|0.00|0|0.00|0|64.00|2|0.00|0|0|0|0.00|0|0.00|0|0.00|0|-103.80|-103.80|119.20|0.00|0.00|0.00|64.35|-0.03|779.58|779.55|9|0.00|1|0.00|0|0.00|0|0.00|0.00|0|0.00
EMPSHFT|Restaurant|1|Restaurante|1|Daniel|Yate|63|1| |0| |0|PrimerPiso1|50|0|0.00|0.00|0.00|0.00|0|0|0.00|0|0.00|0|0.00|0|0.00|0|0.00|0|0|0|0.00|0|0.00|0|0.00|0|1160.18|0.00|0.00|0.00|0.00|177.40|0.00|0.00|0.00|0.00|0|1160.18|5|0.00|0|0.00|0|0.00|0.00|0|0.00
EMPSHFT|Restaurant|1|Restaurante|1|Daniel|Yate|63|1| |0| |0|PrimerPiso5|54|0|0.00|0.00|0.00|2.94|0|0|0.00|0|0.00|0|0.00|0|0.00|0|0.00|0|0|0|0.00|0|0.00|0|0.00|0|58.86|58.86|2.94|0.00|0.00|11.94|0.00|0.00|2.94|2.94|0|61.80|1|0.00|0|0.00|0|0.00|0.00|0|0.00
EMPSHFT|Restaurant|1|Restaurante|1|Daniel|Yate|63|1| |0| |0|Cava|3|0|1243.50|0.00|0.00|248.70|8|20|0.00|0|0.00|0|0.00|0|63.00|2|0.00|0|0|0|0.00|0|0.00|0|0.00|0|-229.70|-229.70|248.70|0.00|0.00|0.00|134.23|-0.02|1626.45|1626.43|9|0.00|0|0.00|0|0.00|0|0.00|0.00|0|0.00
EMPSHFT|Restaurant|1|Restaurante|1|Daniel|Yate|63|1| |0| |0|PrimerPiso4|53|0|0.00|0.00|0.00|27.91|0|0|0.00|0|0.00|0|0.00|0|0.00|0|0.00|0|0|0|0.00|0|0.00|0|0.00|0|1776.93|399.60|27.91|0.00|0.00|299.61|0.00|0.00|27.91|27.91|0|1804.84|8|0.00|0|0.00|0|0.00|0.00|0|0.00
EMPSHFT|Restaurant|1|Restaurante|1|Andres|Rodriguez|67|1| |0| |0|FuenteDeSoda|5|0|15.00|0.00|0.00|3.00|0|0|0.00|0|0.00|0|0.00|0|0.00|0|0.00|0|0|0|0.00|0|0.00|0|0.00|0|-3.00|-3.00|3.00|0.00|0.00|0.00|1.62|0.00|19.62|19.62|0|0.00|0|0.00|0|0.00|0|0.00|0.00|0|0.00
EMPSHFT|Restaurant|1|Restaurante|1|Andres|Rodriguez|67|1| |0| |0|BarPrimerPiso|4|0|0.00|0.00|0.00|0.00|0|0|0.00|0|0.00|0|0.00|0|0.00|0|0.00|0|0|0|0.00|0|0.00|0|0.00|0|0.00|0.00|0.00|0.00|0.00|0.00|0.00|0.00|0.00|0.00|0|0.00|0|0.00|0|0.00|0|0.00|0.00|0|0.00
EMPSHFT|Restaurant|1|Restaurante|1|Alexander|Rodriguez|68|1| |0| |0|Soul|8|0|0.00|0.00|0.00|0.00|0|0|0.00|0|0.00|0|0.00|0|0.00|0|0.00|0|0|0|0.00|0|0.00|0|0.00|0|0.00|0.00|0.00|0.00|0.00|0.00|0.00|0.00|0.00|0.00|0|0.00|0|0.00|0|0.00|0|0.00|0.00|0|0.00
EMPSHFT|Restaurant|1|Restaurante|1|Alexander|Rodriguez|68|1| |0| |0|Joy|1|0|-224.00|0.00|0.00|-44.80|0|-10|0.00|0|-268.80|17|0.00|0|0.00|0|0.00|0|0|0|0.00|0|0.00|0|0.00|0|44.80|44.80|-44.80|0.00|0.00|0.00|-24.20|-24.20|0.00|-293.00|0|0.00|4|0.00|0|0.00|0|0.00|0.00|0|0.00
EMPSHFT|Restaurant|1|Restaurante|1|Pedro|Soto|70|1| |0| |0|FuenteDeSoda|5|0|0.00|0.00|0.00|0.00|0|0|0.00|0|0.00|0|0.00|0|0.00|0|0.00|0|0|0|0.00|0|0.00|0|0.00|0|0.00|0.00|0.00|0.00|0.00|0.00|0.00|0.00|0.00|0.00|1|0.00|0|0.00|0|0.00|0|0.00|0.00|0|0.00
EMPSHFT|Restaurant|1|Restaurante|1|Luisa Fernanda|Rosales|71|1| |0| |0|Almacen|2|0|150.00|-160.00|0.00|-32.00|7|9516|0.00|0|0.00|0|0.00|0|60.00|1|0.00|0|0|0|0.00|0|0.00|0|0.00|0|5148.64|32.00|-32.00|0.00|0.00|733.20|10.64|-49.28|337.92|128.64|8|5116.64|27|0.00|0|0.00|0|0.00|0.00|0|0.00
EMPSHFT|Restaurant|1|Restaurante|1|Luisa Fernanda|Rosales|71|1| |0| |0|Almacen|2|1|230.00|0.00|0.00|0.00|9|32767|0.00|0|0.00|0|0.00|0|0.00|0|0.00|0|0|0|0.00|0|0.00|0|0.00|0|267.05|0.00|0.00|0.00|0.00|0.00|20.70|0.00|250.70|250.70|9|267.05|10|0.00|0|0.00|0|0.00|0.00|0|0.00
EMPSHFT|Restaurant|1|Restaurante|1|Gabriela|Peley|86|1| |0| |0|BarSegundoPiso|7|0|5.00|0.00|0.00|1.00|0|0|0.00|0|0.00|0|0.00|0|0.00|0|0.00|0|0|0|0.00|0|0.00|0|0.00|0|-1.00|-1.00|1.00|0.00|0.00|0.00|0.54|0.00|6.54|6.54|1|0.00|0|0.00|0|0.00|0|0.00|0.00|0|0.00
EMPSHFT|Restaurant|1|Restaurante|1|Ana|Fandiño|104|1| |0| |0|Soul|8|0|190.00|0.00|0.00|38.00|2|6|0.00|0|0.00|0|0.00|0|0.00|0|0.00|0|0|0|0.00|0|0.00|0|0.00|0|-38.00|-38.00|38.00|0.00|0.00|0.00|20.53|0.00|248.53|248.53|2|0.00|0|0.00|0|0.00|0|0.00|0.00|0|0.00
EMPSHFT|Restaurant|1|Restaurante|1|Ana|Fandiño|104|1| |0| |0|Coval|6|0|827.00|0.00|0.00|165.40|2|5|0.00|0|0.00|0|0.00|0|47.00|1|0.00|0|0|0|0.00|0|0.00|0|0.00|0|-165.40|-165.40|165.40|0.00|0.00|0.00|89.27|0.00|1081.67|1081.67|2|0.00|0|0.00|0|0.00|0|0.00|0.00|0|0.00
EMPSHFT|Restaurant|1|Restaurante|1|Ana|Fandiño|104|1| |0| |0|SegundoPiso8|64|0|0.00|0.00|0.00|16.48|0|0|0.00|0|0.00|0|0.00|0|0.00|0|0.00|0|0|0|0.00|0|0.00|0|0.00|0|545.42|164.80|16.48|0.00|0.00|99.88|0.00|0.00|16.48|16.48|0|561.90|2|0.00|0|0.00|0|0.00|0.00|0|0.00
EMPSHFT|Restaurant|1|Restaurante|1|Ana|Fandiño|104|1| |0| |0|SegundoPiso1|57|0|0.00|0.00|0.00|10.00|0|0|0.00|0|0.00|0|0.00|0|0.00|0|0.00|0|0|0|0.00|0|0.00|0|0.00|0|1389.73|163.50|10.00|0.00|0.00|222.50|0.00|0.00|10.00|10.00|0|1399.73|6|0.00|0|0.00|0|0.00|0.00|0|0.00
EMPSHFT|Restaurant|1|Restaurante|1|Ana|Fandiño|104|1| |0| |0|BarSegundoPiso|7|0|412.50|0.00|0.00|82.50|3|8|0.00|0|0.00|0|0.00|0|41.00|2|0.00|0|0|0|0.00|0|0.00|0|0.00|0|-82.50|-82.50|82.50|0.00|0.00|0.00|44.55|0.00|539.55|539.55|3|0.00|0|0.00|0|0.00|0|0.00|0.00|0|0.00
EMPSHFT|Restaurant|1|Restaurante|1|Ana|Fandiño|104|1| |0| |0|Caja1|9|0|0.00|0.00|0.00|0.00|1|1|0.00|0|0.00|0|0.00|0|0.00|0|0.00|0|0|0|0.00|0|0.00|0|0.00|0|0.00|0.00|0.00|0.00|0.00|0.00|0.00|0.00|0.00|0.00|1|0.00|0|0.00|0|0.00|0|0.00|0.00|0|0.00
EMPSHFT|Restaurant|1|Restaurante|1|Gisell|Caballero|106|1| |0| |0|Joy|1|0|610.50|0.00|0.00|122.10|3|11|0.00|0|0.00|0|0.00|0|3.50|2|0.00|0|0|0|0.00|0|0.00|0|0.00|0|-122.10|-122.10|122.10|0.00|0.00|0.00|65.94|0.00|798.54|798.54|3|0.00|0|0.00|0|0.00|0|0.00|0.00|0|0.00
EMPSHFT|Restaurant|1|Restaurante|1|Gisell|Caballero|106|1| |0| |0|PrimerPiso5|54|0|0.00|0.00|0.00|0.00|0|0|0.00|0|0.00|0|0.00|0|0.00|0|0.00|0|0|0|0.00|0|0.00|0|0.00|0|431.64|0.00|0.00|0.00|0.00|66.00|0.00|0.00|0.00|0.00|0|431.64|2|0.00|0|0.00|0|0.00|0.00|0|0.00
EMPSHFT|Restaurant|1|Restaurante|1|Gisell|Caballero|106|1| |0| |0|PrimerPiso7|56|0|0.00|0.00|0.00|0.00|0|0|0.00|0|0.00|0|0.00|0|0.00|0|0.00|0|0|0|0.00|0|0.00|0|0.00|0|346.62|0.00|0.00|0.00|0.00|53.00|0.00|0.00|0.00|0.00|0|346.62|1|0.00|0|0.00|0|0.00|0.00|0|0.00
EMPSHFT|Restaurant|1|Restaurante|1|Gisell|Caballero|106|1| |0| |0|PrimerPiso6|55|0|0.00|0.00|0.00|0.00|0|0|0.00|0|0.00|0|0.00|0|0.00|0|0.00|0|0|0|0.00|0|0.00|0|0.00|0|128.83|0.00|0.00|0.00|0.00|19.70|0.00|0.00|0.00|0.00|0|128.83|1|0.00|0|0.00|0|0.00|0.00|0|0.00
EMPSHFT|Restaurant|1|Restaurante|1|Gisell|Caballero|106|1| |0| |0|BarPrimerPiso|4|0|51.00|0.00|0.00|10.20|1|2|0.00|0|0.00|0|0.00|0|0.00|0|0.00|0|0|0|0.00|0|0.00|0|0.00|0|-10.20|-10.20|10.20|0.00|0.00|0.00|5.50|0.00|66.70|66.70|1|0.00|0|0.00|0|0.00|0|0.00|0.00|0|0.00
EMPSHFT|Restaurant|1|Restaurante|1|Gisell|Caballero|106|1| |0| |0|Cava|3|0|32.00|0.00|0.00|6.40|0|0|0.00|0|0.00|0|0.00|0|0.00|0|0.00|0|0|0|0.00|0|0.00|0|0.00|0|-6.40|-6.40|6.40|0.00|0.00|0.00|3.45|0.00|41.85|41.85|0|0.00|0|0.00|0|0.00|0|0.00|0.00|0|0.00
EMPSHFT|Restaurant|1|Restaurante|1|Kevin|Gonzalez|110|1| |0| |0|BarPrimerPiso|4|0|529.00|0.00|0.00|105.80|8|13|0.00|0|0.00|0|0.00|0|105.00|3|0.00|0|0|0|0.00|0|0.00|0|0.00|0|-105.80|-105.80|105.80|0.00|0.00|0.00|57.14|0.00|691.94|691.94|8|0.00|0|0.00|0|0.00|0|0.00|0.00|0|0.00
EMPSHFT|Restaurant|1|Restaurante|1|Kevin|Gonzalez|110|1| |0| |0|PrimerPiso1|50|0|55.00|0.00|0.00|11.00|1|2|0.00|0|0.00|0|0.00|0|0.00|0|0.00|0|0|0|0.00|0|0.00|0|0.00|0|237.52|-11.00|11.00|0.00|0.00|38.00|5.92|0.00|71.92|71.92|1|248.52|2|0.00|0|0.00|0|0.00|0.00|0|0.00
EMPSHFT|Restaurant|1|Restaurante|1|Kevin|Gonzalez|110|1| |0| |0|SegundoPiso7|63|0|370.00|0.00|0.00|91.98|2|2|0.00|0|0.00|0|0.00|0|0.00|0|0.00|0|0|0|0.00|0|0.00|0|0.00|0|285.70|285.70|91.98|0.00|0.00|72.98|39.96|0.00|501.94|501.94|2|377.68|1|0.00|0|0.00|0|0.00|0.00|0|0.00
EMPSHFT|Restaurant|1|Restaurante|1|Kevin|Gonzalez|110|1| |0| |0|PrimerPiso7|56|0|542.50|0.00|0.00|158.54|4|10|0.00|0|0.00|0|0.00|0|20.50|2|0.00|0|0|0|0.00|0|0.00|0|0.00|0|736.92|561.64|158.54|0.00|0.00|168.14|58.62|0.00|759.66|759.66|4|895.46|7|0.00|0|0.00|0|0.00|0.00|0|0.00
EMPSHFT|Restaurant|1|Restaurante|1|Kevin|Gonzalez|110|1| |0| |0|PrimerPiso4|53|0|330.00|0.00|0.00|62.26|5|11|0.00|0|0.00|0|0.00|0|22.00|1|0.00|0|0|0|0.00|0|0.00|0|0.00|0|487.59|120.05|62.26|0.00|0.00|92.26|34.41|0.00|426.67|426.67|5|549.85|6|0.00|0|0.00|0|0.00|0.00|0|0.00
EMPSHFT|Restaurant|1|Restaurante|1|Kevin|Gonzalez|110|1| |0| |0|Terraza3|67|0|77.00|0.00|0.00|16.44|2|4|0.00|0|0.00|0|0.00|0|21.00|1|0.00|0|0|0|0.00|0|0.00|0|0.00|0|104.95|-4.93|16.44|0.00|0.00|19.44|8.31|0.00|101.75|101.75|2|121.39|3|0.00|0|0.00|0|0.00|0.00|0|0.00
EMPSHFT|Restaurant|1|Restaurante|1|Mercedes|Juarez|114|1| |0| |0|PrimerPiso5|54|0|0.00|0.00|0.00|2.48|0|0|0.00|0|0.00|0|0.00|0|0.00|0|0.00|0|0|0|0.00|0|0.00|0|0.00|0|251.80|24.86|2.48|0.00|0.00|40.98|0.00|0.00|2.48|2.48|0|254.28|3|0.00|0|0.00|0|0.00|0.00|0|0.00
EMPSHFT|Restaurant|1|Restaurante|1|Mercedes|Juarez|114|1| |0| |0|PrimerPiso7|56|0|0.00|0.00|0.00|0.00|0|0|0.00|0|0.00|0|0.00|0|0.00|0|0.00|0|0|0|0.00|0|0.00|0|0.00|0|1612.77|0.00|0.00|0.00|0.00|246.60|0.00|0.00|0.00|0.00|0|1612.77|1|0.00|0|0.00|0|0.00|0.00|0|0.00
EMPSHFT|Restaurant|1|Restaurante|1|Mercedes|Juarez|114|1| |0| |0|Cava|3|0|1370.50|0.00|0.00|274.10|4|10|0.00|0|0.00|0|0.00|0|0.00|0|0.00|0|0|0|0.00|0|0.00|0|0.00|0|-274.10|-274.10|274.10|0.00|0.00|0.00|148.02|0.00|1792.62|1792.62|4|0.00|0|0.00|0|0.00|0|0.00|0.00|0|0.00
EMPSHFT|Restaurant|1|Restaurante|1|Mercedes|Juarez|114|1| |0| |0|BarPrimerPiso|4|0|165.50|0.00|0.00|33.10|3|6|0.00|0|0.00|0|0.00|0|0.00|0|0.00|0|0|0|0.00|0|0.00|0|0.00|0|-33.10|-33.10|33.10|0.00|0.00|0.00|17.89|0.00|216.49|216.49|3|0.00|0|0.00|0|0.00|0|0.00|0.00|0|0.00
EMPSHFT|Restaurant|1|Restaurante|1|Mercedes|Juarez|114|1| |0| |0|Joy|1|0|188.00|0.00|0.00|37.60|1|6|0.00|0|0.00|0|0.00|0|0.00|0|0.00|0|0|0|0.00|0|0.00|0|0.00|0|-37.60|-37.60|37.60|0.00|0.00|0.00|20.29|0.00|245.89|245.89|1|0.00|0|0.00|0|0.00|0|0.00|0.00|0|0.00
EMPSHFT|Restaurant|1|Restaurante|1|Mercedes|Juarez|114|1| |0| |0|PrimerPiso1|50|0|0.00|0.00|0.00|0.00|0|0|0.00|0|0.00|0|0.00|0|0.00|0|0.00|0|0|0|0.00|0|0.00|0|0.00|0|148.45|0.00|0.00|0.00|0.00|22.70|0.00|0.00|0.00|0.00|0|148.45|1|0.00|0|0.00|0|0.00|0.00|0|0.00
EMPSHFT|Restaurant|1|Restaurante|1|Adianes|Rojas|115|1| |0| |0|BarPrimerPiso|4|0|8.00|0.00|0.00|1.60|1|1|0.00|0|0.00|0|0.00|0|0.00|0|0.00|0|0|0|0.00|0|0.00|0|0.00|0|25.80|25.80|1.60|0.00|0.00|0.00|0.88|0.00|10.48|10.48|1|0.00|0|0.00|0|0.00|0|0.00|0.00|0|0.00
EMPSHFT|Restaurant|1|Restaurante|1|Adianes|Rojas|115|1| |0| |0|PrimerPiso6|55|0|0.00|0.00|0.00|0.00|0|0|0.00|0|0.00|0|0.00|0|0.00|0|0.00|0|0|0|0.00|0|0.00|0|0.00|0|461.73|0.00|0.00|0.00|0.00|70.60|0.00|0.00|0.00|0.00|0|461.73|1|0.00|0|0.00|0|0.00|0.00|0|0.00
EMPSHFT|Restaurant|1|Restaurante|1|Adianes|Rojas|115|1| |0| |0|Joy|1|0|72.00|0.00|0.00|14.40|1|0|0.00|0|0.00|0|0.00|0|0.00|0|0.00|0|0|0|0.00|0|0.00|0|0.00|0|-10.60|-10.60|14.40|0.00|0.00|0.00|7.81|0.00|94.21|94.21|1|0.00|0|0.00|0|0.00|0|0.00|0.00|0|0.00
EMPSHFT|Restaurant|1|Restaurante|1|Adianes|Rojas|115|1| |0| |0|PrimerPiso7|56|0|0.00|0.00|0.00|0.10|0|0|0.00|0|0.00|0|0.00|0|0.00|0|0.00|0|0|0|0.00|0|0.00|0|0.00|0|194.90|194.90|0.10|0.00|0.00|29.90|0.00|0.00|0.10|0.10|0|195.00|1|0.00|0|0.00|0|0.00|0.00|0|0.00
EMPSHFT|Restaurant|1|Restaurante|1|Adianes|Rojas|115|1| |0| |0|Cava|3|0|1506.50|0.00|0.00|301.30|11|35|0.00|0|0.00|0|0.00|0|17.00|1|0.00|0|0|0|0.00|0|0.00|0|0.00|0|-249.10|-249.10|301.30|0.00|0.00|0.00|162.66|-0.01|1970.47|1970.46|11|0.00|0|0.00|0|0.00|0|0.00|0.00|0|0.00
EMPSHFT|Restaurant|1|Restaurante|1|Adianes|Rojas|115|1| |0| |0|PrimerPiso5|54|0|0.00|0.00|0.00|8.30|0|0|0.00|0|0.00|0|0.00|0|0.00|0|0.00|0|0|0|0.00|0|0.00|0|0.00|0|435.57|166.11|8.30|0.00|0.00|74.90|0.00|0.00|8.30|8.30|0|443.87|3|0.00|0|0.00|0|0.00|0.00|0|0.00
EMPSHFT|Restaurant|1|Restaurante|1|Adianes|Rojas|115|1| |0| |0|PrimerPiso1|50|0|0.00|0.00|0.00|9.02|0|0|0.00|0|0.00|0|0.00|0|0.00|0|0.00|0|0|0|0.00|0|0.00|0|0.00|0|1067.98|180.51|9.02|0.00|0.00|172.32|0.00|0.00|9.02|9.02|0|1077.00|5|0.00|0|0.00|0|0.00|0.00|0|0.00
EMPSHFT|Restaurant|1|Restaurante|1|David|Lopez|120|1| |0| |0|Soul|8|0|-505.00|0.00|0.00|-101.00|0|-10|0.00|0|-606.00|48|0.00|0|0.00|0|0.00|0|0|0|0.00|0|0.00|0|0.00|0|101.00|101.00|-101.00|0.00|0.00|0.00|-54.56|-54.56|0.00|-660.56|0|0.00|13|0.00|0|0.00|0|0.00|0.00|0|0.00
EMPSHFT|Restaurant|1|Restaurante|1|David|Lopez|120|1| |0| |0|FuenteDeSoda|5|0|48.00|0.00|0.00|9.60|1|0|0.00|0|0.00|0|0.00|0|22.00|1|0.00|0|0|0|0.00|0|0.00|0|0.00|0|2.00|2.00|9.60|0.00|0.00|0.00|5.19|0.00|62.79|62.79|1|0.00|0|0.00|0|0.00|0|0.00|0.00|0|0.00
EMPSHFT|Restaurant|1|Restaurante|1|David|Lopez|120|1| |0| |0|BarPrimerPiso|4|0|190.00|0.00|0.00|38.00|2|0|0.00|0|0.00|0|0.00|0|48.00|1|0.00|0|0|0|0.00|0|0.00|0|0.00|0|-17.40|-17.40|38.00|0.00|0.00|0.00|20.52|-0.01|248.53|248.52|2|0.00|0|0.00|0|0.00|0|0.00|0.00|0|0.00
EMPSHFT|Restaurant|1|Restaurante|1|Alejandra|Perilla|132|1| |0| |0|FuenteDeSoda|5|0|93.50|0.00|0.00|18.70|0|0|0.00|0|0.00|0|0.00|0|0.00|0|0.00|0|0|0|0.00|0|0.00|0|0.00|0|-18.70|-18.70|18.70|0.00|0.00|0.00|10.09|0.00|122.29|122.29|0|0.00|0|0.00|0|0.00|0|0.00|0.00|0|0.00
EMPSHFT|Restaurant|1|Restaurante|1|Alejandra|Perilla|132|1| |0| |0|PrimerPiso5|54|0|0.00|0.00|0.00|30.60|0|0|0.00|0|0.00|0|0.00|0|0.00|0|0.00|0|0|0|0.00|0|0.00|0|0.00|0|1176.56|612.15|30.60|0.00|0.00|210.50|0.00|0.00|30.60|30.60|0|1207.16|4|0.00|0|0.00|0|0.00|0.00|0|0.00
EMPSHFT|Restaurant|1|Restaurante|1|Alejandra|Perilla|132|1| |0| |0|PrimerPiso4|53|0|0.00|0.00|0.00|6.73|0|0|0.00|0|0.00|0|0.00|0|0.00|0|0.00|0|0|0|0.00|0|0.00|0|0.00|0|304.77|134.73|6.73|0.00|0.00|53.33|0.00|0.00|6.73|6.73|0|311.50|3|0.00|0|0.00|0|0.00|0.00|0|0.00
EMPSHFT|Restaurant|1|Restaurante|1|Alejandra|Perilla|132|1| |0| |0|Joy|1|0|869.00|0.00|0.00|173.80|6|24|0.00|0|0.00|0|0.00|0|0.00|0|0.00|0|0|0|0.00|0|0.00|0|0.00|0|-173.80|-173.80|173.80|0.00|0.00|0.00|93.86|0.00|1136.66|1136.66|6|0.00|0|0.00|0|0.00|0|0.00|0.00|0|0.00
EMPSHFT|Restaurant|1|Restaurante|1|Alejandra|Perilla|132|1| |0| |0|Cava|3|0|23.00|0.00|0.00|4.60|1|2|0.00|0|0.00|0|0.00|0|0.00|0|0.00|0|0|0|0.00|0|0.00|0|0.00|0|-4.60|-4.60|4.60|0.00|0.00|0.00|2.48|0.00|30.08|30.08|1|0.00|0|0.00|0|0.00|0|0.00|0.00|0|0.00
EMPSHFT|Restaurant|1|Restaurante|1|Alejandra|Perilla|132|1| |0| |0|BarPrimerPiso|4|0|946.00|0.00|0.00|189.20|5|10|0.00|0|0.00|0|0.00|0|160.00|1|0.00|0|0|0|0.00|0|0.00|0|0.00|0|-189.20|-189.20|189.20|0.00|0.00|0.00|102.19|0.00|1237.39|1237.39|5|0.00|0|0.00|0|0.00|0|0.00|0.00|0|0.00
EMPSHFT|Restaurant|1|Restaurante|1|Alejandra|Perilla|132|1| |0| |0|PrimerPiso1|50|0|0.00|0.00|0.00|0.00|0|0|0.00|0|0.00|0|0.00|0|0.00|0|0.00|0|0|0|0.00|0|0.00|0|0.00|0|103.34|0.00|0.00|0.00|0.00|15.80|0.00|0.00|0.00|0.00|0|103.34|1|0.00|0|0.00|0|0.00|0.00|0|0.00
EMPSHFT|Restaurant|1|Restaurante|1|Pryssila|Moronta|135|1| |0| |0|Cava|3|0|1622.00|0.00|0.00|324.40|10|32|0.00|0|0.00|0|0.00|0|192.50|8|0.00|0|0|0|0.00|0|0.00|0|0.00|0|-323.20|-323.20|324.40|0.00|0.00|0.00|175.13|0.00|2121.53|2121.53|10|0.00|0|0.00|0|0.00|0|0.00|0.00|0|0.00
EMPSHFT|Restaurant|1|Restaurante|1|Pryssila|Moronta|135|1| |0| |0|PrimerPiso5|54|0|0.00|0.00|0.00|0.00|0|0|0.00|0|0.00|0|0.00|0|0.00|0|0.00|0|0|0|0.00|0|0.00|0|0.00|0|342.69|0.00|0.00|0.00|0.00|52.40|0.00|0.00|0.00|0.00|0|342.69|1|0.00|0|0.00|0|0.00|0.00|0|0.00
EMPSHFT|Restaurant|1|Restaurante|1|Pryssila|Moronta|135|1| |0| |0|PrimerPiso4|53|0|0.00|0.00|0.00|0.00|0|0|0.00|0|0.00|0|0.00|0|0.00|0|0.00|0|0|0|0.00|0|0.00|0|0.00|0|2115.02|0.00|0.00|0.00|0.00|323.40|0.00|0.00|0.00|0.00|0|2115.02|9|0.00|0|0.00|0|0.00|0.00|0|0.00
EMPSHFT|Restaurant|1|Restaurante|1|Pryssila|Moronta|135|1| |0| |0|PrimerPiso1|50|0|0.00|0.00|0.00|0.00|0|0|0.00|0|0.00|0|0.00|0|0.00|0|0.00|0|0|0|0.00|0|0.00|0|0.00|0|160.89|0.00|0.00|0.00|0.00|24.60|0.00|0.00|0.00|0.00|0|160.89|1|0.00|0|0.00|0|0.00|0.00|0|0.00
EMPSHFT|Restaurant|1|Restaurante|1|Pryssila|Moronta|135|1| |0| |0|Joy|1|0|469.00|0.00|0.00|93.80|4|9|0.00|0|0.00|0|0.00|0|12.00|1|0.00|0|0|0|0.00|0|0.00|0|0.00|0|-93.80|-93.80|93.80|0.00|0.00|0.00|50.65|0.00|613.45|613.45|4|0.00|0|0.00|0|0.00|0|0.00|0.00|0|0.00
EMPSHFT|Restaurant|1|Restaurante|1|Pryssila|Moronta|135|1| |0| |0|BarPrimerPiso|4|0|251.00|0.00|0.00|50.20|2|5|0.00|0|0.00|0|0.00|0|0.00|0|0.00|0|0|0|0.00|0|0.00|0|0.00|0|-50.20|-50.20|50.20|0.00|0.00|0.00|27.14|0.00|328.34|328.34|2|0.00|0|0.00|0|0.00|0|0.00|0.00|0|0.00
EMPSHFT|Restaurant|1|Restaurante|1|Antonella|Mezzenasco|137|1| |0| |0|Soul|8|0|668.50|0.00|0.00|133.70|3|13|0.00|0|0.00|0|0.00|0|201.00|6|0.00|0|0|0|0.00|0|0.00|0|0.00|0|-133.70|-133.70|133.70|0.00|0.00|0.00|72.20|0.00|874.40|874.40|3|0.00|0|0.00|0|0.00|0|0.00|0.00|0|0.00
EMPSHFT|Restaurant|1|Restaurante|1|Antonella|Mezzenasco|137|1| |0| |0|Coval|6|0|327.50|0.00|0.00|65.50|3|4|0.00|0|0.00|0|0.00|0|3.50|1|0.00|0|0|0|0.00|0|0.00|0|0.00|0|-60.70|-60.70|65.50|0.00|0.00|0.00|35.36|0.00|428.36|428.36|3|0.00|0|0.00|0|0.00|0|0.00|0.00|0|0.00
EMPSHFT|Restaurant|1|Restaurante|1|Antonella|Mezzenasco|137|1| |0| |0|SegundoPiso8|64|0|0.00|0.00|0.00|6.01|0|0|0.00|0|0.00|0|0.00|0|0.00|0|0.00|0|0|0|0.00|0|0.00|0|0.00|0|1326.95|60.16|6.01|0.00|0.00|208.91|0.00|0.00|6.01|6.01|0|1332.96|3|0.00|0|0.00|0|0.00|0.00|0|0.00
EMPSHFT|Restaurant|1|Restaurante|1|Antonella|Mezzenasco|137|1| |0| |0|SegundoPiso1|57|0|0.00|0.00|0.00|8.06|0|0|0.00|0|0.00|0|0.00|0|0.00|0|0.00|0|0|0|0.00|0|0.00|0|0.00|0|237.40|176.40|8.06|0.00|0.00|44.36|0.00|0.00|8.06|8.06|0|245.46|2|0.00|0|0.00|0|0.00|0.00|0|0.00
EMPSHFT|Restaurant|1|Restaurante|1|Antonella|Mezzenasco|137|1| |0| |0|BarSegundoPiso|7|0|262.00|0.00|0.00|52.40|1|3|0.00|0|0.00|0|0.00|0|14.00|1|0.00|0|0|0|0.00|0|0.00|0|0.00|0|-52.40|-52.40|52.40|0.00|0.00|0.00|28.31|0.00|342.71|342.71|1|0.00|0|0.00|0|0.00|0|0.00|0.00|0|0.00
EMPSHFT|Restaurant|1|Restaurante|1|Sebastian|Valencia|139|1| |0| |0|SegundoPiso8|64|0|0.00|0.00|0.00|0.00|0|0|0.00|0|0.00|0|0.00|0|0.00|0|0.00|0|0|0|0.00|0|0.00|0|0.00|0|91.56|0.00|0.00|0.00|0.00|14.00|0.00|0.00|0.00|0.00|0|91.56|1|0.00|0|0.00|0|0.00|0.00|0|0.00
EMPSHFT|Restaurant|1|Restaurante|1|Sebastian|Valencia|139|1| |0| |0|Soul|8|0|87.00|0.00|0.00|17.40|0|0|0.00|0|0.00|0|0.00|0|0.00|0|0.00|0|0|0|0.00|0|0.00|0|0.00|0|-17.40|-17.40|17.40|0.00|0.00|0.00|9.38|0.00|113.78|113.78|0|0.00|0|0.00|0|0.00|0|0.00|0.00|0|0.00
EMPSHFT|Restaurant|1|Restaurante|1|Sebastian|Valencia|139|1| |0| |0|Coval|6|0|1203.00|0.00|0.00|240.60|6|21|0.00|0|0.00|0|0.00|0|81.00|4|0.00|0|0|0|0.00|0|0.00|0|0.00|0|-240.60|-240.60|240.60|0.00|0.00|0.00|129.94|0.00|1573.54|1573.54|6|0.00|0|0.00|0|0.00|0|0.00|0.00|0|0.00
EMPSHFT|Restaurant|1|Restaurante|1|Sebastian|Valencia|139|1| |0| |0|SegundoPiso1|57|0|0.00|0.00|0.00|0.00|0|0|0.00|0|0.00|0|0.00|0|0.00|0|0.00|0|0|0|0.00|0|0.00|0|0.00|0|1272.70|0.00|0.00|0.00|0.00|194.60|0.00|0.00|0.00|0.00|0|1272.70|4|0.00|0|0.00|0|0.00|0.00|0|0.00
EMPDSC|Restaurant|1|Restaurante|1|Luisa Fernanda|Rosales|71|Open % Discount|2|Open % Discount|2|-160.00|1|-160.00
EMPTM|Restaurant|1|Restaurante|1|Daniela|Suarez|44|Amex|54|Amex|54|Payment|634.38|2
EMPTM|Restaurant|1|Restaurante|1|Daniela|Suarez|44|Tips Paid|212|Tips Paid|212|Paid Out|97.00|1
EMPTM|Restaurant|1|Restaurante|1|Catalina|Herrera|45|Mastercard|53|Mastercard|53|Payment|98.10|1
EMPTM|Restaurant|1|Restaurante|1|Catalina|Herrera|45|Tips Paid|212|Tips Paid|212|Paid Out|15.00|1
EMPTM|Restaurant|1|Restaurante|1|Lianyi|Rivero|52|Cash|2|Cash|2|Payment|200.00|1
EMPTM|Restaurant|1|Restaurante|1|Lianyi|Rivero|52|Visa|52|Visa|52|Payment|1169.46|4
EMPTM|Restaurant|1|Restaurante|1|Lianyi|Rivero|52|Mastercard|53|Mastercard|53|Payment|663.35|1
EMPTM|Restaurant|1|Restaurante|1|Lianyi|Rivero|52|Tips Paid|212|Tips Paid|212|Paid Out|337.58|6
EMPTM|Restaurant|1|Restaurante|1|Maria Jose|Garcia|54|Mastercard|53|Mastercard|53|Payment|2800.30|6
EMPTM|Restaurant|1|Restaurante|1|Maria Jose|Garcia|54|Tips Paid|212|Tips Paid|212|Paid Out|526.68|8
EMPTM|Restaurant|1|Restaurante|1|Sara|Melendez|59|Visa|52|Visa|52|Payment|1265.48|5
EMPTM|Restaurant|1|Restaurante|1|Sara|Melendez|59|Mastercard|53|Mastercard|53|Payment|468.91|2
EMPTM|Restaurant|1|Restaurante|1|Sara|Melendez|59|Tips Paid|212|Tips Paid|212|Paid Out|265.20|6
EMPTM|Restaurant|1|Restaurante|1|Santiago|Sierra|62|Visa|52|Visa|52|Payment|473.79|4
EMPTM|Restaurant|1|Restaurante|1|Santiago|Sierra|62|Mastercard|53|Mastercard|53|Payment|538.06|3
EMPTM|Restaurant|1|Restaurante|1|Santiago|Sierra|62|Amex|54|Amex|54|Payment|171.34|1
EMPTM|Restaurant|1|Restaurante|1|Santiago|Sierra|62|Tips Paid|212|Tips Paid|212|Paid Out|202.62|10
EMPTM|Restaurant|1|Restaurante|1|Daniel|Yate|63|Visa|52|Visa|52|Payment|1701.90|9
EMPTM|Restaurant|1|Restaurante|1|Daniel|Yate|63|Mastercard|53|Mastercard|53|Payment|1263.12|5
EMPTM|Restaurant|1|Restaurante|1|Daniel|Yate|63|Amex|54|Amex|54|Payment|61.80|1
EMPTM|Restaurant|1|Restaurante|1|Daniel|Yate|63|Tips Paid|212|Tips Paid|212|Paid Out|488.95|17
EMPTM|Restaurant|1|Restaurante|1|Luisa Fernanda|Rosales|71|Cash|2|Cash|2|Payment|2131.88|11
EMPTM|Restaurant|1|Restaurante|1|Luisa Fernanda|Rosales|71|Visa|52|Visa|52|Payment|1151.38|13
EMPTM|Restaurant|1|Restaurante|1|Luisa Fernanda|Rosales|71|Mastercard|53|Mastercard|53|Payment|1072.34|7
EMPTM|Restaurant|1|Restaurante|1|Luisa Fernanda|Rosales|71|Amex|54|Amex|54|Payment|1028.09|6
EMPTM|Restaurant|1|Restaurante|1|Luisa Fernanda|Rosales|71|Tips Paid|212|Tips Paid|212|Paid Out|733.20|15
EMPTM|Restaurant|1|Restaurante|1|Ana|Fandiño|104|Cash|2|Cash|2|Payment|241.32|1
EMPTM|Restaurant|1|Restaurante|1|Ana|Fandiño|104|Visa|52|Visa|52|Payment|765.95|3
EMPTM|Restaurant|1|Restaurante|1|Ana|Fandiño|104|Mastercard|53|Mastercard|53|Payment|730.70|3
EMPTM|Restaurant|1|Restaurante|1|Ana|Fandiño|104|Amex|54|Amex|54|Payment|223.66|1
EMPTM|Restaurant|1|Restaurante|1|Ana|Fandiño|104|Tips Paid|212|Tips Paid|212|Paid Out|322.38|10
EMPTM|Restaurant|1|Restaurante|1|Gisell|Caballero|106|Visa|52|Visa|52|Payment|346.62|2
EMPTM|Restaurant|1|Restaurante|1|Gisell|Caballero|106|Mastercard|53|Mastercard|53|Payment|230.20|1
EMPTM|Restaurant|1|Restaurante|1|Gisell|Caballero|106|Amex|54|Amex|54|Payment|330.27|2
EMPTM|Restaurant|1|Restaurante|1|Gisell|Caballero|106|Tips Paid|212|Tips Paid|212|Paid Out|138.70|4
EMPTM|Restaurant|1|Restaurante|1|Kevin|Gonzalez|110|Visa|52|Visa|52|Payment|564.21|7
EMPTM|Restaurant|1|Restaurante|1|Kevin|Gonzalez|110|Mastercard|53|Mastercard|53|Payment|1289.58|9
EMPTM|Restaurant|1|Restaurante|1|Kevin|Gonzalez|110|Discover|55|Discover|55|Payment|339.11|3
EMPTM|Restaurant|1|Restaurante|1|Kevin|Gonzalez|110|Tips Paid|212|Tips Paid|212|Paid Out|390.82|29
EMPTM|Restaurant|1|Restaurante|1|Mercedes|Juarez|114|Visa|52|Visa|52|Payment|167.73|3
EMPTM|Restaurant|1|Restaurante|1|Mercedes|Juarez|114|Mastercard|53|Mastercard|53|Payment|1662.25|2
EMPTM|Restaurant|1|Restaurante|1|Mercedes|Juarez|114|Amex|54|Amex|54|Payment|185.52|2
EMPTM|Restaurant|1|Restaurante|1|Mercedes|Juarez|114|Tips Paid|212|Tips Paid|212|Paid Out|310.28|6
EMPTM|Restaurant|1|Restaurante|1|Adianes|Rojas|115|Visa|52|Visa|52|Payment|930.62|5
EMPTM|Restaurant|1|Restaurante|1|Adianes|Rojas|115|Mastercard|53|Mastercard|53|Payment|610.84|3
EMPTM|Restaurant|1|Restaurante|1|Adianes|Rojas|115|Amex|54|Amex|54|Payment|461.73|1
EMPTM|Restaurant|1|Restaurante|1|Adianes|Rojas|115|Discover|55|Discover|55|Payment|174.41|1
EMPTM|Restaurant|1|Restaurante|1|Adianes|Rojas|115|Tips Paid|212|Tips Paid|212|Paid Out|347.72|13
EMPTM|Restaurant|1|Restaurante|1|Alejandra|Perilla|132|Visa|52|Visa|52|Payment|826.20|6
EMPTM|Restaurant|1|Restaurante|1|Alejandra|Perilla|132|Mastercard|53|Mastercard|53|Payment|642.75|1
EMPTM|Restaurant|1|Restaurante|1|Alejandra|Perilla|132|Amex|54|Amex|54|Payment|49.71|1
EMPTM|Restaurant|1|Restaurante|1|Alejandra|Perilla|132|Diners|56|Diners|56|Payment|103.34|1
EMPTM|Restaurant|1|Restaurante|1|Alejandra|Perilla|132|Tips Paid|212|Tips Paid|212|Paid Out|279.63|10
EMPTM|Restaurant|1|Restaurante|1|Pryssila|Moronta|135|Cash|2|Cash|2|Payment|146.00|1
EMPTM|Restaurant|1|Restaurante|1|Pryssila|Moronta|135|Visa|52|Visa|52|Payment|855.45|5
EMPTM|Restaurant|1|Restaurante|1|Pryssila|Moronta|135|Mastercard|53|Mastercard|53|Payment|1428.81|8
EMPTM|Restaurant|1|Restaurante|1|Pryssila|Moronta|135|Amex|54|Amex|54|Payment|188.34|2
EMPTM|Restaurant|1|Restaurante|1|Pryssila|Moronta|135|Tips Paid|212|Tips Paid|212|Paid Out|400.40|11
EMPTM|Restaurant|1|Restaurante|1|Antonella|Mezzenasco|137|Visa|52|Visa|52|Payment|191.52|3
EMPTM|Restaurant|1|Restaurante|1|Antonella|Mezzenasco|137|Mastercard|53|Mastercard|53|Payment|296.69|3
EMPTM|Restaurant|1|Restaurante|1|Antonella|Mezzenasco|137|Amex|54|Amex|54|Payment|1090.21|1
EMPTM|Restaurant|1|Restaurante|1|Antonella|Mezzenasco|137|Tips Paid|212|Tips Paid|212|Paid Out|253.27|8
EMPTM|Restaurant|1|Restaurante|1|Sebastian|Valencia|139|Visa|52|Visa|52|Payment|1254.38|4
EMPTM|Restaurant|1|Restaurante|1|Sebastian|Valencia|139|Mastercard|53|Mastercard|53|Payment|109.88|1
EMPTM|Restaurant|1|Restaurante|1|Sebastian|Valencia|139|Tips Paid|212|Tips Paid|212|Paid Out|208.60|5
EMPOTSLS|Restaurant|1|Restaurante|1|Daniel|Yate|63|Dine In|1|Dine In|1|21|55|0|0|3165.50|0.00|0.00|0|0.00|0|0.00|0.00|0|0.00|0|0.00|0|0.00|0|0.00|0|0.00|0|0.00|0|0.00|0|0.00|0.00|3165.50
EMPOTSLS|Restaurant|1|Restaurante|1|Luisa Fernanda|Rosales|71|Dine In|1|Dine In|1|16|32767|0|0|380.00|0.00|0.00|0|0.00|0|0.00|0.00|0|0.00|0|0.00|0|0.00|0|0.00|0|0.00|0|0.00|0|0.00|0|0.00|0.00|380.00
EMPOTSLS|Restaurant|1|Restaurante|1|David|Lopez|120|Dine In|1|Dine In|1|3|-10|0|0|-267.00|0.00|0.00|0|0.00|0|0.00|0.00|0|0.00|0|0.00|0|0.00|0|0.00|0|0.00|0|0.00|0|0.00|0|0.00|0.00|-267.00
EMPOTSLS|Restaurant|1|Restaurante|1|Andres|Rodriguez|67|Dine In|1|Dine In|1|0|0|0|0|15.00|0.00|0.00|0|0.00|0|0.00|0.00|0|0.00|0|0.00|0|0.00|0|0.00|0|0.00|0|0.00|0|0.00|0|0.00|0.00|15.00
EMPOTSLS|Restaurant|1|Restaurante|1|Alexander|Rodriguez|68|Dine In|1|Dine In|1|0|-10|0|0|-224.00|0.00|0.00|0|0.00|0|0.00|0.00|0|0.00|0|0.00|0|0.00|0|0.00|0|0.00|0|0.00|0|0.00|0|0.00|0.00|-224.00
EMPOTSLS|Restaurant|1|Restaurante|1|Kevin|Gonzalez|110|Dine In|1|Dine In|1|0|2|0|0|67.00|0.00|0.00|0|0.00|0|0.00|0.00|0|0.00|0|0.00|0|0.00|0|0.00|0|0.00|0|0.00|0|0.00|0|0.00|0.00|67.00
EMPOTSLS|Restaurant|1|Restaurante|1|Sebastian|Valencia|139|Dine In|1|Dine In|1|6|21|0|0|1290.00|0.00|0.00|0|0.00|0|0.00|0.00|0|0.00|0|0.00|0|0.00|0|0.00|0|0.00|0|0.00|0|0.00|0|0.00|0.00|1290.00
EMPOTSLS|Restaurant|1|Restaurante|1|Lianyi|Rivero|52|Dine In|1|Dine In|1|10|46|0|0|2073.00|0.00|0.00|0|0.00|0|0.00|0.00|0|0.00|0|0.00|0|0.00|0|0.00|0|0.00|0|0.00|0|0.00|0|0.00|0.00|2073.00
EMPOTSLS|Restaurant|1|Restaurante|1|Santiago|Sierra|62|Dine In|1|Dine In|1|8|21|0|0|1194.00|0.00|0.00|0|0.00|0|0.00|0.00|0|0.00|0|0.00|0|0.00|0|0.00|0|0.00|0|0.00|0|0.00|0|0.00|0.00|1194.00
EMPOTSLS|Restaurant|1|Restaurante|1|Alejandra|Perilla|132|Dine In|1|Dine In|1|12|36|0|0|1931.50|0.00|0.00|0|0.00|0|0.00|0.00|0|0.00|0|0.00|0|0.00|0|0.00|0|0.00|0|0.00|0|0.00|0|0.00|0.00|1931.50
EMPOTSLS|Restaurant|1|Restaurante|1|Pryssila|Moronta|135|Dine In|1|Dine In|1|16|46|0|0|2342.00|0.00|0.00|0|0.00|0|0.00|0.00|0|0.00|0|0.00|0|0.00|0|0.00|0|0.00|0|0.00|0|0.00|0|0.00|0.00|2342.00
EMPOTSLS|Restaurant|1|Restaurante|1|Adianes|Rojas|115|Dine In|1|Dine In|1|13|36|0|0|1586.50|0.00|0.00|0|0.00|0|0.00|0.00|0|0.00|0|0.00|0|0.00|0|0.00|0|0.00|0|0.00|0|0.00|0|0.00|0.00|1586.50
EMPOTSLS|Restaurant|1|Restaurante|1|Daniela|Suarez|44|Dine In|1|Dine In|1|9|1|0|0|626.00|0.00|0.00|0|0.00|0|0.00|0.00|0|0.00|0|0.00|0|0.00|0|0.00|0|0.00|0|0.00|0|0.00|0|0.00|0.00|626.00
EMPOTSLS|Restaurant|1|Restaurante|1|Maria Jose|Garcia|54|Dine In|1|Dine In|1|6|28|0|0|1985.00|0.00|0.00|0|0.00|0|0.00|0.00|0|0.00|0|0.00|0|0.00|0|0.00|0|0.00|0|0.00|0|0.00|0|0.00|0.00|1985.00
EMPOTSLS|Restaurant|1|Restaurante|1|Ana|Fandiño|104|Dine In|1|Dine In|1|8|20|0|0|1429.50|0.00|0.00|0|0.00|0|0.00|0.00|0|0.00|0|0.00|0|0.00|0|0.00|0|0.00|0|0.00|0|0.00|0|0.00|0.00|1429.50
EMPOTSLS|Restaurant|1|Restaurante|1|Catalina|Herrera|45|Dine In|1|Dine In|1|3|0|0|0|26.00|0.00|0.00|0|0.00|0|0.00|0.00|0|0.00|0|0.00|0|0.00|0|0.00|0|0.00|0|0.00|0|0.00|0|0.00|0.00|26.00
EMPOTSLS|Restaurant|1|Restaurante|1|Sara|Melendez|59|Dine In|1|Dine In|1|9|14|0|0|2156.00|0.00|0.00|0|0.00|0|0.00|0.00|0|0.00|0|0.00|0|0.00|0|0.00|0|0.00|0|0.00|0|0.00|0|0.00|0.00|2156.00
EMPOTSLS|Restaurant|1|Restaurante|1|Gabriela|Peley|86|Dine In|1|Dine In|1|0|0|0|0|5.00|0.00|0.00|0|0.00|0|0.00|0.00|0|0.00|0|0.00|0|0.00|0|0.00|0|0.00|0|0.00|0|0.00|0|0.00|0.00|5.00
EMPOTSLS|Restaurant|1|Restaurante|1|Kevin|Gonzalez|110|Dine In|1|Dine In|1|22|40|0|0|1836.50|0.00|0.00|0|0.00|0|0.00|0.00|0|0.00|0|0.00|0|0.00|0|0.00|0|0.00|0|0.00|0|0.00|0|0.00|0.00|1836.50
EMPOTSLS|Restaurant|1|Restaurante|1|Mercedes|Juarez|114|Dine In|1|Dine In|1|8|22|0|0|1724.00|0.00|0.00|0|0.00|0|0.00|0.00|0|0.00|0|0.00|0|0.00|0|0.00|0|0.00|0|0.00|0|0.00|0|0.00|0.00|1724.00
EMPOTSLS|Restaurant|1|Restaurante|1|Antonella|Mezzenasco|137|Dine In|1|Dine In|1|7|20|0|0|1258.00|0.00|0.00|0|0.00|0|0.00|0.00|0|0.00|0|0.00|0|0.00|0|0.00|0|0.00|0|0.00|0|0.00|0|0.00|0.00|1258.00
EMPOTSLS|Restaurant|1|Restaurante|1|Gisell|Caballero|106|Dine In|1|Dine In|1|4|13|0|0|693.50|0.00|0.00|0|0.00|0|0.00|0.00|0|0.00|0|0.00|0|0.00|0|0.00|0|0.00|0|0.00|0|0.00|0|0.00|0.00|693.50
