EMPID|MED|Andres Medellin|20241124|20241124|20241226|122251|2.00|2.00|Simphony|19.7.2
EMP|1-Restaurante|1|1-Restaurante|22|Anny|Arroyo|30004|0|0|0|0|0.00|0.00|0.00|0|0.00|0|0.00|0.00|0.00|0|0.00|0|0.00|1|0.00|0|0.00|0|0.00|0|0.00|0|0.00|0.00|0.00|0|0.00|0.00|0.00|0.00
EMP|2-Almacen|2|2-Almacen|2|Anny|Arroyo|30004|10|10|0|0|315122.00|0.00|0.00|0|0.00|0|0.00|0.00|25000.00|1|0.00|0|0.00|7|375000.00|10|375000.00|10|0.00|0|0.00|0|0.00|0.00|0.00|0|315122.00|0.00|0.00|315122.00
EMP|3-Disney|3|3-Disney|3|Anny|Arroyo|30004|0|0|0|0|0.00|0.00|0.00|0|0.00|0|0.00|0.00|0.00|0|0.00|0|0.00|1|0.00|0|0.00|0|0.00|0|0.00|0|0.00|0.00|0.00|0|0.00|0.00|0.00|0.00
EMP|1-Restaurante|1|1-Restaurante|22|Guillermo|Falla Guillermo|30006|13|18|0|0|2769170.00|276909.00|-21186.00|2|0.00|0|-1541.00|0.00|176000.00|2|0.00|0|0.00|0|3267609.00|23|1516296.00|7|0.00|0|0.00|0|0.00|128496.00|0.00|0|2769170.00|0.00|0.00|2769170.00
EMP|1-Restaurante|1|1-Restaurante|22|Manuela|Escobar Manuela|40020|4|3|0|0|636254.00|63624.00|0.00|0|0.00|0|0.00|1.00|0.00|0|0.00|0|0.00|0|750775.00|4|750775.00|4|0.00|0|0.00|0|0.00|63624.00|0.00|0|636254.00|0.00|0.00|636254.00
EMP|1-Restaurante|1|1-Restaurante|22|laura|Laura triana|40031|16|25|0|0|6148973.00|607749.00|-118149.00|8|0.00|0|-8592.00|-4.00|364500.00|7|0.00|0|0.00|0|7256455.00|19|8030993.00|28|0.00|0|0.00|0|0.00|673387.00|0.00|0|6148973.00|0.00|0.00|6148973.00
EMP|2-Almacen|2|2-Almacen|2|Federico|MARIN|40032|1|2|0|0|234453.00|0.00|0.00|0|0.00|0|0.00|0.00|407000.00|6|0.00|0|0.00|0|279000.00|1|279000.00|1|0.00|0|0.00|0|0.00|0.00|0.00|0|234453.00|0.00|0.00|234453.00
EMP|1-Restaurante|1|1-Restaurante|22|Paulina|Cordoba Paulina|40026|20|23|0|0|5159501.00|512041.00|0.00|0|0.00|0|0.00|2.00|338500.00|10|0.00|0|0.00|0|6088553.00|22|6129088.00|17|0.00|0|0.00|0|0.00|515476.00|0.00|0|5159501.00|0.00|0.00|5159501.00
EMP|1-Restaurante|1|1-Restaurante|22|Carlos|Osorio Carlos|11|1|1|0|0|321670.00|32166.00|0.00|0|0.00|0|0.00|0.00|158500.00|2|0.00|0|0.00|0|379566.00|1|0.00|0|0.00|0|0.00|0|0.00|0.00|0.00|0|321670.00|0.00|0.00|321670.00
EMP|1-Restaurante|1|1-Restaurante|22|SARAH|SARAH VILLALBA|40053|10|18|0|0|2395375.00|239529.00|0.00|0|0.00|0|0.00|-6.00|96500.00|1|0.00|0|0.00|0|2826523.00|13|2447504.00|12|0.00|0|0.00|0|0.00|207410.00|0.00|0|2395375.00|0.00|0.00|2395375.00
EMP|1-Restaurante|1|1-Restaurante|22|Ibarra|Alison Ibarra|40054|19|27|0|0|3311860.00|331175.00|0.00|0|0.00|0|-1.00|5.00|405800.00|6|0.00|0|16935.00|1|3907980.00|21|7305825.00|20|0.00|0|0.00|0|0.00|619120.00|0.00|0|3311860.00|0.00|0.00|3311860.00
EMP|1-Restaurante|1|1-Restaurante|22|chaux|Dayana montiel|40057|27|56|0|0|6175207.00|617501.00|-458333.00|19|0.00|0|-33336.00|3.00|822000.00|16|0.00|0|0.00|0|7286704.00|33|6624702.00|26|0.00|0|0.00|0|0.00|561399.00|0.00|0|6175207.00|0.00|0.00|6175207.00
EMP|1-Restaurante|1|1-Restaurante|22|Gallego|Valerin Gallego|40065|8|24|0|0|2049731.00|204968.00|0.00|0|0.00|0|0.00|5.00|169800.00|2|0.00|0|21306.00|1|2418673.00|15|3039264.00|15|0.00|0|0.00|0|0.00|257559.00|0.00|0|2049731.00|0.00|0.00|2049731.00
EMP|1-Restaurante|1|1-Restaurante|22|Manuela|Manuela Valencia|40068|13|10|0|0|4171707.00|417157.00|-310148.00|6|0.00|0|-22546.00|7.00|218200.00|7|0.00|0|0.00|0|4922564.00|17|5731736.00|16|0.00|0|0.00|0|0.00|485729.00|0.00|0|4171707.00|0.00|0.00|4171707.00
EMP|1-Restaurante|1|1-Restaurante|22|Cardona|AlexandraCardona|40071|29|42|0|0|6786680.00|678648.00|-1008029.00|29|0.00|0|-73310.00|-5.00|888100.00|24|0.00|0|0.00|0|8008243.00|35|5699928.00|30|0.00|0|0.00|0|0.00|483033.00|0.00|0|6786680.00|0.00|0.00|6786680.00
EMP|1-Restaurante|1|1-Restaurante|22|Cordoba|David Cordoba|40094|26|27|0|0|8247086.00|821617.00|0.00|0|0.00|0|-1.00|-9.00|848500.00|13|0.00|0|0.00|0|9731808.00|36|10414788.00|31|0.00|0|0.00|0|0.00|879497.00|0.00|0|8247086.00|0.00|0.00|8247086.00
EMP|1-Restaurante|1|1-Restaurante|22|Oniel|Oniel Escalona|40105|24|38|0|0|7464651.00|682805.00|-80972.00|5|0.00|0|-69526.00|3.00|219300.00|7|0.00|0|0.00|0|8744608.00|25|7919375.00|21|0.00|0|0.00|0|0.00|612872.00|0.00|0|7464651.00|0.00|0.00|7464651.00
EMP|Domicilios|20|Domicilios|20|John Esteban|Mesa Correa|24|14|0|0|0|837598.00|0.00|0.00|0|0.00|0|0.00|0.00|52000.00|1|0.00|0|197200.00|3|904600.00|14|904600.00|14|0.00|0|0.00|0|0.00|0.00|0.00|0|837598.00|0.00|0.00|837598.00
EMP|1-Restaurante|1|1-Restaurante|22|LIBARDO|LIBARDO MONTOYA|40127|2|2|0|0|260186.00|1713.00|0.00|0|0.00|0|-24305.00|0.00|0.00|0|0.00|0|0.00|0|282713.00|2|262500.00|1|0.00|0|0.00|0|0.00|0.00|0.00|0|260186.00|0.00|0.00|260186.00
EMPSHFT|1-Restaurante|1|1-Restaurante|22|Carlos|Osorio Carlos|11|1| |0| |0|Cafes_Esquina|11|0|180093.00|0.00|0.00|18009.00|0|0|0.00|0|0.00|0|0.00|0|0.00|0|0.00|0|0|0|0.00|0|0.00|0|0.00|0|0.00|0.00|0.00|0.00|0.00|0.00|14407.00|0.00|212509.00|212509.00|0|0.00|0|0.00|0|0.00|0|0.00|0.00|0|0.00
EMPSHFT|1-Restaurante|1|1-Restaurante|22|Carlos|Osorio Carlos|11|1| |0| |0|Bar_Lado|9|0|141577.00|0.00|0.00|14157.00|1|1|0.00|0|0.00|0|0.00|0|158500.00|2|0.00|0|0|0|0.00|0|0.00|0|0.00|0|0.00|0.00|0.00|0.00|0.00|0.00|11323.00|0.00|167057.00|167057.00|1|0.00|0|0.00|0|0.00|0|0.00|0.00|0|0.00
EMPSHFT|Domicilios|20|Domicilios|20|John Esteban|Mesa Correa|24|1| |0| |0|CAPS_Almacen|1|1|837598.00|0.00|0.00|0.00|14|0|0.00|0|0.00|0|0.00|0|52000.00|1|0.00|0|0|0|0.00|0|0.00|0|0.00|0|0.00|0.00|0.00|0.00|0.00|0.00|67002.00|0.00|904600.00|904600.00|14|904600.00|14|0.00|0|0.00|0|0.00|0.00|0|0.00
EMPSHFT|2-Almacen|2|2-Almacen|2|Anny|Arroyo|30004|1| |0| |0|Almacen|16|0|315122.00|0.00|0.00|0.00|10|10|0.00|0|0.00|0|0.00|0|25000.00|1|0.00|0|0|0|0.00|0|0.00|0|0.00|0|0.00|0.00|0.00|0.00|0.00|0.00|59878.00|0.00|375000.00|375000.00|10|375000.00|10|0.00|0|0.00|0|0.00|0.00|0|0.00
EMPSHFT|2-Almacen|2|2-Almacen|2|Anny|Arroyo|30004|1| |0| |0|Cava|3|0|0.00|0.00|0.00|0.00|0|0|0.00|0|0.00|0|0.00|0|0.00|0|0.00|0|0|0|0.00|0|0.00|0|0.00|0|315122.00|0.00|0.00|0.00|0.00|0.00|0.00|0.00|0.00|0.00|0|0.00|0|0.00|0|0.00|0|0.00|0.00|0|0.00
EMPSHFT|1-Restaurante|1|1-Restaurante|22|Guillermo|Falla Guillermo|30006|1| |0| |0|Cava|3|0|-19260.00|0.00|0.00|-1926.00|0|-1|0.00|0|-21186.00|2|0.00|0|0.00|0|0.00|0|0|0|0.00|0|0.00|0|0.00|0|1413502.00|0.00|0.00|0.00|0.00|0.00|-1540.00|-1540.00|0.00|-22726.00|0|0.00|1|0.00|0|0.00|0|0.00|0.00|0|0.00
EMPSHFT|1-Restaurante|1|1-Restaurante|22|Guillermo|Falla Guillermo|30006|1| |0| |0|Bar_principal2|5|0|2349632.00|0.00|0.00|234957.00|10|12|0.00|0|0.00|0|0.00|0|176000.00|2|0.00|0|0|0|128496.00|0|128496.00|4|0.00|0|0.00|0.00|0.00|0.00|0.00|0.00|187968.00|-1.00|2772558.00|2772557.00|14|1516296.00|5|0.00|0|0.00|0|0.00|0.00|0|0.00
EMPSHFT|1-Restaurante|1|1-Restaurante|22|Guillermo|Falla Guillermo|30006|1| |0| |0|Bar_Lado|9|0|19260.00|0.00|0.00|1926.00|1|0|0.00|0|0.00|0|0.00|0|0.00|0|0.00|0|0|0|0.00|0|0.00|0|0.00|0|0.00|0.00|0.00|0.00|0.00|0.00|1540.00|0.00|22726.00|22726.00|1|0.00|0|0.00|0|0.00|0|0.00|0.00|0|0.00
EMPSHFT|1-Restaurante|1|1-Restaurante|22|Guillermo|Falla Guillermo|30006|1| |0| |0|Cafes_Bar|15|0|419538.00|0.00|0.00|41952.00|2|7|0.00|0|0.00|0|0.00|0|0.00|0|0.00|0|0|0|0.00|0|0.00|0|0.00|0|0.00|0.00|0.00|0.00|0.00|0.00|33562.00|0.00|495052.00|495052.00|8|0.00|1|0.00|0|0.00|0|0.00|0.00|0|0.00
EMPSHFT|1-Restaurante|1|1-Restaurante|22|Manuela|Escobar Manuela|40020|1| |0| |0|Bar_Lado|9|0|17686.00|0.00|0.00|1769.00|3|2|0.00|0|0.00|0|0.00|0|0.00|0|0.00|0|0|0|0.00|0|0.00|0|0.00|0|0.00|0.00|0.00|0.00|0.00|0.00|1414.00|0.00|20869.00|20869.00|3|0.00|0|0.00|0|0.00|0|0.00|0.00|0|0.00
EMPSHFT|1-Restaurante|1|1-Restaurante|22|Manuela|Escobar Manuela|40020|1| |0| |0|Cafes_Esquina|11|0|0.00|0.00|0.00|0.00|0|0|0.00|0|0.00|0|0.00|0|0.00|0|0.00|0|0|0|63624.00|0|63624.00|4|0.00|0|0.00|0.00|0.00|0.00|0.00|0.00|0.00|0.00|0.00|0.00|0|750774.00|4|0.00|0|0.00|0|0.00|0.00|0|0.00
EMPSHFT|1-Restaurante|1|1-Restaurante|22|Manuela|Escobar Manuela|40020|1| |0| |0|Cafes_Bar|15|0|618568.00|0.00|0.00|61855.00|1|1|0.00|0|0.00|0|0.00|0|0.00|0|0.00|0|0|0|0.00|0|0.00|0|0.00|0|0.00|0.00|0.00|0.00|0.00|0.00|49482.00|0.00|729905.00|729905.00|1|0.00|0|0.00|0|0.00|0|0.00|0.00|0|0.00
EMPSHFT|1-Restaurante|1|1-Restaurante|22|Manuela|Escobar Manuela|40020|1| |0| |0|Cava|3|0|0.00|0.00|0.00|0.00|0|0|0.00|0|0.00|0|0.00|0|0.00|0|0.00|0|0|0|0.00|0|0.00|0|0.00|0|699879.00|0.00|0.00|0.00|0.00|0.00|0.00|0.00|0.00|1.00|0|1.00|0|0.00|0|0.00|0|1.00|0.00|0|0.00
EMPSHFT|1-Restaurante|1|1-Restaurante|22|Paulina|Cordoba Paulina|40026|1| |0| |0|Bar_principal2|5|0|0.00|0.00|0.00|0.00|0|0|0.00|0|0.00|0|0.00|0|0.00|0|0.00|0|0|0|66924.00|0|66924.00|1|0.00|0|0.00|0.00|0.00|0.00|0.00|0.00|0.00|0.00|0.00|0.00|0|789724.00|2|0.00|0|0.00|0|0.00|0.00|0|0.00
EMPSHFT|1-Restaurante|1|1-Restaurante|22|Paulina|Cordoba Paulina|40026|1| |0| |0|Bar_Lado|9|0|137410.00|0.00|0.00|13740.00|3|3|0.00|0|0.00|0|0.00|0|84000.00|3|0.00|0|0|0|14953.00|0|14953.00|1|0.00|0|0.00|0.00|0.00|0.00|0.00|0.00|10990.00|0.00|162140.00|162140.00|3|176453.00|1|0.00|0|0.00|0|0.00|0.00|0|0.00
EMPSHFT|1-Restaurante|1|1-Restaurante|22|Paulina|Cordoba Paulina|40026|1| |0| |0|Musica|8|0|218417.00|0.00|0.00|21185.00|4|3|0.00|0|0.00|0|0.00|0|0.00|0|0.00|0|0|0|105571.00|0|105571.00|4|0.00|0|0.00|0.00|0.00|0.00|0.00|0.00|18193.00|0.00|257795.00|257795.00|4|1245771.00|4|0.00|0|0.00|0|0.00|0.00|0|0.00
EMPSHFT|1-Restaurante|1|1-Restaurante|22|Paulina|Cordoba Paulina|40026|1| |0| |0|Cava|3|0|0.00|0.00|0.00|0.00|0|0|0.00|0|0.00|0|0.00|0|0.00|0|0.00|0|0|0|0.00|0|0.00|0|0.00|0|5709323.00|0.00|0.00|0.00|0.00|0.00|0.00|0.00|0.00|2.00|0|2.00|0|0.00|0|0.00|0|2.00|0.00|0|0.00
EMPSHFT|1-Restaurante|1|1-Restaurante|22|Paulina|Cordoba Paulina|40026|1| |0| |0|Bar_Principal|4|0|3061070.00|0.00|0.00|302862.00|5|6|0.00|0|0.00|0|0.00|0|103500.00|2|0.00|0|0|0|0.00|0|0.00|0|0.00|0|0.00|0.00|0.00|0.00|0.00|0.00|248430.00|0.00|3612362.00|3612362.00|5|0.00|0|0.00|0|0.00|0|0.00|0.00|0|0.00
EMPSHFT|1-Restaurante|1|1-Restaurante|22|Paulina|Cordoba Paulina|40026|1| |0| |0|Cafes_Bar|15|0|276299.00|0.00|0.00|27629.00|2|2|0.00|0|0.00|0|0.00|0|6000.00|1|0.00|0|0|0|0.00|0|0.00|0|0.00|0|0.00|0.00|0.00|0.00|0.00|0.00|22101.00|0.00|326029.00|326029.00|2|0.00|0|0.00|0|0.00|0|0.00|0.00|0|0.00
EMPSHFT|1-Restaurante|1|1-Restaurante|22|Paulina|Cordoba Paulina|40026|1| |0| |0|Cafes_Esquina|11|0|1466305.00|0.00|0.00|146625.00|6|9|0.00|0|0.00|0|0.00|0|145000.00|4|0.00|0|0|0|328028.00|0|328028.00|9|0.00|0|0.00|0.00|0.00|0.00|0.00|0.00|117295.00|0.00|1730225.00|1730225.00|8|3917138.00|10|0.00|0|0.00|0|0.00|0.00|0|0.00
EMPSHFT|1-Restaurante|1|1-Restaurante|22|laura|Laura triana|40031|1| |0| |0|Bar_Lado|9|0|128134.00|0.00|0.00|6342.00|1|1|0.00|0|0.00|0|0.00|0|98500.00|1|0.00|0|0|0|0.00|0|0.00|0|0.00|0|0.00|0.00|0.00|0.00|0.00|0.00|17366.00|0.00|151842.00|151842.00|2|0.00|0|0.00|0|0.00|0|0.00|0.00|0|0.00
EMPSHFT|1-Restaurante|1|1-Restaurante|22|laura|Laura triana|40031|1| |0| |0|Cava|3|0|-18056.00|0.00|0.00|-1806.00|0|-1|0.00|0|-19862.00|3|0.00|0|0.00|0|0.00|0|0|0|0.00|0|0.00|0|0.00|0|7478742.00|0.00|0.00|0.00|0.00|0.00|-1444.00|-1444.00|0.00|-21310.00|0|-4.00|3|0.00|0|0.00|0|-4.00|0.00|0|0.00
EMPSHFT|1-Restaurante|1|1-Restaurante|22|laura|Laura triana|40031|1| |0| |0|CAPS_Almacen|1|0|-89352.00|0.00|0.00|-8935.00|0|-1|0.00|0|-98287.00|5|0.00|0|0.00|0|0.00|0|0|0|0.00|0|0.00|0|0.00|0|0.00|0.00|0.00|0.00|0.00|0.00|-7148.00|-7148.00|0.00|-105435.00|0|0.00|1|0.00|0|0.00|0|0.00|0.00|0|0.00
EMPSHFT|1-Restaurante|1|1-Restaurante|22|laura|Laura triana|40031|1| |0| |0|Cafes_Esquina|11|0|488890.00|0.00|0.00|48888.00|3|3|0.00|0|0.00|0|0.00|0|78000.00|2|0.00|0|0|0|0.00|0|0.00|0|0.00|0|0.00|0.00|0.00|0.00|0.00|0.00|39110.00|0.00|576888.00|576888.00|3|0.00|0|0.00|0|0.00|0|0.00|0.00|0|0.00
EMPSHFT|1-Restaurante|1|1-Restaurante|22|laura|Laura triana|40031|1| |0| |0|Bar_principal2|5|0|1962031.00|0.00|0.00|195539.00|5|5|0.00|0|0.00|0|0.00|0|12000.00|2|0.00|0|0|0|298046.00|0|298046.00|17|0.00|0|0.00|0.00|0.00|0.00|0.00|0.00|157679.00|0.00|2315249.00|2315249.00|7|3601856.00|17|0.00|0|0.00|0|0.00|0.00|0|0.00
EMPSHFT|1-Restaurante|1|1-Restaurante|22|laura|Laura triana|40031|1| |0| |0|Cafes_Bar|15|0|3677326.00|0.00|0.00|367721.00|7|18|0.00|0|0.00|0|0.00|0|176000.00|2|0.00|0|0|0|369239.00|0|369239.00|6|0.00|0|0.00|0.00|0.00|0.00|0.00|0.00|294174.00|0.00|4339221.00|4339221.00|7|4357139.00|6|0.00|0|0.00|0|0.00|0.00|0|0.00
EMPSHFT|1-Restaurante|1|1-Restaurante|22|laura|Laura triana|40031|1| |0| |0|Musica|8|0|0.00|0.00|0.00|0.00|0|0|0.00|0|0.00|0|0.00|0|0.00|0|0.00|0|0|0|6102.00|0|6102.00|1|0.00|0|0.00|0.00|0.00|0.00|0.00|0.00|0.00|0.00|0.00|0.00|0|72002.00|1|0.00|0|0.00|0|0.00|0.00|0|0.00
EMPSHFT|2-Almacen|2|2-Almacen|2|Federico|MARIN|40032|1| |0| |0|Almacen|16|0|234453.00|0.00|0.00|0.00|1|2|0.00|0|0.00|0|0.00|0|407000.00|6|0.00|0|0|0|0.00|0|0.00|0|0.00|0|0.00|0.00|0.00|0.00|0.00|0.00|44547.00|0.00|279000.00|279000.00|1|279000.00|1|0.00|0|0.00|0|0.00|0.00|0|0.00
EMPSHFT|2-Almacen|2|2-Almacen|2|Federico|MARIN|40032|1| |0| |0|Cava|3|0|0.00|0.00|0.00|0.00|0|0|0.00|0|0.00|0|0.00|0|0.00|0|0.00|0|0|0|0.00|0|0.00|0|0.00|0|234453.00|0.00|0.00|0.00|0.00|0.00|0.00|0.00|0.00|0.00|0|0.00|0|0.00|0|0.00|0|0.00|0.00|0|0.00
EMPSHFT|1-Restaurante|1|1-Restaurante|22|SARAH|SARAH VILLALBA|40053|1| |0| |0|Cava|3|0|0.00|0.00|0.00|0.00|0|0|0.00|0|0.00|0|0.00|0|0.00|0|0.00|0|0|0|0.00|0|0.00|0|0.00|0|2281575.00|0.00|0.00|0.00|0.00|0.00|0.00|0.00|0.00|-6.00|0|-6.00|1|0.00|0|0.00|0|-6.00|0.00|0|0.00
EMPSHFT|1-Restaurante|1|1-Restaurante|22|SARAH|SARAH VILLALBA|40053|1| |0| |0|Cafes_Esquina|11|0|0.00|0.00|0.00|0.00|0|0|0.00|0|0.00|0|0.00|0|0.00|0|0.00|0|0|0|0.00|0|0.00|0|0.00|0|0.00|0.00|0.00|0.00|0.00|0.00|0.00|0.00|0.00|0.00|0|0.00|0|0.00|0|0.00|0|0.00|0.00|0|0.00
EMPSHFT|1-Restaurante|1|1-Restaurante|22|SARAH|SARAH VILLALBA|40053|1| |0| |0|Cafes_Lado|10|0|2395375.00|0.00|0.00|239529.00|10|18|0.00|0|0.00|0|0.00|0|96500.00|1|0.00|0|0|0|207410.00|0|207410.00|11|0.00|0|0.00|0.00|0.00|0.00|0.00|0.00|191625.00|0.00|2826529.00|2826529.00|13|2447510.00|11|0.00|0|0.00|0|0.00|0.00|0|0.00
EMPSHFT|1-Restaurante|1|1-Restaurante|22|Ibarra|Alison Ibarra|40054|1| |0| |0|Cava|3|0|0.00|0.00|0.00|0.00|0|0|0.00|0|0.00|0|0.00|0|0.00|0|0.00|0|0|0|0.00|0|0.00|0|0.00|0|6810518.00|0.00|0.00|0.00|0.00|0.00|0.00|0.00|0.00|5.00|0|5.00|1|0.00|0|0.00|0|5.00|0.00|0|0.00
EMPSHFT|1-Restaurante|1|1-Restaurante|22|Ibarra|Alison Ibarra|40054|1| |0| |0|Cafes_Esquina|11|0|0.00|0.00|0.00|0.00|0|0|0.00|0|0.00|0|0.00|0|0.00|0|0.00|0|0|0|21944.00|0|21944.00|1|0.00|0|0.00|0.00|0.00|0.00|0.00|0.00|0.00|0.00|0.00|0.00|0|258944.00|1|0.00|0|0.00|0|0.00|0.00|0|0.00
EMPSHFT|1-Restaurante|1|1-Restaurante|22|Ibarra|Alison Ibarra|40054|1| |0| |0|Cafes_Bar|15|0|466112.00|0.00|0.00|46610.00|0|0|0.00|0|0.00|0|0.00|0|223000.00|2|0.00|0|0|0|21231.00|0|21231.00|1|0.00|0|0.00|0.00|0.00|0.00|0.00|0.00|37288.00|0.00|550010.00|550010.00|0|250531.00|1|0.00|0|0.00|0|0.00|0.00|0|0.00
EMPSHFT|1-Restaurante|1|1-Restaurante|22|Ibarra|Alison Ibarra|40054|1| |0| |0|Bar_principal2|5|0|2833341.00|0.00|0.00|283324.00|19|27|0.00|0|0.00|0|0.00|0|182800.00|4|0.00|0|0|0|575945.00|0|575945.00|17|0.00|0|0.00|0.00|0.00|0.00|0.00|0.00|226659.00|-1.00|3343325.00|3343324.00|21|6796345.00|17|0.00|0|0.00|0|0.00|0.00|0|0.00
EMPSHFT|1-Restaurante|1|1-Restaurante|22|Ibarra|Alison Ibarra|40054|1| |0| |0|Bar_Lado|9|0|12407.00|0.00|0.00|1241.00|0|0|0.00|0|0.00|0|0.00|0|0.00|0|0.00|0|0|0|0.00|0|0.00|0|0.00|0|0.00|0.00|0.00|0.00|0.00|0.00|993.00|0.00|14641.00|14641.00|0|0.00|0|0.00|0|0.00|0|0.00|0.00|0|0.00
EMPSHFT|1-Restaurante|1|1-Restaurante|22|chaux|Dayana montiel|40057|1| |0| |0|Cocina|12|0|18981.00|0.00|0.00|1898.00|0|0|0.00|0|0.00|0|0.00|0|0.00|0|0.00|0|0|0|0.00|0|0.00|0|0.00|0|0.00|0.00|0.00|0.00|0.00|0.00|1519.00|0.00|22398.00|22398.00|0|0.00|0|0.00|0|0.00|0|0.00|0.00|0|0.00
EMPSHFT|1-Restaurante|1|1-Restaurante|22|chaux|Dayana montiel|40057|1| |0| |0|Cafes_Bar|15|0|1144634.00|0.00|0.00|114460.00|1|3|0.00|0|0.00|0|0.00|0|157000.00|3|0.00|0|0|0|0.00|0|0.00|0|0.00|0|0.00|0.00|0.00|0.00|0.00|0.00|91566.00|0.00|1350660.00|1350660.00|1|0.00|0|0.00|0|0.00|0|0.00|0.00|0|0.00
EMPSHFT|1-Restaurante|1|1-Restaurante|22|chaux|Dayana montiel|40057|1| |0| |0|Cava|3|0|-173611.00|0.00|0.00|-17361.00|0|-1|0.00|0|-190972.00|4|0.00|0|0.00|0|0.00|0|0|0|0.00|0|0.00|0|0.00|0|6175587.00|0.00|0.00|0.00|0.00|0.00|-13889.00|-13889.00|0.00|-204858.00|0|3.00|2|0.00|0|0.00|0|3.00|0.00|0|0.00
EMPSHFT|1-Restaurante|1|1-Restaurante|22|chaux|Dayana montiel|40057|1| |0| |0|Bar_principal2|5|0|310465.00|0.00|0.00|31045.00|1|8|0.00|0|0.00|0|0.00|0|0.00|0|0.00|0|0|0|0.00|0|0.00|0|0.00|0|0.00|0.00|0.00|0.00|0.00|0.00|24835.00|0.00|366345.00|366345.00|1|0.00|0|0.00|0|0.00|0|0.00|0.00|0|0.00
EMPSHFT|1-Restaurante|1|1-Restaurante|22|chaux|Dayana montiel|40057|1| |0| |0|Cafes_Esquina|11|0|3997976.00|0.00|0.00|399784.00|23|38|0.00|0|0.00|0|0.00|0|616500.00|12|0.00|0|0|0|561399.00|0|561399.00|21|0.00|0|0.00|0.00|0.00|0.00|0.00|0.00|319824.00|-3.00|4717587.00|4717584.00|27|6624699.00|23|0.00|0|0.00|0|0.00|0.00|0|0.00
EMPSHFT|1-Restaurante|1|1-Restaurante|22|chaux|Dayana montiel|40057|1| |0| |0|Bar_Lado|9|0|855095.00|0.00|0.00|85508.00|2|8|0.00|0|-267361.00|15|0.00|0|48500.00|1|0.00|0|0|0|0.00|0|0.00|2|0.00|0|0.00|0.00|0.00|0.00|0.00|0.00|68405.00|-19444.00|1295813.00|1009008.00|4|0.00|1|0.00|0|0.00|0|0.00|0.00|0|0.00
EMPSHFT|1-Restaurante|1|1-Restaurante|22|chaux|Dayana montiel|40057|1| |0| |0|Bar_Principal|4|0|21667.00|0.00|0.00|2167.00|0|0|0.00|0|0.00|0|0.00|0|0.00|0|0.00|0|0|0|0.00|0|0.00|0|0.00|0|0.00|0.00|0.00|0.00|0.00|0.00|1733.00|0.00|25567.00|25567.00|0|0.00|0|0.00|0|0.00|0|0.00|0.00|0|0.00
EMPSHFT|1-Restaurante|1|1-Restaurante|22|Gallego|Valerin Gallego|40065|1| |0| |0|Bar_Lado|9|0|66668.00|0.00|0.00|6667.00|0|0|0.00|0|0.00|0|0.00|0|0.00|0|0.00|0|0|0|35046.00|0|35046.00|2|0.00|0|0.00|0.00|0.00|0.00|0.00|0.00|5332.00|0.00|78667.00|78667.00|0|413546.00|2|0.00|0|0.00|0|0.00|0.00|0|0.00
EMPSHFT|1-Restaurante|1|1-Restaurante|22|Gallego|Valerin Gallego|40065|1| |0| |0|Musica|8|0|26760.00|0.00|0.00|2676.00|0|0|0.00|0|0.00|0|0.00|0|0.00|0|0.00|0|0|0|0.00|0|0.00|0|0.00|0|0.00|0.00|0.00|0.00|0.00|0.00|2140.00|0.00|31576.00|31576.00|1|0.00|0|0.00|0|0.00|0|0.00|0.00|0|0.00
EMPSHFT|1-Restaurante|1|1-Restaurante|22|Gallego|Valerin Gallego|40065|1| |0| |0|Cafes_Bar|15|0|1242413.00|0.00|0.00|124239.00|6|21|0.00|0|0.00|0|0.00|0|17400.00|1|0.00|0|0|0|112090.00|0|112090.00|7|0.00|0|0.00|0.00|0.00|0.00|0.00|0.00|99387.00|0.00|1466039.00|1466039.00|12|1322690.00|7|0.00|0|0.00|0|0.00|0.00|0|0.00
EMPSHFT|1-Restaurante|1|1-Restaurante|22|Gallego|Valerin Gallego|40065|1| |0| |0|Cava|3|0|0.00|0.00|0.00|0.00|0|0|0.00|0|0.00|0|0.00|0|0.00|0|0.00|0|0|0|0.00|0|0.00|0|0.00|0|2683191.00|0.00|0.00|0.00|0.00|0.00|0.00|0.00|0.00|4.00|0|4.00|2|0.00|0|0.00|0|4.00|0.00|0|0.00
EMPSHFT|1-Restaurante|1|1-Restaurante|22|Gallego|Valerin Gallego|40065|1| |0| |0|CAPS_Almacen|1|0|0.00|0.00|0.00|0.00|0|0|0.00|0|0.00|0|0.00|0|0.00|0|0.00|0|0|0|0.00|0|0.00|0|0.00|0|150030.00|0.00|0.00|0.00|0.00|0.00|0.00|0.00|0.00|1.00|0|1.00|0|0.00|0|0.00|0|1.00|0.00|0|0.00
EMPSHFT|1-Restaurante|1|1-Restaurante|22|Gallego|Valerin Gallego|40065|1| |0| |0|Bar_principal2|5|0|713890.00|0.00|0.00|71386.00|2|3|0.00|0|0.00|0|0.00|0|152400.00|1|0.00|0|0|0|110423.00|0|110423.00|4|0.00|0|0.00|0.00|0.00|0.00|0.00|0.00|57110.00|0.00|842386.00|842386.00|2|1303023.00|4|0.00|0|0.00|0|0.00|0.00|0|0.00
EMPSHFT|1-Restaurante|1|1-Restaurante|22|Manuela|Manuela Valencia|40068|1| |0| |0|Bar_Lado|9|0|265384.00|0.00|0.00|26536.00|2|1|0.00|0|0.00|0|0.00|0|1200.00|1|0.00|0|0|0|13639.00|0|13639.00|1|0.00|0|0.00|0.00|0.00|0.00|0.00|0.00|21216.00|0.00|313136.00|313136.00|2|160939.00|1|0.00|0|0.00|0|0.00|0.00|0|0.00
EMPSHFT|1-Restaurante|1|1-Restaurante|22|Manuela|Manuela Valencia|40068|1| |0| |0|Bar_principal2|5|0|68520.00|0.00|0.00|6851.00|0|0|0.00|0|0.00|0|0.00|0|0.00|0|0.00|0|0|0|0.00|0|0.00|0|0.00|0|0.00|0.00|0.00|0.00|0.00|0.00|5480.00|0.00|80851.00|80851.00|0|0.00|0|0.00|0|0.00|0|0.00|0.00|0|0.00
EMPSHFT|1-Restaurante|1|1-Restaurante|22|Manuela|Manuela Valencia|40068|1| |0| |0|Cava|3|0|-281954.00|0.00|0.00|-28194.00|0|-2|0.00|0|-310148.00|6|0.00|0|0.00|0|0.00|0|0|0|0.00|0|0.00|0|0.00|0|5343194.00|0.00|0.00|0.00|0.00|0.00|-22546.00|-22546.00|0.00|-332687.00|0|7.00|3|0.00|0|0.00|0|7.00|0.00|0|0.00
EMPSHFT|1-Restaurante|1|1-Restaurante|22|Manuela|Manuela Valencia|40068|1| |0| |0|Musica|8|0|1697416.00|0.00|0.00|169737.00|3|3|0.00|0|0.00|0|0.00|0|194500.00|4|0.00|0|0|0|252864.00|0|252864.00|5|0.00|0|0.00|0.00|0.00|0.00|0.00|0.00|135784.00|0.00|2002937.00|2002937.00|5|2983864.00|5|0.00|0|0.00|0|0.00|0.00|0|0.00
EMPSHFT|1-Restaurante|1|1-Restaurante|22|Manuela|Manuela Valencia|40068|1| |0| |0|Cocina|12|0|17130.00|0.00|0.00|1713.00|0|0|0.00|0|0.00|0|0.00|0|0.00|0|0.00|0|0|0|0.00|0|0.00|0|0.00|0|0.00|0.00|0.00|0.00|0.00|0.00|1370.00|0.00|20213.00|20213.00|0|0.00|0|0.00|0|0.00|0|0.00|0.00|0|0.00
EMPSHFT|1-Restaurante|1|1-Restaurante|22|Manuela|Manuela Valencia|40068|1| |0| |0|Bar_Principal|4|0|16111.00|0.00|0.00|1612.00|0|0|0.00|0|0.00|0|0.00|0|0.00|0|0.00|0|0|0|0.00|0|0.00|0|0.00|0|0.00|0.00|0.00|0.00|0.00|0.00|1289.00|0.00|19012.00|19012.00|0|0.00|0|0.00|0|0.00|0|0.00|0.00|0|0.00
EMPSHFT|1-Restaurante|1|1-Restaurante|22|Manuela|Manuela Valencia|40068|1| |0| |0|Cafes_Esquina|11|0|2389100.00|0.00|0.00|238902.00|8|8|0.00|0|0.00|0|0.00|0|22500.00|2|0.00|0|0|0|219226.00|0|219226.00|7|0.00|0|0.00|0.00|0.00|0.00|0.00|0.00|191100.00|0.00|2819102.00|2819102.00|10|2586926.00|7|0.00|0|0.00|0|0.00|0.00|0|0.00
EMPSHFT|1-Restaurante|1|1-Restaurante|22|Cardona|AlexandraCardona|40071|1| |0| |0|Cafes_Esquina|11|0|3114178.00|0.00|0.00|311408.00|14|25|0.00|0|0.00|0|0.00|0|174900.00|5|0.00|0|0|0|242530.00|0|242530.00|13|0.00|0|0.00|0.00|0.00|0.00|0.00|0.00|249122.00|-1.00|3674709.00|3674708.00|15|2861930.00|14|0.00|0|0.00|0|0.00|0.00|0|0.00
EMPSHFT|1-Restaurante|1|1-Restaurante|22|Cardona|AlexandraCardona|40071|1| |0| |0|Cava|3|0|-615464.00|0.00|0.00|-61545.00|0|-2|0.00|0|-677009.00|11|0.00|0|0.00|0|0.00|0|0|0|0.00|0|0.00|0|0.00|0|5049088.00|0.00|0.00|0.00|0.00|0.00|-49236.00|-49236.00|0.00|-726246.00|0|-1.00|3|0.00|0|0.00|0|-1.00|0.00|0|0.00
EMPSHFT|1-Restaurante|1|1-Restaurante|22|Cardona|AlexandraCardona|40071|1| |0| |0|Cafes_Bar|15|0|105463.00|0.00|0.00|10547.00|2|2|0.00|0|0.00|0|0.00|0|52000.00|2|0.00|0|0|0|21018.00|0|21018.00|1|0.00|0|0.00|0.00|0.00|0.00|0.00|0.00|8437.00|0.00|124447.00|124447.00|2|248018.00|1|0.00|0|0.00|0|0.00|0.00|0|0.00
EMPSHFT|1-Restaurante|1|1-Restaurante|22|Cardona|AlexandraCardona|40071|1| |0| |0|Bar_principal2|5|0|3369814.00|0.00|0.00|336971.00|8|12|0.00|0|0.00|0|0.00|0|431300.00|10|0.00|0|0|0|102988.00|0|102988.00|6|0.00|0|0.00|0.00|0.00|0.00|0.00|0.00|269586.00|-1.00|3976372.00|3976371.00|8|1215288.00|6|0.00|0|0.00|0|0.00|0.00|0|0.00
EMPSHFT|1-Restaurante|1|1-Restaurante|22|Cardona|AlexandraCardona|40071|1| |0| |0|CAPS_Almacen|1|0|-147222.00|0.00|0.00|-14722.00|0|-1|0.00|0|-161944.00|8|0.00|0|0.00|0|0.00|0|0|0|0.00|0|0.00|0|0.00|0|266134.00|0.00|0.00|0.00|0.00|0.00|-11778.00|-11778.00|0.00|-173726.00|0|-4.00|1|0.00|0|0.00|0|-4.00|0.00|0|0.00
EMPSHFT|1-Restaurante|1|1-Restaurante|22|Cardona|AlexandraCardona|40071|1| |0| |0|Bar_Lado|9|0|959911.00|0.00|0.00|95989.00|5|6|0.00|0|-169076.00|10|0.00|0|229900.00|7|0.00|0|0|0|116497.00|0|116497.00|5|0.00|0|0.00|0.00|0.00|0.00|0.00|0.00|76789.00|-12294.00|1314059.00|1132689.00|10|1374697.00|5|0.00|0|0.00|0|0.00|0.00|0|0.00
EMPSHFT|1-Restaurante|1|1-Restaurante|22|Cordoba|David Cordoba|40094|1| |0| |0|Cafes_Esquina|11|0|4223928.00|0.00|0.00|419312.00|16|17|0.00|0|0.00|0|0.00|0|249000.00|4|0.00|0|0|0|475683.00|0|475683.00|17|0.00|0|0.00|0.00|0.00|0.00|0.00|0.00|341272.00|0.00|4984512.00|4984512.00|23|5649683.00|18|0.00|0|0.00|0|0.00|0.00|0|0.00
EMPSHFT|1-Restaurante|1|1-Restaurante|22|Cordoba|David Cordoba|40094|1| |0| |0|Bar_Lado|9|0|1035929.00|0.00|0.00|103589.00|4|4|0.00|0|0.00|0|0.00|0|228500.00|4|0.00|0|0|0|127849.00|0|127849.00|4|0.00|0|0.00|0.00|0.00|0.00|0.00|0.00|82871.00|-1.00|1222390.00|1222389.00|7|1508649.00|4|0.00|0|0.00|0|0.00|0.00|0|0.00
EMPSHFT|1-Restaurante|1|1-Restaurante|22|Cordoba|David Cordoba|40094|1| |0| |0|Bar_Principal|4|0|17130.00|0.00|0.00|1713.00|1|1|0.00|0|0.00|0|0.00|0|0.00|0|0.00|0|0|0|0.00|0|0.00|0|0.00|0|0.00|0.00|0.00|0.00|0.00|0.00|1370.00|0.00|20213.00|20213.00|1|0.00|0|0.00|0|0.00|0|0.00|0.00|0|0.00
EMPSHFT|1-Restaurante|1|1-Restaurante|22|Cordoba|David Cordoba|40094|1| |0| |0|Bar_principal2|5|0|2613247.00|0.00|0.00|261318.00|3|3|0.00|0|0.00|0|0.00|0|335500.00|4|0.00|0|0|0|88424.00|0|88424.00|3|0.00|0|0.00|0.00|0.00|0.00|0.00|0.00|209053.00|0.00|3083618.00|3083618.00|3|1043424.00|3|0.00|0|0.00|0|0.00|0.00|0|0.00
EMPSHFT|1-Restaurante|1|1-Restaurante|22|Cordoba|David Cordoba|40094|1| |0| |0|CAPS_Almacen|1|1|0.00|0.00|0.00|0.00|0|0|0.00|0|0.00|0|0.00|0|0.00|0|0.00|0|0|0|0.00|0|0.00|0|0.00|0|328369.00|0.00|0.00|0.00|0.00|0.00|0.00|0.00|0.00|0.00|0|0.00|0|0.00|0|0.00|0|0.00|0.00|0|0.00
EMPSHFT|1-Restaurante|1|1-Restaurante|22|Cordoba|David Cordoba|40094|1| |0| |0|Cava|3|0|0.00|0.00|0.00|0.00|0|0|0.00|0|0.00|0|0.00|0|0.00|0|0.00|0|0|0|0.00|0|0.00|0|0.00|0|9377007.00|0.00|0.00|0.00|0.00|0.00|0.00|0.00|0.00|-9.00|0|-9.00|1|0.00|0|0.00|0|-9.00|0.00|0|0.00
EMPSHFT|1-Restaurante|1|1-Restaurante|22|Cordoba|David Cordoba|40094|1| |0| |0|Cafes_Bar|15|0|356852.00|0.00|0.00|35685.00|2|2|0.00|0|0.00|0|0.00|0|35500.00|1|0.00|0|0|0|187541.00|0|187541.00|5|0.00|0|0.00|0.00|0.00|0.00|0.00|0.00|28548.00|0.00|421085.00|421085.00|2|2213041.00|5|0.00|0|0.00|0|0.00|0.00|0|0.00
EMPSHFT|1-Restaurante|1|1-Restaurante|22|Oniel|Oniel Escalona|40105|1| |0| |0|Bar_Lado|9|0|1341671.00|0.00|0.00|134163.00|5|8|0.00|0|0.00|0|0.00|0|31200.00|3|0.00|0|0|0|11231.00|0|11231.00|1|0.00|0|0.00|0.00|0.00|0.00|0.00|0.00|107329.00|0.00|1583163.00|1583163.00|5|132531.00|1|0.00|0|0.00|0|0.00|0.00|0|0.00
EMPSHFT|1-Restaurante|1|1-Restaurante|22|Oniel|Oniel Escalona|40105|1| |0| |0|Musica|8|0|326854.00|0.00|0.00|32684.00|1|2|0.00|0|0.00|0|0.00|0|0.00|0|0.00|0|0|0|0.00|0|0.00|0|0.00|0|0.00|0.00|0.00|0.00|0.00|0.00|26146.00|0.00|385684.00|385684.00|1|0.00|0|0.00|0|0.00|0|0.00|0.00|0|0.00
EMPSHFT|1-Restaurante|1|1-Restaurante|22|Oniel|Oniel Escalona|40105|1| |0| |0|Cafes_Bar|15|0|1716856.00|0.00|0.00|171680.00|7|9|0.00|0|0.00|0|0.00|0|0.00|0|0.00|0|0|0|65619.00|0|65619.00|1|0.00|0|0.00|0.00|0.00|0.00|0.00|0.00|137344.00|0.00|2025880.00|2025880.00|8|774319.00|1|0.00|0|0.00|0|0.00|0.00|0|0.00
EMPSHFT|1-Restaurante|1|1-Restaurante|22|Oniel|Oniel Escalona|40105|1| |0| |0|Bar_principal2|5|0|373890.00|0.00|0.00|37389.00|1|2|0.00|0|0.00|0|0.00|0|96500.00|1|0.00|0|0|0|148255.00|0|148255.00|5|0.00|0|0.00|0.00|0.00|0.00|0.00|0.00|29910.00|0.00|441189.00|441189.00|1|1749455.00|5|0.00|0|0.00|0|0.00|0.00|0|0.00
EMPSHFT|1-Restaurante|1|1-Restaurante|22|Oniel|Oniel Escalona|40105|1| |0| |0|CAPS_Almacen|1|0|-73611.00|0.00|0.00|-7361.00|0|-1|0.00|0|-80972.00|5|0.00|0|0.00|0|0.00|0|0|0|0.00|0|0.00|0|0.00|0|0.00|0.00|0.00|0.00|0.00|0.00|-5889.00|-5889.00|0.00|-86861.00|0|0.00|1|0.00|0|0.00|0|0.00|0.00|0|0.00
EMPSHFT|1-Restaurante|1|1-Restaurante|22|Oniel|Oniel Escalona|40105|1| |0| |0|Bar_Principal|4|0|1220835.00|0.00|0.00|122079.00|1|2|0.00|0|0.00|0|0.00|0|600.00|1|0.00|0|0|0|0.00|0|0.00|0|0.00|0|0.00|0.00|0.00|0.00|0.00|0.00|97665.00|0.00|1440579.00|1440579.00|1|0.00|0|0.00|0|0.00|0|0.00|0.00|0|0.00
EMPSHFT|1-Restaurante|1|1-Restaurante|22|Oniel|Oniel Escalona|40105|1| |0| |0|Cafes_Esquina|11|0|2558156.00|0.00|0.00|255808.00|9|16|0.00|0|0.00|0|0.00|0|91000.00|2|0.00|0|0|0|387767.00|0|387767.00|8|0.00|0|0.00|0.00|0.00|0.00|0.00|0.00|204644.00|0.00|3018608.00|3018608.00|9|4575767.00|8|0.00|0|0.00|0|0.00|0.00|0|0.00
EMPSHFT|1-Restaurante|1|1-Restaurante|22|Oniel|Oniel Escalona|40105|1| |0| |0|Cava|3|0|0.00|0.00|0.00|-63637.00|0|0|0.00|0|0.00|0|0.00|0|0.00|0|0.00|0|0|0|0.00|0|0.00|0|0.00|0|7378173.00|0.00|0.00|0.00|0.00|0.00|0.00|-63637.00|0.00|-63634.00|0|687303.00|5|0.00|0|0.00|0|3.00|0.00|0|0.00
EMPSHFT|1-Restaurante|1|1-Restaurante|22|LIBARDO|LIBARDO MONTOYA|40127|1| |0| |0|Cava|3|0|243056.00|0.00|0.00|0.00|1|1|0.00|0|0.00|0|0.00|0|0.00|0|0.00|0|0|0|0.00|0|0.00|0|0.00|0|243056.00|0.00|0.00|0.00|0.00|0.00|19444.00|-24305.00|286805.00|262500.00|1|262500.00|1|0.00|0|0.00|0|0.00|0.00|0|0.00
EMPSHFT|1-Restaurante|1|1-Restaurante|22|LIBARDO|LIBARDO MONTOYA|40127|1| |0| |0|Bar_Principal|4|0|17130.00|0.00|0.00|1713.00|1|1|0.00|0|0.00|0|0.00|0|0.00|0|0.00|0|0|0|0.00|0|0.00|0|0.00|0|0.00|0.00|0.00|0.00|0.00|0.00|1370.00|0.00|20213.00|20213.00|1|0.00|0|0.00|0|0.00|0|0.00|0.00|0|0.00
EMPTM|2-Almacen|2|2-Almacen|2|Anny|Arroyo|30004|Contado|102|Contado|102|Payment|0.00|0
EMPTM|1-Restaurante|1|1-Restaurante|22|Guillermo|Falla Guillermo|30006|Contado|102|Contado|102|Payment|0.00|0
EMPTM|1-Restaurante|1|1-Restaurante|22|Susana|Maldonado Susana|40011|Contado|102|Contado|102|Payment|0.00|0
EMPTM|1-Restaurante|1|1-Restaurante|22|Manuela|Escobar Manuela|40020|Contado|102|Contado|102|Payment|0.00|0
EMPTM|1-Restaurante|1|1-Restaurante|22|laura|Laura triana|40031|Contado|102|Contado|102|Payment|0.00|0
EMPTM|2-Almacen|2|2-Almacen|2|Federico|MARIN|40032|Contado|102|Contado|102|Payment|0.00|0
EMPTM|1-Restaurante|1|1-Restaurante|22|Paulina|Cordoba Paulina|40026|Contado|102|Contado|102|Payment|0.00|0
EMPTM|1-Restaurante|1|1-Restaurante|22|Carlos|Osorio Carlos|11|Contado|102|Contado|102|Payment|0.00|0
EMPTM|1-Restaurante|1|1-Restaurante|22|SARAH|SARAH VILLALBA|40053|Contado|102|Contado|102|Payment|0.00|0
EMPTM|1-Restaurante|1|1-Restaurante|22|Ibarra|Alison Ibarra|40054|Contado|102|Contado|102|Payment|0.00|0
EMPTM|1-Restaurante|1|1-Restaurante|22|chaux|Dayana montiel|40057|Contado|102|Contado|102|Payment|0.00|0
EMPTM|1-Restaurante|1|1-Restaurante|22|Gallego|Valerin Gallego|40065|Contado|102|Contado|102|Payment|0.00|0
EMPTM|1-Restaurante|1|1-Restaurante|22|Manuela|Manuela Valencia|40068|Contado|102|Contado|102|Payment|0.00|0
EMPTM|1-Restaurante|1|1-Restaurante|22|Cardona|AlexandraCardona|40071|Contado|102|Contado|102|Payment|0.00|0
EMPTM|1-Restaurante|1|1-Restaurante|22|Cordoba|David Cordoba|40094|Contado|102|Contado|102|Payment|0.00|0
EMPTM|1-Restaurante|1|1-Restaurante|22|Oniel|Oniel Escalona|40105|Contado|102|Contado|102|Payment|0.00|0
EMPTM|1-Restaurante|1|1-Restaurante|22|John Esteban|Mesa Correa|24|Visa |204|Visa |204|Payment|25142040.00|95
EMPTM|2-Almacen|2|2-Almacen|2|John Esteban|Mesa Correa|24|Visa |204|Visa |204|Payment|46000.00|1
EMPTM|1-Restaurante|1|1-Restaurante|22|John Esteban|Mesa Correa|24|Efectivo |101|Efectivo |101|Payment|6627935.00|69
EMPTM|2-Almacen|2|2-Almacen|2|John Esteban|Mesa Correa|24|Efectivo |101|Efectivo |101|Payment|124000.00|8
EMPTM|1-Restaurante|1|1-Restaurante|22|John Esteban|Mesa Correa|24|American Express|201|American Express|201|Payment|5865978.00|12
EMPTM|1-Restaurante|1|1-Restaurante|22|John Esteban|Mesa Correa|24|Master Card|202|Master Card|202|Payment|27436171.00|75
EMPTM|2-Almacen|2|2-Almacen|2|John Esteban|Mesa Correa|24|Master Card|202|Master Card|202|Payment|484000.00|4
EMPTM|1-Restaurante|1|1-Restaurante|22|John Esteban|Mesa Correa|24|Diners|203|Diners|203|Payment|800650.00|2
EMPTM|1-Restaurante|1|1-Restaurante|22|John Esteban|Mesa Correa|24|Contado|102|Contado|102|Payment|0.00|0
EMPTM|Domicilios|20|Domicilios|20|John Esteban|Mesa Correa|24|Cxc Rappi|210|Cxc Rappi|210|Payment|904600.00|14
EMPTM|1-Restaurante|1|1-Restaurante|22|LIBARDO|LIBARDO MONTOYA|40127|Contado|102|Contado|102|Payment|0.00|0
EMPOTSLS|2-Almacen|2|2-Almacen|2|Federico|MARIN|40032|Para Aqui|1|Para Aqui/123|0|1|2|0|0|234453.00|0.00|0.00|0|0.00|0|0.00|0.00|0|0.00|0|0.00|0|0.00|0|0.00|0|0.00|0|0.00|0|0.00|0|0.00|0.00|234453.00
EMPOTSLS|1-Restaurante|1|1-Restaurante|22|Cordoba|David Cordoba|40094|Para Aqui|1|Para Aqui/123|0|26|27|0|0|8247086.00|0.00|0.00|0|0.00|0|0.00|0.00|0|0.00|0|0.00|0|0.00|0|0.00|0|0.00|0|0.00|0|0.00|0|0.00|0.00|8247086.00
EMPOTSLS|1-Restaurante|1|1-Restaurante|22|LIBARDO|LIBARDO MONTOYA|40127|Para Aqui|1|Para Aqui/123|0|2|2|0|0|260186.00|0.00|0.00|0|0.00|0|0.00|0.00|0|0.00|0|0.00|0|0.00|0|0.00|0|0.00|0|0.00|0|0.00|0|0.00|0.00|260186.00
EMPOTSLS|Domicilios|20|Domicilios|20|John Esteban|Mesa Correa|24|Para Llevar|2|Para Llevar/123|0|14|0|0|0|837598.00|0.00|0.00|0|0.00|0|0.00|0.00|0|0.00|0|0.00|0|0.00|0|0.00|0|0.00|0|0.00|0|0.00|0|0.00|0.00|837598.00
EMPOTSLS|1-Restaurante|1|1-Restaurante|22|Guillermo|Falla Guillermo|30006|Para Aqui|1|Para Aqui/123|0|13|18|0|0|2769170.00|0.00|0.00|0|0.00|0|0.00|0.00|0|0.00|0|0.00|0|0.00|0|0.00|0|0.00|0|0.00|0|0.00|0|0.00|0.00|2769170.00
EMPOTSLS|1-Restaurante|1|1-Restaurante|22|Carlos|Osorio Carlos|11|Para Aqui|1|Para Aqui/123|0|1|1|0|0|321670.00|0.00|0.00|0|0.00|0|0.00|0.00|0|0.00|0|0.00|0|0.00|0|0.00|0|0.00|0|0.00|0|0.00|0|0.00|0.00|321670.00
EMPOTSLS|1-Restaurante|1|1-Restaurante|22|Manuela|Escobar Manuela|40020|Para Aqui|1|Para Aqui/123|0|4|3|0|0|636254.00|0.00|0.00|0|0.00|0|0.00|0.00|0|0.00|0|0.00|0|0.00|0|0.00|0|0.00|0|0.00|0|0.00|0|0.00|0.00|636254.00
EMPOTSLS|1-Restaurante|1|1-Restaurante|22|Oniel|Oniel Escalona|40105|Para Aqui|1|Para Aqui/123|0|24|38|0|0|7464651.00|0.00|0.00|0|0.00|0|0.00|0.00|0|0.00|0|0.00|0|0.00|0|0.00|0|0.00|0|0.00|0|0.00|0|0.00|0.00|7464651.00
EMPOTSLS|1-Restaurante|1|1-Restaurante|22|Ibarra|Alison Ibarra|40054|Para Aqui|1|Para Aqui/123|0|19|27|0|0|3311860.00|0.00|0.00|0|0.00|0|0.00|0.00|0|0.00|0|0.00|0|0.00|0|0.00|0|0.00|0|0.00|0|0.00|0|0.00|0.00|3311860.00
EMPOTSLS|2-Almacen|2|2-Almacen|2|Anny|Arroyo|30004|Para Aqui|1|Para Aqui/123|0|10|10|0|0|315122.00|0.00|0.00|0|0.00|0|0.00|0.00|0|0.00|0|0.00|0|0.00|0|0.00|0|0.00|0|0.00|0|0.00|0|0.00|0.00|315122.00
EMPOTSLS|1-Restaurante|1|1-Restaurante|22|Paulina|Cordoba Paulina|40026|Para Aqui|1|Para Aqui/123|0|20|23|0|0|5159501.00|0.00|0.00|0|0.00|0|0.00|0.00|0|0.00|0|0.00|0|0.00|0|0.00|0|0.00|0|0.00|0|0.00|0|0.00|0.00|5159501.00
EMPOTSLS|1-Restaurante|1|1-Restaurante|22|laura|Laura triana|40031|Para Aqui|1|Para Aqui/123|0|16|25|0|0|6148973.00|0.00|0.00|0|0.00|0|0.00|0.00|0|0.00|0|0.00|0|0.00|0|0.00|0|0.00|0|0.00|0|0.00|0|0.00|0.00|6148973.00
EMPOTSLS|1-Restaurante|1|1-Restaurante|22|SARAH|SARAH VILLALBA|40053|Para Aqui|1|Para Aqui/123|0|10|18|0|0|2395375.00|0.00|0.00|0|0.00|0|0.00|0.00|0|0.00|0|0.00|0|0.00|0|0.00|0|0.00|0|0.00|0|0.00|0|0.00|0.00|2395375.00
EMPOTSLS|1-Restaurante|1|1-Restaurante|22|chaux|Dayana montiel|40057|Para Llevar|2|Para Llevar/123|0|2|1|0|0|145743.00|0.00|0.00|0|0.00|0|0.00|0.00|0|0.00|0|0.00|0|0.00|0|0.00|0|0.00|0|0.00|0|0.00|0|0.00|0.00|145743.00
EMPOTSLS|1-Restaurante|1|1-Restaurante|22|chaux|Dayana montiel|40057|Para Aqui|1|Para Aqui/123|0|25|55|0|0|6029464.00|0.00|0.00|0|0.00|0|0.00|0.00|0|0.00|0|0.00|0|0.00|0|0.00|0|0.00|0|0.00|0|0.00|0|0.00|0.00|6029464.00
EMPOTSLS|1-Restaurante|1|1-Restaurante|22|Gallego|Valerin Gallego|40065|Para Aqui|1|Para Aqui/123|0|8|24|0|0|2049731.00|0.00|0.00|0|0.00|0|0.00|0.00|0|0.00|0|0.00|0|0.00|0|0.00|0|0.00|0|0.00|0|0.00|0|0.00|0.00|2049731.00
EMPOTSLS|1-Restaurante|1|1-Restaurante|22|Manuela|Manuela Valencia|40068|Para Aqui|1|Para Aqui/123|0|13|10|0|0|4171707.00|0.00|0.00|0|0.00|0|0.00|0.00|0|0.00|0|0.00|0|0.00|0|0.00|0|0.00|0|0.00|0|0.00|0|0.00|0.00|4171707.00
EMPOTSLS|1-Restaurante|1|1-Restaurante|22|Cardona|AlexandraCardona|40071|Para Aqui|1|Para Aqui/123|0|29|42|0|0|6786680.00|0.00|0.00|0|0.00|0|0.00|0.00|0|0.00|0|0.00|0|0.00|0|0.00|0|0.00|0|0.00|0|0.00|0|0.00|0.00|6786680.00
