EMPID|CTG|Andres Cartagena|20241130|20241130|20250101|122321|2.00|2.00|Simphony|19.7.2
EMP|1 Restaurante|1|1-Restaurante|22|Marilin Paola|Zabaleta Cuellar|606630003|29|81|0|0|11864069.00|1155993.00|-75984.00|7|0.00|0|-25512.00|-8.00|1246400.00|16|0.00|0|0.00|1|15274223.00|47|15850386.00|28|0.00|0|0.00|0|0.00|1200656.00|0.00|0|11864069.00|0.00|0.00|11864069.00
EMP|1 Restaurante|1|1-Restaurante|22|Gleiner|Montiel Rocha|606630008|22|81|0|0|19924046.00|699608.00|-277126.00|2|0.00|0|-864661.00|6.00|10683500.00|24|0.00|0|16694.00|2|24409220.00|40|45639028.00|24|0.00|0|0.00|0|0.00|2345316.00|0.00|0|19924046.00|0.00|0.00|19924046.00
EMP|3 Eventos|3|3-Eventos|23|Yasser Enrique|Ortiz Pacheco|606680002|1|2|0|0|11492731.00|1149261.00|0.00|0|0.00|0|0.00|0.00|53400.00|1|0.00|0|0.00|1|14825561.00|1|14825561.00|1|0.00|0|0.00|0|0.00|1149261.00|0.00|0|11492731.00|0.00|0.00|11492731.00
EMP|1 Restaurante|1|1-Restaurante|22|Yasser Enrique|Ortiz Pacheco|606680002|0|0|0|0|0.00|0.00|0.00|0|0.00|0|0.00|0.00|0.00|0|0.00|0|0.00|0|0.00|2|0.00|2|0.00|0|0.00|0|0.00|0.00|0.00|0|0.00|0.00|0.00|0.00
EMP|3 Eventos|3|3-Eventos|23|Juliander Alexander |Lara Muñoz|606630012|0|0|0|0|0.00|0.00|0.00|0|0.00|0|0.00|0.00|0.00|0|0.00|0|28134342.00|2|0.00|0|0.00|0|0.00|0|0.00|0|0.00|0.00|0.00|0|0.00|0.00|0.00|0.00
EMP|1 Restaurante|1|1-Restaurante|22|Juliander Alexander |Lara Muñoz|606630012|5|22|0|0|9921836.00|739843.00|0.00|0|0.00|0|0.00|-6.00|837400.00|9|0.00|0|0.00|0|12546889.00|6|12546889.00|5|0.00|0|0.00|0|0.00|739843.00|0.00|0|9921836.00|0.00|0.00|9921836.00
EMP|1 Restaurante|1|1-Restaurante|22|Rosmar|Arevalo|606680003|3|2|0|0|126052.00|10016.00|0.00|0|0.00|0|0.00|0.00|0.00|0|0.00|0|0.00|2|160018.00|3|10018.00|2|0.00|0|0.00|0|0.00|10016.00|0.00|0|126052.00|0.00|0.00|126052.00
EMP|1 Restaurante|1|1-Restaurante|22|María Isabel|Chica Medina|606630018|12|85|0|0|4610088.00|461003.00|-22924.00|2|0.00|0|-3960.00|-3.00|435100.00|14|0.00|0|0.00|0|5947000.00|20|2342266.00|12|0.00|0|0.00|0|0.00|181569.00|0.00|0|4610088.00|0.00|0.00|4610088.00
EMP|1 Restaurante|1|1-Restaurante|22|Moises|Cotes|606630037|16|55|0|0|6064613.00|579257.00|0.00|0|0.00|0|-27201.00|0.00|191300.00|8|0.00|0|0.00|0|7796157.00|24|7647753.00|14|0.00|0|0.00|0|0.00|567753.00|0.00|0|6064613.00|0.00|0.00|6064613.00
EMP|1 Restaurante|1|1-Restaurante|22|Karem|Lopez|606630046|4|10|0|0|69749.00|6974.00|0.00|0|0.00|0|0.00|0.00|0.00|0|0.00|0|0.00|0|89974.00|5|63090.00|3|0.00|0|0.00|0|0.00|4890.00|0.00|0|69749.00|0.00|0.00|69749.00
EMP|1 Restaurante|1|1-Restaurante|22|Pedro|Carrero|606630050|2|2|0|0|386389.00|0.00|-17933.00|3|0.00|0|-41735.00|0.00|0.00|0|0.00|0|0.00|0|459800.00|2|459800.00|1|0.00|0|0.00|0|0.00|0.00|0.00|0|386389.00|0.00|0.00|386389.00
EMP|1 Restaurante|1|1-Restaurante|22|Evelyn|Genes|606630056|4|5|0|0|46135.00|4614.00|0.00|0|0.00|0|0.00|-2.00|0.00|0|0.00|0|0.00|0|59512.00|4|59512.00|4|0.00|0|0.00|0|0.00|4614.00|0.00|0|46135.00|0.00|0.00|46135.00
EMP|1 Restaurante|1|1-Restaurante|22|Jhonatan|Gutierrez|606630059|29|55|0|0|8535124.00|853507.00|-645396.00|18|0.00|0|-111476.00|1.00|931900.00|16|0.00|0|24391.00|1|11010308.00|36|11543870.00|29|0.00|0|0.00|0|0.00|894869.00|0.00|0|8535124.00|0.00|0.00|8535124.00
EMP|1 Restaurante|1|1-Restaurante|22|Winder|Castaño|606630063|3|6|0|0|54118.00|5412.00|0.00|0|0.00|0|0.00|0.00|0.00|0|0.00|0|0.00|0|69812.00|4|69812.00|3|0.00|0|0.00|0|0.00|5412.00|0.00|0|54118.00|0.00|0.00|54118.00
EMP|1 Restaurante|1|1-Restaurante|22|Esther|Gonzalez|606630064|4|9|0|0|262435.00|26243.00|0.00|0|0.00|0|0.00|-1.00|0.00|0|0.00|0|0.00|0|338542.00|6|361740.00|4|0.00|0|0.00|0|0.00|28041.00|0.00|0|262435.00|0.00|0.00|262435.00
EMP|1 Restaurante|1|1-Restaurante|22|Alvaro|Viloria|606630065|16|55|0|0|8377350.00|796479.00|0.00|0|0.00|0|0.00|-5.00|1539900.00|14|0.00|0|18320.00|3|10765538.00|23|10566726.00|16|0.00|0|0.00|0|0.00|781067.00|0.00|0|8377350.00|0.00|0.00|8377350.00
EMP|1 Restaurante|1|1-Restaurante|22|Viviana|Maldonado M.|606670017|4|9|0|0|509322.00|50932.00|0.00|0|0.00|0|-1134.00|-4.00|0.00|0|0.00|0|0.00|0|659228.00|4|636030.00|2|0.00|0|0.00|0|0.00|49134.00|0.00|0|520667.00|-11345.00|-11345.00|509322.00
EMP|1 Restaurante|1|1-Restaurante|22|Camilo|Tangarife|606670018|5|4|0|0|1166639.00|116664.00|-22370.00|4|0.00|0|-3864.00|-5.00|0.00|0|0.00|0|0.00|0|1504959.00|6|70783.00|4|0.00|0|0.00|0|0.00|5488.00|0.00|0|1166639.00|0.00|0.00|1166639.00
EMP|1 Restaurante|1|1-Restaurante|22|Valentina|Rodriguez|606630077|27|62|0|0|14839266.00|1483913.00|-197445.00|7|0.00|0|-34104.00|-11.00|428300.00|11|0.00|0|1072758.00|3|19142602.00|32|2688934.00|15|0.00|0|0.00|0|0.00|208445.00|0.00|0|14839266.00|0.00|0.00|14839266.00
EMP|1 Restaurante|1|1-Restaurante|22|Hector|Diaz|606680011|35|0|0|0|2344530.00|0.00|-403360.00|1|0.00|0|-76640.00|0.00|0.00|0|0.00|0|240000.00|2|2790000.00|35|2790000.00|35|0.00|0|0.00|0|0.00|0.00|0.00|0|2344530.00|0.00|0.00|2344530.00
EMP|1 Restaurante|1|1-Restaurante|22|Karem |Lopez |606650010|2|11|0|0|1224372.00|67436.00|0.00|0|0.00|0|0.00|0.00|0.00|0|0.00|0|0.00|0|1524436.00|3|1051581.00|2|0.00|0|0.00|0|0.00|30781.00|0.00|0|1224372.00|0.00|0.00|1224372.00
EMP|1 Restaurante|1|1-Restaurante|22|Jose|Cerchar Colon|302270005|10|4|0|0|478990.00|0.00|0.00|0|0.00|0|0.00|0.00|30000.00|1|0.00|0|120000.00|1|570000.00|10|720000.00|11|0.00|0|0.00|0|0.00|0.00|0.00|0|478990.00|0.00|0.00|478990.00
EMP|1 Restaurante|1|1-Restaurante|22|Leonardo de Jesus|Avila Perez|112|3|6|0|0|86638.00|8663.00|0.00|0|0.00|0|0.00|3.00|0.00|0|0.00|0|0.00|0|111766.00|3|111766.00|3|0.00|0|0.00|0|0.00|8663.00|0.00|0|86638.00|0.00|0.00|86638.00
EMPSHFT|1 Restaurante|1|1-Restaurante|22|Leonardo de Jesus|Avila Perez|112|1| |0| |0|CAJA 2|7|0|0.00|0.00|0.00|0.00|0|0|0.00|0|0.00|0|0.00|0|0.00|0|0.00|0|0|0|0.00|0|0.00|0|0.00|0|95304.00|0.00|0.00|0.00|0.00|0.00|0.00|0.00|0.00|3.00|0|3.00|0|0.00|0|0.00|0|3.00|0.00|0|0.00
EMPSHFT|1 Restaurante|1|1-Restaurante|22|Leonardo de Jesus|Avila Perez|112|1| |0| |0|CAJA 1|6|0|81344.00|0.00|0.00|8134.00|2|4|0.00|0|0.00|0|0.00|0|0.00|0|0.00|0|0|0|8134.00|0|8134.00|2|0.00|0|0.00|0.00|0.00|0.00|0.00|0.00|15456.00|0.00|104934.00|104934.00|2|104934.00|2|0.00|0|0.00|0|0.00|0.00|0|0.00
EMPSHFT|1 Restaurante|1|1-Restaurante|22|Leonardo de Jesus|Avila Perez|112|1| |0| |0|CABINA DJ|4|0|5294.00|0.00|0.00|529.00|1|2|0.00|0|0.00|0|0.00|0|0.00|0|0.00|0|0|0|529.00|0|529.00|1|0.00|0|0.00|0.00|0.00|0.00|0.00|0.00|1006.00|0.00|6829.00|6829.00|1|6829.00|1|0.00|0|0.00|0|0.00|0.00|0|0.00
EMPSHFT|1 Restaurante|1|1-Restaurante|22|Jose|Cerchar Colon|302270005|1| |0| |0|PUERTO|9|0|0.00|0.00|0.00|0.00|0|0|0.00|0|0.00|0|0.00|0|0.00|0|0.00|0|0|0|0.00|0|0.00|0|0.00|0|302520.00|0.00|0.00|0.00|0.00|0.00|0.00|0.00|0.00|0.00|0|360000.00|5|0.00|0|0.00|0|0.00|0.00|0|0.00
EMPSHFT|1 Restaurante|1|1-Restaurante|22|Jose|Cerchar Colon|302270005|1| |0| |0|CAJA 1|6|0|252100.00|0.00|0.00|0.00|5|0|0.00|0|0.00|0|0.00|0|0.00|0|0.00|0|0|0|0.00|0|0.00|0|0.00|0|252100.00|0.00|0.00|0.00|0.00|0.00|47900.00|0.00|300000.00|300000.00|5|300000.00|5|0.00|0|0.00|0|0.00|0.00|0|0.00
EMPSHFT|1 Restaurante|1|1-Restaurante|22|Jose|Cerchar Colon|302270005|1| |0| |0|CABINA DJ|4|0|50420.00|0.00|0.00|0.00|1|0|0.00|0|0.00|0|0.00|0|0.00|0|0.00|0|0|0|0.00|0|0.00|0|0.00|0|50420.00|0.00|0.00|0.00|0.00|0.00|9580.00|0.00|60000.00|60000.00|1|60000.00|1|0.00|0|0.00|0|0.00|0.00|0|0.00
EMPSHFT|1 Restaurante|1|1-Restaurante|22|Jose|Cerchar Colon|302270005|1| |0| |0|BAR_LADO|3|0|176470.00|0.00|0.00|0.00|4|4|0.00|0|0.00|0|0.00|0|30000.00|1|0.00|0|0|0|0.00|0|0.00|0|0.00|0|0.00|0.00|0.00|0.00|0.00|0.00|33530.00|0.00|210000.00|210000.00|4|0.00|0|0.00|0|0.00|0|0.00|0.00|0|0.00
EMPSHFT|1 Restaurante|1|1-Restaurante|22|Marilin Paola|Zabaleta Cuellar|606630003|1| |0| |0|CABINA DJ|4|0|193141.00|0.00|0.00|1294.00|0|0|0.00|0|0.00|0|0.00|0|0.00|0|0.00|0|0|0|0.00|0|0.00|0|0.00|0|0.00|0.00|0.00|0.00|0.00|0.00|36697.00|0.00|231132.00|231132.00|0|0.00|0|0.00|0|0.00|0|0.00|0.00|0|0.00
EMPSHFT|1 Restaurante|1|1-Restaurante|22|Marilin Paola|Zabaleta Cuellar|606630003|1| |0| |0|ALMACEN|2|0|288825.00|0.00|0.00|28882.00|2|7|0.00|0|0.00|0|0.00|0|32400.00|1|0.00|0|0|0|4891.00|0|4891.00|1|0.00|0|0.00|0.00|0.00|0.00|0.00|0.00|54875.00|0.00|372582.00|372582.00|2|63091.00|1|0.00|0|0.00|0|0.00|0.00|0|0.00
EMPSHFT|1 Restaurante|1|1-Restaurante|22|Marilin Paola|Zabaleta Cuellar|606630003|1| |0| |0|COCINA LADO|10|0|1585376.00|0.00|0.00|158536.00|3|5|0.00|0|-75984.00|7|0.00|0|0.00|0|0.00|0|0|0|174150.00|0|174150.00|5|0.00|0|0.00|0.00|0.00|0.00|0.00|0.00|301224.00|-13125.00|2134245.00|2045136.00|7|2246550.00|5|0.00|0|0.00|0|0.00|0.00|0|0.00
EMPSHFT|1 Restaurante|1|1-Restaurante|22|Marilin Paola|Zabaleta Cuellar|606630003|1| |0| |0|CAJA 2|7|0|0.00|0.00|0.00|-12386.00|0|0|0.00|0|0.00|0|0.00|0|0.00|0|0.00|0|0|0|220797.00|0|220797.00|1|0.00|0|12366249.00|0.00|0.00|0.00|0.00|0.00|0.00|-12386.00|0.00|-12394.00|0|3210127.00|2|0.00|0|0.00|0|-8.00|0.00|0|0.00
EMPSHFT|1 Restaurante|1|1-Restaurante|22|Marilin Paola|Zabaleta Cuellar|606630003|1| |0| |0|MARILYN|5|0|9749332.00|0.00|0.00|974928.00|23|68|0.00|0|0.00|0|0.00|0|1214000.00|15|0.00|0|0|0|796079.00|0|796079.00|19|0.00|0|0.00|0.00|0.00|0.00|0.00|0.00|1852368.00|-1.00|12576629.00|12576628.00|37|10269479.00|19|0.00|0|0.00|0|0.00|0.00|0|0.00
EMPSHFT|1 Restaurante|1|1-Restaurante|22|Marilin Paola|Zabaleta Cuellar|606630003|1| |0| |0|CAJA 1|6|0|47395.00|0.00|0.00|4739.00|1|1|0.00|0|0.00|0|0.00|0|0.00|0|0.00|0|0|0|4739.00|0|4739.00|1|0.00|0|0.00|0.00|0.00|0.00|0.00|0.00|9005.00|0.00|61139.00|61139.00|1|61139.00|1|0.00|0|0.00|0|0.00|0.00|0|0.00
EMPSHFT|1 Restaurante|1|1-Restaurante|22|Gleiner|Montiel Rocha|606630008|1| |0| |0|CAJA 1|6|0|5838059.00|0.00|0.00|583802.00|7|15|0.00|0|0.00|0|0.00|0|1778000.00|10|0.00|0|0|0|283509.00|0|283509.00|12|0.00|0|0.00|0.00|0.00|0.00|0.00|0.00|1109241.00|0.00|7531102.00|7531102.00|15|3657309.00|12|0.00|0|0.00|0|0.00|0.00|0|0.00
EMPSHFT|1 Restaurante|1|1-Restaurante|22|Gleiner|Montiel Rocha|606630008|1| |0| |0|BAR_LADO|3|0|3070432.00|0.00|0.00|307040.00|1|2|0.00|0|0.00|0|0.00|0|7760000.00|1|0.00|0|0|0|0.00|0|0.00|0|0.00|0|0.00|0.00|0.00|0.00|0.00|0.00|583368.00|0.00|3960840.00|3960840.00|1|0.00|0|0.00|0|0.00|0|0.00|0.00|0|0.00
EMPSHFT|1 Restaurante|1|1-Restaurante|22|Gleiner|Montiel Rocha|606630008|1| |0| |0|MARILYN|5|0|4659080.00|0.00|0.00|0.00|0|0|0.00|0|0.00|0|0.00|0|0.00|0|0.00|0|0|0|0.00|0|0.00|0|0.00|0|0.00|0.00|0.00|0.00|0.00|0.00|885226.00|0.00|5544306.00|5544306.00|0|0.00|0|0.00|0|0.00|0|0.00|0.00|0|0.00
EMPSHFT|1 Restaurante|1|1-Restaurante|22|Gleiner|Montiel Rocha|606630008|1| |0| |0|CAPS|1|0|0.00|0.00|0.00|0.00|0|0|0.00|0|0.00|0|0.00|0|0.00|0|0.00|0|0|0|0.00|0|0.00|0|0.00|0|185243.00|0.00|0.00|0.00|0.00|0.00|0.00|0.00|0.00|0.00|0|0.00|0|0.00|0|0.00|0|0.00|0.00|0|0.00
EMPSHFT|1 Restaurante|1|1-Restaurante|22|Gleiner|Montiel Rocha|606630008|1| |0| |0|ALMACEN|2|0|311178.00|0.00|0.00|31117.00|2|0|0.00|0|0.00|0|0.00|0|0.00|0|0.00|0|0|0|0.00|0|0.00|0|0.00|0|0.00|0.00|0.00|0.00|0.00|0.00|59122.00|0.00|401417.00|401417.00|2|0.00|0|0.00|0|0.00|0|0.00|0.00|0|0.00
EMPSHFT|1 Restaurante|1|1-Restaurante|22|Gleiner|Montiel Rocha|606630008|1| |0| |0|COCINA LADO|10|0|-210924.00|0.00|0.00|-21092.00|0|-1|0.00|0|-277126.00|2|0.00|0|0.00|1|0.00|0|0|0|26739.00|0|26739.00|1|0.00|0|0.00|0.00|0.00|0.00|0.00|0.00|-40076.00|-47867.00|52901.00|-272092.00|0|344939.00|1|0.00|0|0.00|0|0.00|0.00|0|0.00
EMPSHFT|1 Restaurante|1|1-Restaurante|22|Gleiner|Montiel Rocha|606630008|1| |0| |0|CABINA DJ|4|0|6256221.00|0.00|0.00|615534.00|12|65|0.00|0|0.00|0|0.00|0|1145500.00|12|0.00|0|0|0|197418.00|0|197418.00|9|0.00|0|0.00|0.00|0.00|0.00|0.00|0.00|1188679.00|-1.00|8060435.00|8060434.00|22|2546718.00|9|0.00|0|0.00|0|0.00|0.00|0|0.00
EMPSHFT|1 Restaurante|1|1-Restaurante|22|Gleiner|Montiel Rocha|606630008|1| |0| |0|CAJA 2|7|0|0.00|0.00|0.00|-816793.00|0|0|0.00|0|0.00|0|0.00|0|0.00|0|0.00|0|0|0|1837650.00|0|1837650.00|1|0.00|0|5717978.00|0.00|0.00|0.00|0.00|0.00|0.00|-816793.00|0.00|-816787.00|0|39090062.00|2|0.00|0|0.00|0|6.00|0.00|0|0.00
EMPSHFT|1 Restaurante|1|1-Restaurante|22|Juliander Alexander |Lara Muñoz|606630012|1| |0| |0|CAJA 1|6|0|2969063.00|0.00|0.00|296905.00|3|12|0.00|0|0.00|0|0.00|0|773000.00|6|0.00|0|0|0|18924.00|0|18924.00|3|0.00|0|0.00|0.00|0.00|0.00|0.00|0.00|564137.00|0.00|3830105.00|3830105.00|3|244124.00|3|0.00|0|0.00|0|0.00|0.00|0|0.00
EMPSHFT|1 Restaurante|1|1-Restaurante|22|Juliander Alexander |Lara Muñoz|606630012|1| |0| |0|CABINA DJ|4|0|2686093.00|0.00|0.00|16269.00|0|0|0.00|0|0.00|0|0.00|0|0.00|0|0.00|0|0|0|0.00|0|0.00|0|0.00|0|0.00|0.00|0.00|0.00|0.00|0.00|510359.00|0.00|3212721.00|3212721.00|0|0.00|0|0.00|0|0.00|0|0.00|0.00|0|0.00
EMPSHFT|1 Restaurante|1|1-Restaurante|22|Juliander Alexander |Lara Muñoz|606630012|1| |0| |0|CAJA 2|7|0|0.00|0.00|0.00|0.00|0|0|0.00|0|0.00|0|0.00|0|0.00|0|0.00|0|0|0|719625.00|0|719625.00|1|0.00|0|222396.00|0.00|0.00|0.00|0.00|0.00|0.00|0.00|0.00|-6.00|0|12286071.00|1|0.00|0|0.00|0|-6.00|0.00|0|0.00
EMPSHFT|1 Restaurante|1|1-Restaurante|22|Juliander Alexander |Lara Muñoz|606630012|1| |0| |0|MARILYN|5|0|3411720.00|0.00|0.00|341174.00|1|9|0.00|0|0.00|0|0.00|0|0.00|0|0.00|0|0|0|1294.00|0|1294.00|1|0.00|0|0.00|0.00|0.00|0.00|0.00|0.00|648280.00|0.00|4401174.00|4401174.00|2|16694.00|1|0.00|0|0.00|0|0.00|0.00|0|0.00
EMPSHFT|1 Restaurante|1|1-Restaurante|22|Juliander Alexander |Lara Muñoz|606630012|1| |0| |0|ALMACEN|2|0|854960.00|0.00|0.00|85495.00|1|1|0.00|0|0.00|0|0.00|0|64400.00|3|0.00|0|0|0|0.00|0|0.00|0|0.00|0|0.00|0.00|0.00|0.00|0.00|0.00|162440.00|0.00|1102895.00|1102895.00|1|0.00|0|0.00|0|0.00|0|0.00|0.00|0|0.00
EMPSHFT|1 Restaurante|1|1-Restaurante|22|María Isabel|Chica Medina|606630018|1| |0| |0|CAJA 1|6|0|34286.00|0.00|0.00|3429.00|1|2|0.00|0|0.00|0|0.00|0|0.00|0|0.00|0|0|0|3429.00|0|3429.00|1|0.00|0|0.00|0.00|0.00|0.00|0.00|0.00|6514.00|0.00|44229.00|44229.00|1|44229.00|1|0.00|0|0.00|0|0.00|0.00|0|0.00
EMPSHFT|1 Restaurante|1|1-Restaurante|22|María Isabel|Chica Medina|606630018|1| |0| |0|TERRAZA|8|0|1531176.00|0.00|0.00|153116.00|5|20|0.00|0|0.00|0|0.00|0|91300.00|4|0.00|0|0|0|153116.00|0|153116.00|5|0.00|0|0.00|0.00|0.00|0.00|0.00|0.00|290924.00|0.00|1975216.00|1975216.00|5|1975216.00|5|0.00|0|0.00|0|0.00|0.00|0|0.00
EMPSHFT|1 Restaurante|1|1-Restaurante|22|María Isabel|Chica Medina|606630018|1| |0| |0|CAPS|1|0|0.00|0.00|0.00|0.00|0|0|0.00|0|0.00|0|0.00|0|0.00|0|0.00|0|0|0|0.00|0|0.00|0|0.00|0|232571.00|0.00|0.00|0.00|0.00|0.00|0.00|0.00|0.00|0.00|0|0.00|0|0.00|0|0.00|0|0.00|0.00|0|0.00
EMPSHFT|1 Restaurante|1|1-Restaurante|22|María Isabel|Chica Medina|606630018|1| |0| |0|CABINA DJ|4|0|3044626.00|0.00|0.00|304458.00|6|63|0.00|0|-22924.00|2|0.00|0|343800.00|9|0.00|0|0|0|25024.00|0|25024.00|5|0.00|0|0.00|0.00|0.00|0.00|0.00|0.00|578474.00|-3960.00|3954442.00|3927558.00|13|322824.00|5|0.00|0|0.00|0|0.00|0.00|0|0.00
EMPSHFT|1 Restaurante|1|1-Restaurante|22|María Isabel|Chica Medina|606630018|1| |0| |0|COCINA LADO|10|0|0.00|0.00|0.00|0.00|0|0|0.00|0|0.00|0|0.00|0|0.00|1|0.00|0|0|0|0.00|0|0.00|0|0.00|0|0.00|0.00|0.00|0.00|0.00|0.00|0.00|0.00|0.00|0.00|1|0.00|0|0.00|0|0.00|0|0.00|0.00|0|0.00
EMPSHFT|1 Restaurante|1|1-Restaurante|22|María Isabel|Chica Medina|606630018|1| |0| |0|CAJA 2|7|0|0.00|0.00|0.00|0.00|0|0|0.00|0|0.00|0|0.00|0|0.00|0|0.00|0|0|0|0.00|0|0.00|0|0.00|0|1764709.00|0.00|0.00|0.00|0.00|0.00|0.00|0.00|0.00|-3.00|0|-3.00|1|0.00|0|0.00|0|-3.00|0.00|0|0.00
EMPSHFT|1 Restaurante|1|1-Restaurante|22|Moises|Cotes|606630037|1| |0| |0|CAJA 1|6|0|1763776.00|0.00|0.00|176378.00|3|9|0.00|0|0.00|0|0.00|0|113800.00|2|0.00|0|0|0|125454.00|0|125454.00|4|0.00|0|0.00|0.00|0.00|0.00|0.00|0.00|335124.00|0.00|2275278.00|2275278.00|4|1618354.00|4|0.00|0|0.00|0|0.00|0.00|0|0.00
EMPSHFT|1 Restaurante|1|1-Restaurante|22|Moises|Cotes|606630037|1| |0| |0|CABINA DJ|4|0|56806.00|0.00|0.00|5681.00|1|2|0.00|0|0.00|0|0.00|0|0.00|0|0.00|0|0|0|52638.00|0|52638.00|1|0.00|0|0.00|0.00|0.00|0.00|0.00|0.00|10794.00|0.00|73281.00|73281.00|1|679038.00|1|0.00|0|0.00|0|0.00|0.00|0|0.00
EMPSHFT|1 Restaurante|1|1-Restaurante|22|Moises|Cotes|606630037|1| |0| |0|TERRAZA|8|0|3993695.00|0.00|0.00|399367.00|10|37|0.00|0|0.00|0|0.00|0|73500.00|5|0.00|0|0|0|387863.00|0|387863.00|7|0.00|0|0.00|0.00|0.00|0.00|0.00|0.00|758805.00|0.00|5151867.00|5151867.00|13|5003463.00|7|0.00|0|0.00|0|0.00|0.00|0|0.00
EMPSHFT|1 Restaurante|1|1-Restaurante|22|Moises|Cotes|606630037|1| |0| |0|CAJA 2|7|0|0.00|0.00|0.00|-27201.00|0|0|0.00|0|0.00|0|0.00|0|0.00|0|0.00|0|0|0|0.00|0|0.00|0|0.00|0|6521695.00|0.00|0.00|0.00|0.00|0.00|0.00|-27201.00|0.00|-27201.00|0|323700.00|1|0.00|0|0.00|0|0.00|0.00|0|0.00
EMPSHFT|1 Restaurante|1|1-Restaurante|22|Moises|Cotes|606630037|1| |0| |0|ALMACEN|2|0|184118.00|0.00|0.00|18411.00|0|0|0.00|0|0.00|0|0.00|0|4000.00|1|0.00|0|0|0|0.00|0|0.00|0|0.00|0|0.00|0.00|0.00|0.00|0.00|0.00|34982.00|0.00|237511.00|237511.00|0|0.00|0|0.00|0|0.00|0|0.00|0.00|0|0.00
EMPSHFT|1 Restaurante|1|1-Restaurante|22|Moises|Cotes|606630037|1| |0| |0|BAR_LADO|3|0|48235.00|0.00|0.00|4823.00|1|6|0.00|0|0.00|0|0.00|0|0.00|0|0.00|0|0|0|0.00|0|0.00|0|0.00|0|0.00|0.00|0.00|0.00|0.00|0.00|9165.00|0.00|62223.00|62223.00|1|0.00|0|0.00|0|0.00|0|0.00|0.00|0|0.00
EMPSHFT|1 Restaurante|1|1-Restaurante|22|Moises|Cotes|606630037|1| |0| |0|COCINA LADO|10|0|0.00|0.00|0.00|0.00|0|0|0.00|0|0.00|0|0.00|0|0.00|0|0.00|0|0|0|0.00|0|0.00|0|0.00|0|0.00|0.00|0.00|0.00|0.00|0.00|0.00|0.00|0.00|0.00|3|0.00|0|0.00|0|0.00|0|0.00|0.00|0|0.00
EMPSHFT|1 Restaurante|1|1-Restaurante|22|Moises|Cotes|606630037|1| |0| |0|MARILYN|5|0|17983.00|0.00|0.00|1798.00|1|1|0.00|0|0.00|0|0.00|0|0.00|0|0.00|0|0|0|1798.00|0|1798.00|1|0.00|0|0.00|0.00|0.00|0.00|0.00|0.00|3417.00|0.00|23198.00|23198.00|2|23198.00|1|0.00|0|0.00|0|0.00|0.00|0|0.00
EMPSHFT|1 Restaurante|1|1-Restaurante|22|Karem|Lopez|606630046|1| |0| |0|CAJA 2|7|0|0.00|0.00|0.00|0.00|0|0|0.00|0|0.00|0|0.00|0|0.00|0|0.00|0|0|0|0.00|0|0.00|0|0.00|0|53799.00|0.00|0.00|0.00|0.00|0.00|0.00|0.00|0.00|0.00|0|0.00|0|0.00|0|0.00|0|0.00|0.00|0|0.00
EMPSHFT|1 Restaurante|1|1-Restaurante|22|Karem|Lopez|606630046|1| |0| |0|CABINA DJ|4|0|32606.00|0.00|0.00|3260.00|2|4|0.00|0|0.00|0|0.00|0|0.00|0|0.00|0|0|0|3260.00|0|3260.00|2|0.00|0|0.00|0.00|0.00|0.00|0.00|0.00|6194.00|0.00|42060.00|42060.00|2|42060.00|2|0.00|0|0.00|0|0.00|0.00|0|0.00
EMPSHFT|1 Restaurante|1|1-Restaurante|22|Karem|Lopez|606630046|1| |0| |0|ALMACEN|2|0|0.00|0.00|0.00|0.00|0|0|0.00|0|0.00|0|0.00|0|0.00|0|0.00|0|0|0|1630.00|0|1630.00|1|0.00|0|0.00|0.00|0.00|0.00|0.00|0.00|0.00|0.00|0.00|0.00|0|21030.00|1|0.00|0|0.00|0|0.00|0.00|0|0.00
EMPSHFT|1 Restaurante|1|1-Restaurante|22|Karem|Lopez|606630046|1| |0| |0|COCINA LADO|10|0|20840.00|0.00|0.00|2084.00|1|4|0.00|0|0.00|0|0.00|0|0.00|0|0.00|0|0|0|0.00|0|0.00|0|0.00|0|0.00|0.00|0.00|0.00|0.00|0.00|3960.00|0.00|26884.00|26884.00|1|0.00|0|0.00|0|0.00|0|0.00|0.00|0|0.00
EMPSHFT|1 Restaurante|1|1-Restaurante|22|Karem|Lopez|606630046|1| |0| |0|CAJA 1|6|0|16303.00|0.00|0.00|1630.00|1|2|0.00|0|0.00|0|0.00|0|0.00|0|0.00|0|0|0|0.00|0|0.00|0|0.00|0|0.00|0.00|0.00|0.00|0.00|0.00|3097.00|0.00|21030.00|21030.00|2|0.00|0|0.00|0|0.00|0|0.00|0.00|0|0.00
EMPSHFT|1 Restaurante|1|1-Restaurante|22|Pedro|Carrero|606630050|1| |0| |0|CAPS|1|0|0.00|0.00|0.00|-38638.00|0|0|0.00|0|0.00|0|0.00|0|0.00|0|0.00|0|0|0|-38638.00|0|-38638.00|1|0.00|0|386389.00|0.00|0.00|0.00|0.00|0.00|0.00|-38638.00|0.00|-38638.00|0|-38638.00|0|0.00|0|0.00|0|0.00|0.00|0|0.00
EMPSHFT|1 Restaurante|1|1-Restaurante|22|Pedro|Carrero|606630050|1| |0| |0|CAJA 1|6|0|16303.00|0.00|0.00|1630.00|1|2|0.00|0|0.00|0|0.00|0|0.00|0|0.00|0|0|0|0.00|0|0.00|0|0.00|0|0.00|0.00|0.00|0.00|0.00|0.00|3097.00|0.00|21030.00|21030.00|1|0.00|0|0.00|0|0.00|0|0.00|0.00|0|0.00
EMPSHFT|1 Restaurante|1|1-Restaurante|22|Pedro|Carrero|606630050|1| |0| |0|COCINA LADO|10|0|370086.00|0.00|0.00|37008.00|1|0|0.00|0|-17933.00|3|0.00|0|0.00|0|0.00|0|0|0|0.00|0|0.00|0|0.00|0|0.00|0.00|0.00|0.00|0.00|0.00|70314.00|-3097.00|498438.00|477408.00|1|0.00|0|0.00|0|0.00|0|0.00|0.00|0|0.00
EMPSHFT|1 Restaurante|1|1-Restaurante|22|Pedro|Carrero|606630050|1| |0| |0|MARILYN|5|0|0.00|0.00|0.00|0.00|0|0|0.00|0|0.00|0|0.00|0|0.00|0|0.00|0|0|0|38638.00|0|38638.00|1|0.00|0|0.00|0.00|0.00|0.00|0.00|0.00|0.00|0.00|0.00|0.00|0|498438.00|1|0.00|0|0.00|0|0.00|0.00|0|0.00
EMPSHFT|1 Restaurante|1|1-Restaurante|22|Evelyn|Genes|606630056|1| |0| |0|COCINA LADO|10|0|46135.00|0.00|0.00|4614.00|4|5|0.00|0|0.00|0|0.00|0|0.00|0|0.00|0|0|0|4614.00|0|4614.00|4|0.00|0|0.00|0.00|0.00|0.00|0.00|0.00|8765.00|0.00|59514.00|59514.00|4|59514.00|4|0.00|0|0.00|0|0.00|0.00|0|0.00
EMPSHFT|1 Restaurante|1|1-Restaurante|22|Evelyn|Genes|606630056|1| |0| |0|CAJA 2|7|0|0.00|0.00|0.00|0.00|0|0|0.00|0|0.00|0|0.00|0|0.00|0|0.00|0|0|0|0.00|0|0.00|0|0.00|0|50747.00|0.00|0.00|0.00|0.00|0.00|0.00|0.00|0.00|-2.00|0|-2.00|0|0.00|0|0.00|0|-2.00|0.00|0|0.00
EMPSHFT|1 Restaurante|1|1-Restaurante|22|Jhonatan|Gutierrez|606630059|1| |0| |0|COCINA LADO|10|0|7416302.00|0.00|0.00|741627.00|23|46|0.00|0|-645396.00|18|0.00|0|802300.00|15|0.00|0|0|0|762676.00|0|762676.00|24|0.00|0|0.00|0.00|0.00|0.00|0.00|0.00|1409098.00|-111476.00|10323899.00|9567027.00|30|9838576.00|22|0.00|0|0.00|0|0.00|0.00|0|0.00
EMPSHFT|1 Restaurante|1|1-Restaurante|22|Jhonatan|Gutierrez|606630059|1| |0| |0|CABINA DJ|4|0|606890.00|0.00|0.00|60689.00|4|9|0.00|0|0.00|0|0.00|0|0.00|0|0.00|0|0|0|115915.00|0|115915.00|4|0.00|0|0.00|0.00|0.00|0.00|0.00|0.00|115310.00|0.00|782889.00|782889.00|4|1495315.00|4|0.00|0|0.00|0|0.00|0.00|0|0.00
EMPSHFT|1 Restaurante|1|1-Restaurante|22|Jhonatan|Gutierrez|606630059|1| |0| |0|CAJA 2|7|0|0.00|0.00|0.00|0.00|0|0|0.00|0|0.00|0|0.00|0|0.00|0|0.00|0|0|0|0.00|0|0.00|0|0.00|0|9834021.00|0.00|0.00|0.00|0.00|0.00|0.00|0.00|0.00|1.00|0|1.00|0|0.00|0|0.00|0|1.00|0.00|0|0.00
EMPSHFT|1 Restaurante|1|1-Restaurante|22|Jhonatan|Gutierrez|606630059|1| |0| |0|MARILYN|5|0|259748.00|0.00|0.00|25974.00|2|0|0.00|0|0.00|0|0.00|0|129600.00|1|0.00|0|0|0|11387.00|0|11387.00|2|0.00|0|0.00|0.00|0.00|0.00|0.00|0.00|49352.00|0.00|335074.00|335074.00|2|146887.00|2|0.00|0|0.00|0|0.00|0.00|0|0.00
EMPSHFT|1 Restaurante|1|1-Restaurante|22|Jhonatan|Gutierrez|606630059|1| |0| |0|CAJA 1|6|0|252184.00|0.00|0.00|25217.00|0|0|0.00|0|0.00|0|0.00|0|0.00|0|0.00|0|0|0|4891.00|0|4891.00|1|0.00|0|0.00|0.00|0.00|0.00|0.00|0.00|47916.00|0.00|325317.00|325317.00|0|63091.00|1|0.00|0|0.00|0|0.00|0.00|0|0.00
EMPSHFT|1 Restaurante|1|1-Restaurante|22|Winder|Castaño|606630063|1| |0| |0|MARILYN|5|0|0.00|0.00|0.00|0.00|0|0|0.00|0|0.00|0|0.00|0|0.00|0|0.00|0|0|0|0.00|0|0.00|0|0.00|0|0.00|0.00|0.00|0.00|0.00|0.00|0.00|0.00|0.00|0.00|1|0.00|0|0.00|0|0.00|0|0.00|0.00|0|0.00
EMPSHFT|1 Restaurante|1|1-Restaurante|22|Winder|Castaño|606630063|1| |0| |0|CAJA 2|7|0|0.00|0.00|0.00|0.00|0|0|0.00|0|0.00|0|0.00|0|0.00|0|0.00|0|0|0|0.00|0|0.00|0|0.00|0|59530.00|0.00|0.00|0.00|0.00|0.00|0.00|0.00|0.00|0.00|0|0.00|0|0.00|0|0.00|0|0.00|0.00|0|0.00
EMPSHFT|1 Restaurante|1|1-Restaurante|22|Winder|Castaño|606630063|1| |0| |0|ALMACEN|2|0|54118.00|0.00|0.00|5412.00|3|6|0.00|0|0.00|0|0.00|0|0.00|0|0.00|0|0|0|5412.00|0|5412.00|3|0.00|0|0.00|0.00|0.00|0.00|0.00|0.00|10282.00|0.00|69812.00|69812.00|3|69812.00|3|0.00|0|0.00|0|0.00|0.00|0|0.00
EMPSHFT|1 Restaurante|1|1-Restaurante|22|Esther|Gonzalez|606630064|1| |0| |0|CABINA DJ|4|0|71932.00|0.00|0.00|7194.00|0|0|0.00|0|0.00|0|0.00|0|0.00|0|0.00|0|0|0|0.00|0|0.00|0|0.00|0|0.00|0.00|0.00|0.00|0.00|0.00|13668.00|0.00|92794.00|92794.00|0|0.00|0|0.00|0|0.00|0|0.00|0.00|0|0.00
EMPSHFT|1 Restaurante|1|1-Restaurante|22|Esther|Gonzalez|606630064|1| |0| |0|COCINA LADO|10|0|0.00|0.00|0.00|0.00|0|0|0.00|0|0.00|0|0.00|0|0.00|0|0.00|0|0|0|7386.00|0|7386.00|1|0.00|0|0.00|0.00|0.00|0.00|0.00|0.00|0.00|0.00|0.00|0.00|0|95286.00|1|0.00|0|0.00|0|0.00|0.00|0|0.00
EMPSHFT|1 Restaurante|1|1-Restaurante|22|Esther|Gonzalez|606630064|1| |0| |0|CAJA 2|7|0|0.00|0.00|0.00|0.00|0|0|0.00|0|0.00|0|0.00|0|0.00|0|0.00|0|0|0|0.00|0|0.00|0|0.00|0|308458.00|0.00|0.00|0.00|0.00|0.00|0.00|0.00|0.00|-1.00|0|-1.00|0|0.00|0|0.00|0|-1.00|0.00|0|0.00
EMPSHFT|1 Restaurante|1|1-Restaurante|22|Esther|Gonzalez|606630064|1| |0| |0|ALMACEN|2|0|190503.00|0.00|0.00|19049.00|4|9|0.00|0|0.00|0|0.00|0|0.00|0|0.00|0|0|0|20655.00|0|20655.00|3|0.00|0|0.00|0.00|0.00|0.00|0.00|0.00|36197.00|0.00|245749.00|245749.00|6|266455.00|3|0.00|0|0.00|0|0.00|0.00|0|0.00
EMPSHFT|1 Restaurante|1|1-Restaurante|22|Alvaro|Viloria|606630065|1| |0| |0|MARILYN|5|0|655600.00|0.00|0.00|47000.00|2|15|0.00|0|0.00|0|0.00|0|128400.00|4|0.00|0|0|0|0.00|0|0.00|0|0.00|0|0.00|0.00|0.00|0.00|0.00|0.00|124564.00|0.00|827164.00|827164.00|2|0.00|0|0.00|0|0.00|0|0.00|0.00|0|0.00
EMPSHFT|1 Restaurante|1|1-Restaurante|22|Alvaro|Viloria|606630065|1| |0| |0|CAJA 1|6|0|5415198.00|0.00|0.00|518827.00|8|23|0.00|0|0.00|0|0.00|0|1122200.00|5|0.00|0|0|0|204409.00|0|204409.00|5|0.00|0|0.00|0.00|0.00|0.00|0.00|0.00|1028902.00|0.00|6962927.00|6962927.00|12|2906909.00|5|0.00|0|0.00|0|0.00|0.00|0|0.00
EMPSHFT|1 Restaurante|1|1-Restaurante|22|Alvaro|Viloria|606630065|1| |0| |0|CAJA 2|7|0|0.00|0.00|0.00|0.00|0|0|0.00|0|0.00|0|0.00|0|0.00|0|0.00|0|0|0|320048.00|0|320048.00|2|0.00|0|5753135.00|0.00|0.00|0.00|0.00|0.00|0.00|0.00|0.00|-5.00|0|4349507.00|2|0.00|0|0.00|0|-5.00|0.00|0|0.00
EMPSHFT|1 Restaurante|1|1-Restaurante|22|Alvaro|Viloria|606630065|1| |0| |0|CABINA DJ|4|0|2306552.00|0.00|0.00|230652.00|6|16|0.00|0|0.00|0|0.00|0|289300.00|5|0.00|0|0|0|256610.00|0|256610.00|9|0.00|0|0.00|0.00|0.00|0.00|0.00|0.00|438248.00|0.00|2975452.00|2975452.00|7|3310310.00|9|0.00|0|0.00|0|0.00|0.00|0|0.00
EMPSHFT|1 Restaurante|1|1-Restaurante|22|Alvaro|Viloria|606630065|1| |0| |0|COCINA LADO|10|0|0.00|0.00|0.00|0.00|0|1|0.00|0|0.00|0|0.00|0|0.00|0|0.00|0|0|0|0.00|0|0.00|0|0.00|0|0.00|0.00|0.00|0.00|0.00|0.00|0.00|0.00|0.00|0.00|2|0.00|0|0.00|0|0.00|0|0.00|0.00|0|0.00
EMPSHFT|1 Restaurante|1|1-Restaurante|22|Valentina|Rodriguez|606630077|1| |0| |0|COCINA LADO|10|0|-179496.00|0.00|0.00|-17949.00|0|-1|0.00|0|-197445.00|7|0.00|0|0.00|0|0.00|0|0|0|0.00|0|0.00|0|0.00|0|0.00|0.00|0.00|0.00|0.00|0.00|-34104.00|-34104.00|0.00|-231549.00|1|0.00|0|0.00|0|0.00|0|0.00|0.00|0|0.00
EMPSHFT|1 Restaurante|1|1-Restaurante|22|Valentina|Rodriguez|606630077|1| |0| |0|CABINA DJ|4|0|37815.00|0.00|0.00|3781.00|1|2|0.00|0|0.00|0|0.00|0|0.00|0|0.00|0|0|0|1983.00|0|1983.00|1|0.00|0|0.00|0.00|0.00|0.00|0.00|0.00|7185.00|0.00|48781.00|48781.00|1|25583.00|1|0.00|0|0.00|0|0.00|0.00|0|0.00
EMPSHFT|1 Restaurante|1|1-Restaurante|22|Valentina|Rodriguez|606630077|1| |0| |0|ALMACEN|2|0|14980947.00|0.00|0.00|1498081.00|26|61|0.00|0|0.00|0|0.00|0|428300.00|11|0.00|0|0|0|206462.00|0|206462.00|14|0.00|0|0.00|0.00|0.00|0.00|0.00|0.00|2846353.00|0.00|19325381.00|19325381.00|30|2663362.00|14|0.00|0|0.00|0|0.00|0.00|0|0.00
EMPSHFT|1 Restaurante|1|1-Restaurante|22|Valentina|Rodriguez|606630077|1| |0| |0|CAJA 2|7|0|0.00|0.00|0.00|0.00|0|0|0.00|0|0.00|0|0.00|0|0.00|0|0.00|0|0|0|0.00|0|0.00|0|0.00|0|2292883.00|0.00|0.00|0.00|0.00|0.00|0.00|0.00|0.00|-11.00|0|-11.00|0|0.00|0|0.00|0|-11.00|0.00|0|0.00
EMPSHFT|1 Restaurante|1|1-Restaurante|22|Karem |Lopez |606650010|1| |0| |0|COCINA LADO|10|0|621767.00|0.00|0.00|62176.00|1|9|0.00|0|0.00|0|0.00|0|0.00|0|0.00|0|0|0|20033.00|0|20033.00|1|0.00|0|0.00|0.00|0.00|0.00|0.00|0.00|118133.00|0.00|802076.00|802076.00|2|258433.00|1|0.00|0|0.00|0|0.00|0.00|0|0.00
EMPSHFT|1 Restaurante|1|1-Restaurante|22|Karem |Lopez |606650010|1| |0| |0|CABINA DJ|4|0|550000.00|0.00|0.00|0.00|0|0|0.00|0|0.00|0|0.00|0|0.00|0|0.00|0|0|0|0.00|0|0.00|0|0.00|0|0.00|0.00|0.00|0.00|0.00|0.00|104500.00|0.00|654500.00|654500.00|0|0.00|0|0.00|0|0.00|0|0.00|0.00|0|0.00
EMPSHFT|1 Restaurante|1|1-Restaurante|22|Karem |Lopez |606650010|1| |0| |0|ALMACEN|2|0|52605.00|0.00|0.00|5260.00|1|2|0.00|0|0.00|0|0.00|0|0.00|0|0.00|0|0|0|0.00|0|0.00|0|0.00|0|0.00|0.00|0.00|0.00|0.00|0.00|9995.00|0.00|67860.00|67860.00|1|0.00|0|0.00|0|0.00|0|0.00|0.00|0|0.00
EMPSHFT|1 Restaurante|1|1-Restaurante|22|Karem |Lopez |606650010|1| |0| |0|CAJA 2|7|0|0.00|0.00|0.00|0.00|0|0|0.00|0|0.00|0|0.00|0|0.00|0|0.00|0|0|0|10748.00|0|10748.00|1|0.00|0|888596.00|0.00|0.00|0.00|0.00|0.00|0.00|0.00|0.00|0.00|0|793148.00|1|0.00|0|0.00|0|0.00|0.00|0|0.00
EMPSHFT|1 Restaurante|1|1-Restaurante|22|Viviana|Maldonado M.|606670017|1| |0| |0|CAJA 2|7|0|-11345.00|-11345.00|0.00|-1134.00|0|0|0.00|0|0.00|0|0.00|0|0.00|0|0.00|0|0|0|49134.00|0|49134.00|1|0.00|0|540469.00|0.00|0.00|0.00|0.00|0.00|0.00|-1134.00|0.00|-12438.00|0|636030.00|2|0.00|0|0.00|0|-4.00|0.00|0|0.00
EMPSHFT|1 Restaurante|1|1-Restaurante|22|Viviana|Maldonado M.|606670017|1| |0| |0|MARILYN|5|0|4538.00|0.00|0.00|454.00|0|0|0.00|0|0.00|0|0.00|0|0.00|0|0.00|0|0|0|0.00|0|0.00|0|0.00|0|0.00|0.00|0.00|0.00|0.00|0.00|862.00|0.00|5854.00|5854.00|0|0.00|0|0.00|0|0.00|0|0.00|0.00|0|0.00
EMPSHFT|1 Restaurante|1|1-Restaurante|22|Viviana|Maldonado M.|606670017|1| |0| |0|CAJA 1|6|0|4538.00|0.00|0.00|453.00|0|0|0.00|0|0.00|0|0.00|0|0.00|0|0.00|0|0|0|0.00|0|0.00|0|0.00|0|0.00|0.00|0.00|0.00|0.00|0.00|862.00|0.00|5853.00|5853.00|0|0.00|0|0.00|0|0.00|0|0.00|0.00|0|0.00
EMPSHFT|1 Restaurante|1|1-Restaurante|22|Viviana|Maldonado M.|606670017|1| |0| |0|COCINA LADO|10|0|2269.00|0.00|0.00|227.00|1|1|0.00|0|0.00|0|0.00|0|0.00|0|0.00|0|0|0|0.00|0|0.00|0|0.00|0|0.00|0.00|0.00|0.00|0.00|0.00|431.00|0.00|2927.00|2927.00|1|0.00|0|0.00|0|0.00|0|0.00|0.00|0|0.00
EMPSHFT|1 Restaurante|1|1-Restaurante|22|Viviana|Maldonado M.|606670017|1| |0| |0|ALMACEN|2|0|509322.00|0.00|0.00|50932.00|3|8|0.00|0|0.00|0|0.00|0|0.00|0|0.00|0|0|0|0.00|0|0.00|0|0.00|0|0.00|0.00|0.00|0.00|0.00|0.00|96778.00|0.00|657032.00|657032.00|3|0.00|0|0.00|0|0.00|0|0.00|0.00|0|0.00
EMPSHFT|1 Restaurante|1|1-Restaurante|22|Camilo|Tangarife|606670018|1| |0| |0|COCINA LADO|10|0|-20336.00|0.00|0.00|-2034.00|0|-1|0.00|0|-22370.00|4|0.00|0|0.00|0|0.00|0|0|0|1983.00|0|1983.00|1|0.00|0|0.00|0.00|0.00|0.00|0.00|0.00|-3864.00|-3864.00|0.00|-26234.00|0|25583.00|1|0.00|0|0.00|0|0.00|0.00|0|0.00
EMPSHFT|1 Restaurante|1|1-Restaurante|22|Camilo|Tangarife|606670018|1| |0| |0|CAJA 1|6|0|459412.00|0.00|0.00|45941.00|1|1|0.00|0|0.00|0|0.00|0|0.00|0|0.00|0|0|0|1471.00|0|1471.00|1|0.00|0|0.00|0.00|0.00|0.00|0.00|0.00|87288.00|0.00|592641.00|592641.00|1|18971.00|1|0.00|0|0.00|0|0.00|0.00|0|0.00
EMPSHFT|1 Restaurante|1|1-Restaurante|22|Camilo|Tangarife|606670018|1| |0| |0|CAJA 2|7|0|0.00|0.00|0.00|0.00|0|0|0.00|0|0.00|0|0.00|0|0.00|0|0.00|0|0|0|0.00|0|0.00|0|0.00|0|60357.00|0.00|0.00|0.00|0.00|0.00|0.00|0.00|0.00|-5.00|0|-5.00|0|0.00|0|0.00|0|-5.00|0.00|0|0.00
EMPSHFT|1 Restaurante|1|1-Restaurante|22|Camilo|Tangarife|606670018|1| |0| |0|CABINA DJ|4|0|20336.00|0.00|0.00|2034.00|1|1|0.00|0|0.00|0|0.00|0|0.00|0|0.00|0|0|0|0.00|0|0.00|0|0.00|0|0.00|0.00|0.00|0.00|0.00|0.00|3864.00|0.00|26234.00|26234.00|1|0.00|0|0.00|0|0.00|0|0.00|0.00|0|0.00
EMPSHFT|1 Restaurante|1|1-Restaurante|22|Camilo|Tangarife|606670018|1| |0| |0|ALMACEN|2|0|707227.00|0.00|0.00|70723.00|3|3|0.00|0|0.00|0|0.00|0|0.00|0|0.00|0|0|0|2034.00|0|2034.00|2|0.00|0|0.00|0.00|0.00|0.00|0.00|0.00|134373.00|0.00|912323.00|912323.00|4|26234.00|2|0.00|0|0.00|0|0.00|0.00|0|0.00
EMPSHFT|3 Eventos|3|3-Eventos|23|Yasser Enrique|Ortiz Pacheco|606680002|1| |0| |0|MARILYN|5|0|11457605.00|0.00|0.00|1145748.00|1|2|0.00|0|0.00|0|0.00|0|53400.00|1|0.00|0|0|0|0.00|0|0.00|0|0.00|0|0.00|0.00|0.00|0.00|0.00|0.00|2176895.00|0.00|14780248.00|14780248.00|1|0.00|0|0.00|0|0.00|0|0.00|0.00|0|0.00
EMPSHFT|1 Restaurante|1|1-Restaurante|22|Yasser Enrique|Ortiz Pacheco|606680002|1| |0| |0|PUERTO|9|0|0.00|0.00|0.00|0.00|0|0|0.00|0|0.00|0|0.00|0|0.00|0|0.00|0|0|0|0.00|0|0.00|0|0.00|0|0.00|0.00|0.00|0.00|0.00|0.00|0.00|0.00|0.00|0.00|1|0.00|0|0.00|0|0.00|0|0.00|0.00|0|0.00
EMPSHFT|1 Restaurante|1|1-Restaurante|22|Yasser Enrique|Ortiz Pacheco|606680002|1| |0| |0|CAJA 2|7|0|0.00|0.00|0.00|0.00|0|0|0.00|0|0.00|0|0.00|0|0.00|0|0.00|0|0|0|0.00|0|0.00|0|0.00|0|0.00|0.00|0.00|0.00|0.00|0.00|0.00|0.00|0.00|0.00|0|0.00|2|0.00|0|0.00|0|0.00|0.00|0|0.00
EMPSHFT|1 Restaurante|1|1-Restaurante|22|Yasser Enrique|Ortiz Pacheco|606680002|1| |0| |0|TERRAZA|8|0|0.00|0.00|0.00|0.00|0|0|0.00|0|0.00|0|0.00|0|0.00|0|0.00|0|0|0|0.00|0|0.00|0|0.00|0|0.00|0.00|0.00|0.00|0.00|0.00|0.00|0.00|0.00|0.00|1|0.00|0|0.00|0|0.00|0|0.00|0.00|0|0.00
EMPSHFT|1 Restaurante|1|1-Restaurante|22|Yasser Enrique|Ortiz Pacheco|606680002|1| |0| |0|MARILYN|5|0|0.00|0.00|0.00|0.00|0|0|0.00|0|0.00|0|0.00|0|0.00|0|0.00|0|0|0|0.00|0|0.00|0|0.00|0|0.00|0.00|0.00|0.00|0.00|0.00|0.00|0.00|0.00|0.00|0|0.00|0|0.00|0|0.00|0|0.00|0.00|0|0.00
EMPSHFT|3 Eventos|3|3-Eventos|23|Yasser Enrique|Ortiz Pacheco|606680002|1| |0| |0|CAJA 2|7|0|35126.00|0.00|0.00|3513.00|0|0|0.00|0|0.00|0|0.00|0|0.00|0|0.00|0|0|0|1149261.00|0|1149261.00|1|0.00|0|0.00|0.00|0.00|0.00|0.00|0.00|6674.00|0.00|45313.00|45313.00|0|14825561.00|1|0.00|0|0.00|0|0.00|0.00|0|0.00
EMPSHFT|1 Restaurante|1|1-Restaurante|22|Rosmar|Arevalo|606680003|1| |0| |0|BAR_LADO|3|0|126050.00|0.00|0.00|0.00|1|0|0.00|0|0.00|0|0.00|0|0.00|0|0.00|0|0|0|0.00|0|0.00|0|0.00|0|0.00|0.00|0.00|0.00|0.00|0.00|23950.00|0.00|150000.00|150000.00|1|0.00|0|0.00|0|0.00|0|0.00|0.00|0|0.00
EMPSHFT|1 Restaurante|1|1-Restaurante|22|Rosmar|Arevalo|606680003|1| |0| |0|CAJA 2|7|0|2.00|0.00|0.00|10016.00|2|2|0.00|0|0.00|0|0.00|0|0.00|0|0.00|0|0|0|10016.00|0|10016.00|2|0.00|0|2.00|0.00|0.00|0.00|0.00|0.00|0.00|0.00|10018.00|10018.00|2|10018.00|2|0.00|0|0.00|0|0.00|0.00|0|0.00
EMPSHFT|1 Restaurante|1|1-Restaurante|22|Hector|Diaz|606680011|1| |0| |0|PUERTO|9|0|2344530.00|0.00|0.00|0.00|35|0|0.00|0|-403360.00|1|0.00|0|0.00|0|0.00|0|0|0|0.00|0|0.00|0|0.00|0|2344530.00|0.00|0.00|0.00|0.00|0.00|445470.00|-76640.00|3270000.00|2790000.00|35|2790000.00|35|0.00|0|0.00|0|0.00|0.00|0|0.00
EMPDSC|1 Restaurante|1|1-Restaurante|22|Viviana|Maldonado M.|606670017|Descuento %|1|Descuento %|1|-11345.00|1|-11345.00
EMPTM|1 Restaurante|1|1-Restaurante|22|Marilin Paola|Zabaleta Cuellar|606630003|Contado|102|Contado|102|Payment|0.00|0
EMPTM|1 Restaurante|1|1-Restaurante|22|Gleiner|Montiel Rocha|606630008|Contado|102|Contado|102|Payment|0.00|0
EMPTM|1 Restaurante|1|1-Restaurante|22|Juliander Alexander |Lara Muñoz|606630012|Contado|102|Contado|102|Payment|0.00|0
EMPTM|1 Restaurante|1|1-Restaurante|22|Rosmar|Arevalo|606680003|Efectivo |101|Efectivo |101|Payment|5537820.00|44
EMPTM|1 Restaurante|1|1-Restaurante|22|Rosmar|Arevalo|606680003|Contado|102|Contado|102|Payment|0.00|0
EMPTM|1 Restaurante|1|1-Restaurante|22|Rosmar|Arevalo|606680003|American Express|201|American Express|201|Payment|5376796.00|14
EMPTM|1 Restaurante|1|1-Restaurante|22|Rosmar|Arevalo|606680003|Master Card|202|Master Card|202|Payment|15311034.00|62
EMPTM|1 Restaurante|1|1-Restaurante|22|Rosmar|Arevalo|606680003|Cuenta X Cobrar|206|Cuenta X Cobrar|206|Payment|38754916.00|3
EMPTM|1 Restaurante|1|1-Restaurante|22|Rosmar|Arevalo|606680003|Visa|204|Visa|204|Payment|29287795.00|75
EMPTM|3 Eventos|3|3-Eventos|23|Rosmar|Arevalo|606680003|Anticipo|208|Anticipo|208|Payment|14825561.00|1
EMPTM|1 Restaurante|1|1-Restaurante|22|Rosmar|Arevalo|606680003|Anticipo|208|Anticipo|208|Payment|13636077.00|2
EMPTM|1 Restaurante|1|1-Restaurante|22|Rosmar|Arevalo|606680003|Consignacion|209|Consignacion|209|Payment|3815546.00|1
EMPTM|1 Restaurante|1|1-Restaurante|22|María Isabel|Chica Medina|606630018|Contado|102|Contado|102|Payment|0.00|0
EMPTM|1 Restaurante|1|1-Restaurante|22|Moises|Cotes|606630037|Contado|102|Contado|102|Payment|0.00|0
EMPTM|1 Restaurante|1|1-Restaurante|22|Karem|Lopez|606630046|Contado|102|Contado|102|Payment|0.00|0
EMPTM|1 Restaurante|1|1-Restaurante|22|Evelyn|Genes|606630056|Contado|102|Contado|102|Payment|0.00|0
EMPTM|1 Restaurante|1|1-Restaurante|22|Jhonatan|Gutierrez|606630059|Contado|102|Contado|102|Payment|0.00|0
EMPTM|1 Restaurante|1|1-Restaurante|22|Winder|Castaño|606630063|Contado|102|Contado|102|Payment|0.00|0
EMPTM|1 Restaurante|1|1-Restaurante|22|Esther|Gonzalez|606630064|Contado|102|Contado|102|Payment|0.00|0
EMPTM|1 Restaurante|1|1-Restaurante|22|Alvaro|Viloria|606630065|Contado|102|Contado|102|Payment|0.00|0
EMPTM|1 Restaurante|1|1-Restaurante|22|Camilo|Tangarife|606670018|Contado|102|Contado|102|Payment|0.00|0
EMPTM|1 Restaurante|1|1-Restaurante|22|Valentina|Rodriguez|606630077|Contado|102|Contado|102|Payment|0.00|0
EMPTM|1 Restaurante|1|1-Restaurante|22|Hector|Diaz|606680011|Efectivo |101|Efectivo |101|Payment|690000.00|13
EMPTM|1 Restaurante|1|1-Restaurante|22|Hector|Diaz|606680011|Contado|102|Contado|102|Payment|0.00|0
EMPTM|1 Restaurante|1|1-Restaurante|22|Hector|Diaz|606680011|American Express|201|American Express|201|Payment|60000.00|1
EMPTM|1 Restaurante|1|1-Restaurante|22|Hector|Diaz|606680011|Master Card|202|Master Card|202|Payment|900000.00|11
EMPTM|1 Restaurante|1|1-Restaurante|22|Hector|Diaz|606680011|Visa|204|Visa|204|Payment|1140000.00|18
EMPTM|1 Restaurante|1|1-Restaurante|22|Karem |Lopez |606650010|Contado|102|Contado|102|Payment|0.00|0
EMPTM|1 Restaurante|1|1-Restaurante|22|Jose|Cerchar Colon|302270005|Efectivo |101|Efectivo |101|Payment|180000.00|2
EMPTM|1 Restaurante|1|1-Restaurante|22|Jose|Cerchar Colon|302270005|American Express|201|American Express|201|Payment|60000.00|1
EMPTM|1 Restaurante|1|1-Restaurante|22|Jose|Cerchar Colon|302270005|Master Card|202|Master Card|202|Payment|300000.00|5
EMPTM|1 Restaurante|1|1-Restaurante|22|Jose|Cerchar Colon|302270005|Visa|204|Visa|204|Payment|180000.00|4
EMPTM|1 Restaurante|1|1-Restaurante|22|Leonardo de Jesus|Avila Perez|112|Contado|102|Contado|102|Payment|0.00|0
EMPOTSLS|1 Restaurante|1|1-Restaurante|22|Jose|Cerchar Colon|302270005|Para Aqui|1|Para Aqui|1|10|4|0|0|478990.00|0.00|0.00|0|0.00|0|0.00|0.00|0|0.00|0|0.00|0|0.00|0|0.00|0|0.00|0|0.00|0|0.00|0|0.00|0.00|478990.00
EMPOTSLS|1 Restaurante|1|1-Restaurante|22|Gleiner|Montiel Rocha|606630008|Para Aqui|1|Para Aqui|1|22|81|0|0|19924046.00|0.00|0.00|0|0.00|0|0.00|0.00|0|0.00|0|0.00|0|0.00|0|0.00|0|0.00|0|0.00|0|0.00|0|0.00|0.00|19924046.00
EMPOTSLS|1 Restaurante|1|1-Restaurante|22|Juliander Alexander |Lara Muñoz|606630012|Para Aqui|1|Para Aqui|1|5|22|0|0|9921836.00|0.00|0.00|0|0.00|0|0.00|0.00|0|0.00|0|0.00|0|0.00|0|0.00|0|0.00|0|0.00|0|0.00|0|0.00|0.00|9921836.00
EMPOTSLS|1 Restaurante|1|1-Restaurante|22|Moises|Cotes|606630037|Para Aqui|1|Para Aqui|1|16|55|0|0|6064613.00|0.00|0.00|0|0.00|0|0.00|0.00|0|0.00|0|0.00|0|0.00|0|0.00|0|0.00|0|0.00|0|0.00|0|0.00|0.00|6064613.00
EMPOTSLS|1 Restaurante|1|1-Restaurante|22|Jhonatan|Gutierrez|606630059|Para Aqui|1|Para Aqui|1|29|55|0|0|8535124.00|0.00|0.00|0|0.00|0|0.00|0.00|0|0.00|0|0.00|0|0.00|0|0.00|0|0.00|0|0.00|0|0.00|0|0.00|0.00|8535124.00
EMPOTSLS|1 Restaurante|1|1-Restaurante|22|Valentina|Rodriguez|606630077|Para Aqui|1|Para Aqui|1|27|62|0|0|14839266.00|0.00|0.00|0|0.00|0|0.00|0.00|0|0.00|0|0.00|0|0.00|0|0.00|0|0.00|0|0.00|0|0.00|0|0.00|0.00|14839266.00
EMPOTSLS|1 Restaurante|1|1-Restaurante|22|Winder|Castaño|606630063|Para Aqui|1|Para Aqui|1|3|6|0|0|54118.00|0.00|0.00|0|0.00|0|0.00|0.00|0|0.00|0|0.00|0|0.00|0|0.00|0|0.00|0|0.00|0|0.00|0|0.00|0.00|54118.00
EMPOTSLS|1 Restaurante|1|1-Restaurante|22|Esther|Gonzalez|606630064|Para Aqui|1|Para Aqui|1|4|9|0|0|262435.00|0.00|0.00|0|0.00|0|0.00|0.00|0|0.00|0|0.00|0|0.00|0|0.00|0|0.00|0|0.00|0|0.00|0|0.00|0.00|262435.00
EMPOTSLS|1 Restaurante|1|1-Restaurante|22|Camilo|Tangarife|606670018|Para Aqui|1|Para Aqui|1|5|4|0|0|1166639.00|0.00|0.00|0|0.00|0|0.00|0.00|0|0.00|0|0.00|0|0.00|0|0.00|0|0.00|0|0.00|0|0.00|0|0.00|0.00|1166639.00
EMPOTSLS|3 Eventos|3|3-Eventos|23|Yasser Enrique|Ortiz Pacheco|606680002|Para Aqui|1|Para Aqui|1|1|2|0|0|11492731.00|0.00|0.00|0|0.00|0|0.00|0.00|0|0.00|0|0.00|0|0.00|0|0.00|0|0.00|0|0.00|0|0.00|0|0.00|0.00|11492731.00
EMPOTSLS|1 Restaurante|1|1-Restaurante|22|Karem|Lopez|606630046|Para Aqui|1|Para Aqui|1|4|10|0|0|69749.00|0.00|0.00|0|0.00|0|0.00|0.00|0|0.00|0|0.00|0|0.00|0|0.00|0|0.00|0|0.00|0|0.00|0|0.00|0.00|69749.00
EMPOTSLS|1 Restaurante|1|1-Restaurante|22|Leonardo de Jesus|Avila Perez|112|Para Aqui|1|Para Aqui|1|3|6|0|0|86638.00|0.00|0.00|0|0.00|0|0.00|0.00|0|0.00|0|0.00|0|0.00|0|0.00|0|0.00|0|0.00|0|0.00|0|0.00|0.00|86638.00
EMPOTSLS|1 Restaurante|1|1-Restaurante|22|Evelyn|Genes|606630056|Para Aqui|1|Para Aqui|1|4|5|0|0|46135.00|0.00|0.00|0|0.00|0|0.00|0.00|0|0.00|0|0.00|0|0.00|0|0.00|0|0.00|0|0.00|0|0.00|0|0.00|0.00|46135.00
EMPOTSLS|1 Restaurante|1|1-Restaurante|22|Alvaro|Viloria|606630065|Para Aqui|1|Para Aqui|1|16|55|0|0|8377350.00|0.00|0.00|0|0.00|0|0.00|0.00|0|0.00|0|0.00|0|0.00|0|0.00|0|0.00|0|0.00|0|0.00|0|0.00|0.00|8377350.00
EMPOTSLS|1 Restaurante|1|1-Restaurante|22|Karem |Lopez |606650010|Para Aqui|1|Para Aqui|1|2|11|0|0|1224372.00|0.00|0.00|0|0.00|0|0.00|0.00|0|0.00|0|0.00|0|0.00|0|0.00|0|0.00|0|0.00|0|0.00|0|0.00|0.00|1224372.00
EMPOTSLS|1 Restaurante|1|1-Restaurante|22|Viviana|Maldonado M.|606670017|Para Aqui|1|Para Aqui|1|4|9|0|0|509322.00|0.00|0.00|0|0.00|0|0.00|0.00|0|0.00|0|0.00|0|0.00|0|0.00|0|0.00|0|0.00|0|0.00|0|0.00|0.00|509322.00
EMPOTSLS|1 Restaurante|1|1-Restaurante|22|Rosmar|Arevalo|606680003|Para Aqui|1|Para Aqui|1|3|2|0|0|126052.00|0.00|0.00|0|0.00|0|0.00|0.00|0|0.00|0|0.00|0|0.00|0|0.00|0|0.00|0|0.00|0|0.00|0|0.00|0.00|126052.00
EMPOTSLS|1 Restaurante|1|1-Restaurante|22|Hector|Diaz|606680011|Para Aqui|1|Para Aqui|1|35|0|0|0|2344530.00|0.00|0.00|0|0.00|0|0.00|0.00|0|0.00|0|0.00|0|0.00|0|0.00|0|0.00|0|0.00|0|0.00|0|0.00|0.00|2344530.00
EMPOTSLS|1 Restaurante|1|1-Restaurante|22|Marilin Paola|Zabaleta Cuellar|606630003|Para Aqui|1|Para Aqui|1|29|81|0|0|11864069.00|0.00|0.00|0|0.00|0|0.00|0.00|0|0.00|0|0.00|0|0.00|0|0.00|0|0.00|0|0.00|0|0.00|0|0.00|0.00|11864069.00
EMPOTSLS|1 Restaurante|1|1-Restaurante|22|María Isabel|Chica Medina|606630018|Para Aqui|1|Para Aqui|1|12|85|0|0|4610088.00|0.00|0.00|0|0.00|0|0.00|0.00|0|0.00|0|0.00|0|0.00|0|0.00|0|0.00|0|0.00|0|0.00|0|0.00|0.00|4610088.00
EMPOTSLS|1 Restaurante|1|1-Restaurante|22|Pedro|Carrero|606630050|Para Aqui|1|Para Aqui|1|2|2|0|0|386389.00|0.00|0.00|0|0.00|0|0.00|0.00|0|0.00|0|0.00|0|0.00|0|0.00|0|0.00|0|0.00|0|0.00|0|0.00|0.00|386389.00
