EMPID|Andr1234|Andres Plaza Santafe|20241215|20241215|20250116|122209|2.00|2.00|Simphony|19.7.2
EMP|Restaurante|1|Restaurante|1|Danna Carolina|Bueno|90000002|76|155|0|0|10287725.00|983435.00|-507867.00|23|0.00|0|-111354.00|4.00|516300.00|24|0.00|0|59874.00|5|12094139.00|77|12333744.00|73|0.00|0|0.00|0|0.00|1003740.00|0.00|0|10287725.00|0.00|0.00|10287725.00
EMP|Almacen|2|Almacen|40|Danna Carolina|Bueno|90000002|0|0|0|0|0.00|0.00|0.00|0|0.00|0|0.00|0.00|0.00|0|0.00|0|20000.00|1|0.00|0|0.00|0|0.00|0|0.00|0|0.00|0.00|0.00|0|0.00|0.00|0.00|0.00
EMP|Domicilios|20|Domicilios|20|Danna Carolina|Bueno|90000002|10|0|0|0|239358.00|0.00|0.00|0|0.00|0|0.00|0.00|23100.00|3|0.00|0|46800.00|2|258500.00|10|258500.00|10|0.00|0|0.00|0|0.00|0.00|0.00|0|239358.00|0.00|0.00|239358.00
EMP|Plataformas|21|Plataformas|21|Danna Carolina|Bueno|90000002|1|0|0|0|46481.00|0.00|0.00|0|0.00|0|0.00|0.00|0.00|0|0.00|0|0.00|0|50200.00|1|50200.00|1|0.00|0|0.00|0|0.00|0.00|0.00|0|46481.00|0.00|0.00|46481.00
EMP|Restaurante|1|Restaurante|1|Marisol|Suarique|90000004|6|24|0|0|604353.00|55870.00|0.00|0|0.00|0|-4565.00|0.00|72100.00|4|0.00|0|0.00|0|708570.00|6|708570.00|6|0.00|0|0.00|0|0.00|55870.00|0.00|0|604353.00|0.00|0.00|604353.00
EMP|Almacen|2|Almacen|40|Marisol|Suarique|90000004|1|0|0|0|114288.00|0.00|0.00|0|0.00|0|0.00|0.00|0.00|0|0.00|0|0.00|1|136000.00|1|136000.00|1|0.00|0|0.00|0|0.00|0.00|0.00|0|114288.00|0.00|0.00|114288.00
EMP|Restaurante|1|Restaurante|1|dispo|dispo|90000005|107|216|0|0|14284497.00|1299221.00|-474628.00|46|0.00|0|-223720.00|-12.00|330400.00|25|0.00|0|0.00|3|16726409.00|107|16637145.00|99|0.00|0|0.00|0|0.00|1291657.00|0.00|0|14284497.00|0.00|0.00|14284497.00
EMP|Domicilios|20|Domicilios|20|dispo|dispo|90000005|11|0|0|0|218252.00|0.00|0.00|0|0.00|0|0.00|0.00|0.00|0|0.00|0|0.00|1|236100.00|11|236100.00|11|0.00|0|0.00|0|0.00|0.00|0.00|0|223152.00|-4900.00|-4900.00|218252.00
EMP|Plataformas|21|Plataformas|21|dispo|dispo|90000005|10|0|0|0|620560.00|0.00|-11112.00|2|0.00|0|-888.00|0.00|67100.00|5|0.00|0|89100.00|1|670200.00|10|670200.00|10|0.00|0|0.00|0|0.00|0.00|0.00|0|620560.00|0.00|0.00|620560.00
EMP|Restaurante|1|Restaurante|1|Milton|Benavides Deiva|80000005|8|6|0|0|388985.00|38897.00|-36463.00|2|0.00|0|-2652.00|0.00|0.00|0|0.00|0|0.00|0|458997.00|8|308656.00|4|0.00|0|0.00|0|0.00|26156.00|0.00|0|388985.00|0.00|0.00|388985.00
EMP|Plataformas|21|Plataformas|21|Milton|Benavides Deiva|80000005|1|0|0|0|88426.00|0.00|0.00|0|0.00|0|0.00|0.00|40500.00|1|0.00|0|0.00|0|95500.00|1|95500.00|1|0.00|0|0.00|0|0.00|0.00|0.00|0|88426.00|0.00|0.00|88426.00
EMPSHFT|Restaurante|1|Restaurante|1|Milton|Benavides Deiva|80000005|1| |0| |0|CAPS|1|0|0.00|0.00|0.00|0.00|0|0|0.00|0|0.00|0|0.00|0|0.00|0|0.00|0|0|0|13703.00|0|13703.00|2|0.00|0|116897.00|0.00|0.00|0.00|0.00|0.00|0.00|0.00|0.00|0.00|0|161703.00|2|0.00|0|0.00|0|0.00|0.00|0|0.00
EMPSHFT|Restaurante|1|Restaurante|1|Milton|Benavides Deiva|80000005|1| |0| |0|CAFETERIA|2|0|202965.00|0.00|0.00|20296.00|7|3|0.00|0|-36463.00|2|0.00|0|0.00|0|0.00|0|0|0|12453.00|0|12453.00|1|0.00|0|191992.00|0.00|0.00|0.00|0.00|0.00|16235.00|-2652.00|278611.00|239496.00|7|146953.00|2|0.00|0|0.00|0|0.00|0.00|0|0.00
EMPSHFT|Plataformas|21|Plataformas|21|Milton|Benavides Deiva|80000005|1| |0| |0|ASADERO|3|0|88426.00|0.00|0.00|0.00|1|0|0.00|0|0.00|0|0.00|0|40500.00|1|0.00|0|0|0|0.00|0|0.00|0|0.00|0|0.00|0.00|0.00|0.00|0.00|0.00|7074.00|0.00|95500.00|95500.00|1|95500.00|1|0.00|0|0.00|0|0.00|0.00|0|0.00
EMPSHFT|Restaurante|1|Restaurante|1|Milton|Benavides Deiva|80000005|1| |0| |0|ASADERO|3|0|186020.00|0.00|0.00|18601.00|1|3|0.00|0|0.00|0|0.00|0|0.00|0|0.00|0|0|0|0.00|0|0.00|0|0.00|0|0.00|0.00|0.00|0.00|0.00|0.00|14880.00|0.00|219501.00|219501.00|1|0.00|0|0.00|0|0.00|0|0.00|0.00|0|0.00
EMPSHFT|Restaurante|1|Restaurante|1|Danna Carolina|Bueno|90000002|1| |0| |0|ASADERO|3|0|0.00|0.00|0.00|0.00|0|0|0.00|0|0.00|0|0.00|0|0.00|0|0.00|0|0|0|35398.00|0|35398.00|2|0.00|0|0.00|0.00|0.00|0.00|0.00|0.00|0.00|0.00|0.00|0.00|0|417698.00|2|0.00|0|0.00|0|0.00|0.00|0|0.00
EMPSHFT|Restaurante|1|Restaurante|1|Danna Carolina|Bueno|90000002|1| |0| |0|CAFETERIA|2|0|2137050.00|0.00|0.00|211177.00|28|43|0.00|0|-262981.00|15|0.00|0|107300.00|8|0.00|0|0|0|487235.00|0|487235.00|39|0.00|0|4883043.00|0.00|0.00|0.00|0.00|0.00|170950.00|-53099.00|2835257.00|2519178.00|29|5776736.00|42|0.00|0|0.00|0|1.00|0.00|0|0.00
EMPSHFT|Domicilios|20|Domicilios|20|Danna Carolina|Bueno|90000002|1| |0| |0|CAFETERIA|2|0|64820.00|0.00|0.00|0.00|9|0|0.00|0|0.00|0|0.00|0|0.00|0|0.00|0|0|0|0.00|0|0.00|0|0.00|0|239358.00|0.00|0.00|0.00|0.00|0.00|5180.00|0.00|70000.00|70000.00|9|70000.00|9|0.00|0|0.00|0|0.00|0.00|0|0.00
EMPSHFT|Plataformas|21|Plataformas|21|Danna Carolina|Bueno|90000002|1| |0| |0|CAFETERIA|2|0|46481.00|0.00|0.00|0.00|1|0|0.00|0|0.00|0|0.00|0|0.00|0|0.00|0|0|0|0.00|0|0.00|0|0.00|0|0.00|0.00|0.00|0.00|0.00|0.00|3719.00|0.00|50200.00|50200.00|1|0.00|0|0.00|0|0.00|0|0.00|0.00|0|0.00
EMPSHFT|Domicilios|20|Domicilios|20|Danna Carolina|Bueno|90000002|1| |0| |0|CAPS|1|0|174538.00|0.00|0.00|0.00|1|0|0.00|0|0.00|0|0.00|0|23100.00|3|0.00|0|0|0|0.00|0|0.00|0|0.00|0|0.00|0.00|0.00|0.00|0.00|0.00|13962.00|0.00|188500.00|188500.00|1|188500.00|1|0.00|0|0.00|0|0.00|0.00|0|0.00
EMPSHFT|Plataformas|21|Plataformas|21|Danna Carolina|Bueno|90000002|1| |0| |0|CAPS|1|0|0.00|0.00|0.00|0.00|0|0|0.00|0|0.00|0|0.00|0|0.00|0|0.00|0|0|0|0.00|0|0.00|0|0.00|0|0.00|0.00|0.00|0.00|0.00|0.00|0.00|0.00|0.00|0.00|0|50200.00|1|0.00|0|0.00|0|0.00|0.00|0|0.00
EMPSHFT|Restaurante|1|Restaurante|1|Danna Carolina|Bueno|90000002|1| |0| |0|CAPS|1|0|8150675.00|0.00|0.00|772258.00|48|112|0.00|0|-244886.00|8|0.00|0|409000.00|16|0.00|0|0|0|481107.00|0|481107.00|27|0.00|0|6713960.00|0.00|0.00|0.00|0.00|0.00|652025.00|-58255.00|9878099.00|9574961.00|48|6139310.00|29|0.00|0|0.00|0|3.00|0.00|0|0.00
EMPSHFT|Almacen|2|Almacen|40|Marisol|Suarique|90000004|1| |0| |0|CAFETERIA|2|0|114288.00|0.00|0.00|0.00|1|0|0.00|0|0.00|0|0.00|0|0.00|0|0.00|0|0|0|0.00|0|0.00|0|0.00|0|114288.00|0.00|0.00|0.00|0.00|0.00|21712.00|0.00|136000.00|136000.00|1|136000.00|1|0.00|0|0.00|0|0.00|0.00|0|0.00
EMPSHFT|Restaurante|1|Restaurante|1|Marisol|Suarique|90000004|1| |0| |0|CAFETERIA|2|0|391021.00|0.00|0.00|34537.00|5|21|0.00|0|0.00|0|0.00|0|25400.00|2|0.00|0|0|0|34537.00|0|34537.00|5|0.00|0|421058.00|0.00|0.00|0.00|0.00|0.00|31279.00|-4565.00|461402.00|456837.00|5|456837.00|5|0.00|0|0.00|0|0.00|0.00|0|0.00
EMPSHFT|Restaurante|1|Restaurante|1|Marisol|Suarique|90000004|1| |0| |0|ASADERO|3|0|213332.00|0.00|0.00|21333.00|1|3|0.00|0|0.00|0|0.00|0|46700.00|2|0.00|0|0|0|21333.00|0|21333.00|1|0.00|0|0.00|0.00|0.00|0.00|0.00|0.00|17068.00|0.00|251733.00|251733.00|1|251733.00|1|0.00|0|0.00|0|0.00|0.00|0|0.00
EMPSHFT|Restaurante|1|Restaurante|1|Marisol|Suarique|90000004|1| |0| |0|CAPS|1|0|0.00|0.00|0.00|0.00|0|0|0.00|0|0.00|0|0.00|0|0.00|0|0.00|0|0|0|0.00|0|0.00|0|0.00|0|234665.00|0.00|0.00|0.00|0.00|0.00|0.00|0.00|0.00|0.00|0|0.00|0|0.00|0|0.00|0|0.00|0.00|0|0.00
EMPSHFT|Domicilios|20|Domicilios|20|dispo|dispo|90000005|1| |0| |0|CAPS|1|0|4630.00|0.00|0.00|0.00|1|0|0.00|0|0.00|0|0.00|0|0.00|0|0.00|0|0|0|0.00|0|0.00|0|0.00|0|4630.00|0.00|0.00|0.00|0.00|0.00|370.00|0.00|5000.00|5000.00|1|5000.00|1|0.00|0|0.00|0|0.00|0.00|0|0.00
EMPSHFT|Domicilios|20|Domicilios|20|dispo|dispo|90000005|1| |0| |0|ASADERO|3|0|9260.00|0.00|0.00|0.00|2|0|0.00|0|0.00|0|0.00|0|0.00|0|0.00|0|0|0|0.00|0|0.00|0|0.00|0|9260.00|0.00|0.00|0.00|0.00|0.00|740.00|0.00|10000.00|10000.00|2|10000.00|2|0.00|0|0.00|0|0.00|0.00|0|0.00
EMPSHFT|Plataformas|21|Plataformas|21|dispo|dispo|90000005|1| |0| |0|ASADERO|3|0|11482.00|0.00|0.00|0.00|2|0|0.00|0|0.00|0|0.00|0|0.00|0|0.00|0|0|0|0.00|0|0.00|0|0.00|0|0.00|0.00|0.00|0.00|0.00|0.00|918.00|0.00|12400.00|12400.00|2|150800.00|1|0.00|0|0.00|0|0.00|0.00|0|0.00
EMPSHFT|Restaurante|1|Restaurante|1|dispo|dispo|90000005|1| |0| |0|CAPS|1|0|1878710.00|0.00|0.00|177349.00|8|20|0.00|0|0.00|0|0.00|0|38600.00|3|0.00|0|0|0|229606.00|0|229606.00|19|0.00|0|8510253.00|0.00|0.00|0.00|0.00|0.00|150290.00|-69812.00|2276161.00|2206349.00|8|2823006.00|14|0.00|0|0.00|0|0.00|0.00|0|0.00
EMPSHFT|Restaurante|1|Restaurante|1|dispo|dispo|90000005|1| |0| |0|CAFETERIA|2|0|12327269.00|0.00|0.00|1114021.00|99|196|0.00|0|-474628.00|46|0.00|0|291800.00|22|0.00|0|0|0|1041246.00|0|1041246.00|75|0.00|0|7121785.00|0.00|0.00|0.00|0.00|0.00|986131.00|-153908.00|15055957.00|14427409.00|99|13568634.00|84|0.00|0|0.00|0|-12.00|0.00|0|0.00
EMPSHFT|Plataformas|21|Plataformas|21|dispo|dispo|90000005|1| |0| |0|CAFETERIA|2|0|609078.00|0.00|0.00|0.00|8|0|0.00|0|-11112.00|2|0.00|0|67100.00|5|0.00|0|0|0|0.00|0|0.00|0|0.00|0|2315.00|0.00|0.00|0.00|0.00|0.00|48722.00|-888.00|669800.00|657800.00|8|519400.00|9|0.00|0|0.00|0|0.00|0.00|0|0.00
EMPSHFT|Restaurante|1|Restaurante|1|dispo|dispo|90000005|1| |0| |0|ASADERO|3|0|78518.00|0.00|0.00|7851.00|0|0|0.00|0|0.00|0|0.00|0|0.00|0|0.00|0|0|0|20805.00|0|20805.00|1|0.00|0|0.00|0.00|0.00|0.00|0.00|0.00|6282.00|0.00|92651.00|92651.00|0|245505.00|1|0.00|0|0.00|0|0.00|0.00|0|0.00
EMPSHFT|Domicilios|20|Domicilios|20|dispo|dispo|90000005|1| |0| |0|CAFETERIA|2|0|204362.00|-4900.00|0.00|0.00|8|0|0.00|0|0.00|0|0.00|0|0.00|0|0.00|0|0|0|0.00|0|0.00|0|0.00|0|204362.00|0.00|0.00|0.00|0.00|0.00|16738.00|0.00|226000.00|221100.00|8|221100.00|8|0.00|0|0.00|0|0.00|0.00|0|0.00
EMPDSC|Domicilios|20|Domicilios|20|dispo|dispo|90000005|Desc. Empleado 20%|8|Desc. Empleado 20%|8|-4900.00|1|-4900.00
EMPTM|Restaurante|1|Restaurante|1|Danna Carolina|Bueno|90000002|Contado|102|Contado|102|Payment|0.00|0
EMPTM|Domicilios|20|Domicilios|20|Danna Carolina|Bueno|90000002|Contado|102|Contado|102|Payment|0.00|0
EMPTM|Restaurante|1|Restaurante|1|Danna Carolina|Bueno|90000002|American Express|201|American Express|201|Payment|388331.00|2
EMPTM|Restaurante|1|Restaurante|1|Danna Carolina|Bueno|90000002|Visa|204|Visa|204|Payment|5211305.00|27
EMPTM|Domicilios|20|Domicilios|20|Danna Carolina|Bueno|90000002|Visa|204|Visa|204|Payment|10000.00|1
EMPTM|Restaurante|1|Restaurante|1|Danna Carolina|Bueno|90000002|Efectivo|101|Efectivo|101|Payment|692820.00|11
EMPTM|Domicilios|20|Domicilios|20|Danna Carolina|Bueno|90000002|Efectivo|101|Efectivo|101|Payment|25000.00|4
EMPTM|Restaurante|1|Restaurante|1|Danna Carolina|Bueno|90000002|Master Card|202|Master Card|202|Payment|10452775.00|61
EMPTM|Domicilios|20|Domicilios|20|Danna Carolina|Bueno|90000002|Master Card|202|Master Card|202|Payment|35000.00|5
EMPTM|Restaurante|1|Restaurante|1|Marisol|Suarique|90000004|Contado|102|Contado|102|Payment|0.00|0
EMPTM|Plataformas|21|Plataformas|21|Marisol|Suarique|90000004|CxC Rappi|210|CxC Rappi|210|Payment|50200.00|1
EMPTM|Restaurante|1|Restaurante|1|Marisol|Suarique|90000004|American Express|201|American Express|201|Payment|0.00|0
EMPTM|Restaurante|1|Restaurante|1|Marisol|Suarique|90000004|Visa|204|Visa|204|Payment|279922.00|1
EMPTM|Restaurante|1|Restaurante|1|Marisol|Suarique|90000004|Efectivo|101|Efectivo|101|Payment|69050.00|2
EMPTM|Restaurante|1|Restaurante|1|Marisol|Suarique|90000004|Master Card|202|Master Card|202|Payment|380767.00|2
EMPTM|Almacen|2|Almacen|40|Marisol|Suarique|90000004|Master Card|202|Master Card|202|Payment|136000.00|1
EMPTM|Restaurante|1|Restaurante|1|dispo|dispo|90000005|Contado|102|Contado|102|Payment|0.00|0
EMPTM|Plataformas|21|Plataformas|21|dispo|dispo|90000005|CxC Rappi|210|CxC Rappi|210|Payment|358400.00|5
EMPTM|Restaurante|1|Restaurante|1|dispo|dispo|90000005|American Express|201|American Express|201|Payment|0.00|0
EMPTM|Restaurante|1|Restaurante|1|dispo|dispo|90000005|Visa|204|Visa|204|Payment|5204944.00|28
EMPTM|Domicilios|20|Domicilios|20|dispo|dispo|90000005|Visa|204|Visa|204|Payment|54800.00|1
EMPTM|Restaurante|1|Restaurante|1|dispo|dispo|90000005|Efectivo|101|Efectivo|101|Payment|2075760.00|33
EMPTM|Domicilios|20|Domicilios|20|dispo|dispo|90000005|Efectivo|101|Efectivo|101|Payment|59800.00|6
EMPTM|Plataformas|21|Plataformas|21|dispo|dispo|90000005|Efectivo|101|Efectivo|101|Payment|2500.00|1
EMPTM|Restaurante|1|Restaurante|1|dispo|dispo|90000005|Master Card|202|Master Card|202|Payment|5232441.00|34
EMPTM|Domicilios|20|Domicilios|20|dispo|dispo|90000005|Master Card|202|Master Card|202|Payment|310000.00|5
EMPTM|Plataformas|21|Plataformas|21|dispo|dispo|90000005|CxC Rappi Plaza|212|CxC Rappi Plaza|212|Payment|158500.00|2
EMPTM|Plataformas|21|Plataformas|21|Milton|Benavides Deiva|80000005|CxC Rappi|210|CxC Rappi|210|Payment|246300.00|2
EMPOTSLS|Almacen|2|Almacen|40|Marisol|Suarique|90000004|Para Aqui|1|Para Aqui|1|1|0|0|0|114288.00|0.00|0.00|0|0.00|0|0.00|0.00|0|0.00|0|0.00|0|0.00|0|0.00|0|0.00|0|0.00|0|0.00|0|0.00|0.00|114288.00
EMPOTSLS|Restaurante|1|Restaurante|1|dispo|dispo|90000005|Para Aqui|1|Para Aqui|1|107|216|0|0|14284497.00|0.00|0.00|0|0.00|0|0.00|0.00|0|0.00|0|0.00|0|0.00|0|0.00|0|0.00|0|0.00|0|0.00|0|0.00|0.00|14284497.00
EMPOTSLS|Plataformas|21|Plataformas|21|dispo|dispo|90000005|Domicilios|7|Domicilios|7|9|0|0|0|540837.00|0.00|0.00|0|0.00|0|0.00|0.00|0|0.00|0|0.00|0|0.00|0|0.00|0|0.00|0|0.00|0|0.00|0|0.00|0.00|540837.00
EMPOTSLS|Restaurante|1|Restaurante|1|Milton|Benavides Deiva|80000005|Para Aqui|1|Para Aqui|1|8|6|0|0|388985.00|0.00|0.00|0|0.00|0|0.00|0.00|0|0.00|0|0.00|0|0.00|0|0.00|0|0.00|0|0.00|0|0.00|0|0.00|0.00|388985.00
EMPOTSLS|Plataformas|21|Plataformas|21|Milton|Benavides Deiva|80000005|Domicilios|7|Domicilios|7|1|0|0|0|88426.00|0.00|0.00|0|0.00|0|0.00|0.00|0|0.00|0|0.00|0|0.00|0|0.00|0|0.00|0|0.00|0|0.00|0|0.00|0.00|88426.00
EMPOTSLS|Plataformas|21|Plataformas|21|Danna Carolina|Bueno|90000002|Domicilios|7|Domicilios|7|1|0|0|0|46481.00|0.00|0.00|0|0.00|0|0.00|0.00|0|0.00|0|0.00|0|0.00|0|0.00|0|0.00|0|0.00|0|0.00|0|0.00|0.00|46481.00
EMPOTSLS|Domicilios|20|Domicilios|20|Danna Carolina|Bueno|90000002|Para Aqui|1|Para Aqui|1|10|0|0|0|239358.00|0.00|0.00|0|0.00|0|0.00|0.00|0|0.00|0|0.00|0|0.00|0|0.00|0|0.00|0|0.00|0|0.00|0|0.00|0.00|239358.00
EMPOTSLS|Domicilios|20|Domicilios|20|dispo|dispo|90000005|Para Aqui|1|Para Aqui|1|9|0|0|0|144455.00|0.00|0.00|0|0.00|0|0.00|0.00|0|0.00|0|0.00|0|0.00|0|0.00|0|0.00|0|0.00|0|0.00|0|0.00|0.00|144455.00
EMPOTSLS|Restaurante|1|Restaurante|1|Danna Carolina|Bueno|90000002|Para Aqui|1|Para Aqui|1|76|155|0|0|10287725.00|0.00|0.00|0|0.00|0|0.00|0.00|0|0.00|0|0.00|0|0.00|0|0.00|0|0.00|0|0.00|0|0.00|0|0.00|0.00|10287725.00
EMPOTSLS|Domicilios|20|Domicilios|20|dispo|dispo|90000005|Para Llevar|2|Para Llevar|2|2|0|0|0|73797.00|0.00|0.00|0|0.00|0|0.00|0.00|0|0.00|0|0.00|0|0.00|0|0.00|0|0.00|0|0.00|0|0.00|0|0.00|0.00|73797.00
EMPOTSLS|Restaurante|1|Restaurante|1|Marisol|Suarique|90000004|Para Aqui|1|Para Aqui|1|6|24|0|0|604353.00|0.00|0.00|0|0.00|0|0.00|0.00|0|0.00|0|0.00|0|0.00|0|0.00|0|0.00|0|0.00|0|0.00|0|0.00|0.00|604353.00
EMPOTSLS|Plataformas|21|Plataformas|21|dispo|dispo|90000005|Para Aqui|1|Para Aqui|1|1|0|0|0|79723.00|0.00|0.00|0|0.00|0|0.00|0.00|0|0.00|0|0.00|0|0.00|0|0.00|0|0.00|0|0.00|0|0.00|0|0.00|0.00|79723.00
