EMPID|AHP|Andres Hyatt Place|20241221|20241221|20250122|122223|2.00|2.00|Simphony|19.7.2
EMP|1-Restautante|1|1-Restautante|28|Sara|Cardenas Buitrago|270000410|20|19|0|0|8615967.00|0.00|-285714.00|2|0.00|0|-60152.00|0.00|240000.00|2|0.00|0|340000.00|1|10264100.00|20|10272100.00|20|0.00|0|0.00|0|0.00|0.00|0.00|0|8674622.00|-58655.00|-58655.00|8615967.00
EMP|1-Restautante|1|1-Restautante|28|Yency Lorena|Moreno|220000414|2|1|0|0|391176.00|39117.00|-8319.00|2|0.00|0|-1438.00|0.00|15200.00|2|0.00|0|0.00|0|504617.00|2|504617.00|2|0.00|0|0.00|0|0.00|39117.00|0.00|0|391176.00|0.00|0.00|391176.00
EMP|1-Restautante|1|1-Restautante|28|Joseph Stiven|Segura Lopez|220000415|7|7|0|0|690840.00|66848.00|0.00|0|0.00|0|-1563.00|-1.00|10100.00|2|0.00|0|0.00|0|888947.00|7|880947.00|6|0.00|0|0.00|0|0.00|66848.00|0.00|0|690840.00|0.00|0.00|690840.00
EMP|1-Restautante|1|1-Restautante|28|Juan Sebastian|Rey Navarro|100|7|12|0|0|404119.00|23252.00|0.00|0|0.00|0|-17159.00|-1.00|0.00|0|0.00|0|0.00|1|504151.00|7|504151.00|7|0.00|0|0.00|0|0.00|23252.00|0.00|0|404119.00|0.00|0.00|404119.00
EMPSHFT|1-Restautante|1|1-Restautante|28|Juan Sebastian|Rey Navarro|100|1| |0| |0|PRINCIPAL|4|0|206220.00|0.00|0.00|20623.00|3|4|0.00|0|0.00|0|0.00|0|0.00|0|0.00|0|0|0|0.00|0|0.00|0|0.00|0|0.00|0.00|0.00|0.00|0.00|0.00|39180.00|0.00|266023.00|266023.00|3|0.00|0|0.00|0|0.00|0|0.00|0.00|0|0.00
EMPSHFT|1-Restautante|1|1-Restautante|28|Juan Sebastian|Rey Navarro|100|1| |0| |0|BARRA |3|0|197899.00|0.00|0.00|19788.00|4|8|0.00|0|0.00|0|0.00|0|0.00|0|0.00|0|0|0|11017.00|0|11017.00|1|0.00|0|0.00|0.00|0.00|0.00|0.00|0.00|37601.00|0.00|255288.00|255288.00|4|142117.00|1|0.00|0|0.00|0|0.00|0.00|0|0.00
EMPSHFT|1-Restautante|1|1-Restautante|28|Juan Sebastian|Rey Navarro|100|1| |0| |0|CAPS|1|0|0.00|0.00|0.00|-17159.00|0|0|0.00|0|0.00|0|0.00|0|0.00|0|0.00|0|0|0|12235.00|0|12235.00|3|0.00|0|427370.00|0.00|0.00|0.00|0.00|0.00|0.00|-17159.00|0.00|-17160.00|0|362034.00|6|0.00|0|0.00|0|-1.00|0.00|0|0.00
EMPSHFT|1-Restautante|1|1-Restautante|28|Yency Lorena|Moreno|220000414|1| |0| |0|CAPS|1|0|11681.00|0.00|0.00|1168.00|0|0|0.00|0|0.00|0|0.00|0|0.00|0|0.00|0|0|0|39117.00|0|39117.00|1|0.00|0|430293.00|0.00|0.00|0.00|0.00|0.00|2219.00|0.00|15068.00|15068.00|0|504617.00|1|0.00|0|0.00|0|0.00|0.00|0|0.00
EMPSHFT|1-Restautante|1|1-Restautante|28|Yency Lorena|Moreno|220000414|1| |0| |0|BARRA |3|0|86722.00|0.00|0.00|8673.00|0|-1|0.00|0|-8319.00|2|0.00|0|0.00|0|0.00|0|0|0|0.00|0|0.00|0|0.00|0|0.00|0.00|0.00|0.00|0.00|0.00|16478.00|-1437.00|121629.00|111873.00|0|0.00|1|0.00|0|0.00|0|0.00|0.00|0|0.00
EMPSHFT|1-Restautante|1|1-Restautante|28|Yency Lorena|Moreno|220000414|1| |0| |0|PRINCIPAL|4|0|292773.00|0.00|0.00|29276.00|2|2|0.00|0|0.00|0|0.00|0|15200.00|2|0.00|0|0|0|0.00|0|0.00|0|0.00|0|0.00|0.00|0.00|0.00|0.00|0.00|55627.00|-1.00|377677.00|377676.00|2|0.00|0|0.00|0|0.00|0|0.00|0.00|0|0.00
EMPSHFT|1-Restautante|1|1-Restautante|28|Joseph Stiven|Segura Lopez|220000415|1| |0| |0|BARRA |3|0|307564.00|0.00|0.00|30084.00|3|3|0.00|0|0.00|0|0.00|0|10100.00|2|0.00|0|0|0|16092.00|0|16092.00|1|0.00|0|0.00|0.00|0.00|0.00|0.00|0.00|58436.00|0.00|396084.00|396084.00|3|207592.00|1|0.00|0|0.00|0|0.00|0.00|0|0.00
EMPSHFT|1-Restautante|1|1-Restautante|28|Joseph Stiven|Segura Lopez|220000415|1| |0| |0|CAPS|1|0|0.00|0.00|0.00|-1563.00|0|0|0.00|0|0.00|0|0.00|0|0.00|0|0.00|0|0|0|50756.00|0|50756.00|4|0.00|0|750964.00|0.00|0.00|0.00|0.00|0.00|0.00|-1563.00|0.00|-1564.00|0|673355.00|5|0.00|0|0.00|0|-1.00|0.00|0|0.00
EMPSHFT|1-Restautante|1|1-Restautante|28|Joseph Stiven|Segura Lopez|220000415|1| |0| |0|PRINCIPAL|4|0|383276.00|0.00|0.00|38327.00|4|4|0.00|0|0.00|0|0.00|0|0.00|0|0.00|0|0|0|0.00|0|0.00|0|0.00|0|0.00|0.00|0.00|0.00|0.00|0.00|72824.00|0.00|494427.00|494427.00|4|0.00|0|0.00|0|0.00|0|0.00|0.00|0|0.00
EMPSHFT|1-Restautante|1|1-Restautante|28|Sara|Cardenas Buitrago|270000410|1| |0| |0|BARRA |3|0|1261.00|0.00|0.00|0.00|0|0|0.00|0|0.00|0|0.00|0|0.00|0|0.00|0|0|0|0.00|0|0.00|0|0.00|0|0.00|0.00|0.00|0.00|0.00|0.00|239.00|0.00|1500.00|1500.00|0|0.00|0|0.00|0|0.00|0|0.00|0.00|0|0.00
EMPSHFT|1-Restautante|1|1-Restautante|28|Sara|Cardenas Buitrago|270000410|1| |0| |0|CAPS|1|0|8614706.00|-58655.00|0.00|0.00|20|19|0.00|0|-285714.00|2|0.00|0|240000.00|2|0.00|0|0|0|0.00|0|0.00|0|0.00|0|34458.00|0.00|0.00|0.00|0.00|0.00|1647939.00|-60152.00|10667166.00|10262600.00|20|10272100.00|20|0.00|0|0.00|0|0.00|0.00|0|0.00
EMPDSC|1-Restautante|1|1-Restautante|28|Sara|Cardenas Buitrago|270000410|Cortesia 100%|3|Cortesia 100%|3|-58655.00|1|-58655.00
EMPTM|1-Restautante|1|1-Restautante|28|Sara|Cardenas Buitrago|270000410|Efectivo |101|Efectivo |101|Payment|400790.00|11
EMPTM|1-Restautante|1|1-Restautante|28|Sara|Cardenas Buitrago|270000410|Master Card|202|Master Card|202|Payment|516572.00|4
EMPTM|1-Restautante|1|1-Restautante|28|Sara|Cardenas Buitrago|270000410|Cuenta X Cobrar|206|Cuenta X Cobrar|206|Payment|11100.00|1
EMPTM|1-Restautante|1|1-Restautante|28|Sara|Cardenas Buitrago|270000410|Visa |204|Visa |204|Payment|1013353.00|4
EMPTM|1-Restautante|1|1-Restautante|28|Sara|Cardenas Buitrago|270000410|Consignacion|209|Consignacion|209|Payment|10220000.00|14
EMPTM|1-Restautante|1|1-Restautante|28|Sara|Cardenas Buitrago|270000410|Contado|102|Contado|102|Payment|0.00|0
EMPTM|1-Restautante|1|1-Restautante|28|Juan Sebastian|Rey Navarro|100|Contado|102|Contado|102|Payment|0.00|0
EMPOTSLS|1-Restautante|1|1-Restautante|28|Juan Sebastian|Rey Navarro|100|Para Aqui|1|Para Aqui|1|7|12|0|0|404119.00|0.00|0.00|0|0.00|0|0.00|0.00|0|0.00|0|0.00|0|0.00|0|0.00|0|0.00|0|0.00|0|0.00|0|0.00|0.00|404119.00
EMPOTSLS|1-Restautante|1|1-Restautante|28|Sara|Cardenas Buitrago|270000410|Para Aqui|1|Para Aqui|1|20|19|0|0|8615967.00|0.00|0.00|0|0.00|0|0.00|0.00|0|0.00|0|0.00|0|0.00|0|0.00|0|0.00|0|0.00|0|0.00|0|0.00|0.00|8615967.00
EMPOTSLS|1-Restautante|1|1-Restautante|28|Joseph Stiven|Segura Lopez|220000415|Para Aqui|1|Para Aqui|1|7|7|0|0|690840.00|0.00|0.00|0|0.00|0|0.00|0.00|0|0.00|0|0.00|0|0.00|0|0.00|0|0.00|0|0.00|0|0.00|0|0.00|0.00|690840.00
EMPOTSLS|1-Restautante|1|1-Restautante|28|Yency Lorena|Moreno|220000414|Para Aqui|1|Para Aqui|1|2|1|0|0|391176.00|0.00|0.00|0|0.00|0|0.00|0.00|0|0.00|0|0.00|0|0.00|0|0.00|0|0.00|0|0.00|0|0.00|0|0.00|0.00|391176.00
