EMPID|APC|Andres Plaza Claro|20241126|20241126|20241228|122203|2.00|2.00|Simphony|19.7.2
EMP|1-Restaurante|1|1-Restaurante|22|Sebastian|Rey|405220007|8|16|0|0|936389.00|91462.00|0.00|0|0.00|0|-2175.00|-6.00|58100.00|3|0.00|0|0.00|1|1205756.00|8|1205756.00|8|0.00|0|0.00|0|0.00|91462.00|0.00|0|936389.00|0.00|0.00|936389.00
EMP|1-Restaurante|1|1-Restaurante|22|Celis|Juan David|405220001|13|22|0|0|2101857.00|175444.00|-129781.00|10|0.00|0|-57156.00|0.00|285400.00|8|0.00|0|0.00|0|2676644.00|13|2676644.00|13|0.00|0|0.00|0|0.00|175444.00|0.00|0|2101857.00|0.00|0.00|2101857.00
EMP|1-Restaurante|1|1-Restaurante|22|Kevin|Sacristar Burger|405270001|3|6|0|0|491513.00|49151.00|0.00|0|0.00|0|0.00|-5.00|68500.00|1|0.00|0|0.00|0|634046.00|3|634046.00|3|0.00|0|0.00|0|0.00|49151.00|0.00|0|491513.00|0.00|0.00|491513.00
EMP|1-Restaurante|1|1-Restaurante|22|Maria Fernanda|Castillo|405220011|8|26|0|0|1763533.00|176350.00|0.00|0|0.00|0|0.00|-2.00|130000.00|2|0.00|0|0.00|0|2274948.00|8|2232346.00|7|0.00|0|0.00|0|0.00|173048.00|0.00|0|1763533.00|0.00|0.00|1763533.00
EMP|1-Restaurante|1|1-Restaurante|22|Camila|Caceres|405220010|14|31|0|0|1954793.00|195478.00|0.00|0|0.00|0|-2059.00|2.00|77500.00|2|0.00|0|0.00|0|2521680.00|14|2521680.00|15|0.00|0|0.00|0|0.00|195478.00|0.00|0|1954793.00|0.00|0.00|1954793.00
EMP|1-Restaurante|1|1-Restaurante|22|Jenny Katerine|Roa|404270001|7|7|0|0|35719.00|3570.00|0.00|0|0.00|0|0.00|6.00|0.00|0|0.00|0|0.00|0|46076.00|8|46076.00|8|0.00|0|0.00|0|0.00|3570.00|0.00|0|35719.00|0.00|0.00|35719.00
EMP|1-Restaurante|1|1-Restaurante|22|Stefania|Sanchez Chacon|78|10|15|0|0|1724123.00|156107.00|-38824.00|4|0.00|0|-23008.00|1.00|76000.00|5|0.00|0|0.00|0|2207808.00|11|2250410.00|10|0.00|0|0.00|0|0.00|159409.00|0.00|0|1724123.00|0.00|0.00|1724123.00
EMPSHFT|1-Restaurante|1|1-Restaurante|22|Stefania|Sanchez Chacon|78|1| |0| |0|PRINCIPAL|4|0|-35295.00|0.00|0.00|-3529.00|0|-1|0.00|0|-38824.00|4|0.00|0|0.00|0|0.00|0|0|0|0.00|0|0.00|0|0.00|0|0.00|0.00|0.00|0.00|0.00|0.00|-6705.00|-6705.00|0.00|-45529.00|0|0.00|0|0.00|0|0.00|0|0.00|0.00|0|0.00
EMPSHFT|1-Restaurante|1|1-Restaurante|22|Stefania|Sanchez Chacon|78|1| |0| |0|BARRA|3|0|1221602.00|0.00|0.00|122159.00|8|16|0.00|0|0.00|0|0.00|0|76000.00|5|0.00|0|0|0|0.00|0|0.00|0|0.00|0|0.00|0.00|0.00|0.00|0.00|0.00|232098.00|0.00|1575859.00|1575859.00|9|0.00|0|0.00|0|0.00|0|0.00|0.00|0|0.00
EMPSHFT|1-Restaurante|1|1-Restaurante|22|Stefania|Sanchez Chacon|78|1| |0| |0|BAR|2|0|537816.00|0.00|0.00|53780.00|0|0|0.00|0|0.00|0|0.00|0|0.00|0|0.00|0|0|0|0.00|0|0.00|0|0.00|0|0.00|0.00|0.00|0.00|0.00|0.00|102184.00|0.00|693780.00|693780.00|0|0.00|0|0.00|0|0.00|0|0.00|0.00|0|0.00
EMPSHFT|1-Restaurante|1|1-Restaurante|22|Stefania|Sanchez Chacon|78|1| |0| |0|CAPS|1|0|0.00|0.00|0.00|-16303.00|2|0|0.00|0|0.00|0|0.00|0|0.00|0|0.00|0|0|0|159409.00|0|159409.00|8|0.00|0|1916557.00|0.00|0.00|0.00|0.00|0.00|0.00|-16303.00|0.00|-16302.00|2|2250410.00|10|0.00|0|0.00|0|1.00|0.00|0|0.00
EMPSHFT|1-Restaurante|1|1-Restaurante|22|Jenny Katerine|Roa|404270001|1| |0| |0|CAPS|1|0|35719.00|0.00|0.00|3570.00|7|7|0.00|0|0.00|0|0.00|0|0.00|0|0.00|0|0|0|3570.00|0|3570.00|7|0.00|0|39295.00|0.00|0.00|0.00|0.00|0.00|6781.00|0.00|46070.00|46076.00|8|46076.00|8|0.00|0|0.00|0|6.00|0.00|0|0.00
EMPSHFT|1-Restaurante|1|1-Restaurante|22|Celis|Juan David|405220001|1| |0| |0|CAPS|1|0|0.00|0.00|0.00|-34739.00|0|0|0.00|0|0.00|0|0.00|0|0.00|0|0.00|0|0|0|175444.00|0|175444.00|8|0.00|0|2277301.00|0.00|0.00|0.00|0.00|0.00|0.00|-34739.00|0.00|-34739.00|0|2676644.00|13|0.00|0|0.00|0|0.00|0.00|0|0.00
EMPSHFT|1-Restaurante|1|1-Restaurante|22|Celis|Juan David|405220001|1| |0| |0|BAR|2|0|918490.00|0.00|0.00|91846.00|5|11|0.00|0|0.00|0|0.00|0|19500.00|1|0.00|0|0|0|0.00|0|0.00|0|0.00|0|0.00|0.00|0.00|0.00|0.00|0.00|174510.00|0.00|1184846.00|1184846.00|5|0.00|0|0.00|0|0.00|0|0.00|0.00|0|0.00
EMPSHFT|1-Restaurante|1|1-Restaurante|22|Celis|Juan David|405220001|1| |0| |0|PRINCIPAL|4|0|689501.00|0.00|0.00|68949.00|7|9|0.00|0|-129781.00|10|0.00|0|228900.00|6|0.00|0|0|0|0.00|0|0.00|0|0.00|0|0.00|0.00|0.00|0.00|0.00|0.00|130999.00|-22417.00|1041647.00|889449.00|7|0.00|0|0.00|0|0.00|0|0.00|0.00|0|0.00
EMPSHFT|1-Restaurante|1|1-Restaurante|22|Celis|Juan David|405220001|1| |0| |0|BARRA|3|0|493866.00|0.00|0.00|49388.00|1|2|0.00|0|0.00|0|0.00|0|37000.00|1|0.00|0|0|0|0.00|0|0.00|0|0.00|0|0.00|0.00|0.00|0.00|0.00|0.00|93834.00|0.00|637088.00|637088.00|1|0.00|0|0.00|0|0.00|0|0.00|0.00|0|0.00
EMPSHFT|1-Restaurante|1|1-Restaurante|22|Sebastian|Rey|405220007|1| |0| |0|CAPS|1|0|0.00|0.00|0.00|-2175.00|0|0|0.00|0|0.00|0|0.00|0|0.00|0|0.00|0|0|0|77185.00|0|77185.00|7|0.00|0|1024650.00|0.00|0.00|0.00|0.00|0.00|0.00|-2175.00|0.00|-2181.00|0|1021579.00|7|0.00|0|0.00|0|-6.00|0.00|0|0.00
EMPSHFT|1-Restaurante|1|1-Restaurante|22|Sebastian|Rey|405220007|1| |0| |0|PRINCIPAL|4|0|156219.00|0.00|0.00|15622.00|3|3|0.00|0|0.00|0|0.00|0|22600.00|1|0.00|0|0|0|14277.00|0|14277.00|1|0.00|0|0.00|0.00|0.00|0.00|0.00|0.00|29681.00|0.00|201522.00|201522.00|3|184177.00|1|0.00|0|0.00|0|0.00|0.00|0|0.00
EMPSHFT|1-Restaurante|1|1-Restaurante|22|Sebastian|Rey|405220007|1| |0| |0|BAR|2|0|544622.00|0.00|0.00|54461.00|3|7|0.00|0|0.00|0|0.00|0|35500.00|2|0.00|0|0|0|0.00|0|0.00|0|0.00|0|0.00|0.00|0.00|0.00|0.00|0.00|103478.00|0.00|702561.00|702561.00|3|0.00|0|0.00|0|0.00|0|0.00|0.00|0|0.00
EMPSHFT|1-Restaurante|1|1-Restaurante|22|Sebastian|Rey|405220007|1| |0| |0|BARRA|3|0|235548.00|0.00|0.00|23554.00|2|6|0.00|0|0.00|0|0.00|0|0.00|0|0.00|0|0|0|0.00|0|0.00|0|0.00|0|0.00|0.00|0.00|0.00|0.00|0.00|44752.00|0.00|303854.00|303854.00|2|0.00|0|0.00|0|0.00|0|0.00|0.00|0|0.00
EMPSHFT|1-Restaurante|1|1-Restaurante|22|Camila|Caceres|405220010|1| |0| |0|BARRA|3|0|537397.00|0.00|0.00|53739.00|3|5|0.00|0|0.00|0|0.00|0|68500.00|1|0.00|0|0|0|0.00|0|0.00|0|0.00|0|0.00|0.00|0.00|0.00|0.00|0.00|102103.00|0.00|693239.00|693239.00|3|0.00|0|0.00|0|0.00|0|0.00|0.00|0|0.00
EMPSHFT|1-Restaurante|1|1-Restaurante|22|Camila|Caceres|405220010|1| |0| |0|PRINCIPAL|4|0|606472.00|0.00|0.00|60646.00|2|4|0.00|0|0.00|0|0.00|0|0.00|0|0.00|0|0|0|16529.00|0|16529.00|1|0.00|0|0.00|0.00|0.00|0.00|0.00|0.00|115228.00|0.00|782346.00|782346.00|2|213229.00|1|0.00|0|0.00|0|0.00|0.00|0|0.00
EMPSHFT|1-Restaurante|1|1-Restaurante|22|Camila|Caceres|405220010|1| |0| |0|CAPS|1|0|0.00|0.00|0.00|0.00|0|0|0.00|0|0.00|0|0.00|0|0.00|0|0.00|0|0|0|178949.00|0|178949.00|15|0.00|0|2203189.00|0.00|0.00|0.00|0.00|0.00|0.00|-2059.00|2059.00|2.00|0|2308451.00|14|0.00|0|0.00|0|2.00|0.00|0|0.00
EMPSHFT|1-Restaurante|1|1-Restaurante|22|Camila|Caceres|405220010|1| |0| |0|BAR|2|0|810924.00|0.00|0.00|81093.00|9|22|0.00|0|0.00|0|0.00|0|9000.00|1|0.00|0|0|0|0.00|0|0.00|0|0.00|0|0.00|0.00|0.00|0.00|0.00|0.00|154076.00|0.00|1046093.00|1046093.00|9|0.00|0|0.00|0|0.00|0|0.00|0.00|0|0.00
EMPSHFT|1-Restaurante|1|1-Restaurante|22|Maria Fernanda|Castillo|405220011|1| |0| |0|CAPS|1|0|0.00|0.00|0.00|0.00|0|0|0.00|0|0.00|0|0.00|0|0.00|0|0.00|0|0|0|173048.00|0|173048.00|7|0.00|0|1903555.00|0.00|0.00|0.00|0.00|0.00|0.00|0.00|0.00|-2.00|0|2232346.00|7|0.00|0|0.00|0|-2.00|0.00|0|0.00
EMPSHFT|1-Restaurante|1|1-Restaurante|22|Maria Fernanda|Castillo|405220011|1| |0| |0|BAR|2|0|288236.00|0.00|0.00|28823.00|0|0|0.00|0|0.00|0|0.00|0|0.00|0|0.00|0|0|0|0.00|0|0.00|0|0.00|0|0.00|0.00|0.00|0.00|0.00|0.00|54764.00|0.00|371823.00|371823.00|0|0.00|0|0.00|0|0.00|0|0.00|0.00|0|0.00
EMPSHFT|1-Restaurante|1|1-Restaurante|22|Maria Fernanda|Castillo|405220011|1| |0| |0|BARRA|3|0|1475297.00|0.00|0.00|147527.00|8|26|0.00|0|0.00|0|0.00|0|130000.00|2|0.00|0|0|0|0.00|0|0.00|0|0.00|0|0.00|0.00|0.00|0.00|0.00|0.00|280303.00|0.00|1903127.00|1903127.00|8|0.00|0|0.00|0|0.00|0|0.00|0.00|0|0.00
EMPSHFT|1-Restaurante|1|1-Restaurante|22|Kevin|Sacristar Burger|405270001|1| |0| |0|BARRA|3|0|491513.00|0.00|0.00|49151.00|3|6|0.00|0|0.00|0|0.00|0|68500.00|1|0.00|0|0|0|0.00|0|0.00|0|0.00|0|0.00|0.00|0.00|0.00|0.00|0.00|93387.00|0.00|634051.00|634051.00|3|0.00|0|0.00|0|0.00|0|0.00|0.00|0|0.00
EMPSHFT|1-Restaurante|1|1-Restaurante|22|Kevin|Sacristar Burger|405270001|1| |0| |0|CAPS|1|0|0.00|0.00|0.00|0.00|0|0|0.00|0|0.00|0|0.00|0|0.00|0|0.00|0|0|0|49151.00|0|49151.00|3|0.00|0|540659.00|0.00|0.00|0.00|0.00|0.00|0.00|0.00|0.00|-5.00|0|634046.00|3|0.00|0|0.00|0|-5.00|0.00|0|0.00
EMPTM|1-Restaurante|1|1-Restaurante|22|Sebastian|Rey|405220007|Contado|102|Contado|102|Payment|0.00|0
EMPTM|1-Restaurante|1|1-Restaurante|22|SEBASTIAN|GARCIA CAVANZO|405260005|Contado|102|Contado|102|Payment|0.00|0
EMPTM|1-Restaurante|1|1-Restaurante|22|Jenny Katerine|Roa|404270001|Contado|102|Contado|102|Payment|0.00|0
EMPTM|1-Restaurante|1|1-Restaurante|22|Jenny Katerine|Roa|404270001|Visa |204|Visa |204|Payment|5143145.00|21
EMPTM|1-Restaurante|1|1-Restaurante|22|Jenny Katerine|Roa|404270001|Efectivo |101|Efectivo |101|Payment|1636310.00|32
EMPTM|1-Restaurante|1|1-Restaurante|22|Jenny Katerine|Roa|404270001|American Express|201|American Express|201|Payment|983116.00|3
EMPTM|1-Restaurante|1|1-Restaurante|22|Jenny Katerine|Roa|404270001|Master Card|202|Master Card|202|Payment|3804387.00|20
EMPOTSLS|1-Restaurante|1|1-Restaurante|22|Stefania|Sanchez Chacon|78|Para Aqui|1|Para Aqui|1|10|15|0|0|1707736.00|0.00|0.00|0|0.00|0|0.00|0.00|0|0.00|0|0.00|0|0.00|0|0.00|0|0.00|0|0.00|0|0.00|0|0.00|0.00|1707736.00
EMPOTSLS|1-Restaurante|1|1-Restaurante|22|Jenny Katerine|Roa|404270001|Para Aqui|1|Para Aqui|1|7|7|0|0|35719.00|0.00|0.00|0|0.00|0|0.00|0.00|0|0.00|0|0.00|0|0.00|0|0.00|0|0.00|0|0.00|0|0.00|0|0.00|0.00|35719.00
EMPOTSLS|1-Restaurante|1|1-Restaurante|22|Stefania|Sanchez Chacon|78|Para Llevar|2|Para Llevar|2|0|0|0|0|16387.00|0.00|0.00|0|0.00|0|0.00|0.00|0|0.00|0|0.00|0|0.00|0|0.00|0|0.00|0|0.00|0|0.00|0|0.00|0.00|16387.00
EMPOTSLS|1-Restaurante|1|1-Restaurante|22|Camila|Caceres|405220010|Para Aqui|1|Para Aqui|1|14|31|0|0|1954793.00|0.00|0.00|0|0.00|0|0.00|0.00|0|0.00|0|0.00|0|0.00|0|0.00|0|0.00|0|0.00|0|0.00|0|0.00|0.00|1954793.00
EMPOTSLS|1-Restaurante|1|1-Restaurante|22|Celis|Juan David|405220001|Para Aqui|1|Para Aqui|1|13|22|0|0|2101857.00|0.00|0.00|0|0.00|0|0.00|0.00|0|0.00|0|0.00|0|0.00|0|0.00|0|0.00|0|0.00|0|0.00|0|0.00|0.00|2101857.00
EMPOTSLS|1-Restaurante|1|1-Restaurante|22|Sebastian|Rey|405220007|Para Aqui|1|Para Aqui|1|8|16|0|0|936389.00|0.00|0.00|0|0.00|0|0.00|0.00|0|0.00|0|0.00|0|0.00|0|0.00|0|0.00|0|0.00|0|0.00|0|0.00|0.00|936389.00
EMPOTSLS|1-Restaurante|1|1-Restaurante|22|Maria Fernanda|Castillo|405220011|Para Aqui|1|Para Aqui|1|8|26|0|0|1763533.00|0.00|0.00|0|0.00|0|0.00|0.00|0|0.00|0|0.00|0|0.00|0|0.00|0|0.00|0|0.00|0|0.00|0|0.00|0.00|1763533.00
EMPOTSLS|1-Restaurante|1|1-Restaurante|22|Kevin|Sacristar Burger|405270001|Para Aqui|1|Para Aqui|1|3|6|0|0|491513.00|0.00|0.00|0|0.00|0|0.00|0.00|0|0.00|0|0.00|0|0.00|0|0.00|0|0.00|0|0.00|0|0.00|0|0.00|0.00|491513.00
