EMPID|MIA|Andres Miami|20241127|20241127|20241229|122218|2.00|2.00|Simphony|19.7.2
EMP|Restaurant|1|Restaurante|1|Daniela|Suarez|44|0|0|0|0|0.00|0.00|0.00|0|0.00|0|0.00|0.00|0.00|0|0.00|0|0.00|3|0.00|1|0.00|1|0.00|0|0.00|0|0.00|0.00|0.00|0|0.00|0.00|0.00|0.00
EMP|Restaurant|1|Restaurante|1|Sara|Diez|47|4|19|0|0|1757.50|372.31|-228.00|2|0.00|0|-17.10|0.00|44.00|2|0.00|0|0.00|0|2287.99|5|2287.99|5|0.00|0|0.00|0|0.00|0.00|0.00|0|1757.50|0.00|0.00|1757.50
EMP|Restaurant|1|Restaurante|1|Natasha|Saposnicof|51|2|13|0|0|457.00|91.40|0.00|0|0.00|0|0.00|0.00|0.00|0|0.00|0|0.00|0|589.53|3|589.53|3|0.00|0|0.00|0|0.00|0.00|0.00|0|457.00|0.00|0.00|457.00
EMP|Restaurant|1|Restaurante|1|Lianyi|Rivero|52|3|23|0|0|1541.00|308.20|0.00|0|0.00|0|0.00|0.00|95.00|7|0.00|0|0.00|0|1987.89|3|1987.89|3|0.00|0|0.00|0|0.00|0.00|0.00|0|1541.00|0.00|0.00|1541.00
EMP|Restaurant|1|Restaurante|1|Anahis|Fumero|53|2|3|0|0|20.00|4.00|0.00|0|0.00|0|0.00|0.00|0.00|0|0.00|0|12.90|3|25.80|2|12.90|1|0.00|0|0.00|0|0.00|0.00|0.00|0|20.00|0.00|0.00|20.00
EMP|Restaurant|1|Restaurante|1|Maria Jose|Garcia|54|2|12|0|0|718.00|267.08|0.00|0|0.00|0|0.00|0.00|19.00|1|0.00|0|0.00|0|1049.70|4|2168.13|4|0.00|0|0.00|0|0.00|0.00|0.00|0|718.00|0.00|0.00|718.00
EMP|Restaurant|1|Restaurante|1|Mariluz|Torres|57|18|36|0|0|3243.25|829.26|-56.40|6|0.00|0|-30.97|0.00|329.00|9|0.00|0|0.00|0|4364.42|19|4609.52|18|0.00|0|0.00|0|0.00|0.00|0.00|0|3335.50|-92.25|-92.25|3243.25
EMP|Restaurant|1|Restaurante|1|Brenda|Quiroga|60|15|68|0|0|3244.50|655.02|-9.60|2|0.00|0|-0.72|0.00|111.00|8|0.00|0|0.00|0|4191.54|15|4191.54|15|0.00|0|0.00|0|0.00|0.00|0.00|0|3244.50|0.00|0.00|3244.50
EMP|Restaurant|1|Restaurante|1|Santiago|Sierra|62|11|27|0|0|1599.00|334.10|-44.40|5|0.00|0|-3.33|0.00|542.50|9|0.00|0|0.00|2|2077.01|12|1750.64|10|0.00|0|0.00|0|0.00|0.00|0.00|0|1599.00|0.00|0.00|1599.00
EMP|Restaurant|1|Restaurante|1|Daniel|Yate|63|0|0|0|0|0.00|0.00|0.00|0|0.00|0|0.00|0.00|0.00|0|0.00|0|0.00|1|0.00|1|0.00|1|0.00|0|0.00|0|0.00|0.00|0.00|0|0.00|0.00|0.00|0.00
EMP|Restaurant|1|Restaurante|1|Luisa Fernanda|Rosales|71|14|12|0|0|415.00|0.00|0.00|0|0.00|0|0.00|0.00|40.00|1|0.00|0|21.80|3|452.35|14|452.35|14|0.00|0|0.00|0|0.00|0.00|0.00|0|415.00|0.00|0.00|415.00
EMP|Restaurant|1|Restaurante|1|Gabriela|Peley|86|0|0|0|0|0.00|0.00|0.00|0|0.00|0|0.00|0.00|0.00|0|0.00|0|0.00|0|0.00|1|0.00|1|0.00|0|0.00|0|0.00|0.00|0.00|0|0.00|0.00|0.00|0.00
EMP|Restaurant|1|Restaurante|1|Manuela|Bermudez|103|7|26|0|0|1885.50|435.34|0.00|0|0.00|0|0.00|0.00|111.00|7|0.00|0|0.00|1|2490.54|7|1466.28|4|0.00|0|0.00|0|0.00|0.00|0.00|0|1885.50|0.00|0.00|1885.50
EMP|Restaurant|1|Restaurante|1|Ana|Fandiño|104|7|10|0|0|594.50|140.56|-3.60|2|0.00|0|-0.27|0.00|11723.00|5|0.00|0|42.57|1|788.57|7|788.57|7|0.00|0|0.00|0|0.00|0.00|0.00|0|594.50|0.00|0.00|594.50
EMP|Restaurant|1|Restaurante|1|Stefanie|Sanchez|105|2|33|0|0|2583.50|529.98|-38.40|4|0.00|0|-2.88|0.00|172.00|8|0.00|0|0.00|0|3346.00|11|3346.00|11|0.00|0|0.00|0|0.00|0.00|0.00|0|2583.50|0.00|0.00|2583.50
EMP|Restaurant|1|Restaurante|1|Gisell|Caballero|106|15|37|0|0|1694.00|359.18|-38.40|4|0.00|0|-2.88|0.00|160.00|8|0.00|0|0.00|0|2205.65|15|2205.65|15|0.00|0|0.00|0|0.00|0.00|0.00|0|1694.00|0.00|0.00|1694.00
EMP|Restaurant|1|Restaurante|1|Kevin|Gonzalez|110|2|2|0|0|28.00|5.60|0.00|0|0.00|0|0.00|0.00|0.00|0|0.00|0|51.60|2|36.12|2|36.12|2|0.00|0|0.00|0|0.00|0.00|0.00|0|28.00|0.00|0.00|28.00
EMP|Restaurant|1|Restaurante|1|Mercedes|Juarez|114|5|16|0|0|1129.50|305.52|-12.00|2|0.00|0|-0.90|0.00|78.00|4|0.00|0|0.00|0|1536.68|5|1536.68|5|0.00|0|0.00|0|0.00|0.00|0.00|0|1129.50|0.00|0.00|1129.50
EMP|Restaurant|1|Restaurante|1|Adianes|Rojas|115|0|1|0|0|3408.00|681.60|0.00|0|0.00|0|0.00|0.00|156.00|8|0.00|0|0.00|0|4396.32|1|4396.32|1|0.00|0|0.00|0|0.00|0.00|0.00|0|3408.00|0.00|0.00|3408.00
EMP|Restaurant|1|Restaurante|1|Paula|Moreno|116|10|31|0|0|1711.50|358.03|-51.60|6|0.00|0|-3.87|0.00|626.50|10|0.00|0|0.00|1|2223.58|10|2223.58|10|0.00|0|0.00|0|0.00|0.00|0.00|0|1711.50|0.00|0.00|1711.50
EMPSHFT|Restaurant|1|Restaurante|1|Daniela|Suarez|44|1| |0| |0|Joy|1|0|50.00|0.00|0.00|10.00|2|0|0.00|0|0.00|0|0.00|0|20.00|2|0.00|0|0|0|0.00|0|0.00|0|0.00|0|0.20|0.20|10.00|0.00|0.00|0.00|4.50|0.00|64.50|64.50|3|0.00|0|0.00|0|0.00|0|0.00|0.00|0|0.00
EMPSHFT|Restaurant|1|Restaurante|1|Daniela|Suarez|44|1| |0| |0|BarPrimerPiso|4|0|16.00|0.00|0.00|3.20|1|0|0.00|0|0.00|0|0.00|0|0.00|0|0.00|0|0|0|0.00|0|0.00|0|0.00|0|-2.60|-2.60|3.20|0.00|0.00|0.00|1.44|0.00|20.64|20.64|1|0.00|0|0.00|0|0.00|0|0.00|0.00|0|0.00
EMPSHFT|Restaurant|1|Restaurante|1|Daniela|Suarez|44|1| |0| |0|PrimerPiso4|53|0|0.00|0.00|0.00|7.99|0|0|0.00|0|0.00|0|0.00|0|0.00|0|0.00|0|0|0|0.00|0|0.00|0|0.00|0|159.96|159.96|7.99|0.00|0.00|32.79|0.00|0.00|7.99|7.99|0|167.95|1|0.00|0|0.00|0|0.00|0.00|0|0.00
EMPSHFT|Restaurant|1|Restaurante|1|Sara|Diez|47|1| |0| |0|SegundoPiso2|58|0|0.00|0.00|0.00|11.93|0|0|0.00|0|0.00|0|0.00|0|0.00|0|0.00|0|0|0|0.00|0|0.00|0|0.00|0|1911.78|238.65|11.93|0.00|0.00|308.33|0.00|0.00|11.93|11.93|0|1923.71|2|0.00|0|0.00|0|0.00|0.00|0|0.00
EMPSHFT|Restaurant|1|Restaurante|1|Sara|Diez|47|1| |0| |0|Soul|8|0|1714.50|0.00|0.00|342.90|2|12|0.00|0|0.00|0|0.00|0|44.00|2|0.00|0|0|0|0.00|0|0.00|0|0.00|0|-342.90|-342.90|342.90|0.00|0.00|0.00|154.31|0.00|2211.71|2211.71|2|0.00|0|0.00|0|0.00|0|0.00|0.00|0|0.00
EMPSHFT|Restaurant|1|Restaurante|1|Sara|Diez|47|1| |0| |0|SegundoPiso8|64|0|0.00|0.00|0.00|8.88|0|0|0.00|0|0.00|0|0.00|0|0.00|0|0.00|0|0|0|0.00|0|0.00|0|0.00|0|355.40|177.70|8.88|0.00|0.00|63.98|0.00|0.00|8.88|8.88|0|364.28|1|0.00|0|0.00|0|0.00|0.00|0|0.00
EMPSHFT|Restaurant|1|Restaurante|1|Sara|Diez|47|1| |0| |0|BarSegundoPiso|7|0|39.00|0.00|0.00|7.80|0|0|0.00|0|0.00|0|0.00|0|0.00|0|0.00|0|0|0|0.00|0|0.00|0|0.00|0|-7.80|-7.80|7.80|0.00|0.00|0.00|3.51|0.00|50.31|50.31|0|0.00|0|0.00|0|0.00|0|0.00|0.00|0|0.00
EMPSHFT|Restaurant|1|Restaurante|1|Sara|Diez|47|1| |0| |0|Coval|6|0|323.00|0.00|0.00|64.60|1|8|0.00|0|0.00|0|0.00|0|45.00|1|0.00|0|0|0|0.00|0|0.00|0|0.00|0|-64.60|-64.60|64.60|0.00|0.00|0.00|29.07|0.00|416.67|416.67|2|0.00|0|0.00|0|0.00|0|0.00|0.00|0|0.00
EMPSHFT|Restaurant|1|Restaurante|1|Natasha|Saposnicof|51|1| |0| |0|PrimerPiso4|53|0|0.00|0.00|0.00|0.00|0|0|0.00|0|0.00|0|0.00|0|0.00|0|0.00|0|0|0|0.00|0|0.00|0|0.00|0|70.95|0.00|0.00|0.00|0.00|11.00|0.00|0.00|0.00|0.00|0|70.95|1|0.00|0|0.00|0|0.00|0.00|0|0.00
EMPSHFT|Restaurant|1|Restaurante|1|Natasha|Saposnicof|51|1| |0| |0|Joy|1|0|158.00|0.00|0.00|31.60|2|5|0.00|0|0.00|0|0.00|0|0.00|0|0.00|0|0|0|0.00|0|0.00|0|0.00|0|-31.60|-31.60|31.60|0.00|0.00|0.00|14.22|0.00|203.82|203.82|2|0.00|0|0.00|0|0.00|0|0.00|0.00|0|0.00
EMPSHFT|Restaurant|1|Restaurante|1|Natasha|Saposnicof|51|1| |0| |0|Cava|3|0|299.00|0.00|0.00|59.80|0|8|0.00|0|0.00|0|0.00|0|0.00|0|0.00|0|0|0|0.00|0|0.00|0|0.00|0|-59.80|-59.80|59.80|0.00|0.00|0.00|26.91|0.00|385.71|385.71|1|0.00|0|0.00|0|0.00|0|0.00|0.00|0|0.00
EMPSHFT|Restaurant|1|Restaurante|1|Natasha|Saposnicof|51|1| |0| |0|PrimerPiso7|56|0|0.00|0.00|0.00|0.00|0|0|0.00|0|0.00|0|0.00|0|0.00|0|0.00|0|0|0|0.00|0|0.00|0|0.00|0|398.58|0.00|0.00|0.00|0.00|80.40|0.00|0.00|0.00|0.00|0|398.58|2|0.00|0|0.00|0|0.00|0.00|0|0.00
EMPSHFT|Restaurant|1|Restaurante|1|Lianyi|Rivero|52|1| |0| |0|Joy|1|0|1338.00|0.00|0.00|267.60|2|13|0.00|0|0.00|0|0.00|0|83.00|5|0.00|0|0|0|0.00|0|0.00|0|0.00|0|-267.60|-267.60|267.60|0.00|0.00|0.00|120.42|0.00|1726.02|1726.02|2|0.00|0|0.00|0|0.00|0|0.00|0.00|0|0.00
EMPSHFT|Restaurant|1|Restaurante|1|Lianyi|Rivero|52|1| |0| |0|PrimerPiso7|56|0|0.00|0.00|0.00|0.00|0|0|0.00|0|0.00|0|0.00|0|0.00|0|0.00|0|0|0|0.00|0|0.00|0|0.00|0|1269.36|0.00|0.00|0.00|0.00|196.80|0.00|0.00|0.00|0.00|0|1269.36|1|0.00|0|0.00|0|0.00|0.00|0|0.00
EMPSHFT|Restaurant|1|Restaurante|1|Lianyi|Rivero|52|1| |0| |0|PrimerPiso4|53|0|0.00|0.00|0.00|0.00|0|0|0.00|0|0.00|0|0.00|0|0.00|0|0.00|0|0|0|0.00|0|0.00|0|0.00|0|718.53|0.00|0.00|0.00|0.00|111.40|0.00|0.00|0.00|0.00|0|718.53|2|0.00|0|0.00|0|0.00|0.00|0|0.00
EMPSHFT|Restaurant|1|Restaurante|1|Lianyi|Rivero|52|1| |0| |0|BarPrimerPiso|4|0|165.00|0.00|0.00|33.00|1|10|0.00|0|0.00|0|0.00|0|12.00|2|0.00|0|0|0|0.00|0|0.00|0|0.00|0|-33.00|-33.00|33.00|0.00|0.00|0.00|14.85|0.00|212.85|212.85|1|0.00|0|0.00|0|0.00|0|0.00|0.00|0|0.00
EMPSHFT|Restaurant|1|Restaurante|1|Anahis|Fumero|53|1| |0| |0|SegundoPiso2|58|0|0.00|0.00|0.00|0.00|0|0|0.00|0|0.00|0|0.00|0|0.00|0|0.00|0|0|0|0.00|0|0.00|0|0.00|0|12.90|0.00|0.00|0.00|0.00|2.00|0.00|0.00|0.00|0.00|0|12.90|1|0.00|0|0.00|0|0.00|0.00|0|0.00
EMPSHFT|Restaurant|1|Restaurante|1|Anahis|Fumero|53|1| |0| |0|Soul|8|0|10.00|0.00|0.00|2.00|1|1|0.00|0|0.00|0|0.00|0|0.00|0|0.00|0|0|0|0.00|0|0.00|0|0.00|0|-2.00|-2.00|2.00|0.00|0.00|0.00|0.90|0.00|12.90|12.90|1|0.00|0|0.00|0|0.00|0|0.00|0.00|0|0.00
EMPSHFT|Restaurant|1|Restaurante|1|Anahis|Fumero|53|1| |0| |0|Coval|6|0|10.00|0.00|0.00|2.00|1|2|0.00|0|0.00|0|0.00|0|0.00|0|0.00|0|0|0|0.00|0|0.00|0|0.00|0|-2.00|-2.00|2.00|0.00|0.00|0.00|0.90|0.00|12.90|12.90|1|0.00|0|0.00|0|0.00|0|0.00|0.00|0|0.00
EMPSHFT|Restaurant|1|Restaurante|1|Maria Jose|Garcia|54|1| |0| |0|Coval|6|0|397.00|0.00|0.00|79.40|2|12|0.00|0|0.00|0|0.00|0|19.00|1|0.00|0|0|0|0.00|0|0.00|0|0.00|0|-79.40|-79.40|79.40|0.00|0.00|0.00|35.73|0.00|512.13|512.13|4|0.00|0|0.00|0|0.00|0|0.00|0.00|0|0.00
EMPSHFT|Restaurant|1|Restaurante|1|Maria Jose|Garcia|54|1| |0| |0|BarSegundoPiso|7|0|321.00|0.00|0.00|64.20|0|0|0.00|0|0.00|0|0.00|0|0.00|0|0.00|0|0|0|0.00|0|0.00|0|0.00|0|-64.20|-64.20|64.20|0.00|0.00|0.00|28.89|0.00|414.09|414.09|0|0.00|0|0.00|0|0.00|0|0.00|0.00|0|0.00
EMPSHFT|Restaurant|1|Restaurante|1|Maria Jose|Garcia|54|1| |0| |0|SegundoPiso8|64|0|0.00|0.00|0.00|59.08|0|0|0.00|0|0.00|0|0.00|0|0.00|0|0.00|0|0|0|0.00|0|0.00|0|0.00|0|590.82|590.82|59.08|0.00|0.00|150.68|0.00|0.00|59.08|59.08|0|649.90|1|0.00|0|0.00|0|0.00|0.00|0|0.00
EMPSHFT|Restaurant|1|Restaurante|1|Maria Jose|Garcia|54|1| |0| |0|SegundoPiso4|60|0|0.00|0.00|0.00|64.40|0|0|0.00|0|0.00|0|0.00|0|0.00|0|0.00|0|0|0|0.00|0|0.00|0|0.00|0|910.74|910.74|64.40|0.00|0.00|205.60|0.00|0.00|64.40|64.40|0|975.14|2|0.00|0|0.00|0|0.00|0.00|0|0.00
EMPSHFT|Restaurant|1|Restaurante|1|Maria Jose|Garcia|54|1| |0| |0|SegundoPiso2|58|0|0.00|0.00|0.00|0.00|0|0|0.00|0|0.00|0|0.00|0|0.00|0|0.00|0|0|0|0.00|0|0.00|0|0.00|0|543.09|0.00|0.00|0.00|0.00|84.20|0.00|0.00|0.00|0.00|0|543.09|1|0.00|0|0.00|0|0.00|0.00|0|0.00
EMPSHFT|Restaurant|1|Restaurante|1|Mariluz|Torres|57|1| |0| |0|SegundoPiso4|60|0|0.00|0.00|0.00|29.39|0|0|0.00|0|0.00|0|0.00|0|0.00|0|0.00|0|0|0|0.00|0|0.00|0|0.00|0|612.75|327.66|29.39|0.00|0.00|124.39|0.00|0.00|29.39|29.39|0|642.14|5|0.00|0|0.00|0|0.00|0.00|0|0.00
EMPSHFT|Restaurant|1|Restaurante|1|Mariluz|Torres|57|1| |0| |0|PrimerPiso7|56|0|0.00|0.00|0.00|44.10|0|0|0.00|0|0.00|0|0.00|0|0.00|0|0.00|0|0|0|0.00|0|0.00|0|0.00|0|1260.67|689.35|44.10|0.00|0.00|239.55|0.00|0.00|44.10|44.10|0|1304.77|4|0.00|0|0.00|0|0.00|0.00|0|0.00
EMPSHFT|Restaurant|1|Restaurante|1|Mariluz|Torres|57|1| |0| |0|Cava|3|0|1091.00|0.00|0.00|218.20|4|7|0.00|0|0.00|0|0.00|0|30.00|3|0.00|0|0|0|0.00|0|0.00|0|0.00|0|-206.40|-206.40|218.20|0.00|0.00|0.00|98.19|0.00|1407.39|1407.39|5|0.00|0|0.00|0|0.00|0|0.00|0.00|0|0.00
EMPSHFT|Restaurant|1|Restaurante|1|Mariluz|Torres|57|1| |0| |0|Joy|1|0|109.00|0.00|0.00|21.80|1|2|0.00|0|0.00|0|0.00|0|0.00|0|0.00|0|0|0|0.00|0|0.00|0|0.00|0|-21.80|-21.80|21.80|0.00|0.00|0.00|9.81|0.00|140.61|140.61|1|0.00|0|0.00|0|0.00|0|0.00|0.00|0|0.00
EMPSHFT|Restaurant|1|Restaurante|1|Mariluz|Torres|57|1| |0| |0|PrimerPiso6|55|0|0.00|0.00|0.00|15.02|0|0|0.00|0|0.00|0|0.00|0|0.00|0|0.00|0|0|0|0.00|0|0.00|0|0.00|0|1495.11|300.57|15.02|0.00|0.00|246.82|0.00|0.00|15.02|15.02|0|1510.13|4|0.00|0|0.00|0|0.00|0.00|0|0.00
EMPSHFT|Restaurant|1|Restaurante|1|Mariluz|Torres|57|1| |0| |0|FuenteDeSoda|5|0|45.00|0.00|0.00|9.00|0|0|0.00|0|0.00|0|0.00|0|0.00|0|0.00|0|0|0|0.00|0|0.00|0|0.00|0|-9.00|-9.00|9.00|0.00|0.00|0.00|4.05|0.00|58.05|58.05|0|0.00|0|0.00|0|0.00|0|0.00|0.00|0|0.00
EMPSHFT|Restaurant|1|Restaurante|1|Mariluz|Torres|57|1| |0| |0|BarPrimerPiso|4|0|2110.50|0.00|0.00|422.10|11|27|0.00|0|0.00|0|0.00|0|299.00|6|0.00|0|0|0|0.00|0|0.00|0|0.00|0|-422.10|-422.10|422.10|0.00|0.00|0.00|189.95|0.00|2722.55|2722.55|11|0.00|0|0.00|0|0.00|0|0.00|0.00|0|0.00
EMPSHFT|Restaurant|1|Restaurante|1|Brenda|Quiroga|60|1| |0| |0|Cava|3|0|1140.00|0.00|0.00|228.00|2|12|0.00|0|0.00|0|0.00|0|86.00|5|0.00|0|0|0|0.00|0|0.00|0|0.00|0|-228.00|-228.00|228.00|0.00|0.00|0.00|102.60|0.00|1470.60|1470.60|2|0.00|0|0.00|0|0.00|0|0.00|0.00|0|0.00
EMPSHFT|Restaurant|1|Restaurante|1|Brenda|Quiroga|60|1| |0| |0|BarPrimerPiso|4|0|654.50|0.00|0.00|130.90|4|29|0.00|0|0.00|0|0.00|0|0.00|0|0.00|0|0|0|0.00|0|0.00|0|0.00|0|-130.90|-130.90|130.90|0.00|0.00|0.00|58.91|0.00|844.31|844.31|4|0.00|0|0.00|0|0.00|0|0.00|0.00|0|0.00
EMPSHFT|Restaurant|1|Restaurante|1|Brenda|Quiroga|60|1| |0| |0|PrimerPiso7|56|0|0.00|0.00|0.00|6.12|0|0|0.00|0|0.00|0|0.00|0|0.00|0|0.00|0|0|0|0.00|0|0.00|0|0.00|0|493.43|61.28|6.12|0.00|0.00|82.62|0.00|0.00|6.12|6.12|0|499.55|5|0.00|0|0.00|0|0.00|0.00|0|0.00
EMPSHFT|Restaurant|1|Restaurante|1|Brenda|Quiroga|60|1| |0| |0|PrimerPiso4|53|0|0.00|0.00|0.00|0.00|0|0|0.00|0|0.00|0|0.00|0|0.00|0|0.00|0|0|0|0.00|0|0.00|0|0.00|0|377.97|0.00|0.00|0.00|0.00|58.60|0.00|0.00|0.00|0.00|0|377.97|1|0.00|0|0.00|0|0.00|0.00|0|0.00
EMPSHFT|Restaurant|1|Restaurante|1|Brenda|Quiroga|60|1| |0| |0|Joy|1|0|1417.00|0.00|0.00|283.40|9|31|0.00|0|0.00|0|0.00|0|19.00|2|0.00|0|0|0|0.00|0|0.00|0|0.00|0|-270.00|-270.00|283.40|0.00|0.00|0.00|127.54|0.00|1827.94|1827.94|9|0.00|0|0.00|0|0.00|0|0.00|0.00|0|0.00
EMPSHFT|Restaurant|1|Restaurante|1|Brenda|Quiroga|60|1| |0| |0|PrimerPiso6|55|0|0.00|0.00|0.00|0.00|0|0|0.00|0|0.00|0|0.00|0|0.00|0|0.00|0|0|0|0.00|0|0.00|0|0.00|0|2556.79|0.00|0.00|0.00|0.00|396.40|0.00|0.00|0.00|0.00|0|2556.79|6|0.00|0|0.00|0|0.00|0.00|0|0.00
EMPSHFT|Restaurant|1|Restaurante|1|Santiago|Sierra|62|1| |0| |0|SegundoPiso8|64|0|0.00|0.00|0.00|14.30|0|0|0.00|0|0.00|0|0.00|0|0.00|0|0.00|0|0|0|0.00|0|0.00|0|0.00|0|534.06|286.38|14.30|0.00|0.00|97.10|0.00|0.00|14.30|14.30|0|548.36|3|0.00|0|0.00|0|0.00|0.00|0|0.00
EMPSHFT|Restaurant|1|Restaurante|1|Santiago|Sierra|62|1| |0| |0|Soul|8|0|716.00|0.00|0.00|143.20|6|15|0.00|0|0.00|0|0.00|0|27.50|2|0.00|0|0|0|0.00|0|0.00|0|0.00|0|-131.80|-131.80|143.20|0.00|0.00|0.00|64.44|0.00|923.64|923.64|6|0.00|0|0.00|0|0.00|0|0.00|0.00|0|0.00
EMPSHFT|Restaurant|1|Restaurante|1|Santiago|Sierra|62|1| |0| |0|Joy|1|0|0.00|0.00|0.00|0.00|0|0|0.00|0|0.00|0|0.00|0|0.00|0|0.00|0|0|0|0.00|0|0.00|0|0.00|0|0.00|0.00|0.00|0.00|0.00|0.00|0.00|0.00|0.00|0.00|1|0.00|0|0.00|0|0.00|0|0.00|0.00|0|0.00
EMPSHFT|Restaurant|1|Restaurante|1|Santiago|Sierra|62|1| |0| |0|Coval|6|0|353.00|0.00|0.00|70.60|3|4|0.00|0|0.00|0|0.00|0|48.00|1|0.00|0|0|0|0.00|0|0.00|0|0.00|0|-32.60|-32.60|70.60|0.00|0.00|0.00|31.77|0.00|455.37|455.37|3|0.00|0|0.00|0|0.00|0|0.00|0.00|0|0.00
EMPSHFT|Restaurant|1|Restaurante|1|Santiago|Sierra|62|1| |0| |0|SegundoPiso2|58|0|0.00|0.00|0.00|0.00|0|0|0.00|0|0.00|0|0.00|0|0.00|0|0.00|0|0|0|0.00|0|0.00|0|0.00|0|1202.28|0.00|0.00|0.00|0.00|186.40|0.00|0.00|0.00|0.00|0|1202.28|4|0.00|0|0.00|0|0.00|0.00|0|0.00
EMPSHFT|Restaurant|1|Restaurante|1|Santiago|Sierra|62|1| |0| |0|PrimerPiso7|56|0|0.00|0.00|0.00|0.00|0|0|0.00|0|0.00|0|0.00|0|0.00|0|0.00|0|0|0|0.00|0|0.00|0|0.00|0|448.92|0.00|0.00|0.00|0.00|69.60|0.00|0.00|0.00|0.00|0|448.92|1|0.00|0|0.00|0|0.00|0.00|0|0.00
EMPSHFT|Restaurant|1|Restaurante|1|Santiago|Sierra|62|1| |0| |0|BarSegundoPiso|7|0|377.00|0.00|0.00|75.40|2|6|0.00|0|0.00|0|0.00|0|87.00|4|0.00|0|0|0|0.00|0|0.00|0|0.00|0|-71.80|-71.80|75.40|0.00|0.00|0.00|33.93|0.00|486.33|486.33|2|0.00|0|0.00|0|0.00|0|0.00|0.00|0|0.00
EMPSHFT|Restaurant|1|Restaurante|1|Santiago|Sierra|62|1| |0| |0|Cava|3|0|198.00|0.00|0.00|39.60|1|5|0.00|0|0.00|0|0.00|0|380.00|2|0.00|0|0|0|0.00|0|0.00|0|0.00|0|-39.60|-39.60|39.60|0.00|0.00|0.00|17.82|0.00|255.42|255.42|1|0.00|0|0.00|0|0.00|0|0.00|0.00|0|0.00
EMPSHFT|Restaurant|1|Restaurante|1|Santiago|Sierra|62|1| |0| |0|PrimerPiso6|55|0|0.00|0.00|0.00|92.10|0|0|0.00|0|0.00|0|0.00|0|0.00|0|0.00|0|0|0|0.00|0|0.00|0|0.00|0|921.06|921.06|92.10|0.00|0.00|234.90|0.00|0.00|92.10|92.10|0|1013.16|1|0.00|0|0.00|0|0.00|0.00|0|0.00
EMPSHFT|Restaurant|1|Restaurante|1|Daniel|Yate|63|1| |0| |0|Joy|1|0|54.00|0.00|0.00|10.80|0|0|0.00|0|0.00|0|0.00|0|6.00|1|0.00|0|0|0|0.00|0|0.00|0|0.00|0|-10.80|-10.80|10.80|0.00|0.00|0.00|4.86|0.00|69.66|69.66|1|0.00|0|0.00|0|0.00|0|0.00|0.00|0|0.00
EMPSHFT|Restaurant|1|Restaurante|1|Daniel|Yate|63|1| |0| |0|BarPrimerPiso|4|0|41.00|0.00|0.00|8.20|2|0|0.00|0|0.00|0|0.00|0|0.00|0|0.00|0|0|0|0.00|0|0.00|0|0.00|0|-2.60|-2.60|8.20|0.00|0.00|0.00|3.69|0.00|52.89|52.89|2|0.00|0|0.00|0|0.00|0|0.00|0.00|0|0.00
EMPSHFT|Restaurant|1|Restaurante|1|Daniel|Yate|63|1| |0| |0|FuenteDeSoda|5|0|8.00|0.00|0.00|1.60|0|0|0.00|0|0.00|0|0.00|0|0.00|0|0.00|0|0|0|0.00|0|0.00|0|0.00|0|-1.60|-1.60|1.60|0.00|0.00|0.00|0.72|0.00|10.32|10.32|0|0.00|0|0.00|0|0.00|0|0.00|0.00|0|0.00
EMPSHFT|Restaurant|1|Restaurante|1|Alexander|Rodriguez|68|1| |0| |0|Almacen|2|0|-78.00|0.00|0.00|-15.60|0|-4|0.00|0|-93.60|12|0.00|0|0.00|0|0.00|0|0|0|0.00|0|0.00|0|0.00|0|15.60|15.60|-15.60|0.00|0.00|0.00|-7.02|-7.02|0.00|-100.62|0|0.00|4|0.00|0|0.00|0|0.00|0.00|0|0.00
EMPSHFT|Restaurant|1|Restaurante|1|Alexander|Rodriguez|68|1| |0| |0|Joy|1|0|-79.00|0.00|0.00|-15.80|0|0|0.00|0|-94.80|10|0.00|0|0.00|0|0.00|0|0|0|0.00|0|0.00|0|0.00|0|15.80|15.80|-15.80|0.00|0.00|0.00|-7.11|-7.11|0.00|-101.91|0|0.00|4|0.00|0|0.00|0|0.00|0.00|0|0.00
EMPSHFT|Restaurant|1|Restaurante|1|Alexander|Rodriguez|68|1| |0| |0|Cava|3|0|-8.00|0.00|0.00|-1.60|0|-4|0.00|0|-9.60|2|0.00|0|0.00|0|0.00|0|0|0|0.00|0|0.00|0|0.00|0|1.60|1.60|-1.60|0.00|0.00|0.00|-0.72|-0.72|0.00|-10.32|0|0.00|1|0.00|0|0.00|0|0.00|0.00|0|0.00
EMPSHFT|Restaurant|1|Restaurante|1|Luisa Fernanda|Rosales|71|1| |0| |0|Almacen|2|0|167.75|-92.25|0.00|-18.45|4|3|0.00|0|0.00|0|0.00|0|0.00|0|0.00|0|0|0|0.00|0|0.00|0|0.00|0|1055.21|18.45|-18.45|0.00|0.00|116.80|15.11|-26.74|283.40|164.41|4|1036.76|18|0.00|0|0.00|0|0.00|0.00|0|0.00
EMPSHFT|Restaurant|1|Restaurante|1|Luisa Fernanda|Rosales|71|1| |0| |0|Almacen|2|1|155.00|0.00|0.00|0.00|10|9|0.00|0|0.00|0|0.00|0|40.00|1|0.00|0|0|0|0.00|0|0.00|0|0.00|0|288.95|0.00|0.00|0.00|0.00|0.00|13.95|0.00|168.95|168.95|10|288.95|10|0.00|0|0.00|0|0.00|0.00|0|0.00
EMPSHFT|Restaurant|1|Restaurante|1|Gabriela|Peley|86|1| |0| |0|Caja2|10|0|0.00|0.00|0.00|0.00|0|0|0.00|0|0.00|0|0.00|0|0.00|0|0.00|0|0|0|0.00|0|0.00|0|0.00|0|0.00|0.00|0.00|0.00|0.00|0.00|0.00|0.00|0.00|0.00|1|0.00|0|0.00|0|0.00|0|0.00|0.00|0|0.00
EMPSHFT|Restaurant|1|Restaurante|1|Manuela|Bermudez|103|1| |0| |0|PrimerPiso7|56|0|0.00|0.00|0.00|58.24|0|0|0.00|0|0.00|0|0.00|0|0.00|0|0.00|0|0|0|0.00|0|0.00|0|0.00|0|1055.87|637.26|58.24|0.00|0.00|221.94|0.00|0.00|58.24|58.24|0|1114.11|3|0.00|0|0.00|0|0.00|0.00|0|0.00
EMPSHFT|Restaurant|1|Restaurante|1|Manuela|Bermudez|103|1| |0| |0|Cava|3|0|676.50|0.00|0.00|135.30|2|6|0.00|0|0.00|0|0.00|0|54.00|3|0.00|0|0|0|0.00|0|0.00|0|0.00|0|-135.30|-135.30|135.30|0.00|0.00|0.00|60.89|0.00|872.69|872.69|2|0.00|0|0.00|0|0.00|0|0.00|0.00|0|0.00
EMPSHFT|Restaurant|1|Restaurante|1|Manuela|Bermudez|103|1| |0| |0|BarSegundoPiso|7|0|220.00|0.00|0.00|44.00|2|7|0.00|0|0.00|0|0.00|0|0.00|0|0.00|0|0|0|0.00|0|0.00|0|0.00|0|-44.00|-44.00|44.00|0.00|0.00|0.00|19.80|0.00|283.80|283.80|2|0.00|0|0.00|0|0.00|0|0.00|0.00|0|0.00
EMPSHFT|Restaurant|1|Restaurante|1|Manuela|Bermudez|103|1| |0| |0|SegundoPiso8|64|0|0.00|0.00|0.00|0.00|0|0|0.00|0|0.00|0|0.00|0|0.00|0|0.00|0|0|0|0.00|0|0.00|0|0.00|0|352.17|0.00|0.00|0.00|0.00|54.60|0.00|0.00|0.00|0.00|0|352.17|1|0.00|0|0.00|0|0.00|0.00|0|0.00
EMPSHFT|Restaurant|1|Restaurante|1|Manuela|Bermudez|103|1| |0| |0|Joy|1|0|134.00|0.00|0.00|26.80|1|5|0.00|0|0.00|0|0.00|0|57.00|4|0.00|0|0|0|0.00|0|0.00|0|0.00|0|-26.80|-26.80|26.80|0.00|0.00|0.00|12.06|0.00|172.86|172.86|1|0.00|0|0.00|0|0.00|0|0.00|0.00|0|0.00
EMPSHFT|Restaurant|1|Restaurante|1|Manuela|Bermudez|103|1| |0| |0|BarPrimerPiso|4|0|8.00|0.00|0.00|1.60|0|0|0.00|0|0.00|0|0.00|0|0.00|0|0.00|0|0|0|0.00|0|0.00|0|0.00|0|-1.60|-1.60|1.60|0.00|0.00|0.00|0.72|0.00|10.32|10.32|0|0.00|0|0.00|0|0.00|0|0.00|0.00|0|0.00
EMPSHFT|Restaurant|1|Restaurante|1|Manuela|Bermudez|103|1| |0| |0|Coval|6|0|688.00|0.00|0.00|137.60|1|6|0.00|0|0.00|0|0.00|0|0.00|0|0.00|0|0|0|0.00|0|0.00|0|0.00|0|-137.60|-137.60|137.60|0.00|0.00|0.00|61.92|0.00|887.52|887.52|1|0.00|0|0.00|0|0.00|0|0.00|0.00|0|0.00
EMPSHFT|Restaurant|1|Restaurante|1|Manuela|Bermudez|103|1| |0| |0|Soul|8|0|159.00|0.00|0.00|31.80|1|2|0.00|0|0.00|0|0.00|0|0.00|0|0.00|0|0|0|0.00|0|0.00|0|0.00|0|-31.80|-31.80|31.80|0.00|0.00|0.00|14.31|0.00|205.11|205.11|1|0.00|0|0.00|0|0.00|0|0.00|0.00|0|0.00
EMPSHFT|Restaurant|1|Restaurante|1|Ana|Fandiño|104|1| |0| |0|PrimerPiso7|56|0|0.00|0.00|0.00|0.00|0|0|0.00|0|0.00|0|0.00|0|0.00|0|0.00|0|0|0|0.00|0|0.00|0|0.00|0|67.73|0.00|0.00|0.00|0.00|10.50|0.00|0.00|0.00|0.00|0|67.73|1|0.00|0|0.00|0|0.00|0.00|0|0.00
EMPSHFT|Restaurant|1|Restaurante|1|Ana|Fandiño|104|1| |0| |0|PrimerPiso4|53|0|0.00|0.00|0.00|13.67|0|0|0.00|0|0.00|0|0.00|0|0.00|0|0.00|0|0|0|0.00|0|0.00|0|0.00|0|273.48|273.48|13.67|0.00|0.00|56.07|0.00|0.00|13.67|13.67|0|287.15|2|0.00|0|0.00|0|0.00|0.00|0|0.00
EMPSHFT|Restaurant|1|Restaurante|1|Ana|Fandiño|104|1| |0| |0|Cava|3|0|284.00|0.00|0.00|56.80|4|8|0.00|0|0.00|0|0.00|0|10.00|2|0.00|0|0|0|0.00|0|0.00|0|0.00|0|-56.80|-56.80|56.80|0.00|0.00|0.00|25.56|0.00|366.36|366.36|4|0.00|0|0.00|0|0.00|0|0.00|0.00|0|0.00
EMPSHFT|Restaurant|1|Restaurante|1|Ana|Fandiño|104|1| |0| |0|BarPrimerPiso|4|0|313.50|0.00|0.00|62.70|2|3|0.00|0|0.00|0|0.00|0|11713.00|3|0.00|0|0|0|0.00|0|0.00|0|0.00|0|-62.70|-62.70|62.70|0.00|0.00|0.00|28.22|0.00|404.42|404.42|2|0.00|0|0.00|0|0.00|0|0.00|0.00|0|0.00
EMPSHFT|Restaurant|1|Restaurante|1|Stefanie|Sanchez|105|1| |0| |0|PrimerPiso7|56|0|0.00|0.00|0.00|13.28|0|0|0.00|0|0.00|0|0.00|0|0.00|0|0.00|0|0|0|0.00|0|0.00|0|0.00|0|1384.17|265.74|13.28|0.00|0.00|227.88|0.00|0.00|13.28|13.28|0|1397.45|6|0.00|0|0.00|0|0.00|0.00|0|0.00
EMPSHFT|Restaurant|1|Restaurante|1|Stefanie|Sanchez|105|1| |0| |0|PrimerPiso6|55|0|0.00|0.00|0.00|0.00|0|0|0.00|0|0.00|0|0.00|0|0.00|0|0.00|0|0|0|0.00|0|0.00|0|0.00|0|1380.30|0.00|0.00|0.00|0.00|214.00|0.00|0.00|0.00|0.00|0|1380.30|2|0.00|0|0.00|0|0.00|0.00|0|0.00
EMPSHFT|Restaurant|1|Restaurante|1|Stefanie|Sanchez|105|1| |0| |0|BarPrimerPiso|4|0|392.00|0.00|0.00|78.40|0|2|0.00|0|0.00|0|0.00|0|0.00|0|0.00|0|0|0|0.00|0|0.00|0|0.00|0|-78.40|-78.40|78.40|0.00|0.00|0.00|35.28|0.00|505.68|505.68|1|0.00|0|0.00|0|0.00|0|0.00|0.00|0|0.00
EMPSHFT|Restaurant|1|Restaurante|1|Stefanie|Sanchez|105|1| |0| |0|PrimerPiso4|53|0|0.00|0.00|0.00|0.00|0|0|0.00|0|0.00|0|0.00|0|0.00|0|0.00|0|0|0|0.00|0|0.00|0|0.00|0|568.25|0.00|0.00|0.00|0.00|88.10|0.00|0.00|0.00|0.00|0|568.25|2|0.00|0|0.00|0|0.00|0.00|0|0.00
EMPSHFT|Restaurant|1|Restaurante|1|Stefanie|Sanchez|105|1| |0| |0|Caja2|10|0|0.00|0.00|0.00|0.00|0|0|0.00|0|0.00|0|0.00|0|0.00|0|0.00|0|0|0|0.00|0|0.00|0|0.00|0|0.00|0.00|0.00|0.00|0.00|0.00|0.00|0.00|0.00|0.00|0|0.00|0|0.00|0|0.00|0|0.00|0.00|0|0.00
EMPSHFT|Restaurant|1|Restaurante|1|Stefanie|Sanchez|105|1| |0| |0|Cava|3|0|2144.50|0.00|0.00|428.90|1|28|0.00|0|0.00|0|0.00|0|153.00|7|0.00|0|0|0|0.00|0|0.00|0|0.00|0|-428.90|-428.90|428.90|0.00|0.00|0.00|193.01|0.00|2766.41|2766.41|8|0.00|0|0.00|0|0.00|0|0.00|0.00|0|0.00
EMPSHFT|Restaurant|1|Restaurante|1|Stefanie|Sanchez|105|1| |0| |0|Joy|1|0|79.00|0.00|0.00|15.80|0|4|0.00|0|0.00|0|0.00|0|19.00|1|0.00|0|0|0|0.00|0|0.00|0|0.00|0|-15.80|-15.80|15.80|0.00|0.00|0.00|7.11|0.00|101.91|101.91|1|0.00|0|0.00|0|0.00|0|0.00|0.00|0|0.00
EMPSHFT|Restaurant|1|Restaurante|1|Gisell|Caballero|106|1| |0| |0|PrimerPiso7|56|0|0.00|0.00|0.00|16.06|0|0|0.00|0|0.00|0|0.00|0|0.00|0|0.00|0|0|0|0.00|0|0.00|0|0.00|0|672.74|281.87|16.06|0.00|0.00|120.36|0.00|0.00|16.06|16.06|0|688.80|8|0.00|0|0.00|0|0.00|0.00|0|0.00
EMPSHFT|Restaurant|1|Restaurante|1|Gisell|Caballero|106|1| |0| |0|PrimerPiso6|55|0|0.00|0.00|0.00|0.00|0|0|0.00|0|0.00|0|0.00|0|0.00|0|0.00|0|0|0|0.00|0|0.00|0|0.00|0|1087.47|0.00|0.00|0.00|0.00|168.60|0.00|0.00|0.00|0.00|0|1087.47|4|0.00|0|0.00|0|0.00|0.00|0|0.00
EMPSHFT|Restaurant|1|Restaurante|1|Gisell|Caballero|106|1| |0| |0|SegundoPiso4|60|0|0.00|0.00|0.00|0.00|0|0|0.00|0|0.00|0|0.00|0|0.00|0|0.00|0|0|0|0.00|0|0.00|0|0.00|0|381.84|0.00|0.00|0.00|0.00|59.20|0.00|0.00|0.00|0.00|0|381.84|1|0.00|0|0.00|0|0.00|0.00|0|0.00
EMPSHFT|Restaurant|1|Restaurante|1|Gisell|Caballero|106|1| |0| |0|BarPrimerPiso|4|0|101.00|0.00|0.00|20.20|1|1|0.00|0|0.00|0|0.00|0|38.00|1|0.00|0|0|0|0.00|0|0.00|0|0.00|0|-20.20|-20.20|20.20|0.00|0.00|0.00|9.10|0.00|130.30|130.30|1|0.00|0|0.00|0|0.00|0|0.00|0.00|0|0.00
EMPSHFT|Restaurant|1|Restaurante|1|Gisell|Caballero|106|1| |0| |0|PrimerPiso4|53|0|0.00|0.00|0.00|4.32|0|0|0.00|0|0.00|0|0.00|0|0.00|0|0.00|0|0|0|0.00|0|0.00|0|0.00|0|43.22|43.22|4.32|0.00|0.00|11.02|0.00|0.00|4.32|4.32|0|47.54|1|0.00|0|0.00|0|0.00|0.00|0|0.00
EMPSHFT|Restaurant|1|Restaurante|1|Gisell|Caballero|106|1| |0| |0|Cava|3|0|1625.00|0.00|0.00|325.00|14|36|0.00|0|0.00|0|0.00|0|122.00|7|0.00|0|0|0|0.00|0|0.00|0|0.00|0|-300.40|-300.40|325.00|0.00|0.00|0.00|146.25|0.00|2096.25|2096.25|14|0.00|0|0.00|0|0.00|0|0.00|0.00|0|0.00
EMPSHFT|Restaurant|1|Restaurante|1|Gisell|Caballero|106|1| |0| |0|FuenteDeSoda|5|0|0.00|0.00|0.00|0.00|0|0|0.00|0|0.00|0|0.00|0|0.00|0|0.00|0|0|0|0.00|0|0.00|0|0.00|0|0.00|0.00|0.00|0.00|0.00|0.00|0.00|0.00|0.00|0.00|0|0.00|0|0.00|0|0.00|0|0.00|0.00|0|0.00
EMPSHFT|Restaurant|1|Restaurante|1|Kevin|Gonzalez|110|1| |0| |0|PrimerPiso4|53|0|28.00|0.00|0.00|5.60|2|2|0.00|0|0.00|0|0.00|0|0.00|0|0.00|0|0|0|0.00|0|0.00|0|0.00|0|30.52|-5.60|5.60|0.00|0.00|5.60|2.52|0.00|36.12|36.12|2|36.12|2|0.00|0|0.00|0|0.00|0.00|0|0.00
EMPSHFT|Restaurant|1|Restaurante|1|Mercedes|Juarez|114|1| |0| |0|SegundoPiso2|58|0|0.00|0.00|0.00|59.88|0|0|0.00|0|0.00|0|0.00|0|0.00|0|0.00|0|0|0|0.00|0|0.00|0|0.00|0|1195.19|734.71|59.88|0.00|0.00|245.18|0.00|0.00|59.88|59.88|0|1255.07|3|0.00|0|0.00|0|0.00|0.00|0|0.00
EMPSHFT|Restaurant|1|Restaurante|1|Mercedes|Juarez|114|1| |0| |0|SegundoPiso4|60|0|0.00|0.00|0.00|19.74|0|0|0.00|0|0.00|0|0.00|0|0.00|0|0.00|0|0|0|0.00|0|0.00|0|0.00|0|261.87|197.72|19.74|0.00|0.00|60.34|0.00|0.00|19.74|19.74|0|281.61|1|0.00|0|0.00|0|0.00|0.00|0|0.00
EMPSHFT|Restaurant|1|Restaurante|1|Mercedes|Juarez|114|1| |0| |0|Soul|8|0|122.00|0.00|0.00|24.40|2|4|0.00|0|0.00|0|0.00|0|15.00|1|0.00|0|0|0|0.00|0|0.00|0|0.00|0|-22.40|-22.40|24.40|0.00|0.00|0.00|10.98|0.00|157.38|157.38|2|0.00|0|0.00|0|0.00|0|0.00|0.00|0|0.00
EMPSHFT|Restaurant|1|Restaurante|1|Mercedes|Juarez|114|1| |0| |0|Coval|6|0|888.50|0.00|0.00|177.70|3|14|0.00|0|0.00|0|0.00|0|18.00|2|0.00|0|0|0|0.00|0|0.00|0|0.00|0|-177.70|-177.70|177.70|0.00|0.00|0.00|79.97|0.00|1146.17|1146.17|3|0.00|0|0.00|0|0.00|0|0.00|0.00|0|0.00
EMPSHFT|Restaurant|1|Restaurante|1|Adianes|Rojas|115|1| |0| |0|Joy|1|0|3307.00|0.00|0.00|661.40|0|1|0.00|0|0.00|0|0.00|0|156.00|8|0.00|0|0|0|0.00|0|0.00|0|0.00|0|-661.40|-661.40|661.40|0.00|0.00|0.00|297.63|0.00|4266.03|4266.03|1|0.00|0|0.00|0|0.00|0|0.00|0.00|0|0.00
EMPSHFT|Restaurant|1|Restaurante|1|Adianes|Rojas|115|1| |0| |0|PrimerPiso7|56|0|0.00|0.00|0.00|0.00|0|0|0.00|0|0.00|0|0.00|0|0.00|0|0.00|0|0|0|0.00|0|0.00|0|0.00|0|4396.32|0.00|0.00|0.00|0.00|681.60|0.00|0.00|0.00|0.00|0|4396.32|1|0.00|0|0.00|0|0.00|0.00|0|0.00
EMPSHFT|Restaurant|1|Restaurante|1|Adianes|Rojas|115|1| |0| |0|BarPrimerPiso|4|0|30.00|0.00|0.00|6.00|0|0|0.00|0|0.00|0|0.00|0|0.00|0|0.00|0|0|0|0.00|0|0.00|0|0.00|0|-6.00|-6.00|6.00|0.00|0.00|0.00|2.70|0.00|38.70|38.70|0|0.00|0|0.00|0|0.00|0|0.00|0.00|0|0.00
EMPSHFT|Restaurant|1|Restaurante|1|Adianes|Rojas|115|1| |0| |0|Cava|3|0|28.00|0.00|0.00|5.60|0|0|0.00|0|0.00|0|0.00|0|0.00|0|0.00|0|0|0|0.00|0|0.00|0|0.00|0|-5.60|-5.60|5.60|0.00|0.00|0.00|2.52|0.00|36.12|36.12|0|0.00|0|0.00|0|0.00|0|0.00|0.00|0|0.00
EMPSHFT|Restaurant|1|Restaurante|1|Paula|Moreno|116|1| |0| |0|PrimerPiso6|55|0|0.00|0.00|0.00|0.00|0|0|0.00|0|0.00|0|0.00|0|0.00|0|0.00|0|0|0|0.00|0|0.00|0|0.00|0|388.94|0.00|0.00|0.00|0.00|60.30|0.00|0.00|0.00|0.00|0|388.94|2|0.00|0|0.00|0|0.00|0.00|0|0.00
EMPSHFT|Restaurant|1|Restaurante|1|Paula|Moreno|116|1| |0| |0|Cava|3|0|24.00|0.00|0.00|4.80|0|0|0.00|0|0.00|0|0.00|0|0.00|0|0.00|0|0|0|0.00|0|0.00|0|0.00|0|-4.80|-4.80|4.80|0.00|0.00|0.00|2.16|0.00|30.96|30.96|0|0.00|0|0.00|0|0.00|0|0.00|0.00|0|0.00
EMPSHFT|Restaurant|1|Restaurante|1|Paula|Moreno|116|1| |0| |0|BarPrimerPiso|4|0|416.00|0.00|0.00|83.20|1|5|0.00|0|0.00|0|0.00|0|37.50|3|0.00|0|0|0|0.00|0|0.00|0|0.00|0|-83.20|-83.20|83.20|0.00|0.00|0.00|37.45|0.00|536.65|536.65|1|0.00|0|0.00|0|0.00|0|0.00|0.00|0|0.00
EMPSHFT|Restaurant|1|Restaurante|1|Paula|Moreno|116|1| |0| |0|Joy|1|0|1286.50|0.00|0.00|257.30|8|28|0.00|0|0.00|0|0.00|0|569.00|5|0.00|0|0|0|0.00|0|0.00|0|0.00|0|-252.50|-252.50|257.30|0.00|0.00|0.00|115.79|0.00|1659.59|1659.59|8|0.00|0|0.00|0|0.00|0|0.00|0.00|0|0.00
EMPSHFT|Restaurant|1|Restaurante|1|Paula|Moreno|116|1| |0| |0|PrimerPiso4|53|0|0.00|0.00|0.00|15.73|0|0|0.00|0|0.00|0|0.00|0|0.00|0|0.00|0|0|0|0.00|0|0.00|0|0.00|0|1778.92|314.76|15.73|0.00|0.00|291.53|0.00|0.00|15.73|15.73|0|1794.65|5|0.00|0|0.00|0|0.00|0.00|0|0.00
EMPSHFT|Restaurant|1|Restaurante|1|David|Lopez|120|1| |0| |0|Soul|8|0|-237.00|0.00|0.00|-47.40|0|-6|0.00|0|-284.40|9|0.00|0|0.00|0|0.00|0|0|0|0.00|0|0.00|0|0.00|0|47.40|47.40|-47.40|0.00|0.00|0.00|-21.33|-21.33|0.00|-305.73|0|0.00|0|0.00|0|0.00|0|0.00|0.00|0|0.00
EMPDSC|Restaurant|1|Restaurante|1|Luisa Fernanda|Rosales|71|Open % Discount|2|Open % Discount|2|-92.25|1|-92.25
EMPTM|Restaurant|1|Restaurante|1|Daniela|Suarez|44|Amex|54|Amex|54|Payment|167.95|1
EMPTM|Restaurant|1|Restaurante|1|Daniela|Suarez|44|Tips Paid|212|Tips Paid|212|Paid Out|32.79|2
EMPTM|Restaurant|1|Restaurante|1|Sara|Diez|47|Visa|52|Visa|52|Payment|664.28|3
EMPTM|Restaurant|1|Restaurante|1|Sara|Diez|47|Mastercard|53|Mastercard|53|Payment|637.14|2
EMPTM|Restaurant|1|Restaurante|1|Sara|Diez|47|Amex|54|Amex|54|Payment|986.57|3
EMPTM|Restaurant|1|Restaurante|1|Sara|Diez|47|Tips Paid|212|Tips Paid|212|Paid Out|372.31|5
EMPTM|Restaurant|1|Restaurante|1|Natasha|Saposnicof|51|Visa|52|Visa|52|Payment|245.10|2
EMPTM|Restaurant|1|Restaurante|1|Natasha|Saposnicof|51|Mastercard|53|Mastercard|53|Payment|224.43|2
EMPTM|Restaurant|1|Restaurante|1|Natasha|Saposnicof|51|Tips Paid|212|Tips Paid|212|Paid Out|91.40|3
EMPTM|Restaurant|1|Restaurante|1|Lianyi|Rivero|52|Visa|52|Visa|52|Payment|423.12|2
EMPTM|Restaurant|1|Restaurante|1|Lianyi|Rivero|52|Mastercard|53|Mastercard|53|Payment|295.41|1
EMPTM|Restaurant|1|Restaurante|1|Lianyi|Rivero|52|Amex|54|Amex|54|Payment|1269.36|1
EMPTM|Restaurant|1|Restaurante|1|Lianyi|Rivero|52|Tips Paid|212|Tips Paid|212|Paid Out|308.20|3
EMPTM|Restaurant|1|Restaurante|1|Anahis|Fumero|53|Amex|54|Amex|54|Payment|12.90|1
EMPTM|Restaurant|1|Restaurante|1|Anahis|Fumero|53|Tips Paid|212|Tips Paid|212|Paid Out|2.00|1
EMPTM|Restaurant|1|Restaurante|1|Maria Jose|Garcia|54|Visa|52|Visa|52|Payment|1438.58|4
EMPTM|Restaurant|1|Restaurante|1|Maria Jose|Garcia|54|Amex|54|Amex|54|Payment|186.46|1
EMPTM|Restaurant|1|Restaurante|1|Maria Jose|Garcia|54|Discover|55|Discover|55|Payment|543.09|1
EMPTM|Restaurant|1|Restaurante|1|Maria Jose|Garcia|54|Tips Paid|212|Tips Paid|212|Paid Out|440.48|9
EMPTM|Restaurant|1|Restaurante|1|Mariluz|Torres|57|Visa|52|Visa|52|Payment|1572.99|9
EMPTM|Restaurant|1|Restaurante|1|Mariluz|Torres|57|Mastercard|53|Mastercard|53|Payment|1077.70|7
EMPTM|Restaurant|1|Restaurante|1|Mariluz|Torres|57|Amex|54|Amex|54|Payment|806.35|3
EMPTM|Restaurant|1|Restaurante|1|Mariluz|Torres|57|Tips Paid|212|Tips Paid|212|Paid Out|610.76|19
EMPTM|Restaurant|1|Restaurante|1|Brenda|Quiroga|60|Cash|2|Cash|2|Payment|310.00|2
EMPTM|Restaurant|1|Restaurante|1|Brenda|Quiroga|60|Visa|52|Visa|52|Payment|1285.49|7
EMPTM|Restaurant|1|Restaurante|1|Brenda|Quiroga|60|Mastercard|53|Mastercard|53|Payment|1762.71|7
EMPTM|Restaurant|1|Restaurante|1|Brenda|Quiroga|60|Amex|54|Amex|54|Payment|76.11|1
EMPTM|Restaurant|1|Restaurante|1|Brenda|Quiroga|60|Tips Paid|212|Tips Paid|212|Paid Out|537.62|13
EMPTM|Restaurant|1|Restaurante|1|Santiago|Sierra|62|Visa|52|Visa|52|Payment|1049.63|6
EMPTM|Restaurant|1|Restaurante|1|Santiago|Sierra|62|Mastercard|53|Mastercard|53|Payment|922.89|8
EMPTM|Restaurant|1|Restaurante|1|Santiago|Sierra|62|Amex|54|Amex|54|Payment|1240.20|2
EMPTM|Restaurant|1|Restaurante|1|Santiago|Sierra|62|Tips Paid|212|Tips Paid|212|Paid Out|588.00|14
EMPTM|Restaurant|1|Restaurante|1|Luisa Fernanda|Rosales|71|Cash|2|Cash|2|Payment|663.15|6
EMPTM|Restaurant|1|Restaurante|1|Luisa Fernanda|Rosales|71|Visa|52|Visa|52|Payment|125.35|7
EMPTM|Restaurant|1|Restaurante|1|Luisa Fernanda|Rosales|71|Mastercard|53|Mastercard|53|Payment|49.05|3
EMPTM|Restaurant|1|Restaurante|1|Luisa Fernanda|Rosales|71|Amex|54|Amex|54|Payment|179.85|3
EMPTM|Restaurant|1|Restaurante|1|Luisa Fernanda|Rosales|71|Tips Paid|212|Tips Paid|212|Paid Out|116.80|5
EMPTM|Restaurant|1|Restaurante|1|Luisa Fernanda|Rosales|71|Cuenta X Cobrar|4|Cuenta X Cobrar|4|Payment|308.31|1
EMPTM|Restaurant|1|Restaurante|1|Manuela|Bermudez|103|Visa|52|Visa|52|Payment|467.30|3
EMPTM|Restaurant|1|Restaurante|1|Manuela|Bermudez|103|Mastercard|53|Mastercard|53|Payment|998.98|2
EMPTM|Restaurant|1|Restaurante|1|Manuela|Bermudez|103|Tips Paid|212|Tips Paid|212|Paid Out|276.54|6
EMPTM|Restaurant|1|Restaurante|1|Ana|Fandiño|104|Visa|52|Visa|52|Payment|287.15|2
EMPTM|Restaurant|1|Restaurante|1|Ana|Fandiño|104|Mastercard|53|Mastercard|53|Payment|67.73|1
EMPTM|Restaurant|1|Restaurante|1|Ana|Fandiño|104|Tips Paid|212|Tips Paid|212|Paid Out|66.57|5
EMPTM|Restaurant|1|Restaurante|1|Stefanie|Sanchez|105|Visa|52|Visa|52|Payment|1288.45|6
EMPTM|Restaurant|1|Restaurante|1|Stefanie|Sanchez|105|Mastercard|53|Mastercard|53|Payment|1729.89|3
EMPTM|Restaurant|1|Restaurante|1|Stefanie|Sanchez|105|Amex|54|Amex|54|Payment|327.66|1
EMPTM|Restaurant|1|Restaurante|1|Stefanie|Sanchez|105|Tips Paid|212|Tips Paid|212|Paid Out|529.98|11
EMPTM|Restaurant|1|Restaurante|1|Gisell|Caballero|106|Visa|52|Visa|52|Payment|1433.29|8
EMPTM|Restaurant|1|Restaurante|1|Gisell|Caballero|106|Mastercard|53|Mastercard|53|Payment|43.51|2
EMPTM|Restaurant|1|Restaurante|1|Gisell|Caballero|106|Amex|54|Amex|54|Payment|728.85|5
EMPTM|Restaurant|1|Restaurante|1|Gisell|Caballero|106|Tips Paid|212|Tips Paid|212|Paid Out|359.18|18
EMPTM|Restaurant|1|Restaurante|1|Kevin|Gonzalez|110|Visa|52|Visa|52|Payment|25.80|1
EMPTM|Restaurant|1|Restaurante|1|Kevin|Gonzalez|110|Amex|54|Amex|54|Payment|10.32|1
EMPTM|Restaurant|1|Restaurante|1|Kevin|Gonzalez|110|Tips Paid|212|Tips Paid|212|Paid Out|5.60|2
EMPTM|Restaurant|1|Restaurante|1|Mercedes|Juarez|114|Cash|2|Cash|2|Payment|64.15|1
EMPTM|Restaurant|1|Restaurante|1|Mercedes|Juarez|114|Visa|52|Visa|52|Payment|501.03|5
EMPTM|Restaurant|1|Restaurante|1|Mercedes|Juarez|114|Mastercard|53|Mastercard|53|Payment|412.99|5
EMPTM|Restaurant|1|Restaurante|1|Mercedes|Juarez|114|Amex|54|Amex|54|Payment|558.51|3
EMPTM|Restaurant|1|Restaurante|1|Mercedes|Juarez|114|Tips Paid|212|Tips Paid|212|Paid Out|305.52|15
EMPTM|Restaurant|1|Restaurante|1|Adianes|Rojas|115|Mastercard|53|Mastercard|53|Payment|4396.32|1
EMPTM|Restaurant|1|Restaurante|1|Adianes|Rojas|115|Tips Paid|212|Tips Paid|212|Paid Out|681.60|1
EMPTM|Restaurant|1|Restaurante|1|Paula|Moreno|116|Visa|52|Visa|52|Payment|611.07|3
EMPTM|Restaurant|1|Restaurante|1|Paula|Moreno|116|Amex|54|Amex|54|Payment|1572.52|4
EMPTM|Restaurant|1|Restaurante|1|Paula|Moreno|116|Tips Paid|212|Tips Paid|212|Paid Out|351.83|8
EMPOTSLS|Restaurant|1|Restaurante|1|Sara|Diez|47|Dine In|1|Dine In|1|3|20|0|0|2076.50|0.00|0.00|0|0.00|0|0.00|0.00|0|0.00|0|0.00|0|0.00|0|0.00|0|0.00|0|0.00|0|0.00|0|0.00|0.00|2076.50
EMPOTSLS|Restaurant|1|Restaurante|1|Anahis|Fumero|53|Dine In|1|Dine In|1|2|3|0|0|20.00|0.00|0.00|0|0.00|0|0.00|0.00|0|0.00|0|0.00|0|0.00|0|0.00|0|0.00|0|0.00|0|0.00|0|0.00|0.00|20.00
EMPOTSLS|Restaurant|1|Restaurante|1|Santiago|Sierra|62|Dine In|1|Dine In|1|12|30|0|0|1644.00|0.00|0.00|0|0.00|0|0.00|0.00|0|0.00|0|0.00|0|0.00|0|0.00|0|0.00|0|0.00|0|0.00|0|0.00|0.00|1644.00
EMPOTSLS|Restaurant|1|Restaurante|1|Alexander|Rodriguez|68|Dine In|1|Dine In|1|0|-8|0|0|-165.00|0.00|0.00|0|0.00|0|0.00|0.00|0|0.00|0|0.00|0|0.00|0|0.00|0|0.00|0|0.00|0|0.00|0|0.00|0.00|-165.00
EMPOTSLS|Restaurant|1|Restaurante|1|Adianes|Rojas|115|Dine In|1|Dine In|1|0|1|0|0|3365.00|0.00|0.00|0|0.00|0|0.00|0.00|0|0.00|0|0.00|0|0.00|0|0.00|0|0.00|0|0.00|0|0.00|0|0.00|0.00|3365.00
EMPOTSLS|Restaurant|1|Restaurante|1|Daniela|Suarez|44|Dine In|1|Dine In|1|3|0|0|0|66.00|0.00|0.00|0|0.00|0|0.00|0.00|0|0.00|0|0.00|0|0.00|0|0.00|0|0.00|0|0.00|0|0.00|0|0.00|0.00|66.00
EMPOTSLS|Restaurant|1|Restaurante|1|Maria Jose|Garcia|54|Dine In|1|Dine In|1|2|12|0|0|718.00|0.00|0.00|0|0.00|0|0.00|0.00|0|0.00|0|0.00|0|0.00|0|0.00|0|0.00|0|0.00|0|0.00|0|0.00|0.00|718.00
EMPOTSLS|Restaurant|1|Restaurante|1|Brenda|Quiroga|60|Dine In|1|Dine In|1|15|72|0|0|3211.50|0.00|0.00|0|0.00|0|0.00|0.00|0|0.00|0|0.00|0|0.00|0|0.00|0|0.00|0|0.00|0|0.00|0|0.00|0.00|3211.50
EMPOTSLS|Restaurant|1|Restaurante|1|Paula|Moreno|116|Dine In|1|Dine In|1|9|33|0|0|1726.50|0.00|0.00|0|0.00|0|0.00|0.00|0|0.00|0|0.00|0|0.00|0|0.00|0|0.00|0|0.00|0|0.00|0|0.00|0.00|1726.50
EMPOTSLS|Restaurant|1|Restaurante|1|Natasha|Saposnicof|51|Dine In|1|Dine In|1|2|13|0|0|457.00|0.00|0.00|0|0.00|0|0.00|0.00|0|0.00|0|0.00|0|0.00|0|0.00|0|0.00|0|0.00|0|0.00|0|0.00|0.00|457.00
EMPOTSLS|Restaurant|1|Restaurante|1|Luisa Fernanda|Rosales|71|Dine In|1|Dine In|1|14|12|0|0|322.75|0.00|0.00|0|0.00|0|0.00|0.00|0|0.00|0|0.00|0|0.00|0|0.00|0|0.00|0|0.00|0|0.00|0|0.00|0.00|322.75
EMPOTSLS|Restaurant|1|Restaurante|1|Manuela|Bermudez|103|Dine In|1|Dine In|1|7|26|0|0|1885.50|0.00|0.00|0|0.00|0|0.00|0.00|0|0.00|0|0.00|0|0.00|0|0.00|0|0.00|0|0.00|0|0.00|0|0.00|0.00|1885.50
EMPOTSLS|Restaurant|1|Restaurante|1|Ana|Fandiño|104|Dine In|1|Dine In|1|6|11|0|0|597.50|0.00|0.00|0|0.00|0|0.00|0.00|0|0.00|0|0.00|0|0.00|0|0.00|0|0.00|0|0.00|0|0.00|0|0.00|0.00|597.50
EMPOTSLS|Restaurant|1|Restaurante|1|Stefanie|Sanchez|105|Dine In|1|Dine In|1|1|34|0|0|2615.50|0.00|0.00|0|0.00|0|0.00|0.00|0|0.00|0|0.00|0|0.00|0|0.00|0|0.00|0|0.00|0|0.00|0|0.00|0.00|2615.50
EMPOTSLS|Restaurant|1|Restaurante|1|Daniel|Yate|63|Dine In|1|Dine In|1|2|0|0|0|103.00|0.00|0.00|0|0.00|0|0.00|0.00|0|0.00|0|0.00|0|0.00|0|0.00|0|0.00|0|0.00|0|0.00|0|0.00|0.00|103.00
EMPOTSLS|Restaurant|1|Restaurante|1|Gisell|Caballero|106|Dine In|1|Dine In|1|15|37|0|0|1726.00|0.00|0.00|0|0.00|0|0.00|0.00|0|0.00|0|0.00|0|0.00|0|0.00|0|0.00|0|0.00|0|0.00|0|0.00|0.00|1726.00
EMPOTSLS|Restaurant|1|Restaurante|1|Mariluz|Torres|57|Dine In|1|Dine In|1|16|36|0|0|3355.50|0.00|0.00|0|0.00|0|0.00|0.00|0|0.00|0|0.00|0|0.00|0|0.00|0|0.00|0|0.00|0|0.00|0|0.00|0.00|3355.50
EMPOTSLS|Restaurant|1|Restaurante|1|Mercedes|Juarez|114|Dine In|1|Dine In|1|5|18|0|0|1010.50|0.00|0.00|0|0.00|0|0.00|0.00|0|0.00|0|0.00|0|0.00|0|0.00|0|0.00|0|0.00|0|0.00|0|0.00|0.00|1010.50
EMPOTSLS|Restaurant|1|Restaurante|1|David|Lopez|120|Dine In|1|Dine In|1|0|-6|0|0|-237.00|0.00|0.00|0|0.00|0|0.00|0.00|0|0.00|0|0.00|0|0.00|0|0.00|0|0.00|0|0.00|0|0.00|0|0.00|0.00|-237.00
EMPOTSLS|Restaurant|1|Restaurante|1|Lianyi|Rivero|52|Dine In|1|Dine In|1|3|23|0|0|1503.00|0.00|0.00|0|0.00|0|0.00|0.00|0|0.00|0|0.00|0|0.00|0|0.00|0|0.00|0|0.00|0|0.00|0|0.00|0.00|1503.00
EMPOTSLS|Restaurant|1|Restaurante|1|Kevin|Gonzalez|110|Dine In|1|Dine In|1|2|2|0|0|28.00|0.00|0.00|0|0.00|0|0.00|0.00|0|0.00|0|0.00|0|0.00|0|0.00|0|0.00|0|0.00|0|0.00|0|0.00|0.00|28.00
