EMPID|Expr1234|Expres Multiparque|20250119|20250119|20250120|122216|2.00|2.00|Simphony|19.7.2
EMP|Restaurante|1|Restaurante|1|PAULA|MONSALVO GARCIA|175|4|0|0|0|530281.00|53027.00|0.00|0|0.00|0|0.00|0.00|0.00|0|0.00|0|0.00|2|625727.00|4|625727.00|4|0.00|0|0.00|0|0.00|53027.00|0.00|0|530281.00|0.00|0.00|530281.00
EMP|Restaurante|1|Restaurante|1|DANIELA|CALDERON GONZÁLEZ|176|4|0|0|0|740193.00|60850.00|0.00|0|0.00|0|0.00|0.00|0.00|0|0.00|0|0.00|2|860250.00|4|860250.00|4|0.00|0|0.00|0|0.00|60850.00|0.00|0|740193.00|0.00|0.00|740193.00
EMP|Domicilios|20|Domicilios|20|DANIELA|CALDERON GONZÁLEZ|176|6|0|0|0|679634.00|0.00|0.00|0|0.00|0|0.00|0.00|0.00|0|0.00|0|0.00|0|734000.00|6|734000.00|6|0.00|0|0.00|0|0.00|0.00|0.00|0|679634.00|0.00|0.00|679634.00
EMP|Restaurante|1|Restaurante|1|FELIPE|DIAZ|179|30|0|0|0|4870393.00|487025.00|-142842.00|10|0.00|0|-4189.00|0.00|4800.00|1|-64629.00|3|91559.00|6|5747025.00|30|5747025.00|30|0.00|0|0.00|0|0.00|487025.00|0.00|0|4870393.00|0.00|0.00|4870393.00
EMP|Domicilios|20|Domicilios|20|FELIPE|DIAZ|179|3|0|0|0|298516.00|0.00|0.00|0|0.00|0|0.00|0.00|25800.00|1|0.00|0|0.00|1|322500.00|3|322500.00|3|0.00|0|0.00|0|0.00|0.00|0.00|0|299816.00|-1300.00|-1300.00|298516.00
EMP|Restaurante|1|Restaurante|1|GABRIELLE|SANCHEZ|180|13|0|0|0|1460006.00|99952.00|-280915.00|19|0.00|0|-14933.00|1.00|107100.00|7|-29537.00|2|548699.00|2|1676753.00|13|1676753.00|13|0.00|0|0.00|0|0.00|99952.00|0.00|0|1460006.00|0.00|0.00|1460006.00
EMP|Restaurante|1|Restaurante|1|PAULA|INFANTE|181|28|0|0|0|4225899.00|423751.00|-26889.00|4|0.00|0|-1956.00|-19.00|67100.00|3|0.00|0|159518.00|2|4988632.00|28|4988632.00|28|0.00|0|0.00|0|0.00|423751.00|0.00|0|4237599.00|-11700.00|-11700.00|4225899.00
EMPSHFT|Restaurante|1|Restaurante|1|PAULA|MONSALVO GARCIA|175|1| |0| |0|CAPS|1|0|179909.00|0.00|0.00|17991.00|0|0|0.00|0|0.00|0|0.00|0|0.00|0|0.00|0|0|0|53027.00|0|53027.00|4|0.00|0|583308.00|0.00|0.00|0.00|0.00|0.00|14391.00|0.00|212291.00|212291.00|0|625727.00|4|0.00|0|0.00|0|0.00|0.00|0|0.00
EMPSHFT|Restaurante|1|Restaurante|1|PAULA|MONSALVO GARCIA|175|1| |0| |0|TOMAPEDIDOS 2|3|0|350372.00|0.00|0.00|35036.00|4|0|0.00|0|0.00|0|0.00|0|0.00|0|0.00|0|0|0|0.00|0|0.00|0|0.00|0|0.00|0.00|0.00|0.00|0.00|0.00|28028.00|0.00|413436.00|413436.00|4|0.00|0|0.00|0|0.00|0|0.00|0.00|0|0.00
EMPSHFT|Restaurante|1|Restaurante|1|DANIELA|CALDERON GONZÁLEZ|176|1| |0| |0|CAPS|1|0|740193.00|0.00|0.00|60850.00|4|0|0.00|0|0.00|0|0.00|0|0.00|0|0.00|0|0|0|60850.00|0|60850.00|3|0.00|0|801043.00|0.00|0.00|0.00|0.00|0.00|59207.00|0.00|860250.00|860250.00|4|860250.00|4|0.00|0|0.00|0|0.00|0.00|0|0.00
EMPSHFT|Domicilios|20|Domicilios|20|DANIELA|CALDERON GONZÁLEZ|176|1| |0| |0|CAPS|1|0|679634.00|0.00|0.00|0.00|6|0|0.00|0|0.00|0|0.00|0|0.00|0|0.00|0|0|0|0.00|0|0.00|0|0.00|0|679634.00|0.00|0.00|0.00|0.00|0.00|54366.00|0.00|734000.00|734000.00|6|734000.00|6|0.00|0|0.00|0|0.00|0.00|0|0.00
EMPSHFT|Domicilios|20|Domicilios|20|FELIPE|DIAZ|179|1| |0| |0|CAPS|1|0|5089.00|-1300.00|0.00|0.00|0|0|0.00|0|0.00|0|0.00|0|0.00|0|0.00|0|0|0|0.00|0|0.00|0|0.00|0|298516.00|0.00|0.00|0.00|0.00|0.00|511.00|0.00|6900.00|5600.00|0|322500.00|3|0.00|0|0.00|0|0.00|0.00|0|0.00
EMPSHFT|Domicilios|20|Domicilios|20|FELIPE|DIAZ|179|1| |0| |0|TOMAPEDIDOS 2|3|0|293427.00|0.00|0.00|0.00|3|0|0.00|0|0.00|0|0.00|0|25800.00|1|0.00|0|0|0|0.00|0|0.00|0|0.00|0|0.00|0.00|0.00|0.00|0.00|0.00|23473.00|0.00|316900.00|316900.00|3|0.00|0|0.00|0|0.00|0|0.00|0.00|0|0.00
EMPSHFT|Restaurante|1|Restaurante|1|FELIPE|DIAZ|179|1| |0| |0|TOMAPEDIDOS 2|3|0|4869189.00|0.00|0.00|486905.00|30|0|0.00|0|-92944.00|7|-64629.00|3|4800.00|1|0.00|0|0|0|0.00|0|0.00|0|0.00|0|0.00|0.00|0.00|0.00|0.00|0.00|389511.00|-3159.00|5841708.00|5745605.00|30|0.00|0|0.00|0|0.00|0|0.00|0.00|0|0.00
EMPSHFT|Restaurante|1|Restaurante|1|FELIPE|DIAZ|179|1| |0| |0|CAPS|1|0|1204.00|0.00|0.00|120.00|0|0|0.00|0|-49898.00|3|0.00|0|0.00|0|0.00|0|0|0|487025.00|0|487025.00|30|0.00|0|5389260.00|0.00|0.00|0.00|0.00|0.00|96.00|-1030.00|52348.00|1420.00|0|5747025.00|30|0.00|0|0.00|0|0.00|0.00|0|0.00
EMPSHFT|Restaurante|1|Restaurante|1|GABRIELLE|SANCHEZ|180|1| |0| |0|TOMAPEDIDOS 1|2|0|1560655.00|0.00|0.00|156062.00|13|0|0.00|0|-29537.00|2|-29537.00|2|107100.00|7|0.00|0|0|0|0.00|0|0.00|0|0.00|0|0.00|0.00|0.00|0.00|0.00|0.00|124845.00|0.00|1871099.00|1841562.00|13|0.00|0|0.00|0|0.00|0|0.00|0.00|0|0.00
EMPSHFT|Restaurante|1|Restaurante|1|GABRIELLE|SANCHEZ|180|1| |0| |0|CAPS|1|0|-86575.00|0.00|0.00|-54703.00|0|0|0.00|0|-235897.00|15|0.00|0|0.00|0|0.00|0|0|0|99952.00|0|99952.00|15|0.00|0|1572366.00|0.00|0.00|0.00|0.00|0.00|-6925.00|-13807.00|101501.00|-148202.00|0|1676753.00|13|0.00|0|0.00|0|1.00|0.00|0|0.00
EMPSHFT|Restaurante|1|Restaurante|1|GABRIELLE|SANCHEZ|180|1| |0| |0|TOMAPEDIDOS 2|3|0|-14074.00|0.00|0.00|-1407.00|0|0|0.00|0|-15481.00|2|0.00|0|0.00|0|0.00|0|0|0|0.00|0|0.00|0|0.00|0|0.00|0.00|0.00|0.00|0.00|0.00|-1126.00|-1126.00|0.00|-16607.00|0|0.00|0|0.00|0|0.00|0|0.00|0.00|0|0.00
EMPSHFT|Restaurante|1|Restaurante|1|PAULA|INFANTE|181|1| |0| |0|TOMAPEDIDOS 3|4|0|4052044.00|0.00|0.00|405196.00|28|0|0.00|0|0.00|0|0.00|0|67100.00|3|0.00|0|0|0|0.00|0|0.00|0|0.00|0|0.00|0.00|0.00|0.00|0.00|0.00|324156.00|0.00|4781396.00|4781396.00|28|0.00|0|0.00|0|0.00|0|0.00|0.00|0|0.00
EMPSHFT|Restaurante|1|Restaurante|1|PAULA|INFANTE|181|1| |0| |0|CAPS|1|0|173855.00|-11700.00|0.00|18555.00|0|0|0.00|0|-26889.00|4|0.00|0|0.00|0|0.00|0|0|0|423751.00|0|423751.00|28|0.00|0|4676353.00|0.00|0.00|0.00|0.00|0.00|14845.00|-1956.00|247800.00|207236.00|0|4988632.00|28|0.00|0|0.00|0|-19.00|0.00|0|0.00
EMPDSC|Domicilios|20|Domicilios|20|FELIPE|DIAZ|179|DSC8|8|Discount Master 8|8|-1300.00|1|-1300.00
EMPDSC|Restaurante|1|Restaurante|1|PAULA|INFANTE|181|DSC8|8|Discount Master 8|8|-11700.00|1|-11700.00
EMPTM|Restaurante|1|Restaurante|1|DANIELA|CALDERON GONZÁLEZ|176|Contado |102|Contado |102|Payment|0.00|0
EMPTM|Domicilios|20|Domicilios|20|DANIELA|CALDERON GONZÁLEZ|176|Contado |102|Contado |102|Payment|0.00|0
EMPTM|Restaurante|1|Restaurante|1|DANIELA|CALDERON GONZÁLEZ|176|Efectivo |101|Efectivo |101|Payment|1419430.00|11
EMPTM|Domicilios|20|Domicilios|20|DANIELA|CALDERON GONZÁLEZ|176|Efectivo |101|Efectivo |101|Payment|64800.00|3
EMPTM|Restaurante|1|Restaurante|1|DANIELA|CALDERON GONZÁLEZ|176|Master Card|202|Master Card|202|Payment|8673833.00|48
EMPTM|Domicilios|20|Domicilios|20|DANIELA|CALDERON GONZÁLEZ|176|Master Card|202|Master Card|202|Payment|848800.00|6
EMPTM|Restaurante|1|Restaurante|1|DANIELA|CALDERON GONZÁLEZ|176|Diners|203|Diners|203|Payment|229881.00|1
EMPTM|Restaurante|1|Restaurante|1|DANIELA|CALDERON GONZÁLEZ|176|Visa |204|Visa |204|Payment|3209116.00|22
EMPTM|Domicilios|20|Domicilios|20|DANIELA|CALDERON GONZÁLEZ|176|Visa |204|Visa |204|Payment|142900.00|3
EMPTM|Restaurante|1|Restaurante|1|DANIELA|CALDERON GONZÁLEZ|176|American Express|201|American Express|201|Payment|366127.00|2
EMPOTSLS|Domicilios|20|Domicilios|20|DANIELA|CALDERON GONZÁLEZ|176|OT2|2|Order Type Master 2|2|6|0|0|0|679634.00|0.00|0.00|0|0.00|0|0.00|0.00|0|0.00|0|0.00|0|0.00|0|0.00|0|0.00|0|0.00|0|0.00|0|0.00|0.00|679634.00
EMPOTSLS|Restaurante|1|Restaurante|1|DANIELA|CALDERON GONZÁLEZ|176|OT1|1|Order Type Master 1|1|4|0|0|0|740193.00|0.00|0.00|0|0.00|0|0.00|0.00|0|0.00|0|0.00|0|0.00|0|0.00|0|0.00|0|0.00|0|0.00|0|0.00|0.00|740193.00
EMPOTSLS|Restaurante|1|Restaurante|1|PAULA|MONSALVO GARCIA|175|OT1|1|Order Type Master 1|1|4|0|0|0|530281.00|0.00|0.00|0|0.00|0|0.00|0.00|0|0.00|0|0.00|0|0.00|0|0.00|0|0.00|0|0.00|0|0.00|0|0.00|0.00|530281.00
EMPOTSLS|Restaurante|1|Restaurante|1|GABRIELLE|SANCHEZ|180|OT1|1|Order Type Master 1|1|13|0|0|0|1460006.00|0.00|0.00|0|0.00|0|0.00|0.00|0|0.00|0|0.00|0|0.00|0|0.00|0|0.00|0|0.00|0|0.00|0|0.00|0.00|1460006.00
EMPOTSLS|Restaurante|1|Restaurante|1|FELIPE|DIAZ|179|OT1|1|Order Type Master 1|1|30|0|0|0|4870393.00|0.00|0.00|0|0.00|0|0.00|0.00|0|0.00|0|0.00|0|0.00|0|0.00|0|0.00|0|0.00|0|0.00|0|0.00|0.00|4870393.00
EMPOTSLS|Domicilios|20|Domicilios|20|FELIPE|DIAZ|179|OT2|2|Order Type Master 2|2|3|0|0|0|298516.00|0.00|0.00|0|0.00|0|0.00|0.00|0|0.00|0|0.00|0|0.00|0|0.00|0|0.00|0|0.00|0|0.00|0|0.00|0.00|298516.00
EMPOTSLS|Restaurante|1|Restaurante|1|PAULA|INFANTE|181|OT1|1|Order Type Master 1|1|28|0|0|0|4225899.00|0.00|0.00|0|0.00|0|0.00|0.00|0|0.00|0|0.00|0|0.00|0|0.00|0|0.00|0|0.00|0|0.00|0|0.00|0.00|4225899.00
