EMPID|AB80|Andres Bazaar 80|20241214|20241214|20250115|122213|2.00|2.00|Simphony|19.7.2
EMP|1-Restaurante|1|1-Restaurante|22|Miguel|Ramirez|404220003|6|6|0|0|1009833.00|100982.00|0.00|0|0.00|0|0.00|0.00|0.00|0|0.00|0|0.00|1|1302682.00|6|1302682.00|6|0.00|0|0.00|0|0.00|100982.00|0.00|0|1009833.00|0.00|0.00|1009833.00
EMP|1-Restaurante|1|1-Restaurante|22|Gabriela|Jurado Giraldo|404220006|4|5|0|0|753696.00|75369.00|0.00|0|0.00|0|0.00|0.00|69800.00|1|0.00|0|0.00|0|972269.00|5|972269.00|5|0.00|0|0.00|0|0.00|75369.00|0.00|0|753696.00|0.00|0.00|753696.00
EMPSHFT|1-Restaurante|1|1-Restaurante|22|Miguel|Ramirez|404220003|1| |0| |0|PRINCIPAL|4|0|543111.00|0.00|0.00|54310.00|3|3|0.00|0|0.00|0|0.00|0|0.00|0|0.00|0|0|0|40126.00|0|40126.00|3|0.00|0|0.00|0.00|0.00|0.00|0.00|0.00|103189.00|0.00|700610.00|700610.00|3|517626.00|3|0.00|0|0.00|0|0.00|0.00|0|0.00
EMPSHFT|1-Restaurante|1|1-Restaurante|22|Miguel|Ramirez|404220003|1| |0| |0|CAPS|1|0|0.00|0.00|0.00|0.00|0|0|0.00|0|0.00|0|0.00|0|0.00|0|0.00|0|0|0|14563.00|0|14563.00|1|0.00|0|1110815.00|0.00|0.00|0.00|0.00|0.00|0.00|0.00|0.00|0.00|0|187863.00|1|0.00|0|0.00|0|0.00|0.00|0|0.00
EMPSHFT|1-Restaurante|1|1-Restaurante|22|Miguel|Ramirez|404220003|1| |0| |0|BARRA|3|0|466722.00|0.00|0.00|46672.00|3|3|0.00|0|0.00|0|0.00|0|0.00|0|0.00|0|0|0|46293.00|0|46293.00|2|0.00|0|0.00|0.00|0.00|0.00|0.00|0.00|88678.00|0.00|602072.00|602072.00|3|597193.00|2|0.00|0|0.00|0|0.00|0.00|0|0.00
EMPSHFT|1-Restaurante|1|1-Restaurante|22|Gabriela|Jurado Giraldo|404220006|1| |0| |0|BARRA|3|0|397899.00|0.00|0.00|39789.00|1|1|0.00|0|0.00|0|0.00|0|0.00|0|0.00|0|0|0|0.00|0|0.00|0|0.00|0|0.00|0.00|0.00|0.00|0.00|0.00|75601.00|0.00|513289.00|513289.00|2|0.00|0|0.00|0|0.00|0|0.00|0.00|0|0.00
EMPSHFT|1-Restaurante|1|1-Restaurante|22|Gabriela|Jurado Giraldo|404220006|1| |0| |0|CAPS|1|0|0.00|0.00|0.00|0.00|0|0|0.00|0|0.00|0|0.00|0|0.00|0|0.00|0|0|0|59117.00|0|59117.00|4|0.00|0|829065.00|0.00|0.00|0.00|0.00|0.00|0.00|0.00|0.00|0.00|0|762617.00|4|0.00|0|0.00|0|0.00|0.00|0|0.00
EMPSHFT|1-Restaurante|1|1-Restaurante|22|Gabriela|Jurado Giraldo|404220006|1| |0| |0|PRINCIPAL|4|0|355797.00|0.00|0.00|35580.00|3|4|0.00|0|0.00|0|0.00|0|69800.00|1|0.00|0|0|0|16252.00|0|16252.00|1|0.00|0|0.00|0.00|0.00|0.00|0.00|0.00|67603.00|0.00|458980.00|458980.00|3|209652.00|1|0.00|0|0.00|0|0.00|0.00|0|0.00
EMPTM|1-Restaurante|1|1-Restaurante|22|Juan Carlos|Rodriguez|402240001|Contado|102|Contado|102|Payment|0.00|0
EMPTM|1-Restaurante|1|1-Restaurante|22|Gabriela|Jurado Giraldo|404220006|Contado|102|Contado|102|Payment|0.00|0
EMPTM|1-Restaurante|1|1-Restaurante|22|Jonatan Steven|Fernandez Medina|76|Contado|102|Contado|102|Payment|0.00|0
EMPTM|1-Restaurante|1|1-Restaurante|22|Jonatan Steven|Fernandez Medina|76|Master Card|202|Master Card|202|Payment|1520247.00|7
EMPTM|1-Restaurante|1|1-Restaurante|22|Jonatan Steven|Fernandez Medina|76|American Express|201|American Express|201|Payment|131385.00|1
EMPTM|1-Restaurante|1|1-Restaurante|22|Jonatan Steven|Fernandez Medina|76|Visa |204|Visa |204|Payment|623319.00|3
EMPOTSLS|1-Restaurante|1|1-Restaurante|22|Gabriela|Jurado Giraldo|404220006|Para Aqui|1|Para Aqui|1|4|5|0|0|753696.00|0.00|0.00|0|0.00|0|0.00|0.00|0|0.00|0|0.00|0|0.00|0|0.00|0|0.00|0|0.00|0|0.00|0|0.00|0.00|753696.00
EMPOTSLS|1-Restaurante|1|1-Restaurante|22|Miguel|Ramirez|404220003|Para Aqui|1|Para Aqui|1|6|6|0|0|1009833.00|0.00|0.00|0|0.00|0|0.00|0.00|0|0.00|0|0.00|0|0.00|0|0.00|0|0.00|0|0.00|0|0.00|0|0.00|0.00|1009833.00
