EMPID|CTG|Andres Cartagena|20241211|20241211|20250112|125834|2.00|2.00|Simphony|19.7.2
EMP|1 Restaurante|1|1-Restaurante|22|Marilin Paola|Zabaleta Cuellar|606630003|6|5|0|0|4241264.00|424123.00|-167865.00|3|0.00|0|-28995.00|0.00|171200.00|2|0.00|0|0.00|0|5471223.00|7|5471223.00|7|0.00|0|0.00|0|0.00|424123.00|0.00|0|4241264.00|0.00|0.00|4241264.00
EMP|1 Restaurante|1|1-Restaurante|22|Yasser Enrique|Ortiz Pacheco|606680002|0|0|0|0|0.00|0.00|0.00|0|0.00|0|0.00|0.00|0.00|1|0.00|0|0.00|0|0.00|1|0.00|1|0.00|0|0.00|0|0.00|0.00|0.00|0|0.00|0.00|0.00|0.00
EMP|1 Restaurante|1|1-Restaurante|22|Juliander Alexander |Lara Muñoz|606630012|1|2|0|0|277311.00|27731.00|0.00|0|0.00|0|0.00|0.00|0.00|0|0.00|0|163147.00|1|357731.00|1|0.00|0|0.00|0|0.00|0|0.00|0.00|0.00|0|277311.00|0.00|0.00|277311.00
EMP|1 Restaurante|1|1-Restaurante|22|Rosmar|Arevalo|606680003|1|1|0|0|1.00|5510.00|0.00|0|0.00|0|0.00|0.00|0.00|0|0.00|0|0.00|0|5511.00|1|5511.00|1|0.00|0|0.00|0|0.00|5510.00|0.00|0|1.00|0.00|0.00|1.00
EMP|20-Domicilios|20|20-Domicilios|29|Domicilios|Rappi|606630025|1|0|0|0|37941.00|0.00|0.00|0|0.00|0|0.00|0.00|0.00|0|0.00|0|0.00|0|45150.00|1|45150.00|1|0.00|0|0.00|0|0.00|0.00|0.00|0|37941.00|0.00|0.00|37941.00
EMP|1 Restaurante|1|1-Restaurante|22|Mauricio|Acosta|606650004|0|0|0|0|0.00|0.00|0.00|0|0.00|0|0.00|0.00|0.00|0|0.00|0|0.00|1|0.00|0|0.00|0|0.00|0|0.00|0|0.00|0.00|0.00|0|0.00|0.00|0.00|0.00
EMP|2 Almacen|2|2-Almacen|2|Mauricio|Acosta|606650004|1|1|0|0|363867.00|0.00|0.00|0|0.00|0|0.00|0.00|182000.00|3|0.00|0|249800.00|2|433000.00|1|433000.00|1|0.00|0|0.00|0|0.00|0.00|0.00|0|363867.00|0.00|0.00|363867.00
EMP|1 Restaurante|1|1-Restaurante|22|Viviana|Maldonado|606630033|13|33|0|0|3618829.00|361881.00|-458480.00|2|0.00|0|-79200.00|4.00|84700.00|2|0.00|0|339302.00|1|4668285.00|14|4668285.00|14|0.00|0|0.00|0|0.00|361881.00|0.00|0|3618829.00|0.00|0.00|3618829.00
EMP|1 Restaurante|1|1-Restaurante|22|Moises|Cotes|606630037|6|19|0|0|2605804.00|260578.00|-684218.00|6|0.00|0|-118183.00|0.00|14800.00|1|0.00|0|0.00|0|3361478.00|7|3361478.00|7|0.00|0|0.00|0|0.00|260578.00|0.00|0|2605804.00|0.00|0.00|2605804.00
EMP|1 Restaurante|1|1-Restaurante|22|Winder|Castaño|606630063|26|55|0|0|5116809.00|511677.00|0.00|0|0.00|0|-1.00|-1.00|328100.00|9|0.00|0|0.00|0|6600676.00|30|6587234.00|26|0.00|0|0.00|0|0.00|510635.00|0.00|0|5116809.00|0.00|0.00|5116809.00
EMP|1 Restaurante|1|1-Restaurante|22|Esther|Gonzalez|606630064|24|74|0|0|12260169.00|1181060.00|-35866.00|3|0.00|0|-51142.00|0.00|1239501.00|21|0.00|0|0.00|0|15770660.00|42|15784102.00|29|0.00|0|0.00|0|0.00|1182102.00|0.00|0|12260169.00|0.00|0.00|12260169.00
EMP|1 Restaurante|1|1-Restaurante|22|Alvaro|Viloria|606630065|27|76|0|0|8258154.00|784701.00|-178125.00|8|0.00|0|-71878.00|-1.00|1001700.00|18|0.00|0|0.00|1|10611900.00|36|13840584.00|37|0.00|0|0.00|0|0.00|1034985.00|0.00|0|8258154.00|0.00|0.00|8258154.00
EMP|1 Restaurante|1|1-Restaurante|22|Viviana|Maldonado M.|606670017|1|1|0|0|4538.00|454.00|0.00|0|0.00|0|0.00|0.00|0.00|0|0.00|0|0.00|0|5854.00|1|0.00|0|0.00|0|0.00|0|0.00|0.00|0.00|0|4538.00|0.00|0.00|4538.00
EMP|1 Restaurante|1|1-Restaurante|22|Alba|Quintero|606630079|9|20|0|0|2957654.00|295763.00|0.00|0|0.00|0|0.00|0.00|2238000.00|7|0.00|0|0.00|0|3815363.00|10|944410.00|1|0.00|0|0.00|0|0.00|73210.00|0.00|0|2957654.00|0.00|0.00|2957654.00
EMP|2 Almacen|2|2-Almacen|2|Alba|Quintero|606630079|2|2|0|0|110925.00|0.00|0.00|0|0.00|0|0.00|0.00|57000.00|2|0.00|0|75000.00|2|132000.00|2|132000.00|2|0.00|0|0.00|0|0.00|0.00|0.00|0|110925.00|0.00|0.00|110925.00
EMP|1 Restaurante|1|1-Restaurante|22|Leonardo de Jesus|Avila Perez|112|1|3|0|0|5378.00|538.00|0.00|0|0.00|0|-908.00|0.00|0.00|0|0.00|0|0.00|0|8638.00|1|14492.00|2|0.00|0|0.00|0|0.00|992.00|0.00|0|14454.00|-9076.00|-9076.00|5378.00
EMPSHFT|1 Restaurante|1|1-Restaurante|22|Leonardo de Jesus|Avila Perez|112|1| |0| |0|ALMACEN|2|0|9916.00|0.00|0.00|992.00|1|1|0.00|0|0.00|0|0.00|0|0.00|0|0.00|0|0|0|992.00|0|992.00|1|0.00|0|0.00|0.00|0.00|0.00|0.00|0.00|1884.00|0.00|12792.00|12792.00|1|12792.00|1|0.00|0|0.00|0|0.00|0.00|0|0.00
EMPSHFT|1 Restaurante|1|1-Restaurante|22|Leonardo de Jesus|Avila Perez|112|1| |0| |0|CAJA 2|7|0|-9076.00|-9076.00|0.00|-908.00|0|0|0.00|0|0.00|0|0.00|0|0.00|0|0.00|0|0|0|0.00|0|0.00|0|0.00|0|10908.00|0.00|0.00|0.00|0.00|0.00|0.00|-908.00|0.00|-10008.00|0|1700.00|1|0.00|0|0.00|0|0.00|0.00|0|0.00
EMPSHFT|1 Restaurante|1|1-Restaurante|22|Leonardo de Jesus|Avila Perez|112|1| |0| |0|CAJA 1|6|0|4538.00|0.00|0.00|454.00|0|2|0.00|0|0.00|0|0.00|0|0.00|0|0.00|0|0|0|0.00|0|0.00|0|0.00|0|0.00|0.00|0.00|0.00|0.00|0.00|862.00|0.00|5854.00|5854.00|0|0.00|0|0.00|0|0.00|0|0.00|0.00|0|0.00
EMPSHFT|1 Restaurante|1|1-Restaurante|22|Marilin Paola|Zabaleta Cuellar|606630003|1| |0| |0|CAJA 2|7|0|0.00|0.00|0.00|0.00|0|0|0.00|0|0.00|0|0.00|0|0.00|0|0.00|0|0|0|0.00|0|0.00|0|0.00|0|3000645.00|0.00|0.00|0.00|0.00|0.00|0.00|0.00|0.00|0.00|0|0.00|2|0.00|0|0.00|0|0.00|0.00|0|0.00
EMPSHFT|1 Restaurante|1|1-Restaurante|22|Marilin Paola|Zabaleta Cuellar|606630003|1| |0| |0|CABINA DJ|4|0|215966.00|0.00|0.00|21596.00|1|0|0.00|0|0.00|0|0.00|0|0.00|0|0.00|0|0|0|0.00|0|0.00|0|0.00|0|0.00|0.00|0.00|0.00|0.00|0.00|41034.00|0.00|278596.00|278596.00|1|0.00|0|0.00|0|0.00|0|0.00|0.00|0|0.00
EMPSHFT|1 Restaurante|1|1-Restaurante|22|Marilin Paola|Zabaleta Cuellar|606630003|1| |0| |0|CAPS|1|0|0.00|0.00|0.00|0.00|0|0|0.00|0|0.00|0|0.00|0|0.00|0|0.00|0|0|0|0.00|0|0.00|0|0.00|0|1793649.00|0.00|0.00|0.00|0.00|0.00|0.00|0.00|0.00|0.00|0|0.00|0|0.00|0|0.00|0|0.00|0.00|0|0.00
EMPSHFT|1 Restaurante|1|1-Restaurante|22|Marilin Paola|Zabaleta Cuellar|606630003|1| |0| |0|COCINA LADO|10|0|235546.00|0.00|0.00|23555.00|1|0|0.00|0|-167865.00|3|0.00|0|0.00|0|0.00|0|0|0|0.00|0|0.00|0|0.00|0|0.00|0.00|0.00|0.00|0.00|0.00|44754.00|-28995.00|500715.00|303855.00|1|0.00|0|0.00|0|0.00|0|0.00|0.00|0|0.00
EMPSHFT|1 Restaurante|1|1-Restaurante|22|Marilin Paola|Zabaleta Cuellar|606630003|1| |0| |0|BAR_LADO|3|0|169834.00|0.00|0.00|16983.00|1|1|0.00|0|0.00|0|0.00|0|0.00|0|0.00|0|0|0|0.00|0|0.00|0|0.00|0|0.00|0.00|0.00|0.00|0.00|0.00|32266.00|0.00|219083.00|219083.00|1|0.00|0|0.00|0|0.00|0|0.00|0.00|0|0.00
EMPSHFT|1 Restaurante|1|1-Restaurante|22|Marilin Paola|Zabaleta Cuellar|606630003|1| |0| |0|CAJA 1|6|0|3619918.00|0.00|0.00|361989.00|3|4|0.00|0|0.00|0|0.00|0|171200.00|2|0.00|0|0|0|424123.00|0|424123.00|5|0.00|0|0.00|0.00|0.00|0.00|0.00|0.00|687782.00|0.00|4669689.00|4669689.00|4|5471223.00|5|0.00|0|0.00|0|0.00|0.00|0|0.00
EMPSHFT|1 Restaurante|1|1-Restaurante|22|Juliander Alexander |Lara Muñoz|606630012|1| |0| |0|CABINA DJ|4|0|277311.00|0.00|0.00|27731.00|1|2|0.00|0|0.00|0|0.00|0|0.00|0|0.00|0|0|0|0.00|0|0.00|0|0.00|0|0.00|0.00|0.00|0.00|0.00|0.00|52689.00|0.00|357731.00|357731.00|1|0.00|0|0.00|0|0.00|0|0.00|0.00|0|0.00
EMPSHFT|20-Domicilios|20|20-Domicilios|29|Domicilios|Rappi|606630025|1| |0| |0|MARILYN|5|0|37941.00|0.00|0.00|0.00|1|0|0.00|0|0.00|0|0.00|0|0.00|0|0.00|0|0|0|0.00|0|0.00|0|0.00|0|0.00|0.00|0.00|0.00|0.00|0.00|7209.00|0.00|45150.00|45150.00|1|0.00|0|0.00|0|0.00|0|0.00|0.00|0|0.00
EMPSHFT|20-Domicilios|20|20-Domicilios|29|Domicilios|Rappi|606630025|1| |0| |0|CAJA 2|7|0|0.00|0.00|0.00|0.00|0|0|0.00|0|0.00|0|0.00|0|0.00|0|0.00|0|0|0|0.00|0|0.00|0|0.00|0|0.00|0.00|0.00|0.00|0.00|0.00|0.00|0.00|0.00|0.00|0|45150.00|1|0.00|0|0.00|0|0.00|0.00|0|0.00
EMPSHFT|1 Restaurante|1|1-Restaurante|22|Viviana|Maldonado|606630033|1| |0| |0|COCINA LADO|10|0|-416800.00|0.00|0.00|-41680.00|0|-1|0.00|0|-458480.00|2|0.00|0|0.00|0|0.00|0|0|0|0.00|0|0.00|0|0.00|0|0.00|0.00|0.00|0.00|0.00|0.00|-79200.00|-79200.00|0.00|-537680.00|0|0.00|0|0.00|0|0.00|0|0.00|0.00|0|0.00
EMPSHFT|1 Restaurante|1|1-Restaurante|22|Viviana|Maldonado|606630033|1| |0| |0|CAJA 1|6|0|2008316.00|0.00|0.00|200830.00|5|10|0.00|0|0.00|0|0.00|0|78400.00|1|0.00|0|0|0|245293.00|0|245293.00|7|0.00|0|0.00|0.00|0.00|0.00|0.00|0.00|381584.00|0.00|2590730.00|2590730.00|6|3164293.00|7|0.00|0|0.00|0|0.00|0.00|0|0.00
EMPSHFT|1 Restaurante|1|1-Restaurante|22|Viviana|Maldonado|606630033|1| |0| |0|CAJA 2|7|0|0.00|0.00|0.00|0.00|0|0|0.00|0|0.00|0|0.00|0|0.00|0|0.00|0|0|0|0.00|0|0.00|0|0.00|0|3980714.00|0.00|0.00|0.00|0.00|0.00|0.00|0.00|0.00|4.00|0|4.00|2|0.00|0|0.00|0|4.00|0.00|0|0.00
EMPSHFT|1 Restaurante|1|1-Restaurante|22|Viviana|Maldonado|606630033|1| |0| |0|CABINA DJ|4|0|1900507.00|0.00|0.00|190050.00|8|24|0.00|0|0.00|0|0.00|0|6300.00|1|0.00|0|0|0|116588.00|0|116588.00|5|0.00|0|0.00|0.00|0.00|0.00|0.00|0.00|361093.00|0.00|2451650.00|2451650.00|8|1503988.00|5|0.00|0|0.00|0|0.00|0.00|0|0.00
EMPSHFT|1 Restaurante|1|1-Restaurante|22|Viviana|Maldonado|606630033|1| |0| |0|BAR_LADO|3|0|126806.00|0.00|0.00|12681.00|0|0|0.00|0|0.00|0|0.00|0|0.00|0|0.00|0|0|0|0.00|0|0.00|0|0.00|0|0.00|0.00|0.00|0.00|0.00|0.00|24094.00|0.00|163581.00|163581.00|0|0.00|0|0.00|0|0.00|0|0.00|0.00|0|0.00
EMPSHFT|1 Restaurante|1|1-Restaurante|22|Moises|Cotes|606630037|1| |0| |0|CAJA 1|6|0|0.00|0.00|0.00|0.00|1|0|0.00|0|0.00|0|0.00|0|0.00|0|0.00|0|0|0|0.00|0|0.00|0|0.00|0|0.00|0.00|0.00|0.00|0.00|0.00|0.00|0.00|0.00|0.00|1|0.00|0|0.00|0|0.00|0|0.00|0.00|0|0.00
EMPSHFT|1 Restaurante|1|1-Restaurante|22|Moises|Cotes|606630037|1| |0| |0|COCINA LADO|10|0|2329248.00|0.00|0.00|232924.00|4|19|0.00|0|-684218.00|6|0.00|0|14800.00|1|0.00|0|0|0|149007.00|0|149007.00|2|0.00|0|0.00|0.00|0.00|0.00|0.00|0.00|442552.00|-118183.00|3807125.00|3004724.00|5|1922207.00|2|0.00|0|0.00|0|0.00|0.00|0|0.00
EMPSHFT|1 Restaurante|1|1-Restaurante|22|Moises|Cotes|606630037|1| |0| |0|CAJA 2|7|0|0.00|0.00|0.00|0.00|0|0|0.00|0|0.00|0|0.00|0|0.00|0|0.00|0|0|0|0.00|0|0.00|0|0.00|0|3036112.00|0.00|0.00|0.00|0.00|0.00|0.00|0.00|0.00|0.00|0|0.00|3|0.00|0|0.00|0|0.00|0.00|0|0.00
EMPSHFT|1 Restaurante|1|1-Restaurante|22|Moises|Cotes|606630037|1| |0| |0|CABINA DJ|4|0|266640.00|0.00|0.00|26663.00|1|0|0.00|0|0.00|0|0.00|0|0.00|0|0.00|0|0|0|111571.00|0|111571.00|2|0.00|0|0.00|0.00|0.00|0.00|0.00|0.00|50660.00|0.00|343963.00|343963.00|1|1439271.00|2|0.00|0|0.00|0|0.00|0.00|0|0.00
EMPSHFT|1 Restaurante|1|1-Restaurante|22|Moises|Cotes|606630037|1| |0| |0|ALMACEN|2|0|9916.00|0.00|0.00|991.00|0|0|0.00|0|0.00|0|0.00|0|0.00|0|0.00|0|0|0|0.00|0|0.00|0|0.00|0|0.00|0.00|0.00|0.00|0.00|0.00|1884.00|0.00|12791.00|12791.00|0|0.00|0|0.00|0|0.00|0|0.00|0.00|0|0.00
EMPSHFT|1 Restaurante|1|1-Restaurante|22|Winder|Castaño|606630063|1| |0| |0|CAJA 1|6|0|1714878.00|0.00|0.00|171486.00|6|14|0.00|0|0.00|0|0.00|0|169800.00|2|0.00|0|0|0|99529.00|0|99529.00|5|0.00|0|0.00|0.00|0.00|0.00|0.00|0.00|325822.00|0.00|2212186.00|2212186.00|7|1283929.00|5|0.00|0|0.00|0|0.00|0.00|0|0.00
EMPSHFT|1 Restaurante|1|1-Restaurante|22|Winder|Castaño|606630063|1| |0| |0|CABINA DJ|4|0|1171090.00|0.00|0.00|117110.00|7|10|0.00|0|0.00|0|0.00|0|37100.00|2|0.00|0|0|0|214578.00|0|214578.00|12|0.00|0|0.00|0.00|0.00|0.00|0.00|0.00|222510.00|0.00|1510710.00|1510710.00|9|2768078.00|12|0.00|0|0.00|0|0.00|0.00|0|0.00
EMPSHFT|1 Restaurante|1|1-Restaurante|22|Winder|Castaño|606630063|1| |0| |0|MARILYN|5|0|0.00|0.00|0.00|0.00|0|0|0.00|0|0.00|0|0.00|0|0.00|0|0.00|0|0|0|0.00|0|0.00|0|0.00|0|0.00|0.00|0.00|0.00|0.00|0.00|0.00|0.00|0.00|0.00|0|0.00|0|0.00|0|0.00|0|0.00|0.00|0|0.00
EMPSHFT|1 Restaurante|1|1-Restaurante|22|Winder|Castaño|606630063|1| |0| |0|ALMACEN|2|0|2135714.00|0.00|0.00|213569.00|10|27|0.00|0|0.00|0|0.00|0|121200.00|5|0.00|0|0|0|196528.00|0|196528.00|9|0.00|0|0.00|0.00|0.00|0.00|0.00|0.00|405786.00|0.00|2755069.00|2755069.00|10|2535228.00|9|0.00|0|0.00|0|0.00|0.00|0|0.00
EMPSHFT|1 Restaurante|1|1-Restaurante|22|Winder|Castaño|606630063|1| |0| |0|COCINA LADO|10|0|95127.00|0.00|0.00|9512.00|3|4|0.00|0|0.00|0|0.00|0|0.00|0|0.00|0|0|0|0.00|0|0.00|0|0.00|0|0.00|0.00|0.00|0.00|0.00|0.00|18073.00|-1.00|122713.00|122712.00|4|0.00|0|0.00|0|0.00|0|0.00|0.00|0|0.00
EMPSHFT|1 Restaurante|1|1-Restaurante|22|Winder|Castaño|606630063|1| |0| |0|CAJA 2|7|0|0.00|0.00|0.00|0.00|0|0|0.00|0|0.00|0|0.00|0|0.00|0|0.00|0|0|0|0.00|0|0.00|0|0.00|0|5617023.00|0.00|0.00|0.00|0.00|0.00|0.00|0.00|0.00|-1.00|0|-1.00|0|0.00|0|0.00|0|-1.00|0.00|0|0.00
EMPSHFT|1 Restaurante|1|1-Restaurante|22|Esther|Gonzalez|606630064|1| |0| |0|COCINA LADO|10|0|780083.00|0.00|0.00|78007.00|0|-2|0.00|0|-35866.00|3|0.00|0|89000.00|1|0.00|0|0|0|0.00|0|0.00|0|0.00|0|0.00|0.00|0.00|0.00|0.00|0.00|148217.00|-6194.00|1048367.00|1006307.00|1|0.00|0|0.00|0|0.00|0|0.00|0.00|0|0.00
EMPSHFT|1 Restaurante|1|1-Restaurante|22|Esther|Gonzalez|606630064|1| |0| |0|CABINA DJ|4|0|589752.00|0.00|0.00|58975.00|1|2|0.00|0|0.00|0|0.00|0|0.00|0|0.00|0|0|0|77050.00|0|77050.00|1|0.00|0|0.00|0.00|0.00|0.00|0.00|0.00|112048.00|0.00|760775.00|760775.00|1|993950.00|1|0.00|0|0.00|0|0.00|0.00|0|0.00
EMPSHFT|1 Restaurante|1|1-Restaurante|22|Esther|Gonzalez|606630064|1| |0| |0|CAJA 2|7|0|0.00|0.00|0.00|-44946.00|0|0|0.00|0|0.00|0|0.00|0|1.00|1|0.00|0|0|0|6600.00|0|6600.00|1|0.00|0|13446091.00|0.00|0.00|0.00|0.00|0.00|0.00|-44946.00|0.00|-44946.00|0|620000.00|3|0.00|0|0.00|0|0.00|0.00|0|0.00
EMPSHFT|1 Restaurante|1|1-Restaurante|22|Esther|Gonzalez|606630064|1| |0| |0|ALMACEN|2|0|10702014.00|0.00|0.00|1070192.00|23|69|0.00|0|0.00|0|0.00|0|1150500.00|19|0.00|0|0|0|1065192.00|0|1065192.00|24|0.00|0|0.00|0.00|0.00|0.00|0.00|0.00|2033386.00|-2.00|13805594.00|13805592.00|35|13741092.00|24|0.00|0|0.00|0|0.00|0.00|0|0.00
EMPSHFT|1 Restaurante|1|1-Restaurante|22|Esther|Gonzalez|606630064|1| |0| |0|MARILYN|5|0|168572.00|0.00|0.00|16857.00|0|5|0.00|0|0.00|0|0.00|0|0.00|0|0.00|0|0|0|33260.00|0|33260.00|1|0.00|0|0.00|0.00|0.00|0.00|0.00|0.00|32028.00|0.00|217457.00|217457.00|5|429060.00|1|0.00|0|0.00|0|0.00|0.00|0|0.00
EMPSHFT|1 Restaurante|1|1-Restaurante|22|Esther|Gonzalez|606630064|1| |0| |0|CAJA 1|6|0|19748.00|0.00|0.00|1975.00|0|0|0.00|0|0.00|0|0.00|0|0.00|0|0.00|0|0|0|0.00|0|0.00|0|0.00|0|0.00|0.00|0.00|0.00|0.00|0.00|3752.00|0.00|25475.00|25475.00|0|0.00|0|0.00|0|0.00|0|0.00|0.00|0|0.00
EMPSHFT|1 Restaurante|1|1-Restaurante|22|Alvaro|Viloria|606630065|1| |0| |0|BAR_LADO|3|0|109496.00|0.00|0.00|10950.00|0|0|0.00|0|0.00|0|0.00|0|11800.00|1|0.00|0|0|0|0.00|0|0.00|0|0.00|0|0.00|0.00|0.00|0.00|0.00|0.00|20804.00|0.00|141250.00|141250.00|0|0.00|0|0.00|0|0.00|0|0.00|0.00|0|0.00
EMPSHFT|1 Restaurante|1|1-Restaurante|22|Alvaro|Viloria|606630065|1| |0| |0|COCINA LADO|10|0|533279.00|0.00|0.00|53327.00|3|3|0.00|0|-178125.00|8|0.00|0|38800.00|1|0.00|0|0|0|227562.00|0|227562.00|5|0.00|0|0.00|0.00|0.00|0.00|0.00|0.00|101321.00|-30768.00|896820.00|687927.00|5|2935562.00|5|0.00|0|0.00|0|0.00|0.00|0|0.00
EMPSHFT|1 Restaurante|1|1-Restaurante|22|Alvaro|Viloria|606630065|1| |0| |0|ALMACEN|2|0|1170759.00|0.00|0.00|117075.00|1|2|0.00|0|0.00|0|0.00|0|0.00|0|0.00|0|0|0|110478.00|0|110478.00|5|0.00|0|0.00|0.00|0.00|0.00|0.00|0.00|222441.00|0.00|1510275.00|1510275.00|1|1425178.00|5|0.00|0|0.00|0|0.00|0.00|0|0.00
EMPSHFT|1 Restaurante|1|1-Restaurante|22|Alvaro|Viloria|606630065|1| |0| |0|CABINA DJ|4|0|4340923.00|0.00|0.00|434090.00|17|54|0.00|0|0.00|0|0.00|0|472600.00|8|0.00|0|0|0|442098.00|0|442098.00|15|0.00|0|0.00|0.00|0.00|0.00|0.00|0.00|824777.00|-1.00|5599791.00|5599790.00|20|5703098.00|15|0.00|0|0.00|0|0.00|0.00|0|0.00
EMPSHFT|1 Restaurante|1|1-Restaurante|22|Alvaro|Viloria|606630065|1| |0| |0|MARILYN|5|0|39244.00|0.00|0.00|3925.00|0|1|0.00|0|0.00|0|0.00|0|186800.00|2|0.00|0|0|0|60672.00|0|60672.00|1|0.00|0|0.00|0.00|0.00|0.00|0.00|0.00|7456.00|0.00|50625.00|50625.00|1|782672.00|1|0.00|0|0.00|0|0.00|0.00|0|0.00
EMPSHFT|1 Restaurante|1|1-Restaurante|22|Alvaro|Viloria|606630065|1| |0| |0|CAJA 1|6|0|2064453.00|0.00|0.00|206443.00|6|16|0.00|0|0.00|0|0.00|0|291700.00|6|0.00|0|0|0|194175.00|0|194175.00|6|0.00|0|0.00|0.00|0.00|0.00|0.00|0.00|392247.00|0.00|2663143.00|2663143.00|9|2504875.00|6|0.00|0|0.00|0|0.00|0.00|0|0.00
EMPSHFT|1 Restaurante|1|1-Restaurante|22|Alvaro|Viloria|606630065|1| |0| |0|CAJA 2|7|0|0.00|0.00|0.00|-41109.00|0|0|0.00|0|0.00|0|0.00|0|0.00|0|0.00|0|0|0|0.00|0|0.00|0|0.00|0|11678512.00|0.00|0.00|0.00|0.00|0.00|0.00|-41109.00|0.00|-41110.00|0|489199.00|5|0.00|0|0.00|0|-1.00|0.00|0|0.00
EMPSHFT|2 Almacen|2|2-Almacen|2|Alba|Quintero|606630079|1| |0| |0|BAR_LADO|3|0|110925.00|0.00|0.00|0.00|2|2|0.00|0|0.00|0|0.00|0|57000.00|2|0.00|0|0|0|0.00|0|0.00|0|0.00|0|0.00|0.00|0.00|0.00|0.00|0.00|21075.00|0.00|132000.00|132000.00|2|132000.00|2|0.00|0|0.00|0|0.00|0.00|0|0.00
EMPSHFT|2 Almacen|2|2-Almacen|2|Alba|Quintero|606630079|1| |0| |0|CAJA 2|7|0|0.00|0.00|0.00|0.00|0|0|0.00|0|0.00|0|0.00|0|0.00|0|0.00|0|0|0|0.00|0|0.00|0|0.00|0|110925.00|0.00|0.00|0.00|0.00|0.00|0.00|0.00|0.00|0.00|0|0.00|0|0.00|0|0.00|0|0.00|0.00|0|0.00
EMPSHFT|1 Restaurante|1|1-Restaurante|22|Alba|Quintero|606630079|1| |0| |0|CAJA 1|6|0|1729421.00|0.00|0.00|172940.00|3|5|0.00|0|0.00|0|0.00|0|0.00|0|0.00|0|0|0|73210.00|0|73210.00|1|0.00|0|0.00|0.00|0.00|0.00|0.00|0.00|328579.00|0.00|2230940.00|2230940.00|3|944410.00|1|0.00|0|0.00|0|0.00|0.00|0|0.00
EMPSHFT|1 Restaurante|1|1-Restaurante|22|Alba|Quintero|606630079|1| |0| |0|CABINA DJ|4|0|252605.00|0.00|0.00|25261.00|3|3|0.00|0|0.00|0|0.00|0|0.00|0|0.00|0|0|0|0.00|0|0.00|0|0.00|0|0.00|0.00|0.00|0.00|0.00|0.00|47995.00|0.00|325861.00|325861.00|3|0.00|0|0.00|0|0.00|0|0.00|0.00|0|0.00
EMPSHFT|1 Restaurante|1|1-Restaurante|22|Alba|Quintero|606630079|1| |0| |0|CAJA 2|7|0|0.00|0.00|0.00|0.00|0|0|0.00|0|0.00|0|0.00|0|0.00|0|0.00|0|0|0|0.00|0|0.00|0|0.00|0|805313.00|0.00|0.00|0.00|0.00|0.00|0.00|0.00|0.00|0.00|0|0.00|0|0.00|0|0.00|0|0.00|0.00|0|0.00
EMPSHFT|1 Restaurante|1|1-Restaurante|22|Alba|Quintero|606630079|1| |0| |0|ALMACEN|2|0|975628.00|0.00|0.00|97562.00|3|12|0.00|0|0.00|0|0.00|0|2238000.00|7|0.00|0|0|0|0.00|0|0.00|0|0.00|0|0.00|0.00|0.00|0.00|0.00|0.00|185372.00|0.00|1258562.00|1258562.00|4|0.00|0|0.00|0|0.00|0|0.00|0.00|0|0.00
EMPSHFT|2 Almacen|2|2-Almacen|2|Mauricio|Acosta|606650004|1| |0| |0|BAR_LADO|3|0|363867.00|0.00|0.00|0.00|1|1|0.00|0|0.00|0|0.00|0|182000.00|3|0.00|0|0|0|0.00|0|0.00|0|0.00|0|0.00|0.00|0.00|0.00|0.00|0.00|69133.00|0.00|433000.00|433000.00|1|433000.00|1|0.00|0|0.00|0|0.00|0.00|0|0.00
EMPSHFT|2 Almacen|2|2-Almacen|2|Mauricio|Acosta|606650004|1| |0| |0|CAJA 2|7|0|0.00|0.00|0.00|0.00|0|0|0.00|0|0.00|0|0.00|0|0.00|0|0.00|0|0|0|0.00|0|0.00|0|0.00|0|363867.00|0.00|0.00|0.00|0.00|0.00|0.00|0.00|0.00|0.00|0|0.00|0|0.00|0|0.00|0|0.00|0.00|0|0.00
EMPSHFT|1 Restaurante|1|1-Restaurante|22|Viviana|Maldonado M.|606670017|1| |0| |0|MARILYN|5|0|4538.00|0.00|0.00|454.00|1|1|0.00|0|0.00|0|0.00|0|0.00|0|0.00|0|0|0|0.00|0|0.00|0|0.00|0|0.00|0.00|0.00|0.00|0.00|0.00|862.00|0.00|5854.00|5854.00|1|0.00|0|0.00|0|0.00|0|0.00|0.00|0|0.00
EMPSHFT|1 Restaurante|1|1-Restaurante|22|Yasser Enrique|Ortiz Pacheco|606680002|1| |0| |0|MARILYN|5|0|0.00|0.00|0.00|0.00|0|0|0.00|0|0.00|0|0.00|0|0.00|1|0.00|0|0|0|0.00|0|0.00|0|0.00|0|0.00|0.00|0.00|0.00|0.00|0.00|0.00|0.00|0.00|0.00|1|0.00|0|0.00|0|0.00|0|0.00|0.00|0|0.00
EMPSHFT|1 Restaurante|1|1-Restaurante|22|Yasser Enrique|Ortiz Pacheco|606680002|1| |0| |0|CAJA 2|7|0|0.00|0.00|0.00|0.00|0|0|0.00|0|0.00|0|0.00|0|0.00|0|0.00|0|0|0|0.00|0|0.00|0|0.00|0|0.00|0.00|0.00|0.00|0.00|0.00|0.00|0.00|0.00|0.00|0|0.00|1|0.00|0|0.00|0|0.00|0.00|0|0.00
EMPSHFT|1 Restaurante|1|1-Restaurante|22|Yasser Enrique|Ortiz Pacheco|606680002|1| |0| |0|CABINA DJ|4|0|0.00|0.00|0.00|0.00|0|0|0.00|0|0.00|0|0.00|0|0.00|0|0.00|0|0|0|0.00|0|0.00|0|0.00|0|0.00|0.00|0.00|0.00|0.00|0.00|0.00|0.00|0.00|0.00|0|0.00|0|0.00|0|0.00|0|0.00|0.00|0|0.00
EMPSHFT|1 Restaurante|1|1-Restaurante|22|Rosmar|Arevalo|606680003|1| |0| |0|CAJA 2|7|0|1.00|0.00|0.00|5510.00|1|1|0.00|0|0.00|0|0.00|0|0.00|0|0.00|0|0|0|5510.00|0|5510.00|1|0.00|0|1.00|0.00|0.00|0.00|0.00|0.00|0.00|0.00|5511.00|5511.00|1|5511.00|1|0.00|0|0.00|0|0.00|0.00|0|0.00
EMPDSC|1 Restaurante|1|1-Restaurante|22|Leonardo de Jesus|Avila Perez|112|Descuento %|1|Descuento %|1|-9076.00|1|-9076.00
EMPTM|1 Restaurante|1|1-Restaurante|22|Marilin Paola|Zabaleta Cuellar|606630003|Contado|102|Contado|102|Payment|0.00|0
EMPTM|1 Restaurante|1|1-Restaurante|22|Juliander Alexander |Lara Muñoz|606630012|Contado|102|Contado|102|Payment|0.00|0
EMPTM|1 Restaurante|1|1-Restaurante|22|Rosmar|Arevalo|606680003|Efectivo |101|Efectivo |101|Payment|2806580.00|9
EMPTM|2 Almacen|2|2-Almacen|2|Rosmar|Arevalo|606680003|Efectivo |101|Efectivo |101|Payment|84000.00|1
EMPTM|1 Restaurante|1|1-Restaurante|22|Rosmar|Arevalo|606680003|Contado|102|Contado|102|Payment|0.00|0
EMPTM|1 Restaurante|1|1-Restaurante|22|Rosmar|Arevalo|606680003|American Express|201|American Express|201|Payment|4615199.00|7
EMPTM|1 Restaurante|1|1-Restaurante|22|Rosmar|Arevalo|606680003|Master Card|202|Master Card|202|Payment|12539302.00|48
EMPTM|2 Almacen|2|2-Almacen|2|Rosmar|Arevalo|606680003|Master Card|202|Master Card|202|Payment|481000.00|2
EMPTM|1 Restaurante|1|1-Restaurante|22|Rosmar|Arevalo|606680003|Cuenta X Cobrar|206|Cuenta X Cobrar|206|Payment|139481.00|2
EMPTM|20-Domicilios|20|20-Domicilios|29|Rosmar|Arevalo|606680003|CxC Rappi|210|CxC Rappi|210|Payment|45150.00|1
EMPTM|1 Restaurante|1|1-Restaurante|22|Rosmar|Arevalo|606680003|Visa|204|Visa|204|Payment|30576757.00|72
EMPTM|2 Almacen|2|2-Almacen|2|Mauricio|Acosta|606650004|Contado|102|Contado|102|Payment|0.00|0
EMPTM|1 Restaurante|1|1-Restaurante|22|Viviana|Maldonado|606630033|Contado|102|Contado|102|Payment|0.00|0
EMPTM|1 Restaurante|1|1-Restaurante|22|Moises|Cotes|606630037|Contado|102|Contado|102|Payment|0.00|0
EMPTM|1 Restaurante|1|1-Restaurante|22|Karem|Lopez|606630046|Contado|102|Contado|102|Payment|0.00|0
EMPTM|1 Restaurante|1|1-Restaurante|22|Winder|Castaño|606630063|Contado|102|Contado|102|Payment|0.00|0
EMPTM|1 Restaurante|1|1-Restaurante|22|Esther|Gonzalez|606630064|Contado|102|Contado|102|Payment|0.00|0
EMPTM|1 Restaurante|1|1-Restaurante|22|Alvaro|Viloria|606630065|Contado|102|Contado|102|Payment|0.00|0
EMPTM|1 Restaurante|1|1-Restaurante|22|Alba|Quintero|606630079|Contado|102|Contado|102|Payment|0.00|0
EMPTM|2 Almacen|2|2-Almacen|2|Alba|Quintero|606630079|Contado|102|Contado|102|Payment|0.00|0
EMPTM|1 Restaurante|1|1-Restaurante|22|Leonardo de Jesus|Avila Perez|112|Contado|102|Contado|102|Payment|0.00|0
EMPOTSLS|1 Restaurante|1|1-Restaurante|22|Juliander Alexander |Lara Muñoz|606630012|Para Aqui|1|Para Aqui|1|1|2|0|0|277311.00|0.00|0.00|0|0.00|0|0.00|0.00|0|0.00|0|0.00|0|0.00|0|0.00|0|0.00|0|0.00|0|0.00|0|0.00|0.00|277311.00
EMPOTSLS|1 Restaurante|1|1-Restaurante|22|Winder|Castaño|606630063|Para Aqui|1|Para Aqui|1|0|0|0|0|231596.00|0.00|0.00|0|0.00|0|0.00|0.00|0|0.00|0|0.00|0|0.00|0|0.00|0|0.00|0|0.00|0|0.00|0|0.00|0.00|231596.00
EMPOTSLS|1 Restaurante|1|1-Restaurante|22|Winder|Castaño|606630063|Para Aqui|1|Para Aqui|1|0|0|0|0|82017.00|0.00|0.00|0|0.00|0|0.00|0.00|0|0.00|0|0.00|0|0.00|0|0.00|0|0.00|0|0.00|0|0.00|0|0.00|0.00|82017.00
EMPOTSLS|1 Restaurante|1|1-Restaurante|22|Winder|Castaño|606630063|Para Aqui|1|Para Aqui|1|1|3|0|0|175714.00|0.00|0.00|0|0.00|0|0.00|0.00|0|0.00|0|0.00|0|0.00|0|0.00|0|0.00|0|0.00|0|0.00|0|0.00|0.00|175714.00
EMPOTSLS|1 Restaurante|1|1-Restaurante|22|Winder|Castaño|606630063|Para Aqui|1|Para Aqui|1|0|0|0|0|10420.00|0.00|0.00|0|0.00|0|0.00|0.00|0|0.00|0|0.00|0|0.00|0|0.00|0|0.00|0|0.00|0|0.00|0|0.00|0.00|10420.00
EMPOTSLS|1 Restaurante|1|1-Restaurante|22|Winder|Castaño|606630063|Para Aqui|1|Para Aqui|1|1|2|0|0|76135.00|0.00|0.00|0|0.00|0|0.00|0.00|0|0.00|0|0.00|0|0.00|0|0.00|0|0.00|0|0.00|0|0.00|0|0.00|0.00|76135.00
EMPOTSLS|1 Restaurante|1|1-Restaurante|22|Winder|Castaño|606630063|Para Aqui|1|Para Aqui|1|1|2|0|0|104286.00|0.00|0.00|0|0.00|0|0.00|0.00|0|0.00|0|0.00|0|0.00|0|0.00|0|0.00|0|0.00|0|0.00|0|0.00|0.00|104286.00
EMPOTSLS|1 Restaurante|1|1-Restaurante|22|Winder|Castaño|606630063|Para Aqui|1|Para Aqui|1|1|2|0|0|119327.00|0.00|0.00|0|0.00|0|0.00|0.00|0|0.00|0|0.00|0|0.00|0|0.00|0|0.00|0|0.00|0|0.00|0|0.00|0.00|119327.00
EMPOTSLS|1 Restaurante|1|1-Restaurante|22|Winder|Castaño|606630063|Para Aqui|1|Para Aqui|1|0|2|0|0|74287.00|0.00|0.00|0|0.00|0|0.00|0.00|0|0.00|0|0.00|0|0.00|0|0.00|0|0.00|0|0.00|0|0.00|0|0.00|0.00|74287.00
EMPOTSLS|1 Restaurante|1|1-Restaurante|22|Winder|Castaño|606630063|Para Aqui|1|Para Aqui|1|1|1|0|0|104369.00|0.00|0.00|0|0.00|0|0.00|0.00|0|0.00|0|0.00|0|0.00|0|0.00|0|0.00|0|0.00|0|0.00|0|0.00|0.00|104369.00
EMPOTSLS|1 Restaurante|1|1-Restaurante|22|Alvaro|Viloria|606630065|Para Aqui|1|Para Aqui|1|26|74|0|0|8117649.00|0.00|0.00|0|0.00|0|0.00|0.00|0|0.00|0|0.00|0|0.00|0|0.00|0|0.00|0|0.00|0|0.00|0|0.00|0.00|8117649.00
EMPOTSLS|1 Restaurante|1|1-Restaurante|22|Alba|Quintero|606630079|Para Aqui|1|Para Aqui|1|0|0|0|0|491262.00|0.00|0.00|0|0.00|0|0.00|0.00|0|0.00|0|0.00|0|0.00|0|0.00|0|0.00|0|0.00|0|0.00|0|0.00|0.00|491262.00
EMPOTSLS|1 Restaurante|1|1-Restaurante|22|Alba|Quintero|606630079|Para Aqui|1|Para Aqui|1|0|0|0|0|24622.00|0.00|0.00|0|0.00|0|0.00|0.00|0|0.00|0|0.00|0|0.00|0|0.00|0|0.00|0|0.00|0|0.00|0|0.00|0.00|24622.00
EMPOTSLS|1 Restaurante|1|1-Restaurante|22|Winder|Castaño|606630063|Para Aqui|1|Para Aqui|1|0|0|0|0|312604.00|0.00|0.00|0|0.00|0|0.00|0.00|0|0.00|0|0.00|0|0.00|0|0.00|0|0.00|0|0.00|0|0.00|0|0.00|0.00|312604.00
EMPOTSLS|1 Restaurante|1|1-Restaurante|22|Winder|Castaño|606630063|Para Aqui|1|Para Aqui|1|0|0|0|0|13025.00|0.00|0.00|0|0.00|0|0.00|0.00|0|0.00|0|0.00|0|0.00|0|0.00|0|0.00|0|0.00|0|0.00|0|0.00|0.00|13025.00
EMPOTSLS|1 Restaurante|1|1-Restaurante|22|Winder|Castaño|606630063|Para Aqui|1|Para Aqui|1|0|0|0|0|20840.00|0.00|0.00|0|0.00|0|0.00|0.00|0|0.00|0|0.00|0|0.00|0|0.00|0|0.00|0|0.00|0|0.00|0|0.00|0.00|20840.00
EMPOTSLS|1 Restaurante|1|1-Restaurante|22|Winder|Castaño|606630063|Para Aqui|1|Para Aqui|1|0|0|0|0|185211.00|0.00|0.00|0|0.00|0|0.00|0.00|0|0.00|0|0.00|0|0.00|0|0.00|0|0.00|0|0.00|0|0.00|0|0.00|0.00|185211.00
EMPOTSLS|1 Restaurante|1|1-Restaurante|22|Winder|Castaño|606630063|Para Aqui|1|Para Aqui|1|1|2|0|0|192186.00|0.00|0.00|0|0.00|0|0.00|0.00|0|0.00|0|0.00|0|0.00|0|0.00|0|0.00|0|0.00|0|0.00|0|0.00|0.00|192186.00
EMPOTSLS|1 Restaurante|1|1-Restaurante|22|Esther|Gonzalez|606630064|Para Aqui|1|Para Aqui|1|24|74|0|0|12260169.00|0.00|0.00|0|0.00|0|0.00|0.00|0|0.00|0|0.00|0|0.00|0|0.00|0|0.00|0|0.00|0|0.00|0|0.00|0.00|12260169.00
EMPOTSLS|1 Restaurante|1|1-Restaurante|22|Alba|Quintero|606630079|Para Aqui|1|Para Aqui|1|1|0|0|0|0.00|0.00|0.00|0|0.00|0|0.00|0.00|0|0.00|0|0.00|0|0.00|0|0.00|0|0.00|0|0.00|0|0.00|0|0.00|0.00|0.00
EMPOTSLS|2 Almacen|2|2-Almacen|2|Mauricio|Acosta|606650004|Para Aqui|1|Para Aqui|1|1|1|0|0|363867.00|0.00|0.00|0|0.00|0|0.00|0.00|0|0.00|0|0.00|0|0.00|0|0.00|0|0.00|0|0.00|0|0.00|0|0.00|0.00|363867.00
EMPOTSLS|1 Restaurante|1|1-Restaurante|22|Viviana|Maldonado|606630033|Para Aqui|1|Para Aqui|1|13|33|0|0|3618829.00|0.00|0.00|0|0.00|0|0.00|0.00|0|0.00|0|0.00|0|0.00|0|0.00|0|0.00|0|0.00|0|0.00|0|0.00|0.00|3618829.00
EMPOTSLS|1 Restaurante|1|1-Restaurante|22|Winder|Castaño|606630063|Para Aqui|1|Para Aqui|1|0|0|0|0|19748.00|0.00|0.00|0|0.00|0|0.00|0.00|0|0.00|0|0.00|0|0.00|0|0.00|0|0.00|0|0.00|0|0.00|0|0.00|0.00|19748.00
EMPOTSLS|1 Restaurante|1|1-Restaurante|22|Winder|Castaño|606630063|Para Aqui|1|Para Aqui|1|1|2|0|0|37228.00|0.00|0.00|0|0.00|0|0.00|0.00|0|0.00|0|0.00|0|0.00|0|0.00|0|0.00|0|0.00|0|0.00|0|0.00|0.00|37228.00
EMPOTSLS|1 Restaurante|1|1-Restaurante|22|Winder|Castaño|606630063|Para Aqui|1|Para Aqui|1|1|2|0|0|134790.00|0.00|0.00|0|0.00|0|0.00|0.00|0|0.00|0|0.00|0|0.00|0|0.00|0|0.00|0|0.00|0|0.00|0|0.00|0.00|134790.00
EMPOTSLS|1 Restaurante|1|1-Restaurante|22|Winder|Castaño|606630063|Para Aqui|1|Para Aqui|1|0|0|0|0|164622.00|0.00|0.00|0|0.00|0|0.00|0.00|0|0.00|0|0.00|0|0.00|0|0.00|0|0.00|0|0.00|0|0.00|0|0.00|0.00|164622.00
EMPOTSLS|1 Restaurante|1|1-Restaurante|22|Winder|Castaño|606630063|Para Aqui|1|Para Aqui|1|0|0|0|0|172520.00|0.00|0.00|0|0.00|0|0.00|0.00|0|0.00|0|0.00|0|0.00|0|0.00|0|0.00|0|0.00|0|0.00|0|0.00|0.00|172520.00
EMPOTSLS|1 Restaurante|1|1-Restaurante|22|Winder|Castaño|606630063|Para Aqui|1|Para Aqui|1|1|2|0|0|42437.00|0.00|0.00|0|0.00|0|0.00|0.00|0|0.00|0|0.00|0|0.00|0|0.00|0|0.00|0|0.00|0|0.00|0|0.00|0.00|42437.00
EMPOTSLS|1 Restaurante|1|1-Restaurante|22|Winder|Castaño|606630063|Para Aqui|1|Para Aqui|1|1|2|0|0|25882.00|0.00|0.00|0|0.00|0|0.00|0.00|0|0.00|0|0.00|0|0.00|0|0.00|0|0.00|0|0.00|0|0.00|0|0.00|0.00|25882.00
EMPOTSLS|1 Restaurante|1|1-Restaurante|22|Winder|Castaño|606630063|Para Aqui|1|Para Aqui|1|0|0|0|0|9580.00|0.00|0.00|0|0.00|0|0.00|0.00|0|0.00|0|0.00|0|0.00|0|0.00|0|0.00|0|0.00|0|0.00|0|0.00|0.00|9580.00
EMPOTSLS|1 Restaurante|1|1-Restaurante|22|Alba|Quintero|606630079|Para Aqui|1|Para Aqui|1|0|0|0|0|19832.00|0.00|0.00|0|0.00|0|0.00|0.00|0|0.00|0|0.00|0|0.00|0|0.00|0|0.00|0|0.00|0|0.00|0|0.00|0.00|19832.00
EMPOTSLS|1 Restaurante|1|1-Restaurante|22|Leonardo de Jesus|Avila Perez|112|Para Aqui|1|Para Aqui|1|1|3|0|0|5378.00|0.00|0.00|0|0.00|0|0.00|0.00|0|0.00|0|0.00|0|0.00|0|0.00|0|0.00|0|0.00|0|0.00|0|0.00|0.00|5378.00
EMPOTSLS|1 Restaurante|1|1-Restaurante|22|Winder|Castaño|606630063|Para Aqui|1|Para Aqui|1|0|0|0|0|100000.00|0.00|0.00|0|0.00|0|0.00|0.00|0|0.00|0|0.00|0|0.00|0|0.00|0|0.00|0|0.00|0|0.00|0|0.00|0.00|100000.00
EMPOTSLS|1 Restaurante|1|1-Restaurante|22|Winder|Castaño|606630063|Para Aqui|1|Para Aqui|1|0|0|0|0|149916.00|0.00|0.00|0|0.00|0|0.00|0.00|0|0.00|0|0.00|0|0.00|0|0.00|0|0.00|0|0.00|0|0.00|0|0.00|0.00|149916.00
EMPOTSLS|1 Restaurante|1|1-Restaurante|22|Winder|Castaño|606630063|Para Aqui|1|Para Aqui|1|0|0|0|0|19832.00|0.00|0.00|0|0.00|0|0.00|0.00|0|0.00|0|0.00|0|0.00|0|0.00|0|0.00|0|0.00|0|0.00|0|0.00|0.00|19832.00
EMPOTSLS|1 Restaurante|1|1-Restaurante|22|Winder|Castaño|606630063|Para Aqui|1|Para Aqui|1|2|0|0|0|0.00|0.00|0.00|0|0.00|0|0.00|0.00|0|0.00|0|0.00|0|0.00|0|0.00|0|0.00|0|0.00|0|0.00|0|0.00|0.00|0.00
EMPOTSLS|1 Restaurante|1|1-Restaurante|22|Winder|Castaño|606630063|Para Aqui|1|Para Aqui|1|0|0|0|0|9916.00|0.00|0.00|0|0.00|0|0.00|0.00|0|0.00|0|0.00|0|0.00|0|0.00|0|0.00|0|0.00|0|0.00|0|0.00|0.00|9916.00
EMPOTSLS|1 Restaurante|1|1-Restaurante|22|Winder|Castaño|606630063|Para Aqui|1|Para Aqui|1|1|3|0|0|80000.00|0.00|0.00|0|0.00|0|0.00|0.00|0|0.00|0|0.00|0|0.00|0|0.00|0|0.00|0|0.00|0|0.00|0|0.00|0.00|80000.00
EMPOTSLS|1 Restaurante|1|1-Restaurante|22|Winder|Castaño|606630063|Para Aqui|1|Para Aqui|1|0|0|0|0|272267.00|0.00|0.00|0|0.00|0|0.00|0.00|0|0.00|0|0.00|0|0.00|0|0.00|0|0.00|0|0.00|0|0.00|0|0.00|0.00|272267.00
EMPOTSLS|1 Restaurante|1|1-Restaurante|22|Alvaro|Viloria|606630065|Para Aqui|1|Para Aqui|1|1|2|0|0|140505.00|0.00|0.00|0|0.00|0|0.00|0.00|0|0.00|0|0.00|0|0.00|0|0.00|0|0.00|0|0.00|0|0.00|0|0.00|0.00|140505.00
EMPOTSLS|1 Restaurante|1|1-Restaurante|22|Alba|Quintero|606630079|Para Aqui|1|Para Aqui|1|0|0|0|0|129412.00|0.00|0.00|0|0.00|0|0.00|0.00|0|0.00|0|0.00|0|0.00|0|0.00|0|0.00|0|0.00|0|0.00|0|0.00|0.00|129412.00
EMPOTSLS|1 Restaurante|1|1-Restaurante|22|Marilin Paola|Zabaleta Cuellar|606630003|Para Aqui|1|Para Aqui|1|6|5|0|0|4211936.00|0.00|0.00|0|0.00|0|0.00|0.00|0|0.00|0|0.00|0|0.00|0|0.00|0|0.00|0|0.00|0|0.00|0|0.00|0.00|4211936.00
EMPOTSLS|1 Restaurante|1|1-Restaurante|22|Moises|Cotes|606630037|Para Aqui|1|Para Aqui|1|6|19|0|0|2605804.00|0.00|0.00|0|0.00|0|0.00|0.00|0|0.00|0|0.00|0|0.00|0|0.00|0|0.00|0|0.00|0|0.00|0|0.00|0.00|2605804.00
EMPOTSLS|1 Restaurante|1|1-Restaurante|22|Winder|Castaño|606630063|Para Aqui|1|Para Aqui|1|1|2|0|0|187647.00|0.00|0.00|0|0.00|0|0.00|0.00|0|0.00|0|0.00|0|0.00|0|0.00|0|0.00|0|0.00|0|0.00|0|0.00|0.00|187647.00
EMPOTSLS|1 Restaurante|1|1-Restaurante|22|Winder|Castaño|606630063|Para Aqui|1|Para Aqui|1|0|0|0|0|32606.00|0.00|0.00|0|0.00|0|0.00|0.00|0|0.00|0|0.00|0|0.00|0|0.00|0|0.00|0|0.00|0|0.00|0|0.00|0.00|32606.00
EMPOTSLS|1 Restaurante|1|1-Restaurante|22|Winder|Castaño|606630063|Para Aqui|1|Para Aqui|1|0|1|0|0|0.00|0.00|0.00|0|0.00|0|0.00|0.00|0|0.00|0|0.00|0|0.00|0|0.00|0|0.00|0|0.00|0|0.00|0|0.00|0.00|0.00
EMPOTSLS|1 Restaurante|1|1-Restaurante|22|Winder|Castaño|606630063|Para Aqui|1|Para Aqui|1|1|2|0|0|47479.00|0.00|0.00|0|0.00|0|0.00|0.00|0|0.00|0|0.00|0|0.00|0|0.00|0|0.00|0|0.00|0|0.00|0|0.00|0.00|47479.00
EMPOTSLS|1 Restaurante|1|1-Restaurante|22|Winder|Castaño|606630063|Para Aqui|1|Para Aqui|1|0|0|0|0|16387.00|0.00|0.00|0|0.00|0|0.00|0.00|0|0.00|0|0.00|0|0.00|0|0.00|0|0.00|0|0.00|0|0.00|0|0.00|0.00|16387.00
EMPOTSLS|1 Restaurante|1|1-Restaurante|22|Winder|Castaño|606630063|Para Aqui|1|Para Aqui|1|2|0|0|0|0.00|0.00|0.00|0|0.00|0|0.00|0.00|0|0.00|0|0.00|0|0.00|0|0.00|0|0.00|0|0.00|0|0.00|0|0.00|0.00|0.00
EMPOTSLS|1 Restaurante|1|1-Restaurante|22|Winder|Castaño|606630063|Para Aqui|1|Para Aqui|1|0|2|0|0|177646.00|0.00|0.00|0|0.00|0|0.00|0.00|0|0.00|0|0.00|0|0.00|0|0.00|0|0.00|0|0.00|0|0.00|0|0.00|0.00|177646.00
EMPOTSLS|1 Restaurante|1|1-Restaurante|22|Winder|Castaño|606630063|Para Aqui|1|Para Aqui|1|1|7|0|0|182943.00|0.00|0.00|0|0.00|0|0.00|0.00|0|0.00|0|0.00|0|0.00|0|0.00|0|0.00|0|0.00|0|0.00|0|0.00|0.00|182943.00
EMPOTSLS|1 Restaurante|1|1-Restaurante|22|Winder|Castaño|606630063|Para Aqui|1|Para Aqui|1|1|2|0|0|97143.00|0.00|0.00|0|0.00|0|0.00|0.00|0|0.00|0|0.00|0|0.00|0|0.00|0|0.00|0|0.00|0|0.00|0|0.00|0.00|97143.00
EMPOTSLS|2 Almacen|2|2-Almacen|2|Alba|Quintero|606630079|Para Aqui|1|Para Aqui|1|2|2|0|0|110925.00|0.00|0.00|0|0.00|0|0.00|0.00|0|0.00|0|0.00|0|0.00|0|0.00|0|0.00|0|0.00|0|0.00|0|0.00|0.00|110925.00
EMPOTSLS|1 Restaurante|1|1-Restaurante|22|Alba|Quintero|606630079|Para Aqui|1|Para Aqui|1|1|5|0|0|50084.00|0.00|0.00|0|0.00|0|0.00|0.00|0|0.00|0|0.00|0|0.00|0|0.00|0|0.00|0|0.00|0|0.00|0|0.00|0.00|50084.00
EMPOTSLS|1 Restaurante|1|1-Restaurante|22|Alba|Quintero|606630079|Para Aqui|1|Para Aqui|1|0|0|0|0|70756.00|0.00|0.00|0|0.00|0|0.00|0.00|0|0.00|0|0.00|0|0.00|0|0.00|0|0.00|0|0.00|0|0.00|0|0.00|0.00|70756.00
EMPOTSLS|1 Restaurante|1|1-Restaurante|22|Alba|Quintero|606630079|Para Aqui|1|Para Aqui|1|0|0|0|0|187059.00|0.00|0.00|0|0.00|0|0.00|0.00|0|0.00|0|0.00|0|0.00|0|0.00|0|0.00|0|0.00|0|0.00|0|0.00|0.00|187059.00
EMPOTSLS|1 Restaurante|1|1-Restaurante|22|Marilin Paola|Zabaleta Cuellar|606630003|Para Llevar|2|Para Llevar|2|0|0|0|0|29328.00|0.00|0.00|0|0.00|0|0.00|0.00|0|0.00|0|0.00|0|0.00|0|0.00|0|0.00|0|0.00|0|0.00|0|0.00|0.00|29328.00
EMPOTSLS|1 Restaurante|1|1-Restaurante|22|Winder|Castaño|606630063|Para Aqui|1|Para Aqui|1|1|2|0|0|20336.00|0.00|0.00|0|0.00|0|0.00|0.00|0|0.00|0|0.00|0|0.00|0|0.00|0|0.00|0|0.00|0|0.00|0|0.00|0.00|20336.00
EMPOTSLS|1 Restaurante|1|1-Restaurante|22|Winder|Castaño|606630063|Para Aqui|1|Para Aqui|1|0|0|0|0|14706.00|0.00|0.00|0|0.00|0|0.00|0.00|0|0.00|0|0.00|0|0.00|0|0.00|0|0.00|0|0.00|0|0.00|0|0.00|0.00|14706.00
EMPOTSLS|1 Restaurante|1|1-Restaurante|22|Winder|Castaño|606630063|Para Aqui|1|Para Aqui|1|0|0|0|0|15546.00|0.00|0.00|0|0.00|0|0.00|0.00|0|0.00|0|0.00|0|0.00|0|0.00|0|0.00|0|0.00|0|0.00|0|0.00|0.00|15546.00
EMPOTSLS|1 Restaurante|1|1-Restaurante|22|Winder|Castaño|606630063|Para Aqui|1|Para Aqui|1|0|0|0|0|32606.00|0.00|0.00|0|0.00|0|0.00|0.00|0|0.00|0|0.00|0|0.00|0|0.00|0|0.00|0|0.00|0|0.00|0|0.00|0.00|32606.00
EMPOTSLS|1 Restaurante|1|1-Restaurante|22|Winder|Castaño|606630063|Para Aqui|1|Para Aqui|1|1|2|0|0|136470.00|0.00|0.00|0|0.00|0|0.00|0.00|0|0.00|0|0.00|0|0.00|0|0.00|0|0.00|0|0.00|0|0.00|0|0.00|0.00|136470.00
EMPOTSLS|1 Restaurante|1|1-Restaurante|22|Winder|Castaño|606630063|Para Aqui|1|Para Aqui|1|0|0|0|0|86050.00|0.00|0.00|0|0.00|0|0.00|0.00|0|0.00|0|0.00|0|0.00|0|0.00|0|0.00|0|0.00|0|0.00|0|0.00|0.00|86050.00
EMPOTSLS|1 Restaurante|1|1-Restaurante|22|Winder|Castaño|606630063|Para Aqui|1|Para Aqui|1|1|2|0|0|74118.00|0.00|0.00|0|0.00|0|0.00|0.00|0|0.00|0|0.00|0|0.00|0|0.00|0|0.00|0|0.00|0|0.00|0|0.00|0.00|74118.00
EMPOTSLS|1 Restaurante|1|1-Restaurante|22|Winder|Castaño|606630063|Para Aqui|1|Para Aqui|1|0|0|0|0|20588.00|0.00|0.00|0|0.00|0|0.00|0.00|0|0.00|0|0.00|0|0.00|0|0.00|0|0.00|0|0.00|0|0.00|0|0.00|0.00|20588.00
EMPOTSLS|1 Restaurante|1|1-Restaurante|22|Winder|Castaño|606630063|Para Aqui|1|Para Aqui|1|0|0|0|0|184958.00|0.00|0.00|0|0.00|0|0.00|0.00|0|0.00|0|0.00|0|0.00|0|0.00|0|0.00|0|0.00|0|0.00|0|0.00|0.00|184958.00
EMPOTSLS|1 Restaurante|1|1-Restaurante|22|Alba|Quintero|606630079|Para Aqui|1|Para Aqui|1|1|2|0|0|24706.00|0.00|0.00|0|0.00|0|0.00|0.00|0|0.00|0|0.00|0|0.00|0|0.00|0|0.00|0|0.00|0|0.00|0|0.00|0.00|24706.00
EMPOTSLS|1 Restaurante|1|1-Restaurante|22|Alba|Quintero|606630079|Para Aqui|1|Para Aqui|1|1|2|0|0|76639.00|0.00|0.00|0|0.00|0|0.00|0.00|0|0.00|0|0.00|0|0.00|0|0.00|0|0.00|0|0.00|0|0.00|0|0.00|0.00|76639.00
EMPOTSLS|1 Restaurante|1|1-Restaurante|22|Alba|Quintero|606630079|Para Aqui|1|Para Aqui|1|1|5|0|0|69747.00|0.00|0.00|0|0.00|0|0.00|0.00|0|0.00|0|0.00|0|0.00|0|0.00|0|0.00|0|0.00|0|0.00|0|0.00|0.00|69747.00
EMPOTSLS|1 Restaurante|1|1-Restaurante|22|Rosmar|Arevalo|606680003|Para Aqui|1|Para Aqui|1|1|1|0|0|1.00|0.00|0.00|0|0.00|0|0.00|0.00|0|0.00|0|0.00|0|0.00|0|0.00|0|0.00|0|0.00|0|0.00|0|0.00|0.00|1.00
EMPOTSLS|20-Domicilios|20|20-Domicilios|29|Domicilios|Rappi|606630025|Para Aqui|1|Para Aqui|1|1|0|0|0|37941.00|0.00|0.00|0|0.00|0|0.00|0.00|0|0.00|0|0.00|0|0.00|0|0.00|0|0.00|0|0.00|0|0.00|0|0.00|0.00|37941.00
EMPOTSLS|1 Restaurante|1|1-Restaurante|22|Winder|Castaño|606630063|Para Aqui|1|Para Aqui|1|1|2|0|0|214959.00|0.00|0.00|0|0.00|0|0.00|0.00|0|0.00|0|0.00|0|0.00|0|0.00|0|0.00|0|0.00|0|0.00|0|0.00|0.00|214959.00
EMPOTSLS|1 Restaurante|1|1-Restaurante|22|Winder|Castaño|606630063|Para Aqui|1|Para Aqui|1|0|0|0|0|96470.00|0.00|0.00|0|0.00|0|0.00|0.00|0|0.00|0|0.00|0|0.00|0|0.00|0|0.00|0|0.00|0|0.00|0|0.00|0.00|96470.00
EMPOTSLS|1 Restaurante|1|1-Restaurante|22|Winder|Castaño|606630063|Para Aqui|1|Para Aqui|1|0|0|0|0|26218.00|0.00|0.00|0|0.00|0|0.00|0.00|0|0.00|0|0.00|0|0.00|0|0.00|0|0.00|0|0.00|0|0.00|0|0.00|0.00|26218.00
EMPOTSLS|1 Restaurante|1|1-Restaurante|22|Winder|Castaño|606630063|Para Aqui|1|Para Aqui|1|1|2|0|0|45631.00|0.00|0.00|0|0.00|0|0.00|0.00|0|0.00|0|0.00|0|0.00|0|0.00|0|0.00|0|0.00|0|0.00|0|0.00|0.00|45631.00
EMPOTSLS|1 Restaurante|1|1-Restaurante|22|Winder|Castaño|606630063|Para Aqui|1|Para Aqui|1|0|0|0|0|24706.00|0.00|0.00|0|0.00|0|0.00|0.00|0|0.00|0|0.00|0|0.00|0|0.00|0|0.00|0|0.00|0|0.00|0|0.00|0.00|24706.00
EMPOTSLS|1 Restaurante|1|1-Restaurante|22|Winder|Castaño|606630063|Para Aqui|1|Para Aqui|1|1|2|0|0|93445.00|0.00|0.00|0|0.00|0|0.00|0.00|0|0.00|0|0.00|0|0.00|0|0.00|0|0.00|0|0.00|0|0.00|0|0.00|0.00|93445.00
EMPOTSLS|1 Restaurante|1|1-Restaurante|22|Winder|Castaño|606630063|Para Aqui|1|Para Aqui|1|0|0|0|0|10588.00|0.00|0.00|0|0.00|0|0.00|0.00|0|0.00|0|0.00|0|0.00|0|0.00|0|0.00|0|0.00|0|0.00|0|0.00|0.00|10588.00
EMPOTSLS|1 Restaurante|1|1-Restaurante|22|Alba|Quintero|606630079|Para Aqui|1|Para Aqui|1|4|6|0|0|1813535.00|0.00|0.00|0|0.00|0|0.00|0.00|0|0.00|0|0.00|0|0.00|0|0.00|0|0.00|0|0.00|0|0.00|0|0.00|0.00|1813535.00
EMPOTSLS|1 Restaurante|1|1-Restaurante|22|Winder|Castaño|606630063|Para Aqui|1|Para Aqui|1|0|0|0|0|32606.00|0.00|0.00|0|0.00|0|0.00|0.00|0|0.00|0|0.00|0|0.00|0|0.00|0|0.00|0|0.00|0|0.00|0|0.00|0.00|32606.00
EMPOTSLS|1 Restaurante|1|1-Restaurante|22|Winder|Castaño|606630063|Para Aqui|1|Para Aqui|1|0|0|0|0|15546.00|0.00|0.00|0|0.00|0|0.00|0.00|0|0.00|0|0.00|0|0.00|0|0.00|0|0.00|0|0.00|0|0.00|0|0.00|0.00|15546.00
EMPOTSLS|1 Restaurante|1|1-Restaurante|22|Winder|Castaño|606630063|Para Aqui|1|Para Aqui|1|1|2|0|0|33698.00|0.00|0.00|0|0.00|0|0.00|0.00|0|0.00|0|0.00|0|0.00|0|0.00|0|0.00|0|0.00|0|0.00|0|0.00|0.00|33698.00
EMPOTSLS|1 Restaurante|1|1-Restaurante|22|Winder|Castaño|606630063|Para Aqui|1|Para Aqui|1|0|0|0|0|35966.00|0.00|0.00|0|0.00|0|0.00|0.00|0|0.00|0|0.00|0|0.00|0|0.00|0|0.00|0|0.00|0|0.00|0|0.00|0.00|35966.00
EMPOTSLS|1 Restaurante|1|1-Restaurante|22|Winder|Castaño|606630063|Para Aqui|1|Para Aqui|1|0|0|0|0|218992.00|0.00|0.00|0|0.00|0|0.00|0.00|0|0.00|0|0.00|0|0.00|0|0.00|0|0.00|0|0.00|0|0.00|0|0.00|0.00|218992.00
EMPOTSLS|1 Restaurante|1|1-Restaurante|22|Viviana|Maldonado M.|606670017|Para Aqui|1|Para Aqui|1|1|1|0|0|4538.00|0.00|0.00|0|0.00|0|0.00|0.00|0|0.00|0|0.00|0|0.00|0|0.00|0|0.00|0|0.00|0|0.00|0|0.00|0.00|4538.00
