EMPID|IBG|Andres Calera|20241215|20241215|20250116|122209|2.00|2.00|Simphony|19.7.2
EMP|1-Restaurante|1|1-Restaurante|22|Maria Paula|Casas|101160004|8|10|0|0|909445.00|90479.00|-245055.00|13|0.00|0|-17822.00|3.00|42000.00|3|0.00|0|19339.00|4|1072682.00|8|1061756.00|7|0.00|0|0.00|0|0.00|89553.00|0.00|0|909445.00|0.00|0.00|909445.00
EMP|1-Restaurante|1|1-Restaurante|22|Jari|햢ila C.|202210010|2|5|0|0|351112.00|35111.00|0.00|0|0.00|0|0.00|0.00|0.00|1|0.00|0|0.00|0|414311.00|2|424581.00|2|0.00|0|0.00|0|0.00|35981.00|0.00|0|351112.00|0.00|0.00|351112.00
EMP|1-Restaurante|1|1-Restaurante|22|Yan Carlos|Lozano|48|49|99|0|0|5979826.00|555426.00|-33612.00|6|0.00|0|-41276.00|-15.00|263400.00|10|0.00|0|82600.00|3|7013611.00|49|7014267.00|47|0.00|0|0.00|0|0.00|555482.00|0.00|0|5979826.00|0.00|0.00|5979826.00
EMPSHFT|1-Restaurante|1|1-Restaurante|22|Yan Carlos|Lozano|48|1| |0| |0|BARRA COCINA|2|0|1198981.00|0.00|0.00|79672.00|7|4|0.00|0|0.00|0|0.00|0|128300.00|3|0.00|0|0|0|232114.00|0|232114.00|14|0.00|0|0.00|0.00|0.00|0.00|0.00|0.00|95919.00|-38832.00|1413404.00|1374572.00|7|3163414.00|15|0.00|0|0.00|0|0.00|0.00|0|0.00
EMPSHFT|1-Restaurante|1|1-Restaurante|22|Yan Carlos|Lozano|48|1| |0| |0|CAPS|1|0|4780845.00|0.00|0.00|475754.00|42|95|0.00|0|-33612.00|6|0.00|0|135100.00|7|0.00|0|0|0|323368.00|0|323368.00|27|0.00|0|6535848.00|0.00|0.00|0.00|0.00|0.00|382455.00|-2444.00|5675110.00|5639039.00|42|3850853.00|32|0.00|0|0.00|0|-15.00|0.00|0|0.00
EMPSHFT|1-Restaurante|1|1-Restaurante|22|Maria Paula|Casas|101160004|1| |0| |0|BARRA COCINA|2|0|456294.00|0.00|0.00|45166.00|8|10|0.00|0|-245055.00|13|0.00|0|29600.00|2|0.00|0|0|0|61989.00|0|61989.00|3|0.00|0|0.00|0.00|0.00|0.00|0.00|0.00|36506.00|-17822.00|800843.00|537966.00|8|731489.00|3|0.00|0|0.00|0|0.00|0.00|0|0.00
EMPSHFT|1-Restaurante|1|1-Restaurante|22|Maria Paula|Casas|101160004|1| |0| |0|CAPS|1|0|453151.00|0.00|0.00|45313.00|0|0|0.00|0|0.00|0|0.00|0|12400.00|1|0.00|0|0|0|27564.00|0|27564.00|2|0.00|0|989742.00|0.00|0.00|0.00|0.00|0.00|36249.00|0.00|534713.00|534716.00|0|330267.00|4|0.00|0|0.00|0|3.00|0.00|0|0.00
EMPSHFT|1-Restaurante|1|1-Restaurante|22|Jari|햢ila C.|202210010|1| |0| |0|CAPS|1|0|175370.00|0.00|0.00|17537.00|1|3|0.00|0|0.00|0|0.00|0|0.00|1|0.00|0|0|0|17537.00|0|17537.00|1|0.00|0|395797.00|0.00|0.00|0.00|0.00|0.00|14030.00|0.00|206937.00|206937.00|1|206937.00|1|0.00|0|0.00|0|0.00|0.00|0|0.00
EMPSHFT|1-Restaurante|1|1-Restaurante|22|Jari|햢ila C.|202210010|1| |0| |0|BARRA COCINA|2|0|175742.00|0.00|0.00|17574.00|1|2|0.00|0|0.00|0|0.00|0|0.00|0|0.00|0|0|0|18444.00|0|18444.00|1|0.00|0|0.00|0.00|0.00|0.00|0.00|0.00|14058.00|0.00|207374.00|207374.00|1|217644.00|1|0.00|0|0.00|0|0.00|0.00|0|0.00
EMPTM|1-Restaurante|1|1-Restaurante|22|Maria Paula|Casas|101160004|Contado|102|Contado|102|Payment|0.00|0
EMPTM|1-Restaurante|1|1-Restaurante|22|Jari|햢ila C.|202210010|Contado|102|Contado|102|Payment|0.00|0
EMPTM|1-Restaurante|1|1-Restaurante|22|Yan Carlos|Lozano|48|Master Card|202|Master Card|202|Payment|4028777.00|25
EMPTM|1-Restaurante|1|1-Restaurante|22|Yan Carlos|Lozano|48|Efectivo|101|Efectivo|101|Payment|612910.00|13
EMPTM|1-Restaurante|1|1-Restaurante|22|Yan Carlos|Lozano|48|Contado|102|Contado|102|Payment|0.00|0
EMPTM|1-Restaurante|1|1-Restaurante|22|Yan Carlos|Lozano|48|Visa|204|Visa|204|Payment|3727697.00|16
EMPTM|1-Restaurante|1|1-Restaurante|22|Yan Carlos|Lozano|48|Sodexo|303|Sodexo|303|Payment|131220.00|1
EMPOTSLS|1-Restaurante|1|1-Restaurante|22|Yan Carlos|Lozano|48|Para Llevar|2|Para Llevar|2|2|2|0|0|35834.00|0.00|0.00|0|0.00|0|0.00|0.00|0|0.00|0|0.00|0|0.00|0|0.00|0|0.00|0|0.00|0|0.00|0|0.00|0.00|35834.00
EMPOTSLS|1-Restaurante|1|1-Restaurante|22|Yan Carlos|Lozano|48|Para Aqui|1|Para Aqui|1|47|97|0|0|5943992.00|0.00|0.00|0|0.00|0|0.00|0.00|0|0.00|0|0.00|0|0.00|0|0.00|0|0.00|0|0.00|0|0.00|0|0.00|0.00|5943992.00
EMPOTSLS|1-Restaurante|1|1-Restaurante|22|Jari|햢ila C.|202210010|Para Aqui|1|Para Aqui|1|2|5|0|0|351112.00|0.00|0.00|0|0.00|0|0.00|0.00|0|0.00|0|0.00|0|0.00|0|0.00|0|0.00|0|0.00|0|0.00|0|0.00|0.00|351112.00
EMPOTSLS|1-Restaurante|1|1-Restaurante|22|Maria Paula|Casas|101160004|Para Aqui|1|Para Aqui|1|8|10|0|0|909445.00|0.00|0.00|0|0.00|0|0.00|0.00|0|0.00|0|0.00|0|0.00|0|0.00|0|0.00|0|0.00|0|0.00|0|0.00|0.00|909445.00
