EMPID|AB80|Andres Bazaar 80|20241215|20241215|20250116|122208|2.00|2.00|Simphony|19.7.2
EMP|1-Restaurante|1|1-Restaurante|22|Miguel|Ramirez|404220003|10|7|0|0|807398.00|73537.00|-66555.00|5|0.00|0|-18697.00|-2.00|8000.00|1|0.00|0|41735.00|1|1034335.00|10|1034335.00|10|0.00|0|0.00|0|0.00|73537.00|0.00|0|807398.00|0.00|0.00|807398.00
EMP|1-Restaurante|1|1-Restaurante|22|Juan Carlos|Rodriguez|402240001|0|1|0|0|1261.00|0.00|0.00|0|0.00|0|0.00|0.00|1500.00|1|0.00|0|0.00|0|1500.00|0|1500.00|1|0.00|0|0.00|0|0.00|0.00|0.00|0|1261.00|0.00|0.00|1261.00
EMP|1-Restaurante|1|1-Restaurante|22|Gabriela|Jurado Giraldo|404220006|8|10|0|0|2645384.00|264536.00|-8319.00|3|0.00|0|-1437.00|3.00|96800.00|3|0.00|0|0.00|0|3412539.00|11|3412539.00|11|0.00|0|0.00|0|0.00|264536.00|0.00|0|2645384.00|0.00|0.00|2645384.00
EMP|1-Restaurante|1|1-Restaurante|22|Jonatan Steven|Fernandez Medina|76|2|2|0|0|85295.00|8529.00|0.00|0|0.00|0|0.00|-5.00|0.00|0|0.00|0|0.00|0|110024.00|2|110024.00|2|0.00|0|0.00|0|0.00|8529.00|0.00|0|85295.00|0.00|0.00|85295.00
EMP|2-Almacen|2|2-Almacen|2|Jonatan Steven|Fernandez Medina|76|2|2|0|0|70589.00|0.00|0.00|0|0.00|0|0.00|0.00|0.00|0|0.00|0|32000.00|1|84000.00|2|84000.00|2|0.00|0|0.00|0|0.00|0.00|0.00|0|70589.00|0.00|0.00|70589.00
EMPSHFT|1-Restaurante|1|1-Restaurante|22|Jonatan Steven|Fernandez Medina|76|1| |0| |0|CAPS|1|0|85295.00|0.00|0.00|8529.00|2|2|0.00|0|0.00|0|0.00|0|0.00|0|0.00|0|0|0|8529.00|0|8529.00|2|0.00|0|93819.00|0.00|0.00|0.00|0.00|0.00|16205.00|0.00|110029.00|110024.00|2|110024.00|2|0.00|0|0.00|0|-5.00|0.00|0|0.00
EMPSHFT|2-Almacen|2|2-Almacen|2|Jonatan Steven|Fernandez Medina|76|1| |0| |0|BARRA|3|0|16807.00|0.00|0.00|0.00|1|1|0.00|0|0.00|0|0.00|0|0.00|0|0.00|0|0|0|0.00|0|0.00|0|0.00|0|0.00|0.00|0.00|0.00|0.00|0.00|3193.00|0.00|20000.00|20000.00|1|84000.00|2|0.00|0|0.00|0|0.00|0.00|0|0.00
EMPSHFT|2-Almacen|2|2-Almacen|2|Jonatan Steven|Fernandez Medina|76|1| |0| |0|CAPS|1|0|0.00|0.00|0.00|0.00|0|0|0.00|0|0.00|0|0.00|0|0.00|0|0.00|0|0|0|0.00|0|0.00|0|0.00|0|70589.00|0.00|0.00|0.00|0.00|0.00|0.00|0.00|0.00|0.00|0|0.00|0|0.00|0|0.00|0|0.00|0.00|0|0.00
EMPSHFT|2-Almacen|2|2-Almacen|2|Jonatan Steven|Fernandez Medina|76|1| |0| |0|PRINCIPAL|4|0|53782.00|0.00|0.00|0.00|1|1|0.00|0|0.00|0|0.00|0|0.00|0|0.00|0|0|0|0.00|0|0.00|0|0.00|0|0.00|0.00|0.00|0.00|0.00|0.00|10218.00|0.00|64000.00|64000.00|1|0.00|0|0.00|0|0.00|0|0.00|0.00|0|0.00
EMPSHFT|1-Restaurante|1|1-Restaurante|22|Juan Carlos|Rodriguez|402240001|1| |0| |0|CAPS|1|0|1261.00|0.00|0.00|0.00|0|1|0.00|0|0.00|0|0.00|0|1500.00|1|0.00|0|0|0|0.00|0|0.00|0|0.00|0|1261.00|0.00|0.00|0.00|0.00|0.00|239.00|0.00|1500.00|1500.00|0|1500.00|1|0.00|0|0.00|0|0.00|0.00|0|0.00
EMPSHFT|1-Restaurante|1|1-Restaurante|22|Miguel|Ramirez|404220003|1| |0| |0|BARRA|3|0|738826.00|0.00|0.00|73881.00|6|6|0.00|0|0.00|0|0.00|0|8000.00|1|0.00|0|0|0|30756.00|0|30756.00|2|0.00|0|0.00|0.00|0.00|0.00|0.00|0.00|140374.00|0.00|953081.00|953081.00|6|396756.00|2|0.00|0|0.00|0|0.00|0.00|0|0.00
EMPSHFT|1-Restaurante|1|1-Restaurante|22|Miguel|Ramirez|404220003|1| |0| |0|PRINCIPAL|4|0|113531.00|0.00|0.00|11353.00|4|3|0.00|0|0.00|0|0.00|0|0.00|0|0.00|0|0|0|14361.00|0|14361.00|1|0.00|0|0.00|0.00|0.00|0.00|0.00|0.00|21569.00|-1.00|146454.00|146453.00|4|185261.00|1|0.00|0|0.00|0|0.00|0.00|0|0.00
EMPSHFT|1-Restaurante|1|1-Restaurante|22|Miguel|Ramirez|404220003|1| |0| |0|CAPS|1|0|-44959.00|0.00|0.00|-11697.00|0|-2|0.00|0|-66555.00|5|0.00|0|0.00|0|0.00|0|0|0|28420.00|0|28420.00|5|0.00|0|870353.00|0.00|0.00|0.00|0.00|0.00|-8541.00|-18696.00|20054.00|-65199.00|0|452318.00|7|0.00|0|0.00|0|-2.00|0.00|0|0.00
EMPSHFT|1-Restaurante|1|1-Restaurante|22|Gabriela|Jurado Giraldo|404220006|1| |0| |0|PRINCIPAL|4|0|875548.00|0.00|0.00|87554.00|1|3|0.00|0|0.00|0|0.00|0|79300.00|2|0.00|0|0|0|86630.00|0|86630.00|2|0.00|0|0.00|0.00|0.00|0.00|0.00|0.00|166352.00|0.00|1129454.00|1129454.00|4|1117530.00|2|0.00|0|0.00|0|0.00|0.00|0|0.00
EMPSHFT|1-Restaurante|1|1-Restaurante|22|Gabriela|Jurado Giraldo|404220006|1| |0| |0|CAPS|1|0|13866.00|0.00|0.00|1387.00|0|-1|0.00|0|-8319.00|3|0.00|0|0.00|0|0.00|0|0|0|59764.00|0|59764.00|3|0.00|0|2939419.00|0.00|0.00|0.00|0.00|0.00|2634.00|-1437.00|27643.00|17890.00|0|770967.00|4|0.00|0|0.00|0|3.00|0.00|0|0.00
EMPSHFT|1-Restaurante|1|1-Restaurante|22|Gabriela|Jurado Giraldo|404220006|1| |0| |0|BARRA|3|0|1755970.00|0.00|0.00|175595.00|7|8|0.00|0|0.00|0|0.00|0|17500.00|1|0.00|0|0|0|118142.00|0|118142.00|5|0.00|0|0.00|0.00|0.00|0.00|0.00|0.00|333630.00|0.00|2265195.00|2265195.00|7|1524042.00|5|0.00|0|0.00|0|0.00|0.00|0|0.00
EMPTM|1-Restaurante|1|1-Restaurante|22|Miguel|Ramirez|404220003|Contado|102|Contado|102|Payment|0.00|0
EMPTM|1-Restaurante|1|1-Restaurante|22|Juan Carlos|Rodriguez|402240001|Contado|102|Contado|102|Payment|0.00|0
EMPTM|1-Restaurante|1|1-Restaurante|22|Gabriela|Jurado Giraldo|404220006|Contado|102|Contado|102|Payment|0.00|0
EMPTM|1-Restaurante|1|1-Restaurante|22|Jonatan Steven|Fernandez Medina|76|Contado|102|Contado|102|Payment|0.00|0
EMPTM|2-Almacen|2|2-Almacen|2|Jonatan Steven|Fernandez Medina|76|Contado|102|Contado|102|Payment|0.00|0
EMPTM|1-Restaurante|1|1-Restaurante|22|Jonatan Steven|Fernandez Medina|76|Master Card|202|Master Card|202|Payment|3798451.00|15
EMPTM|2-Almacen|2|2-Almacen|2|Jonatan Steven|Fernandez Medina|76|Master Card|202|Master Card|202|Payment|84000.00|2
EMPTM|1-Restaurante|1|1-Restaurante|22|Jonatan Steven|Fernandez Medina|76|Efectivo |101|Efectivo |101|Payment|248330.00|4
EMPTM|1-Restaurante|1|1-Restaurante|22|Jonatan Steven|Fernandez Medina|76|Visa |204|Visa |204|Payment|511617.00|3
EMPOTSLS|1-Restaurante|1|1-Restaurante|22|Juan Carlos|Rodriguez|402240001|Para Aqui|1|Para Aqui|1|0|1|0|0|1261.00|0.00|0.00|0|0.00|0|0.00|0.00|0|0.00|0|0.00|0|0.00|0|0.00|0|0.00|0|0.00|0|0.00|0|0.00|0.00|1261.00
EMPOTSLS|1-Restaurante|1|1-Restaurante|22|Jonatan Steven|Fernandez Medina|76|Para Aqui|1|Para Aqui|1|2|2|0|0|85295.00|0.00|0.00|0|0.00|0|0.00|0.00|0|0.00|0|0.00|0|0.00|0|0.00|0|0.00|0|0.00|0|0.00|0|0.00|0.00|85295.00
EMPOTSLS|1-Restaurante|1|1-Restaurante|22|Gabriela|Jurado Giraldo|404220006|Para Aqui|1|Para Aqui|1|8|10|0|0|2645384.00|0.00|0.00|0|0.00|0|0.00|0.00|0|0.00|0|0.00|0|0.00|0|0.00|0|0.00|0|0.00|0|0.00|0|0.00|0.00|2645384.00
EMPOTSLS|1-Restaurante|1|1-Restaurante|22|Miguel|Ramirez|404220003|Para Aqui|1|Para Aqui|1|10|7|0|0|807398.00|0.00|0.00|0|0.00|0|0.00|0.00|0|0.00|0|0.00|0|0.00|0|0.00|0|0.00|0|0.00|0|0.00|0|0.00|0.00|807398.00
EMPOTSLS|2-Almacen|2|2-Almacen|2|Jonatan Steven|Fernandez Medina|76|Para Aqui|1|Para Aqui|1|2|2|0|0|70589.00|0.00|0.00|0|0.00|0|0.00|0.00|0|0.00|0|0.00|0|0.00|0|0.00|0|0.00|0|0.00|0|0.00|0|0.00|0.00|70589.00
