EMPID|MIA|Andres Miami|20241202|20241202|20250103|122219|2.00|2.00|Simphony|19.7.2
EMP|Restaurant|1|Restaurante|1|Andres|Reyes|4|0|0|0|0|0.00|0.00|0.00|0|0.00|0|0.00|0.00|0.00|0|0.00|0|74.82|2|0.00|8|0.00|0|0.00|0|0.00|0|0.00|0.00|0.00|0|0.00|0.00|0.00|0.00
EMP|Restaurant|1|Restaurante|1|Daniela|Suarez|44|0|0|0|0|0.00|0.00|0.00|0|0.00|0|0.00|0.00|0.00|0|0.00|0|20.64|1|0.00|0|0.00|0|0.00|0|0.00|0|0.00|0.00|0.00|0|0.00|0.00|0.00|0.00
EMP|Restaurant|1|Restaurante|1|Catalina|Herrera|45|5|14|0|0|192.00|52.68|0.00|0|0.00|0|0.00|0.00|225.00|1|0.00|0|0.00|0|261.96|6|185.85|3|0.00|0|0.00|0|0.00|0.00|0.00|0|192.00|0.00|0.00|192.00
EMP|Restaurant|1|Restaurante|1|Lianyi|Rivero|52|15|29|0|0|308.00|81.61|0.00|0|0.00|0|0.00|0.00|0.00|0|0.00|0|10.32|2|417.33|15|365.73|14|0.00|0|0.00|0|0.00|0.00|0.00|0|308.00|0.00|0.00|308.00
EMP|Restaurant|1|Restaurante|1|Brenda|Quiroga|60|1|2|0|0|8.00|1.60|0.00|0|0.00|0|0.00|0.00|0.00|0|0.00|0|0.00|1|10.32|1|10.32|1|0.00|0|0.00|0|0.00|0.00|0.00|0|8.00|0.00|0.00|8.00
EMP|Restaurant|1|Restaurante|1|Daniel|Yate|63|10|16|0|0|530.00|122.88|0.00|0|0.00|0|0.00|0.00|0.00|0|0.00|0|154.80|4|700.58|10|700.58|10|0.00|0|0.00|0|0.00|0.00|0.00|0|530.00|0.00|0.00|530.00
EMP|Restaurant|1|Restaurante|1|Emilio|Franco|64|3|12|0|0|494.00|162.51|0.00|0|0.00|0|0.00|0.00|0.00|1|0.00|0|1122.30|1|700.97|3|700.97|2|0.00|0|0.00|0|0.00|0.00|0.00|0|494.00|0.00|0.00|494.00
EMP|Restaurant|1|Restaurante|1|Sebastian|Vargas|66|0|0|0|0|0.00|0.00|0.00|0|0.00|0|0.00|0.00|0.00|0|0.00|0|0.00|2|0.00|0|0.00|0|0.00|0|0.00|0|0.00|0.00|0.00|0|0.00|0.00|0.00|0.00
EMP|Restaurant|1|Restaurante|1|Andres|Rodriguez|67|0|0|0|0|0.00|0.00|0.00|0|0.00|0|0.00|0.00|0.00|0|0.00|0|716.60|5|0.00|0|0.00|0|0.00|0|0.00|0|0.00|0.00|0.00|0|0.00|0.00|0.00|0.00
EMP|Events|2|4-Eventos|4|Pedro|Soto|70|0|0|0|0|0.00|0.00|0.00|0|0.00|0|0.00|0.00|0.00|0|0.00|0|0.00|0|0.00|0|0.00|1|0.00|0|0.00|0|0.00|0.00|0.00|0|0.00|0.00|0.00|0.00
EMP|Restaurant|1|Restaurante|1|Luisa Fernanda|Rosales|71|26|35|0|0|721.00|183.91|0.00|0|0.00|0|0.00|0.00|480.00|2|0.00|0|28.38|1|969.80|26|969.80|26|0.00|0|0.00|0|0.00|0.00|0.00|0|721.00|0.00|0.00|721.00
EMP|Restaurant|1|Restaurante|1|Sara|Acosta|102|1|4|0|0|22.00|5.81|0.00|0|0.00|0|0.00|0.00|0.00|0|0.00|0|0.00|1|29.79|1|29.79|1|0.00|0|0.00|0|0.00|0.00|0.00|0|22.00|0.00|0.00|22.00
EMP|Restaurant|1|Restaurante|1|Ana|Fandiño|104|6|16|0|0|364.00|77.44|0.00|0|0.00|0|0.00|0.00|8.00|1|0.00|0|0.00|0|474.20|6|51.08|1|0.00|0|0.00|0|0.00|0.00|0.00|0|364.00|0.00|0.00|364.00
EMP|Restaurant|1|Restaurante|1|Stefanie|Sanchez|105|3|9|0|0|401.00|80.20|0.00|0|0.00|0|0.00|0.00|0.00|0|0.00|0|87.72|1|517.29|3|98.04|2|0.00|0|0.00|0|0.00|0.00|0.00|0|401.00|0.00|0.00|401.00
EMP|Restaurant|1|Restaurante|1|Gisell|Caballero|106|4|7|0|0|82.00|24.17|0.00|0|0.00|0|0.00|0.00|0.00|0|0.00|0|0.00|1|113.55|4|90.33|3|0.00|0|0.00|0|0.00|0.00|0.00|0|82.00|0.00|0.00|82.00
EMP|Restaurant|1|Restaurante|1|Kevin|Gonzalez|110|74|89|0|0|2705.00|787.15|0.00|0|0.00|0|0.00|0.00|32.00|2|0.00|0|425.70|12|3735.60|75|3735.60|74|0.00|0|0.00|0|0.00|0.00|0.00|0|2705.00|0.00|0.00|2705.00
EMP|Events|2|4-Eventos|4|Kevin|Gonzalez|110|20|26|0|0|877.00|256.03|0.00|0|0.00|0|0.00|0.00|0.00|0|0.00|0|47.73|2|1211.96|20|1211.96|20|0.00|0|0.00|0|0.00|0.00|0.00|0|877.00|0.00|0.00|877.00
EMP|Restaurant|1|Restaurante|1|Adianes|Rojas|115|7|10|0|0|274.00|64.70|0.00|0|0.00|0|0.00|0.00|37.00|2|0.00|0|0.00|0|363.36|7|342.72|6|0.00|0|0.00|0|0.00|0.00|0.00|0|274.00|0.00|0.00|274.00
EMP|Restaurant|1|Restaurante|1|Paula|Moreno|116|2|2|0|0|46.00|15.12|0.00|0|0.00|0|0.00|0.00|0.00|0|0.00|0|0.00|0|65.26|2|65.26|2|0.00|0|0.00|0|0.00|0.00|0.00|0|46.00|0.00|0.00|46.00
EMP|Restaurant|1|Restaurante|1|Alejandra|Perilla|132|8|19|0|0|387.00|85.58|0.00|0|0.00|0|0.00|0.00|0.00|0|0.00|0|410.22|2|507.41|8|575.78|8|0.00|0|0.00|0|0.00|0.00|0.00|0|387.00|0.00|0.00|387.00
EMP|Restaurant|1|Restaurante|1|Laura|Pinzon|133|1|3|0|0|114.00|30.15|0.00|0|0.00|0|0.00|0.00|140.00|6|0.00|0|0.00|2|154.41|1|154.41|1|0.00|0|0.00|0|0.00|0.00|0.00|0|114.00|0.00|0.00|114.00
EMP|Restaurant|1|Restaurante|1|Sofia|Ramirez|134|1|1|0|0|8.00|2.11|0.00|0|0.00|0|0.00|0.00|0.00|0|0.00|0|0.00|0|10.83|1|10.83|1|0.00|0|0.00|0|0.00|0.00|0.00|0|8.00|0.00|0.00|8.00
EMPSHFT|Restaurant|1|Restaurante|1|Andres|Reyes|4|1| |0| |0|Terraza5|69|0|0.00|0.00|0.00|0.00|0|0|0.00|0|0.00|0|0.00|0|0.00|0|0.00|0|0|0|0.00|0|0.00|0|0.00|0|0.00|0.00|0.00|0.00|0.00|0.00|0.00|0.00|0.00|0.00|2|0.00|0|0.00|0|0.00|0|0.00|0.00|0|0.00
EMPSHFT|Events|2|4-Eventos|4|Andres|Reyes|4|1| |0| |0|CAPS|99|0|0.00|0.00|0.00|0.00|0|0|0.00|0|0.00|0|0.00|0|0.00|0|0.00|0|0|0|0.00|0|0.00|0|0.00|0|0.00|0.00|0.00|0.00|0.00|0.00|0.00|0.00|0.00|0.00|0|0.00|1|0.00|0|0.00|0|0.00|0.00|0|0.00
EMPSHFT|Restaurant|1|Restaurante|1|Andres|Reyes|4|1| |0| |0|PrimerPiso4|53|0|0.00|0.00|0.00|0.00|0|0|0.00|0|0.00|0|0.00|0|0.00|0|0.00|0|0|0|0.00|0|0.00|0|0.00|0|0.00|0.00|0.00|0.00|0.00|0.00|0.00|0.00|0.00|0.00|1|0.00|0|0.00|0|0.00|0|0.00|0.00|0|0.00
EMPSHFT|Restaurant|1|Restaurante|1|Andres|Reyes|4|1| |0| |0|SegundoPiso8|64|0|0.00|0.00|0.00|0.00|0|0|0.00|0|0.00|0|0.00|0|0.00|0|0.00|0|0|0|0.00|0|0.00|0|0.00|0|0.00|0.00|0.00|0.00|0.00|0.00|0.00|0.00|0.00|0.00|2|0.00|0|0.00|0|0.00|0|0.00|0.00|0|0.00
EMPSHFT|Restaurant|1|Restaurante|1|Andres|Reyes|4|1| |0| |0|Terraza3|67|0|0.00|0.00|0.00|0.00|0|0|0.00|0|0.00|0|0.00|0|0.00|0|0.00|0|0|0|0.00|0|0.00|0|0.00|0|0.00|0.00|0.00|0.00|0.00|0.00|0.00|0.00|0.00|0.00|1|0.00|0|0.00|0|0.00|0|0.00|0.00|0|0.00
EMPSHFT|Restaurant|1|Restaurante|1|Andres|Reyes|4|1| |0| |0|Terraza1|65|0|0.00|0.00|0.00|0.00|0|0|0.00|0|0.00|0|0.00|0|0.00|0|0.00|0|0|0|0.00|0|0.00|0|0.00|0|0.00|0.00|0.00|0.00|0.00|0.00|0.00|0.00|0.00|0.00|1|0.00|0|0.00|0|0.00|0|0.00|0.00|0|0.00
EMPSHFT|Restaurant|1|Restaurante|1|Andres|Reyes|4|1| |0| |0|PrimerPiso7|56|0|0.00|0.00|0.00|0.00|0|0|0.00|0|0.00|0|0.00|0|0.00|0|0.00|0|0|0|0.00|0|0.00|0|0.00|0|0.00|0.00|0.00|0.00|0.00|0.00|0.00|0.00|0.00|0.00|1|0.00|0|0.00|0|0.00|0|0.00|0.00|0|0.00
EMPSHFT|Restaurant|1|Restaurante|1|Catalina|Herrera|45|1| |0| |0|BarSegundoPiso|7|0|117.00|0.00|0.00|23.40|3|4|0.00|0|0.00|0|0.00|0|0.00|1|0.00|0|0|0|0.00|0|0.00|0|0.00|0|-23.40|-23.40|23.40|0.00|0.00|0.00|10.53|0.00|150.93|150.93|3|0.00|0|0.00|0|0.00|0|0.00|0.00|0|0.00
EMPSHFT|Restaurant|1|Restaurante|1|Catalina|Herrera|45|1| |0| |0|SegundoPiso2|58|0|0.00|0.00|0.00|14.28|0|0|0.00|0|0.00|0|0.00|0|0.00|0|0.00|0|0|0|0.00|0|0.00|0|0.00|0|150.93|150.93|14.28|0.00|0.00|37.68|0.00|0.00|14.28|14.28|0|165.21|2|0.00|0|0.00|0|0.00|0.00|0|0.00
EMPSHFT|Restaurant|1|Restaurante|1|Catalina|Herrera|45|1| |0| |0|SegundoPiso6|62|0|16.00|0.00|0.00|3.20|1|2|0.00|0|0.00|0|0.00|0|0.00|0|0.00|0|0|0|0.00|0|0.00|0|0.00|0|17.44|-3.20|3.20|0.00|0.00|3.20|1.44|0.00|20.64|20.64|1|20.64|1|0.00|0|0.00|0|0.00|0.00|0|0.00
EMPSHFT|Restaurant|1|Restaurante|1|Catalina|Herrera|45|1| |0| |0|Coval|6|0|42.00|0.00|0.00|8.40|2|4|0.00|0|0.00|0|0.00|0|8.00|1|0.00|0|0|0|0.00|0|0.00|0|0.00|0|-4.40|-4.40|8.40|0.00|0.00|0.00|3.78|0.00|54.18|54.18|3|0.00|0|0.00|0|0.00|0|0.00|0.00|0|0.00
EMPSHFT|Restaurant|1|Restaurante|1|Catalina|Herrera|45|1| |0| |0|Soul|8|0|53.00|0.00|0.00|10.60|1|4|0.00|0|0.00|0|0.00|0|0.00|0|0.00|0|0|0|0.00|0|0.00|0|0.00|0|-10.60|-10.60|10.60|0.00|0.00|0.00|4.77|0.00|68.37|68.37|1|0.00|0|0.00|0|0.00|0|0.00|0.00|0|0.00
EMPSHFT|Restaurant|1|Restaurante|1|Lianyi|Rivero|52|1| |0| |0|SegundoPiso5|61|0|132.00|0.00|0.00|46.41|8|12|0.00|0|0.00|0|0.00|0|0.00|0|0.00|0|0|0|0.00|0|0.00|0|0.00|0|312.87|192.90|46.41|0.00|0.00|72.61|11.88|0.00|190.29|190.29|8|359.28|13|0.00|0|0.00|0|0.00|0.00|0|0.00
EMPSHFT|Restaurant|1|Restaurante|1|Lianyi|Rivero|52|1| |0| |0|Soul|8|0|160.00|0.00|0.00|32.00|6|7|0.00|0|0.00|0|0.00|0|0.00|0|0.00|0|0|0|0.00|0|0.00|0|0.00|0|-32.00|-32.00|32.00|0.00|0.00|0.00|14.40|0.00|206.40|206.40|6|0.00|0|0.00|0|0.00|0|0.00|0.00|0|0.00
EMPSHFT|Restaurant|1|Restaurante|1|Lianyi|Rivero|52|1| |0| |0|Terraza5|69|0|0.00|0.00|0.00|0.00|0|0|0.00|0|0.00|0|0.00|0|0.00|0|0.00|0|0|0|0.00|0|0.00|0|0.00|0|6.45|0.00|0.00|0.00|0.00|1.00|0.00|0.00|0.00|0.00|0|6.45|1|0.00|0|0.00|0|0.00|0.00|0|0.00
EMPSHFT|Restaurant|1|Restaurante|1|Lianyi|Rivero|52|1| |0| |0|Coval|6|0|16.00|0.00|0.00|3.20|1|10|0.00|0|0.00|0|0.00|0|0.00|0|0.00|0|0|0|0.00|0|0.00|0|0.00|0|-3.20|-3.20|3.20|0.00|0.00|0.00|1.44|0.00|20.64|20.64|1|0.00|0|0.00|0|0.00|0|0.00|0.00|0|0.00
EMPSHFT|Restaurant|1|Restaurante|1|Brenda|Quiroga|60|1| |0| |0|Joy|1|0|8.00|0.00|0.00|1.60|1|2|0.00|0|0.00|0|0.00|0|0.00|0|0.00|0|0|0|0.00|0|0.00|0|0.00|0|-1.60|-1.60|1.60|0.00|0.00|0.00|0.72|0.00|10.32|10.32|1|0.00|0|0.00|0|0.00|0|0.00|0.00|0|0.00
EMPSHFT|Restaurant|1|Restaurante|1|Santiago|Sierra|62|1| |0| |0|Cava|3|0|0.00|0.00|0.00|0.00|0|0|0.00|0|0.00|0|0.00|0|225.00|1|0.00|0|0|0|0.00|0|0.00|0|0.00|0|0.00|0.00|0.00|0.00|0.00|0.00|0.00|0.00|0.00|0.00|0|0.00|0|0.00|0|0.00|0|0.00|0.00|0|0.00
EMPSHFT|Restaurant|1|Restaurante|1|Daniel|Yate|63|1| |0| |0|SegundoPiso7|63|0|186.00|0.00|0.00|49.45|4|4|0.00|0|0.00|0|0.00|0|0.00|0|0.00|0|0|0|0.00|0|0.00|0|0.00|0|202.74|179.52|49.45|0.00|0.00|49.45|16.74|0.00|252.19|252.19|4|252.19|4|0.00|0|0.00|0|0.00|0.00|0|0.00
EMPSHFT|Restaurant|1|Restaurante|1|Daniel|Yate|63|1| |0| |0|BarPrimerPiso|4|0|248.00|0.00|0.00|49.60|1|5|0.00|0|0.00|0|0.00|0|0.00|0|0.00|0|0|0|0.00|0|0.00|0|0.00|0|-49.60|-49.60|49.60|0.00|0.00|0.00|22.32|0.00|319.92|319.92|1|0.00|0|0.00|0|0.00|0|0.00|0.00|0|0.00
EMPSHFT|Restaurant|1|Restaurante|1|Daniel|Yate|63|1| |0| |0|PrimerPiso2|51|0|80.00|0.00|0.00|19.60|4|5|0.00|0|0.00|0|0.00|0|0.00|0|0.00|0|0|0|0.00|0|0.00|0|0.00|0|87.20|25.28|19.60|0.00|0.00|19.60|7.20|0.00|106.80|106.80|4|106.80|4|0.00|0|0.00|0|0.00|0.00|0|0.00
EMPSHFT|Restaurant|1|Restaurante|1|Daniel|Yate|63|1| |0| |0|PrimerPiso4|53|0|16.00|0.00|0.00|4.23|1|2|0.00|0|0.00|0|0.00|0|0.00|0|0.00|0|0|0|0.00|0|0.00|0|0.00|0|17.44|17.44|4.23|0.00|0.00|4.23|1.44|0.00|21.67|21.67|1|21.67|1|0.00|0|0.00|0|0.00|0.00|0|0.00
EMPSHFT|Restaurant|1|Restaurante|1|Emilio|Franco|64|1| |0| |0|Terraza5|69|0|0.00|0.00|0.00|58.17|0|0|0.00|0|0.00|0|0.00|0|0.00|0|0.00|0|0|0|0.00|0|0.00|0|0.00|0|581.79|581.79|58.17|0.00|0.00|148.37|0.00|0.00|58.17|58.17|0|639.96|1|0.00|0|0.00|0|0.00|0.00|0|0.00
EMPSHFT|Restaurant|1|Restaurante|1|Emilio|Franco|64|1| |0| |0|SegundoPiso5|61|0|0.00|0.00|0.00|5.54|0|0|0.00|0|0.00|0|0.00|0|0.00|0|0.00|0|0|0|0.00|0|0.00|0|0.00|0|55.47|55.47|5.54|0.00|0.00|14.14|0.00|0.00|5.54|5.54|0|61.01|1|0.00|0|0.00|0|0.00|0.00|0|0.00
EMPSHFT|Restaurant|1|Restaurante|1|Emilio|Franco|64|1| |0| |0|BarSegundoPiso|7|0|26.00|0.00|0.00|5.20|0|0|0.00|0|0.00|0|0.00|0|0.00|0|0.00|0|0|0|0.00|0|0.00|0|0.00|0|-5.20|-5.20|5.20|0.00|0.00|0.00|2.34|0.00|33.54|33.54|0|0.00|0|0.00|0|0.00|0|0.00|0.00|0|0.00
EMPSHFT|Restaurant|1|Restaurante|1|Emilio|Franco|64|1| |0| |0|Coval|6|0|425.00|0.00|0.00|85.00|1|10|0.00|0|0.00|0|0.00|0|0.00|0|0.00|0|0|0|0.00|0|0.00|0|0.00|0|-85.00|-85.00|85.00|0.00|0.00|0.00|38.25|0.00|548.25|548.25|1|0.00|0|0.00|0|0.00|0|0.00|0.00|0|0.00
EMPSHFT|Restaurant|1|Restaurante|1|Emilio|Franco|64|1| |0| |0|Soul|8|0|43.00|0.00|0.00|8.60|1|2|0.00|0|0.00|0|0.00|0|0.00|0|0.00|0|0|0|0.00|0|0.00|0|0.00|0|-8.60|-8.60|8.60|0.00|0.00|0.00|3.87|0.00|55.47|55.47|1|0.00|0|0.00|0|0.00|0|0.00|0.00|0|0.00
EMPSHFT|Restaurant|1|Restaurante|1|Luisa Fernanda|Rosales|71|1| |0| |0|PrimerPiso1|50|0|641.00|0.00|0.00|162.51|22|31|0.00|0|0.00|0|0.00|0|480.00|2|0.00|0|0|0|0.00|0|0.00|0|0.00|0|698.69|287.18|162.51|0.00|0.00|162.51|57.69|0.00|861.20|861.20|22|861.20|22|0.00|0|0.00|0|0.00|0.00|0|0.00
EMPSHFT|Restaurant|1|Restaurante|1|Luisa Fernanda|Rosales|71|1| |0| |0|PrimerPiso4|53|0|80.00|0.00|0.00|21.40|4|4|0.00|0|0.00|0|0.00|0|0.00|0|0.00|0|0|0|0.00|0|0.00|0|0.00|0|87.20|60.11|21.40|0.00|0.00|21.40|7.20|0.00|108.60|108.60|4|108.60|4|0.00|0|0.00|0|0.00|0.00|0|0.00
EMPSHFT|Restaurant|1|Restaurante|1|Luisa Fernanda|Rosales|71|1| |0| |0|Almacen|2|0|0.00|0.00|0.00|0.00|0|0|0.00|0|0.00|0|0.00|0|0.00|0|0.00|0|0|0|0.00|0|0.00|0|0.00|0|417.96|0.00|0.00|0.00|0.00|64.80|0.00|0.00|0.00|0.00|0|417.96|3|0.00|0|0.00|0|0.00|0.00|0|0.00
EMPSHFT|Restaurant|1|Restaurante|1|Sara|Acosta|102|1| |0| |0|BarPrimerPiso|4|0|22.00|0.00|0.00|4.40|1|4|0.00|0|0.00|0|0.00|0|0.00|0|0.00|0|0|0|0.00|0|0.00|0|0.00|0|-4.40|-4.40|4.40|0.00|0.00|0.00|1.98|0.00|28.38|28.38|1|0.00|0|0.00|0|0.00|0|0.00|0.00|0|0.00
EMPSHFT|Restaurant|1|Restaurante|1|Sara|Acosta|102|1| |0| |0|PrimerPiso4|53|0|0.00|0.00|0.00|1.41|0|0|0.00|0|0.00|0|0.00|0|0.00|0|0.00|0|0|0|0.00|0|0.00|0|0.00|0|28.38|28.38|1.41|0.00|0.00|5.81|0.00|0.00|1.41|1.41|0|29.79|1|0.00|0|0.00|0|0.00|0.00|0|0.00
EMPSHFT|Restaurant|1|Restaurante|1|Ana|Fandiño|104|1| |0| |0|Coval|6|0|328.00|0.00|0.00|65.60|5|16|0.00|0|0.00|0|0.00|0|0.00|0|0.00|0|0|0|0.00|0|0.00|0|0.00|0|-61.20|-61.20|65.60|0.00|0.00|0.00|29.52|0.00|423.12|423.12|5|0.00|0|0.00|0|0.00|0|0.00|0.00|0|0.00
EMPSHFT|Restaurant|1|Restaurante|1|Ana|Fandiño|104|1| |0| |0|SegundoPiso6|62|0|0.00|0.00|0.00|4.64|0|0|0.00|0|0.00|0|0.00|0|0.00|0|0.00|0|0|0|0.00|0|0.00|0|0.00|0|46.44|46.44|4.64|0.00|0.00|11.84|0.00|0.00|4.64|4.64|0|51.08|1|0.00|0|0.00|0|0.00|0.00|0|0.00
EMPSHFT|Restaurant|1|Restaurante|1|Stefanie|Sanchez|105|1| |0| |0|PrimerPiso3|52|0|0.00|0.00|0.00|0.00|0|0|0.00|0|0.00|0|0.00|0|0.00|0|0.00|0|0|0|0.00|0|0.00|0|0.00|0|10.32|0.00|0.00|0.00|0.00|1.60|0.00|0.00|0.00|0.00|0|10.32|1|0.00|0|0.00|0|0.00|0.00|0|0.00
EMPSHFT|Restaurant|1|Restaurante|1|Stefanie|Sanchez|105|1| |0| |0|Cava|3|0|401.00|0.00|0.00|80.20|3|9|0.00|0|0.00|0|0.00|0|0.00|0|0.00|0|0|0|0.00|0|0.00|0|0.00|0|-80.20|-80.20|80.20|0.00|0.00|0.00|36.09|0.00|517.29|517.29|3|0.00|0|0.00|0|0.00|0|0.00|0.00|0|0.00
EMPSHFT|Restaurant|1|Restaurante|1|Gisell|Caballero|106|1| |0| |0|Soul|8|0|18.00|0.00|0.00|3.60|1|1|0.00|0|0.00|0|0.00|0|0.00|0|0.00|0|0|0|0.00|0|0.00|0|0.00|0|-3.60|-3.60|3.60|0.00|0.00|0.00|1.62|0.00|23.22|23.22|1|0.00|0|0.00|0|0.00|0|0.00|0.00|0|0.00
EMPSHFT|Restaurant|1|Restaurante|1|Gisell|Caballero|106|1| |0| |0|SegundoPiso2|58|0|42.00|0.00|0.00|13.34|2|2|0.00|0|0.00|0|0.00|0|0.00|0|0.00|0|0|0|0.00|0|0.00|0|0.00|0|45.78|45.78|13.34|0.00|0.00|13.34|3.78|0.00|59.12|59.12|2|59.12|2|0.00|0|0.00|0|0.00|0.00|0|0.00
EMPSHFT|Restaurant|1|Restaurante|1|Gisell|Caballero|106|1| |0| |0|SegundoPiso6|62|0|22.00|0.00|0.00|7.23|1|4|0.00|0|0.00|0|0.00|0|0.00|0|0.00|0|0|0|0.00|0|0.00|0|0.00|0|23.98|23.98|7.23|0.00|0.00|7.23|1.98|0.00|31.21|31.21|1|31.21|1|0.00|0|0.00|0|0.00|0.00|0|0.00
EMPSHFT|Restaurant|1|Restaurante|1|Kevin|Gonzalez|110|1| |0| |0|SegundoPiso7|63|0|1893.00|0.00|0.00|558.69|41|37|0.00|0|0.00|0|0.00|0|12.00|1|0.00|0|0|0|0.00|0|0.00|0|0.00|0|2063.37|1726.68|558.69|0.00|0.00|558.69|170.37|0.00|2622.06|2622.06|42|2622.06|41|0.00|0|0.00|0|0.00|0.00|0|0.00
EMPSHFT|Restaurant|1|Restaurante|1|Kevin|Gonzalez|110|1| |0| |0|SegundoPiso3|59|0|78.00|0.00|0.00|24.68|2|2|0.00|0|0.00|0|0.00|0|20.00|1|0.00|0|0|0|0.00|0|0.00|0|0.00|0|85.02|85.02|24.68|0.00|0.00|24.68|7.02|0.00|109.70|109.70|2|109.70|2|0.00|0|0.00|0|0.00|0.00|0|0.00
EMPSHFT|Restaurant|1|Restaurante|1|Kevin|Gonzalez|110|1| |0| |0|SegundoPiso2|58|0|41.00|0.00|0.00|8.20|1|2|0.00|0|0.00|0|0.00|0|0.00|0|0.00|0|0|0|0.00|0|0.00|0|0.00|0|44.69|-8.20|8.20|0.00|0.00|8.20|3.69|0.00|52.89|52.89|1|52.89|1|0.00|0|0.00|0|0.00|0.00|0|0.00
EMPSHFT|Restaurant|1|Restaurante|1|Kevin|Gonzalez|110|1| |0| |0|Terraza3|67|0|685.00|0.00|0.00|193.98|29|47|0.00|0|0.00|0|0.00|0|0.00|0|0.00|0|0|0|0.00|0|0.00|0|0.00|0|746.65|658.93|193.98|0.00|0.00|193.98|61.65|0.00|940.63|940.63|29|940.63|29|0.00|0|0.00|0|0.00|0.00|0|0.00
EMPSHFT|Restaurant|1|Restaurante|1|Kevin|Gonzalez|110|1| |0| |0|Terraza1|65|0|8.00|0.00|0.00|1.60|1|1|0.00|0|0.00|0|0.00|0|0.00|0|0.00|0|0|0|0.00|0|0.00|0|0.00|0|8.72|-1.60|1.60|0.00|0.00|1.60|0.72|0.00|10.32|10.32|1|10.32|1|0.00|0|0.00|0|0.00|0.00|0|0.00
EMPSHFT|Events|2|4-Eventos|4|Kevin|Gonzalez|110|1| |0| |0|Terraza1|65|0|877.00|0.00|0.00|256.03|20|26|0.00|0|0.00|0|0.00|0|0.00|0|0.00|0|0|0|0.00|0|0.00|0|0.00|0|955.93|807.58|256.03|0.00|0.00|256.03|78.93|0.00|1211.96|1211.96|20|1211.96|20|0.00|0|0.00|0|0.00|0.00|0|0.00
EMPSHFT|Restaurant|1|Restaurante|1|Adianes|Rojas|115|1| |0| |0|SegundoPiso8|64|0|16.00|0.00|0.00|5.26|1|1|0.00|0|0.00|0|0.00|0|0.00|0|0.00|0|0|0|0.00|0|0.00|0|0.00|0|17.44|17.44|5.26|0.00|0.00|5.26|1.44|0.00|22.70|22.70|1|22.70|1|0.00|0|0.00|0|0.00|0.00|0|0.00
EMPSHFT|Restaurant|1|Restaurante|1|Adianes|Rojas|115|1| |0| |0|Coval|6|0|16.00|0.00|0.00|3.20|1|2|0.00|0|0.00|0|0.00|0|0.00|0|0.00|0|0|0|0.00|0|0.00|0|0.00|0|-3.20|-3.20|3.20|0.00|0.00|0.00|1.44|0.00|20.64|20.64|1|0.00|0|0.00|0|0.00|0|0.00|0.00|0|0.00
EMPSHFT|Restaurant|1|Restaurante|1|Adianes|Rojas|115|1| |0| |0|PrimerPiso4|53|0|0.00|0.00|0.00|0.00|0|0|0.00|0|0.00|0|0.00|0|0.00|0|0.00|0|0|0|0.00|0|0.00|0|0.00|0|176.73|0.00|0.00|0.00|0.00|27.40|0.00|0.00|0.00|0.00|0|176.73|1|0.00|0|0.00|0|0.00|0.00|0|0.00
EMPSHFT|Restaurant|1|Restaurante|1|Adianes|Rojas|115|1| |0| |0|Soul|8|0|137.00|0.00|0.00|27.40|1|3|0.00|0|0.00|0|0.00|0|37.00|2|0.00|0|0|0|0.00|0|0.00|0|0.00|0|-27.40|-27.40|27.40|0.00|0.00|0.00|12.33|0.00|176.73|176.73|1|0.00|0|0.00|0|0.00|0|0.00|0.00|0|0.00
EMPSHFT|Restaurant|1|Restaurante|1|Adianes|Rojas|115|1| |0| |0|SegundoPiso2|58|0|105.00|0.00|0.00|28.84|4|4|0.00|0|0.00|0|0.00|0|0.00|0|0.00|0|0|0|0.00|0|0.00|0|0.00|0|114.45|74.46|28.84|0.00|0.00|28.84|9.45|0.00|143.29|143.29|4|143.29|4|0.00|0|0.00|0|0.00|0.00|0|0.00
EMPSHFT|Restaurant|1|Restaurante|1|Paula|Moreno|116|1| |0| |0|Soul|8|0|22.00|0.00|0.00|4.40|1|1|0.00|0|0.00|0|0.00|0|0.00|0|0.00|0|0|0|0.00|0|0.00|0|0.00|0|-4.40|-4.40|4.40|0.00|0.00|0.00|1.98|0.00|28.38|28.38|1|0.00|0|0.00|0|0.00|0|0.00|0.00|0|0.00
EMPSHFT|Restaurant|1|Restaurante|1|Paula|Moreno|116|1| |0| |0|Terraza5|69|0|0.00|0.00|0.00|5.92|0|0|0.00|0|0.00|0|0.00|0|0.00|0|0.00|0|0|0|0.00|0|0.00|0|0.00|0|59.34|59.34|5.92|0.00|0.00|15.12|0.00|0.00|5.92|5.92|0|65.26|2|0.00|0|0.00|0|0.00|0.00|0|0.00
EMPSHFT|Restaurant|1|Restaurante|1|Paula|Moreno|116|1| |0| |0|Coval|6|0|24.00|0.00|0.00|4.80|1|1|0.00|0|0.00|0|0.00|0|0.00|0|0.00|0|0|0|0.00|0|0.00|0|0.00|0|-4.80|-4.80|4.80|0.00|0.00|0.00|2.16|0.00|30.96|30.96|1|0.00|0|0.00|0|0.00|0|0.00|0.00|0|0.00
EMPSHFT|Restaurant|1|Restaurante|1|Alejandra|Perilla|132|1| |0| |0|SegundoPiso1|57|0|387.00|0.00|0.00|85.58|7|15|0.00|0|0.00|0|0.00|0|0.00|0|0.00|0|0|0|0.00|0|0.00|0|0.00|0|490.20|55.47|85.58|0.00|0.00|96.18|34.83|0.00|507.41|507.41|7|575.78|8|0.00|0|0.00|0|0.00|0.00|0|0.00
EMPSHFT|Restaurant|1|Restaurante|1|Alejandra|Perilla|132|1| |0| |0|BarSegundoPiso|7|0|0.00|0.00|0.00|0.00|1|4|0.00|0|0.00|0|0.00|0|0.00|0|0.00|0|0|0|0.00|0|0.00|0|0.00|0|0.00|0.00|0.00|0.00|0.00|0.00|0.00|0.00|0.00|0.00|1|0.00|0|0.00|0|0.00|0|0.00|0.00|0|0.00
EMPSHFT|Restaurant|1|Restaurante|1|Laura|Pinzon|133|1| |0| |0|PrimerPiso3|52|0|0.00|0.00|0.00|7.35|0|0|0.00|0|0.00|0|0.00|0|0.00|0|0.00|0|0|0|0.00|0|0.00|0|0.00|0|147.06|147.06|7.35|0.00|0.00|30.15|0.00|0.00|7.35|7.35|0|154.41|1|0.00|0|0.00|0|0.00|0.00|0|0.00
EMPSHFT|Restaurant|1|Restaurante|1|Laura|Pinzon|133|1| |0| |0|Cava|3|0|114.00|0.00|0.00|22.80|1|3|0.00|0|0.00|0|0.00|0|140.00|6|0.00|0|0|0|0.00|0|0.00|0|0.00|0|-22.80|-22.80|22.80|0.00|0.00|0.00|10.26|0.00|147.06|147.06|1|0.00|0|0.00|0|0.00|0|0.00|0.00|0|0.00
EMPSHFT|Restaurant|1|Restaurante|1|Sofia|Ramirez|134|1| |0| |0|PrimerPiso5|54|0|0.00|0.00|0.00|0.51|0|0|0.00|0|0.00|0|0.00|0|0.00|0|0.00|0|0|0|0.00|0|0.00|0|0.00|0|10.32|10.32|0.51|0.00|0.00|2.11|0.00|0.00|0.51|0.51|0|10.83|1|0.00|0|0.00|0|0.00|0.00|0|0.00
EMPSHFT|Restaurant|1|Restaurante|1|Sofia|Ramirez|134|1| |0| |0|Joy|1|0|8.00|0.00|0.00|1.60|1|1|0.00|0|0.00|0|0.00|0|0.00|0|0.00|0|0|0|0.00|0|0.00|0|0.00|0|-1.60|-1.60|1.60|0.00|0.00|0.00|0.72|0.00|10.32|10.32|1|0.00|0|0.00|0|0.00|0|0.00|0.00|0|0.00
EMPTM|Events|2|4-Eventos|4|Andres|Reyes|4|Cash|2|Cash|2|Payment|0.00|1
EMPTM|Restaurant|1|Restaurante|1|Catalina|Herrera|45|Visa|52|Visa|52|Payment|142.67|2
EMPTM|Restaurant|1|Restaurante|1|Catalina|Herrera|45|Amex|54|Amex|54|Payment|43.18|1
EMPTM|Restaurant|1|Restaurante|1|Catalina|Herrera|45|Tips Paid|212|Tips Paid|212|Paid Out|40.88|5
EMPTM|Restaurant|1|Restaurante|1|Lianyi|Rivero|52|Cash|2|Cash|2|Payment|41.28|2
EMPTM|Restaurant|1|Restaurante|1|Lianyi|Rivero|52|Visa|52|Visa|52|Payment|56.24|3
EMPTM|Restaurant|1|Restaurante|1|Lianyi|Rivero|52|Mastercard|53|Mastercard|53|Payment|212.74|7
EMPTM|Restaurant|1|Restaurante|1|Lianyi|Rivero|52|Amex|54|Amex|54|Payment|55.47|2
EMPTM|Restaurant|1|Restaurante|1|Lianyi|Rivero|52|Tips Paid|212|Tips Paid|212|Paid Out|73.61|22
EMPTM|Restaurant|1|Restaurante|1|Daniel|Yate|63|Visa|52|Visa|52|Payment|330.55|7
EMPTM|Restaurant|1|Restaurante|1|Daniel|Yate|63|Mastercard|53|Mastercard|53|Payment|50.11|2
EMPTM|Restaurant|1|Restaurante|1|Daniel|Yate|63|Tips Paid|212|Tips Paid|212|Paid Out|73.28|15
EMPTM|Restaurant|1|Restaurante|1|Emilio|Franco|64|Mastercard|53|Mastercard|53|Payment|700.97|2
EMPTM|Restaurant|1|Restaurante|1|Emilio|Franco|64|Tips Paid|212|Tips Paid|212|Paid Out|162.51|4
EMPTM|Restaurant|1|Restaurante|1|Luisa Fernanda|Rosales|71|Cash|2|Cash|2|Payment|98.04|2
EMPTM|Restaurant|1|Restaurante|1|Luisa Fernanda|Rosales|71|Visa|52|Visa|52|Payment|938.68|18
EMPTM|Restaurant|1|Restaurante|1|Luisa Fernanda|Rosales|71|Mastercard|53|Mastercard|53|Payment|90.04|5
EMPTM|Restaurant|1|Restaurante|1|Luisa Fernanda|Rosales|71|Amex|54|Amex|54|Payment|261.00|4
EMPTM|Restaurant|1|Restaurante|1|Luisa Fernanda|Rosales|71|Tips Paid|212|Tips Paid|212|Paid Out|248.71|43
EMPTM|Restaurant|1|Restaurante|1|Sara|Acosta|102|Mastercard|53|Mastercard|53|Payment|29.79|1
EMPTM|Restaurant|1|Restaurante|1|Sara|Acosta|102|Tips Paid|212|Tips Paid|212|Paid Out|5.81|2
EMPTM|Restaurant|1|Restaurante|1|Ana|Fandiño|104|Visa|52|Visa|52|Payment|51.08|1
EMPTM|Restaurant|1|Restaurante|1|Ana|Fandiño|104|Tips Paid|212|Tips Paid|212|Paid Out|11.84|2
EMPTM|Restaurant|1|Restaurante|1|Stefanie|Sanchez|105|Visa|52|Visa|52|Payment|10.32|1
EMPTM|Restaurant|1|Restaurante|1|Stefanie|Sanchez|105|Tips Paid|212|Tips Paid|212|Paid Out|1.60|1
EMPTM|Restaurant|1|Restaurante|1|Gisell|Caballero|106|Visa|52|Visa|52|Payment|56.28|2
EMPTM|Restaurant|1|Restaurante|1|Gisell|Caballero|106|Mastercard|53|Mastercard|53|Payment|34.05|1
EMPTM|Restaurant|1|Restaurante|1|Gisell|Caballero|106|Tips Paid|212|Tips Paid|212|Paid Out|20.57|6
EMPTM|Restaurant|1|Restaurante|1|Kevin|Gonzalez|110|Cash|2|Cash|2|Payment|52.89|1
EMPTM|Restaurant|1|Restaurante|1|Kevin|Gonzalez|110|Visa|52|Visa|52|Payment|1462.40|36
EMPTM|Events|2|4-Eventos|4|Kevin|Gonzalez|110|Visa|52|Visa|52|Payment|440.40|7
EMPTM|Restaurant|1|Restaurante|1|Kevin|Gonzalez|110|Mastercard|53|Mastercard|53|Payment|1274.91|23
EMPTM|Events|2|4-Eventos|4|Kevin|Gonzalez|110|Mastercard|53|Mastercard|53|Payment|608.32|10
EMPTM|Restaurant|1|Restaurante|1|Kevin|Gonzalez|110|Amex|54|Amex|54|Payment|945.40|15
EMPTM|Events|2|4-Eventos|4|Kevin|Gonzalez|110|Amex|54|Amex|54|Payment|163.24|3
EMPTM|Restaurant|1|Restaurante|1|Kevin|Gonzalez|110|Tips Paid|212|Tips Paid|212|Paid Out|787.15|134
EMPTM|Events|2|4-Eventos|4|Kevin|Gonzalez|110|Tips Paid|212|Tips Paid|212|Paid Out|256.03|37
EMPTM|Restaurant|1|Restaurante|1|Adianes|Rojas|115|Cash|2|Cash|2|Payment|29.67|1
EMPTM|Restaurant|1|Restaurante|1|Adianes|Rojas|115|Visa|52|Visa|52|Payment|280.03|3
EMPTM|Restaurant|1|Restaurante|1|Adianes|Rojas|115|Mastercard|53|Mastercard|53|Payment|22.70|1
EMPTM|Restaurant|1|Restaurante|1|Adianes|Rojas|115|Amex|54|Amex|54|Payment|10.32|1
EMPTM|Restaurant|1|Restaurante|1|Adianes|Rojas|115|Tips Paid|212|Tips Paid|212|Paid Out|61.50|9
EMPTM|Restaurant|1|Restaurante|1|Paula|Moreno|116|Visa|52|Visa|52|Payment|65.26|2
EMPTM|Restaurant|1|Restaurante|1|Paula|Moreno|116|Tips Paid|212|Tips Paid|212|Paid Out|15.12|4
EMPTM|Restaurant|1|Restaurante|1|Alejandra|Perilla|132|Visa|52|Visa|52|Payment|411.76|5
EMPTM|Restaurant|1|Restaurante|1|Alejandra|Perilla|132|Mastercard|53|Mastercard|53|Payment|78.69|2
EMPTM|Restaurant|1|Restaurante|1|Alejandra|Perilla|132|Amex|54|Amex|54|Payment|85.33|1
EMPTM|Restaurant|1|Restaurante|1|Alejandra|Perilla|132|Tips Paid|212|Tips Paid|212|Paid Out|96.18|10
EMPTM|Restaurant|1|Restaurante|1|Laura|Pinzon|133|Mastercard|53|Mastercard|53|Payment|154.41|1
EMPTM|Restaurant|1|Restaurante|1|Laura|Pinzon|133|Tips Paid|212|Tips Paid|212|Paid Out|30.15|2
EMPTM|Restaurant|1|Restaurante|1|Sofia|Ramirez|134|Visa|52|Visa|52|Payment|10.83|1
EMPTM|Restaurant|1|Restaurante|1|Sofia|Ramirez|134|Tips Paid|212|Tips Paid|212|Paid Out|2.11|2
EMPOTSLS|Restaurant|1|Restaurante|1|Lianyi|Rivero|52|Dine In|1|Dine In|1|15|29|0|0|308.00|0.00|0.00|0|0.00|0|0.00|0.00|0|0.00|0|0.00|0|0.00|0|0.00|0|0.00|0|0.00|0|0.00|0|0.00|0.00|308.00
EMPOTSLS|Restaurant|1|Restaurante|1|Brenda|Quiroga|60|Dine In|1|Dine In|1|1|2|0|0|8.00|0.00|0.00|0|0.00|0|0.00|0.00|0|0.00|0|0.00|0|0.00|0|0.00|0|0.00|0|0.00|0|0.00|0|0.00|0.00|8.00
EMPOTSLS|Restaurant|1|Restaurante|1|Ana|Fandiño|104|Dine In|1|Dine In|1|5|16|0|0|328.00|0.00|0.00|0|0.00|0|0.00|0.00|0|0.00|0|0.00|0|0.00|0|0.00|0|0.00|0|0.00|0|0.00|0|0.00|0.00|328.00
EMPOTSLS|Restaurant|1|Restaurante|1|Stefanie|Sanchez|105|Dine In|1|Dine In|1|3|9|0|0|401.00|0.00|0.00|0|0.00|0|0.00|0.00|0|0.00|0|0.00|0|0.00|0|0.00|0|0.00|0|0.00|0|0.00|0|0.00|0.00|401.00
EMPOTSLS|Restaurant|1|Restaurante|1|Alejandra|Perilla|132|Dine In|1|Dine In|1|8|19|0|0|387.00|0.00|0.00|0|0.00|0|0.00|0.00|0|0.00|0|0.00|0|0.00|0|0.00|0|0.00|0|0.00|0|0.00|0|0.00|0.00|387.00
EMPOTSLS|Restaurant|1|Restaurante|1|Luisa Fernanda|Rosales|71|Dine In|1|Dine In|1|26|35|0|0|721.00|0.00|0.00|0|0.00|0|0.00|0.00|0|0.00|0|0.00|0|0.00|0|0.00|0|0.00|0|0.00|0|0.00|0|0.00|0.00|721.00
EMPOTSLS|Restaurant|1|Restaurante|1|Kevin|Gonzalez|110|Dine In|1|Dine In|1|74|89|0|0|2705.00|0.00|0.00|0|0.00|0|0.00|0.00|0|0.00|0|0.00|0|0.00|0|0.00|0|0.00|0|0.00|0|0.00|0|0.00|0.00|2705.00
EMPOTSLS|Events|2|4-Eventos|4|Kevin|Gonzalez|110|Dine In|1|Dine In|1|20|26|0|0|877.00|0.00|0.00|0|0.00|0|0.00|0.00|0|0.00|0|0.00|0|0.00|0|0.00|0|0.00|0|0.00|0|0.00|0|0.00|0.00|877.00
EMPOTSLS|Restaurant|1|Restaurante|1|Sofia|Ramirez|134|Dine In|1|Dine In|1|1|1|0|0|8.00|0.00|0.00|0|0.00|0|0.00|0.00|0|0.00|0|0.00|0|0.00|0|0.00|0|0.00|0|0.00|0|0.00|0|0.00|0.00|8.00
EMPOTSLS|Restaurant|1|Restaurante|1|Catalina|Herrera|45|Dine In|1|Dine In|1|7|14|0|0|228.00|0.00|0.00|0|0.00|0|0.00|0.00|0|0.00|0|0.00|0|0.00|0|0.00|0|0.00|0|0.00|0|0.00|0|0.00|0.00|228.00
EMPOTSLS|Restaurant|1|Restaurante|1|Daniel|Yate|63|Dine In|1|Dine In|1|10|16|0|0|530.00|0.00|0.00|0|0.00|0|0.00|0.00|0|0.00|0|0.00|0|0.00|0|0.00|0|0.00|0|0.00|0|0.00|0|0.00|0.00|530.00
EMPOTSLS|Restaurant|1|Restaurante|1|Sara|Acosta|102|Dine In|1|Dine In|1|1|4|0|0|22.00|0.00|0.00|0|0.00|0|0.00|0.00|0|0.00|0|0.00|0|0.00|0|0.00|0|0.00|0|0.00|0|0.00|0|0.00|0.00|22.00
EMPOTSLS|Restaurant|1|Restaurante|1|Adianes|Rojas|115|Dine In|1|Dine In|1|7|10|0|0|274.00|0.00|0.00|0|0.00|0|0.00|0.00|0|0.00|0|0.00|0|0.00|0|0.00|0|0.00|0|0.00|0|0.00|0|0.00|0.00|274.00
EMPOTSLS|Restaurant|1|Restaurante|1|Emilio|Franco|64|Dine In|1|Dine In|1|2|12|0|0|494.00|0.00|0.00|0|0.00|0|0.00|0.00|0|0.00|0|0.00|0|0.00|0|0.00|0|0.00|0|0.00|0|0.00|0|0.00|0.00|494.00
EMPOTSLS|Restaurant|1|Restaurante|1|Gisell|Caballero|106|Dine In|1|Dine In|1|4|7|0|0|82.00|0.00|0.00|0|0.00|0|0.00|0.00|0|0.00|0|0.00|0|0.00|0|0.00|0|0.00|0|0.00|0|0.00|0|0.00|0.00|82.00
EMPOTSLS|Restaurant|1|Restaurante|1|Paula|Moreno|116|Dine In|1|Dine In|1|2|2|0|0|46.00|0.00|0.00|0|0.00|0|0.00|0.00|0|0.00|0|0.00|0|0.00|0|0.00|0|0.00|0|0.00|0|0.00|0|0.00|0.00|46.00
EMPOTSLS|Restaurant|1|Restaurante|1|Laura|Pinzon|133|Dine In|1|Dine In|1|1|3|0|0|114.00|0.00|0.00|0|0.00|0|0.00|0.00|0|0.00|0|0.00|0|0.00|0|0.00|0|0.00|0|0.00|0|0.00|0|0.00|0.00|114.00
