EMPID|Andr12|Andres Plaza Hacienda|20241220|20241220|20250121|122213|2.00|2.00|Simphony|19.7.2
EMP|Restaurante|1|Restaurante|1|Deyanira|Tequia Hernandez|80000002|16|51|0|0|1683248.00|163004.00|0.00|0|0.00|0|-5315.00|0.00|68000.00|5|0.00|0|0.00|1|1980904.00|16|1980904.00|16|0.00|0|0.00|0|0.00|163004.00|0.00|0|1683248.00|0.00|0.00|1683248.00
EMP|Domicilios|20|Domicilios|20|Deyanira|Tequia Hernandez|80000002|2|0|0|0|124075.00|0.00|0.00|0|0.00|0|0.00|0.00|0.00|0|0.00|0|120100.00|1|134000.00|2|134000.00|2|0.00|0|0.00|0|0.00|0.00|0.00|0|124075.00|0.00|0.00|124075.00
EMP|Almacen|2|Almacen|40|Deyanira|Tequia Hernandez|80000002|2|0|0|0|268908.00|0.00|0.00|0|0.00|0|0.00|0.00|950000.00|5|0.00|0|340000.00|1|320000.00|2|320000.00|2|0.00|0|0.00|0|0.00|0.00|0.00|0|268908.00|0.00|0.00|268908.00
EMP|Plataformas|21|Plataformas|21|Deyanira|Tequia Hernandez|80000002|2|0|0|0|255278.00|0.00|0.00|0|0.00|0|0.00|0.00|0.00|0|0.00|0|0.00|0|275700.00|2|275700.00|2|0.00|0|0.00|0|0.00|0.00|0.00|0|255278.00|0.00|0.00|255278.00
EMP|Restaurante|1|Restaurante|1|Jhoana|Galvis Romero|80000003|171|410|0|0|22771351.00|2212825.00|-667483.00|69|0.00|0|-176304.00|-23.00|1077900.00|81|0.00|0|267357.00|5|26805810.00|171|26805810.00|170|0.00|0|0.00|0|0.00|2212825.00|0.00|0|22784406.00|-13055.00|-13055.00|22771351.00
EMP|Domicilios|20|Domicilios|20|Jhoana|Galvis Romero|80000003|20|0|0|0|227509.00|0.00|0.00|0|0.00|0|0.00|0.00|9600.00|1|0.00|0|2900.00|3|245700.00|20|245700.00|20|0.00|0|0.00|0|0.00|0.00|0.00|0|229546.00|-2037.00|-2037.00|227509.00
EMP|Almacen|2|Almacen|40|Jhoana|Galvis Romero|80000003|1|0|0|0|500000.00|0.00|0.00|0|0.00|0|0.00|0.00|0.00|0|0.00|0|770000.00|1|500000.00|1|500000.00|1|0.00|0|0.00|0|0.00|0.00|0.00|0|500000.00|0.00|0.00|500000.00
EMP|Eventos|3|Eventos|3|Jhoana|Galvis Romero|80000003|0|0|0|0|0.00|0.00|0.00|0|0.00|0|0.00|0.00|0.00|0|0.00|0|0.00|1|0.00|0|0.00|0|0.00|0|0.00|0|0.00|0.00|0.00|0|0.00|0.00|0.00|0.00
EMP|Plataformas|21|Plataformas|21|Jhoana|Galvis Romero|80000003|2|0|0|0|172500.00|0.00|0.00|0|0.00|0|0.00|0.00|26100.00|1|0.00|0|0.00|1|186300.00|2|186300.00|2|0.00|0|0.00|0|0.00|0.00|0.00|0|172500.00|0.00|0.00|172500.00
EMP|Restaurante|1|Restaurante|1|IVON|SERRATO ULLOA|91000007|2|18|0|0|1263340.00|126329.00|-101648.00|3|0.00|0|-7392.00|0.00|122800.00|3|0.00|0|0.00|2|1490729.00|3|1490729.00|3|0.00|0|0.00|0|0.00|126329.00|0.00|0|1263340.00|0.00|0.00|1263340.00
EMP|Domicilios|20|Domicilios|20|IVON|SERRATO ULLOA|91000007|4|0|0|0|425373.00|0.00|0.00|0|0.00|0|0.00|0.00|19900.00|1|0.00|0|9600.00|1|459400.00|4|459400.00|4|0.00|0|0.00|0|0.00|0.00|0.00|0|425373.00|0.00|0.00|425373.00
EMP|Almacen|2|Almacen|40|IVON|SERRATO ULLOA|91000007|2|0|0|0|136134.00|0.00|0.00|0|0.00|0|0.00|0.00|38000.00|1|0.00|0|0.00|1|143000.00|2|143000.00|2|0.00|0|0.00|0|0.00|0.00|0.00|0|136134.00|0.00|0.00|136134.00
EMP|Plataformas|21|Plataformas|21|IVON|SERRATO ULLOA|91000007|21|0|0|0|1452498.00|0.00|0.00|0|0.00|0|0.00|0.00|244422.00|10|0.00|0|0.00|0|1568700.00|21|1568700.00|21|0.00|0|0.00|0|0.00|0.00|0.00|0|1452498.00|0.00|0.00|1452498.00
EMPSHFT|Domicilios|20|Domicilios|20|Deyanira|Tequia Hernandez|80000002|1| |0| |0|CAPS|1|0|111205.00|0.00|0.00|0.00|1|0|0.00|0|0.00|0|0.00|0|0.00|0|0.00|0|0|0|0.00|0|0.00|0|0.00|0|111205.00|0.00|0.00|0.00|0.00|0.00|8895.00|0.00|120100.00|120100.00|1|120100.00|1|0.00|0|0.00|0|0.00|0.00|0|0.00
EMPSHFT|Restaurante|1|Restaurante|1|Deyanira|Tequia Hernandez|80000002|1| |0| |0|CAFETERIA|2|0|191296.00|0.00|0.00|13813.00|0|0|0.00|0|0.00|0|0.00|0|0.00|0|0.00|0|0|0|142865.00|0|142865.00|14|0.00|0|1840938.00|0.00|0.00|0.00|0.00|0.00|15304.00|-5315.00|225728.00|220413.00|0|1743265.00|14|0.00|0|0.00|0|0.00|0.00|0|0.00
EMPSHFT|Restaurante|1|Restaurante|1|Deyanira|Tequia Hernandez|80000002|1| |0| |0|CAPS|1|0|92780.00|0.00|0.00|9278.00|1|4|0.00|0|0.00|0|0.00|0|7800.00|1|0.00|0|0|0|0.00|0|0.00|0|0.00|0|0.00|0.00|0.00|0.00|0.00|0.00|7420.00|0.00|109478.00|109478.00|1|0.00|0|0.00|0|0.00|0|0.00|0.00|0|0.00
EMPSHFT|Almacen|2|Almacen|40|Deyanira|Tequia Hernandez|80000002|1| |0| |0|ASADERO|4|0|268908.00|0.00|0.00|0.00|2|0|0.00|0|0.00|0|0.00|0|950000.00|5|0.00|0|0|0|0.00|0|0.00|0|0.00|0|268908.00|0.00|0.00|0.00|0.00|0.00|51092.00|0.00|320000.00|320000.00|2|320000.00|2|0.00|0|0.00|0|0.00|0.00|0|0.00
EMPSHFT|Plataformas|21|Plataformas|21|Deyanira|Tequia Hernandez|80000002|1| |0| |0|CAPS|1|0|255278.00|0.00|0.00|0.00|2|0|0.00|0|0.00|0|0.00|0|0.00|0|0.00|0|0|0|0.00|0|0.00|0|0.00|0|0.00|0.00|0.00|0.00|0.00|0.00|20422.00|0.00|275700.00|275700.00|2|275700.00|2|0.00|0|0.00|0|0.00|0.00|0|0.00
EMPSHFT|Domicilios|20|Domicilios|20|Deyanira|Tequia Hernandez|80000002|1| |0| |0|CAFETERIA|2|0|12870.00|0.00|0.00|0.00|1|0|0.00|0|0.00|0|0.00|0|0.00|0|0.00|0|0|0|0.00|0|0.00|0|0.00|0|12870.00|0.00|0.00|0.00|0.00|0.00|1030.00|0.00|13900.00|13900.00|1|13900.00|1|0.00|0|0.00|0|0.00|0.00|0|0.00
EMPSHFT|Restaurante|1|Restaurante|1|Deyanira|Tequia Hernandez|80000002|1| |0| |0|DOMICILIOS|5|0|1399172.00|0.00|0.00|139913.00|15|47|0.00|0|0.00|0|0.00|0|60200.00|4|0.00|0|0|0|20139.00|0|20139.00|2|0.00|0|0.00|0.00|0.00|0.00|0.00|0.00|111928.00|0.00|1651013.00|1651013.00|15|237639.00|2|0.00|0|0.00|0|0.00|0.00|0|0.00
EMPSHFT|Almacen|2|Almacen|40|Jhoana|Galvis Romero|80000003|1| |0| |0|CAFETERIA|2|0|500000.00|0.00|0.00|0.00|1|0|0.00|0|0.00|0|0.00|0|0.00|0|0.00|0|0|0|0.00|0|0.00|0|0.00|0|500000.00|0.00|0.00|0.00|0.00|0.00|0.00|0.00|500000.00|500000.00|1|500000.00|1|0.00|0|0.00|0|0.00|0.00|0|0.00
EMPSHFT|Restaurante|1|Restaurante|1|Jhoana|Galvis Romero|80000003|1| |0| |0|CAFETERIA|2|0|21930240.00|-13055.00|0.00|2149661.00|171|410|0.00|0|-632668.00|67|0.00|0|1023000.00|80|0.00|0|0|0|1911326.00|0|1911326.00|146|0.00|0|24961696.00|0.00|0.00|0.00|0.00|0.00|1754368.00|-154767.00|26634759.00|25834246.00|171|23021811.00|152|0.00|0|0.00|0|-23.00|0.00|0|0.00
EMPSHFT|Plataformas|21|Plataformas|21|Jhoana|Galvis Romero|80000003|1| |0| |0|CAFETERIA|2|0|172500.00|0.00|0.00|0.00|2|0|0.00|0|0.00|0|0.00|0|26100.00|1|0.00|0|0|0|0.00|0|0.00|0|0.00|0|0.00|0.00|0.00|0.00|0.00|0.00|13800.00|0.00|186300.00|186300.00|2|186300.00|2|0.00|0|0.00|0|0.00|0.00|0|0.00
EMPSHFT|Restaurante|1|Restaurante|1|Jhoana|Galvis Romero|80000003|1| |0| |0|CAPS|1|0|267869.00|0.00|0.00|26786.00|0|0|0.00|0|-34815.00|2|0.00|0|0.00|0|0.00|0|0|0|127273.00|0|127273.00|5|0.00|0|0.00|0.00|0.00|0.00|0.00|0.00|21431.00|-593.00|351494.00|316086.00|0|1501873.00|5|0.00|0|0.00|0|0.00|0.00|0|0.00
EMPSHFT|Domicilios|20|Domicilios|20|Jhoana|Galvis Romero|80000003|1| |0| |0|CAFETERIA|2|0|227509.00|-2037.00|0.00|0.00|20|0|0.00|0|0.00|0|0.00|0|9600.00|1|0.00|0|0|0|0.00|0|0.00|0|0.00|0|227509.00|0.00|0.00|0.00|0.00|0.00|18191.00|0.00|247737.00|245700.00|20|245700.00|20|0.00|0|0.00|0|0.00|0.00|0|0.00
EMPSHFT|Restaurante|1|Restaurante|1|Jhoana|Galvis Romero|80000003|1| |0| |0|DOMICILIOS|5|0|573242.00|0.00|0.00|36378.00|0|0|0.00|0|0.00|0|0.00|0|54900.00|1|0.00|0|0|0|174226.00|0|174226.00|12|0.00|0|0.00|0.00|0.00|0.00|0.00|0.00|45858.00|-20944.00|676422.00|655478.00|0|2282126.00|13|0.00|0|0.00|0|0.00|0.00|0|0.00
EMPSHFT|Restaurante|1|Restaurante|1|IVON|SERRATO ULLOA|91000007|1| |0| |0|CAFETERIA|2|0|1263340.00|0.00|0.00|126329.00|2|18|0.00|0|-101648.00|3|0.00|0|122800.00|3|0.00|0|0|0|11027.00|0|11027.00|1|0.00|0|1389669.00|0.00|0.00|0.00|0.00|0.00|101060.00|-7392.00|1599769.00|1490729.00|2|130127.00|1|0.00|0|0.00|0|0.00|0.00|0|0.00
EMPSHFT|Restaurante|1|Restaurante|1|IVON|SERRATO ULLOA|91000007|1| |0| |0|DOMICILIOS|5|0|0.00|0.00|0.00|0.00|0|0|0.00|0|0.00|0|0.00|0|0.00|0|0.00|0|0|0|0.00|0|0.00|0|0.00|0|0.00|0.00|0.00|0.00|0.00|0.00|0.00|0.00|0.00|0.00|1|0.00|1|0.00|0|0.00|0|0.00|0.00|0|0.00
EMPSHFT|Plataformas|21|Plataformas|21|IVON|SERRATO ULLOA|91000007|1| |0| |0|CAPS|1|0|1179813.00|0.00|0.00|0.00|17|0|0.00|0|0.00|0|0.00|0|67122.00|5|0.00|0|0|0|0.00|0|0.00|0|0.00|0|0.00|0.00|0.00|0.00|0.00|0.00|94387.00|0.00|1274200.00|1274200.00|17|1274200.00|17|0.00|0|0.00|0|0.00|0.00|0|0.00
EMPSHFT|Plataformas|21|Plataformas|21|IVON|SERRATO ULLOA|91000007|1| |0| |0|DOMICILIOS|5|0|272685.00|0.00|0.00|0.00|4|0|0.00|0|0.00|0|0.00|0|177300.00|5|0.00|0|0|0|0.00|0|0.00|0|0.00|0|0.00|0.00|0.00|0.00|0.00|0.00|21815.00|0.00|294500.00|294500.00|4|294500.00|4|0.00|0|0.00|0|0.00|0.00|0|0.00
EMPSHFT|Domicilios|20|Domicilios|20|IVON|SERRATO ULLOA|91000007|1| |0| |0|CAPS|1|0|97315.00|0.00|0.00|0.00|1|0|0.00|0|0.00|0|0.00|0|0.00|0|0.00|0|0|0|0.00|0|0.00|0|0.00|0|261668.00|0.00|0.00|0.00|0.00|0.00|7785.00|0.00|105100.00|105100.00|1|105100.00|1|0.00|0|0.00|0|0.00|0.00|0|0.00
EMPSHFT|Restaurante|1|Restaurante|1|IVON|SERRATO ULLOA|91000007|1| |0| |0|CAPS|1|0|0.00|0.00|0.00|0.00|0|0|0.00|0|0.00|0|0.00|0|0.00|0|0.00|0|0|0|115302.00|0|115302.00|1|0.00|0|0.00|0.00|0.00|0.00|0.00|0.00|0.00|0.00|0.00|0.00|0|1360602.00|1|0.00|0|0.00|0|0.00|0.00|0|0.00
EMPSHFT|Almacen|2|Almacen|40|IVON|SERRATO ULLOA|91000007|1| |0| |0|ASADERO|4|0|36134.00|0.00|0.00|0.00|1|0|0.00|0|0.00|0|0.00|0|38000.00|1|0.00|0|0|0|0.00|0|0.00|0|0.00|0|36134.00|0.00|0.00|0.00|0.00|0.00|6866.00|0.00|43000.00|43000.00|1|43000.00|1|0.00|0|0.00|0|0.00|0.00|0|0.00
EMPSHFT|Domicilios|20|Domicilios|20|IVON|SERRATO ULLOA|91000007|1| |0| |0|DOMICILIOS|5|0|164353.00|0.00|0.00|0.00|1|0|0.00|0|0.00|0|0.00|0|19900.00|1|0.00|0|0|0|0.00|0|0.00|0|0.00|0|0.00|0.00|0.00|0.00|0.00|0.00|13147.00|0.00|177500.00|177500.00|1|177500.00|1|0.00|0|0.00|0|0.00|0.00|0|0.00
EMPSHFT|Almacen|2|Almacen|40|IVON|SERRATO ULLOA|91000007|1| |0| |0|CAFETERIA|2|0|100000.00|0.00|0.00|0.00|1|0|0.00|0|0.00|0|0.00|0|0.00|0|0.00|0|0|0|0.00|0|0.00|0|0.00|0|100000.00|0.00|0.00|0.00|0.00|0.00|0.00|0.00|100000.00|100000.00|1|100000.00|1|0.00|0|0.00|0|0.00|0.00|0|0.00
EMPSHFT|Domicilios|20|Domicilios|20|IVON|SERRATO ULLOA|91000007|1| |0| |0|CAFETERIA|2|0|163705.00|0.00|0.00|0.00|2|0|0.00|0|0.00|0|0.00|0|0.00|0|0.00|0|0|0|0.00|0|0.00|0|0.00|0|163705.00|0.00|0.00|0.00|0.00|0.00|13095.00|0.00|176800.00|176800.00|2|176800.00|2|0.00|0|0.00|0|0.00|0.00|0|0.00
EMPDSC|Restaurante|1|Restaurante|1|Jhoana|Galvis Romero|80000003|Desc. Empleado 20%|8|Desc. Empleado 20%|8|-13055.00|1|-13055.00
EMPDSC|Domicilios|20|Domicilios|20|Jhoana|Galvis Romero|80000003|Desc. Empleado 20%|8|Desc. Empleado 20%|8|-2037.00|1|-2037.00
EMPTM|Restaurante|1|Restaurante|1|Deyanira|Tequia Hernandez|80000002|Contado|102|Contado|102|Payment|0.00|0
EMPTM|Domicilios|20|Domicilios|20|Deyanira|Tequia Hernandez|80000002|Contado|102|Contado|102|Payment|0.00|0
EMPTM|Domicilios|20|Domicilios|20|Deyanira|Tequia Hernandez|80000002|Master Card|202|Master Card|202|Payment|13900.00|1
EMPTM|Almacen|2|Almacen|40|Deyanira|Tequia Hernandez|80000002|Master Card|202|Master Card|202|Payment|160000.00|1
EMPTM|Almacen|2|Almacen|40|Deyanira|Tequia Hernandez|80000002|Efectivo|101|Efectivo|101|Payment|160000.00|1
EMPTM|Plataformas|21|Plataformas|21|Deyanira|Tequia Hernandez|80000002|CxC Rappi Plaza|212|CxC Rappi Plaza|212|Payment|275700.00|2
EMPTM|Restaurante|1|Restaurante|1|Jhoana|Galvis Romero|80000003|Contado|102|Contado|102|Payment|0.00|0
EMPTM|Restaurante|1|Restaurante|1|Jhoana|Galvis Romero|80000003|American Express|201|American Express|201|Payment|1141018.00|7
EMPTM|Restaurante|1|Restaurante|1|Jhoana|Galvis Romero|80000003|Cuenta X Cobrar|206|Cuenta X Cobrar|206|Payment|152963.00|1
EMPTM|Restaurante|1|Restaurante|1|Jhoana|Galvis Romero|80000003|Master Card|202|Master Card|202|Payment|17044927.00|128
EMPTM|Domicilios|20|Domicilios|20|Jhoana|Galvis Romero|80000003|Master Card|202|Master Card|202|Payment|154100.00|13
EMPTM|Restaurante|1|Restaurante|1|Jhoana|Galvis Romero|80000003|Visa|204|Visa|204|Payment|8956029.00|61
EMPTM|Domicilios|20|Domicilios|20|Jhoana|Galvis Romero|80000003|Visa|204|Visa|204|Payment|26800.00|1
EMPTM|Almacen|2|Almacen|40|Jhoana|Galvis Romero|80000003|Visa|204|Visa|204|Payment|500000.00|1
EMPTM|Restaurante|1|Restaurante|1|Jhoana|Galvis Romero|80000003|Efectivo|101|Efectivo|101|Payment|2847899.00|45
EMPTM|Domicilios|20|Domicilios|20|Jhoana|Galvis Romero|80000003|Efectivo|101|Efectivo|101|Payment|64800.00|6
EMPTM|Restaurante|1|Restaurante|1|Jhoana|Galvis Romero|80000003|Sodexo|303|Sodexo|303|Payment|134607.00|1
EMPTM|Plataformas|21|Plataformas|21|Jhoana|Galvis Romero|80000003|CxC Rappi Plaza|212|CxC Rappi Plaza|212|Payment|186300.00|2
EMPTM|Restaurante|1|Restaurante|1|IVON|SERRATO ULLOA|91000007|Contado|102|Contado|102|Payment|0.00|0
EMPTM|Domicilios|20|Domicilios|20|IVON|SERRATO ULLOA|91000007|Contado|102|Contado|102|Payment|0.00|0
EMPTM|Plataformas|21|Plataformas|21|IVON|SERRATO ULLOA|91000007|CxC Rappi|210|CxC Rappi|210|Payment|414800.00|3
EMPTM|Domicilios|20|Domicilios|20|IVON|SERRATO ULLOA|91000007|Master Card|202|Master Card|202|Payment|177500.00|1
EMPTM|Almacen|2|Almacen|40|IVON|SERRATO ULLOA|91000007|Master Card|202|Master Card|202|Payment|143000.00|2
EMPTM|Domicilios|20|Domicilios|20|IVON|SERRATO ULLOA|91000007|Visa|204|Visa|204|Payment|166900.00|1
EMPTM|Domicilios|20|Domicilios|20|IVON|SERRATO ULLOA|91000007|Efectivo|101|Efectivo|101|Payment|235100.00|4
EMPTM|Plataformas|21|Plataformas|21|IVON|SERRATO ULLOA|91000007|CxC Rappi Turbo|211|CxC Rappi Turbo|211|Payment|267900.00|4
EMPTM|Plataformas|21|Plataformas|21|IVON|SERRATO ULLOA|91000007|CxC Rappi Plaza|212|CxC Rappi Plaza|212|Payment|886000.00|14
EMPOTSLS|Almacen|2|Almacen|40|IVON|SERRATO ULLOA|91000007|Para Aqui|1|Para Aqui|1|2|0|0|0|136134.00|0.00|0.00|0|0.00|0|0.00|0.00|0|0.00|0|0.00|0|0.00|0|0.00|0|0.00|0|0.00|0|0.00|0|0.00|0.00|136134.00
EMPOTSLS|Almacen|2|Almacen|40|Deyanira|Tequia Hernandez|80000002|Para Aqui|1|Para Aqui|1|2|0|0|0|268908.00|0.00|0.00|0|0.00|0|0.00|0.00|0|0.00|0|0.00|0|0.00|0|0.00|0|0.00|0|0.00|0|0.00|0|0.00|0.00|268908.00
EMPOTSLS|Domicilios|20|Domicilios|20|IVON|SERRATO ULLOA|91000007|Domicilios|7|Domicilios|7|2|0|0|0|261668.00|0.00|0.00|0|0.00|0|0.00|0.00|0|0.00|0|0.00|0|0.00|0|0.00|0|0.00|0|0.00|0|0.00|0|0.00|0.00|261668.00
EMPOTSLS|Domicilios|20|Domicilios|20|Deyanira|Tequia Hernandez|80000002|Domicilios|7|Domicilios|7|1|0|0|0|111205.00|0.00|0.00|0|0.00|0|0.00|0.00|0|0.00|0|0.00|0|0.00|0|0.00|0|0.00|0|0.00|0|0.00|0|0.00|0.00|111205.00
EMPOTSLS|Domicilios|20|Domicilios|20|Deyanira|Tequia Hernandez|80000002|Para Llevar|2|Para Llevar|2|1|0|0|0|12870.00|0.00|0.00|0|0.00|0|0.00|0.00|0|0.00|0|0.00|0|0.00|0|0.00|0|0.00|0|0.00|0|0.00|0|0.00|0.00|12870.00
EMPOTSLS|Restaurante|1|Restaurante|1|Deyanira|Tequia Hernandez|80000002|Para Aqui|1|Para Aqui|1|16|51|0|0|1683248.00|0.00|0.00|0|0.00|0|0.00|0.00|0|0.00|0|0.00|0|0.00|0|0.00|0|0.00|0|0.00|0|0.00|0|0.00|0.00|1683248.00
EMPOTSLS|Plataformas|21|Plataformas|21|Jhoana|Galvis Romero|80000003|Domicilios|7|Domicilios|7|2|0|0|0|172500.00|0.00|0.00|0|0.00|0|0.00|0.00|0|0.00|0|0.00|0|0.00|0|0.00|0|0.00|0|0.00|0|0.00|0|0.00|0.00|172500.00
EMPOTSLS|Domicilios|20|Domicilios|20|Jhoana|Galvis Romero|80000003|Para Llevar|2|Para Llevar|2|20|0|0|0|227509.00|0.00|0.00|0|0.00|0|0.00|0.00|0|0.00|0|0.00|0|0.00|0|0.00|0|0.00|0|0.00|0|0.00|0|0.00|0.00|227509.00
EMPOTSLS|Plataformas|21|Plataformas|21|Deyanira|Tequia Hernandez|80000002|Domicilios|7|Domicilios|7|2|0|0|0|255278.00|0.00|0.00|0|0.00|0|0.00|0.00|0|0.00|0|0.00|0|0.00|0|0.00|0|0.00|0|0.00|0|0.00|0|0.00|0.00|255278.00
EMPOTSLS|Domicilios|20|Domicilios|20|IVON|SERRATO ULLOA|91000007|Para Llevar|2|Para Llevar|2|2|0|0|0|163705.00|0.00|0.00|0|0.00|0|0.00|0.00|0|0.00|0|0.00|0|0.00|0|0.00|0|0.00|0|0.00|0|0.00|0|0.00|0.00|163705.00
EMPOTSLS|Restaurante|1|Restaurante|1|IVON|SERRATO ULLOA|91000007|Para Aqui|1|Para Aqui|1|2|18|0|0|1263340.00|0.00|0.00|0|0.00|0|0.00|0.00|0|0.00|0|0.00|0|0.00|0|0.00|0|0.00|0|0.00|0|0.00|0|0.00|0.00|1263340.00
EMPOTSLS|Almacen|2|Almacen|40|Jhoana|Galvis Romero|80000003|Para Aqui|1|Para Aqui|1|1|0|0|0|500000.00|0.00|0.00|0|0.00|0|0.00|0.00|0|0.00|0|0.00|0|0.00|0|0.00|0|0.00|0|0.00|0|0.00|0|0.00|0.00|500000.00
EMPOTSLS|Restaurante|1|Restaurante|1|Jhoana|Galvis Romero|80000003|Para Aqui|1|Para Aqui|1|171|410|0|0|22771351.00|0.00|0.00|0|0.00|0|0.00|0.00|0|0.00|0|0.00|0|0.00|0|0.00|0|0.00|0|0.00|0|0.00|0|0.00|0.00|22771351.00
EMPOTSLS|Plataformas|21|Plataformas|21|IVON|SERRATO ULLOA|91000007|Domicilios|7|Domicilios|7|21|0|0|0|1452498.00|0.00|0.00|0|0.00|0|0.00|0.00|0|0.00|0|0.00|0|0.00|0|0.00|0|0.00|0|0.00|0|0.00|0|0.00|0.00|1452498.00
