EMPID|CTG|Andres Cartagena|20241220|20241220|20250121|122213|2.00|2.00|Simphony|19.7.2
EMP|1 Restaurante|1|1-Restaurante|22|Marilin Paola|Zabaleta Cuellar|606630003|33|84|0|0|11190099.00|1062784.00|-43168.00|2|0.00|0|-90968.00|-1.00|1463817.00|17|0.00|0|0.00|0|14378983.00|44|14053014.00|32|0.00|0|0.00|0|0.00|1037515.00|0.00|0|11190099.00|0.00|0.00|11190099.00
EMP|1 Restaurante|1|1-Restaurante|22|Yasser Enrique|Ortiz Pacheco|606680002|0|0|0|0|0.00|0.00|0.00|0|0.00|0|0.00|0.00|0.00|0|0.00|0|0.00|1|0.00|3|0.00|3|0.00|0|0.00|0|0.00|0.00|0.00|0|0.00|0.00|0.00|0.00
EMP|1 Restaurante|1|1-Restaurante|22|Juliander Alexander |Lara Muñoz|606630012|0|0|0|0|0.00|0.00|0.00|0|0.00|0|0.00|0.00|0.00|0|0.00|0|3395841.00|2|0.00|0|0.00|0|0.00|0|0.00|0|0.00|0.00|0.00|0|0.00|0.00|0.00|0.00
EMP|1 Restaurante|1|1-Restaurante|22|Rosmar|Arevalo|606680003|1|1|0|0|1.00|62219.00|0.00|0|0.00|0|0.00|0.00|0.00|0|0.00|0|0.00|0|62220.00|1|62220.00|1|0.00|0|0.00|0|0.00|62219.00|0.00|0|1.00|0.00|0.00|1.00
EMP|1 Restaurante|1|1-Restaurante|22|Viviana|Maldonado|606630033|11|53|0|0|5474788.00|541426.00|-60454.00|4|0.00|0|-10442.00|1.00|293100.00|4|0.00|0|0.00|0|7056427.00|13|7056427.00|12|0.00|0|0.00|0|0.00|541426.00|0.00|0|5474788.00|0.00|0.00|5474788.00
EMP|1 Restaurante|1|1-Restaurante|22|Moises|Cotes|606630037|33|77|0|0|7842940.00|784287.00|-225823.00|20|0.00|0|-39007.00|4.00|84500.00|6|0.00|0|4842267.00|11|10117391.00|42|9836410.00|35|0.00|0|0.00|0|0.00|762506.00|0.00|0|7842940.00|0.00|0.00|7842940.00
EMP|1 Restaurante|1|1-Restaurante|22|Karem|Lopez|606630046|2|10|0|0|93109.00|9311.00|0.00|0|0.00|0|0.00|0.00|0.00|0|0.00|0|2562220.00|1|120111.00|2|0.00|0|0.00|0|0.00|0|0.00|0.00|0.00|0|93109.00|0.00|0.00|93109.00
EMP|1 Restaurante|1|1-Restaurante|22|Pedro|Carrero|606630050|1|2|0|0|0.00|0.00|0.00|0|0.00|0|-3630.00|0.00|0.00|0|0.00|0|0.00|0|6900.00|1|6900.00|1|0.00|0|0.00|0|0.00|0.00|0.00|0|36304.00|-36304.00|-36304.00|0.00
EMP|1 Restaurante|1|1-Restaurante|22|Jhonatan|Gutierrez|606630059|4|10|0|0|1291429.00|129141.00|0.00|0|0.00|0|0.00|-7.00|0.00|0|0.00|0|0.00|0|1665934.00|7|2382805.00|7|0.00|0|0.00|0|0.00|184712.00|0.00|0|1291429.00|0.00|0.00|1291429.00
EMP|1 Restaurante|1|1-Restaurante|22|Winder|Castaño|606630063|2|12|0|0|2770595.00|277057.00|0.00|0|0.00|0|0.00|-6.00|60300.00|3|0.00|0|0.00|0|3574051.00|11|3628903.00|7|0.00|0|0.00|0|0.00|281309.00|0.00|0|2770595.00|0.00|0.00|2770595.00
EMP|1 Restaurante|1|1-Restaurante|22|Esther|Gonzalez|606630064|25|44|0|0|10959513.00|1060915.00|-223976.00|6|0.00|0|-55872.00|-8.00|6048800.00|31|0.00|0|0.00|0|14102703.00|33|15588912.00|29|0.00|0|0.00|0|0.00|1176124.00|0.00|0|10959513.00|0.00|0.00|10959513.00
EMP|1 Restaurante|1|1-Restaurante|22|Alvaro|Viloria|606630065|30|99|0|0|10269030.00|978685.00|0.00|0|0.00|0|-48210.00|-9.00|2679500.00|13|0.00|0|0.00|2|13198826.00|36|11681397.00|31|0.00|0|0.00|0|0.00|861056.00|0.00|0|10269030.00|0.00|0.00|10269030.00
EMP|1 Restaurante|1|1-Restaurante|22|Camilo|Tangarife|606670018|1|1|0|0|192353.00|19235.00|0.00|0|0.00|0|0.00|0.00|0.00|0|0.00|0|0.00|0|248135.00|2|248135.00|1|0.00|0|0.00|0|0.00|19235.00|0.00|0|192353.00|0.00|0.00|192353.00
EMP|1 Restaurante|1|1-Restaurante|22|Valentina|Rodriguez|606630077|10|19|0|0|5875967.00|475677.00|-17933.00|2|0.00|0|-111987.00|3.00|274300.00|7|0.00|0|0.00|0|7468080.00|12|7468080.00|11|0.00|0|0.00|0|0.00|475677.00|0.00|0|5875967.00|0.00|0.00|5875967.00
EMP|1 Restaurante|1|1-Restaurante|22|Alba|Quintero|606630079|6|23|0|0|2176218.00|189205.00|0.00|0|0.00|0|-28416.00|0.00|62400.00|2|0.00|0|0.00|1|2778905.00|9|2765463.00|7|0.00|0|0.00|0|0.00|188163.00|0.00|0|2176218.00|0.00|0.00|2176218.00
EMP|2 Almacen|2|2-Almacen|2|Alba|Quintero|606630079|5|5|0|0|199580.00|0.00|0.00|0|0.00|0|0.00|0.00|153000.00|2|0.00|0|180000.00|1|237500.00|5|237500.00|5|0.00|0|0.00|0|0.00|0.00|0.00|0|199580.00|0.00|0.00|199580.00
EMP|1 Restaurante|1|1-Restaurante|22|Hector|Diaz|606680011|23|0|0|0|1235290.00|0.00|0.00|0|0.00|0|0.00|0.00|0.00|0|0.00|0|0.00|0|1470000.00|23|1470000.00|23|0.00|0|0.00|0|0.00|0.00|0.00|0|1235290.00|0.00|0.00|1235290.00
EMP|1 Restaurante|1|1-Restaurante|22|Jose|Cerchar Colon|302270005|14|0|0|0|957980.00|0.00|0.00|0|0.00|0|0.00|0.00|0.00|0|0.00|0|0.00|0|1140000.00|14|1140000.00|14|0.00|0|0.00|0|0.00|0.00|0.00|0|957980.00|0.00|0.00|957980.00
EMPSHFT|1 Restaurante|1|1-Restaurante|22|Jose|Cerchar Colon|302270005|1| |0| |0|BAR_LADO|3|0|957980.00|0.00|0.00|0.00|14|0|0.00|0|0.00|0|0.00|0|0.00|0|0.00|0|0|0|0.00|0|0.00|0|0.00|0|957980.00|0.00|0.00|0.00|0.00|0.00|182020.00|0.00|1140000.00|1140000.00|14|1140000.00|14|0.00|0|0.00|0|0.00|0.00|0|0.00
EMPSHFT|1 Restaurante|1|1-Restaurante|22|Marilin Paola|Zabaleta Cuellar|606630003|1| |0| |0|CABINA DJ|4|0|809833.00|0.00|0.00|80982.00|2|4|0.00|0|0.00|0|0.00|0|0.00|0|0.00|0|0|0|0.00|0|0.00|0|0.00|0|0.00|0.00|0.00|0.00|0.00|0.00|153867.00|0.00|1044682.00|1044682.00|2|0.00|0|0.00|0|0.00|0|0.00|0.00|0|0.00
EMPSHFT|1 Restaurante|1|1-Restaurante|22|Marilin Paola|Zabaleta Cuellar|606630003|1| |0| |0|CAJA 2|7|0|0.00|0.00|0.00|-56217.00|0|0|0.00|0|0.00|0|0.00|0|17.00|1|0.00|0|0|0|191588.00|0|191588.00|4|0.00|0|11804923.00|0.00|0.00|0.00|0.00|0.00|0.00|-83511.00|27294.00|-56218.00|0|3140487.00|5|0.00|0|0.00|0|-1.00|0.00|0|0.00
EMPSHFT|1 Restaurante|1|1-Restaurante|22|Marilin Paola|Zabaleta Cuellar|606630003|1| |0| |0|ALMACEN|2|0|8295395.00|0.00|0.00|829535.00|27|72|0.00|0|0.00|0|0.00|0|1159400.00|12|0.00|0|0|0|694609.00|0|694609.00|24|0.00|0|0.00|0.00|0.00|0.00|0.00|0.00|1576105.00|0.00|10701035.00|10701035.00|34|8960509.00|24|0.00|0|0.00|0|0.00|0.00|0|0.00
EMPSHFT|1 Restaurante|1|1-Restaurante|22|Marilin Paola|Zabaleta Cuellar|606630003|1| |0| |0|COCINA LADO|10|0|1061010.00|0.00|0.00|106101.00|2|3|0.00|0|-43168.00|2|0.00|0|113000.00|2|0.00|0|0|0|151318.00|0|151318.00|3|0.00|0|0.00|0.00|0.00|0.00|0.00|0.00|201590.00|-7456.00|1419325.00|1368701.00|3|1952018.00|3|0.00|0|0.00|0|0.00|0.00|0|0.00
EMPSHFT|1 Restaurante|1|1-Restaurante|22|Marilin Paola|Zabaleta Cuellar|606630003|1| |0| |0|MARILYN|5|0|0.00|0.00|0.00|-1.00|1|2|0.00|0|0.00|0|0.00|0|0.00|0|0.00|0|0|0|0.00|0|0.00|0|0.00|0|0.00|0.00|0.00|0.00|0.00|0.00|0.00|-1.00|0.00|-1.00|3|0.00|0|0.00|0|0.00|0|0.00|0.00|0|0.00
EMPSHFT|1 Restaurante|1|1-Restaurante|22|Marilin Paola|Zabaleta Cuellar|606630003|1| |0| |0|CAJA 1|6|0|670837.00|0.00|0.00|67082.00|0|1|0.00|0|0.00|0|0.00|0|191400.00|2|0.00|0|0|0|0.00|0|0.00|0|0.00|0|0.00|0.00|0.00|0.00|0.00|0.00|127463.00|0.00|865382.00|865382.00|1|0.00|0|0.00|0|0.00|0|0.00|0.00|0|0.00
EMPSHFT|1 Restaurante|1|1-Restaurante|22|Marilin Paola|Zabaleta Cuellar|606630003|1| |0| |0|BAR_LADO|3|0|353024.00|0.00|0.00|35302.00|1|2|0.00|0|0.00|0|0.00|0|0.00|0|0.00|0|0|0|0.00|0|0.00|0|0.00|0|0.00|0.00|0.00|0.00|0.00|0.00|67076.00|0.00|455402.00|455402.00|1|0.00|0|0.00|0|0.00|0|0.00|0.00|0|0.00
EMPSHFT|1 Restaurante|1|1-Restaurante|22|Viviana|Maldonado|606630033|1| |0| |0|CAJA 2|7|0|0.00|0.00|0.00|0.00|0|0|0.00|0|0.00|0|0.00|0|0.00|0|0.00|0|0|0|0.00|0|0.00|0|0.00|0|4620731.00|0.00|0.00|0.00|0.00|0.00|0.00|0.00|0.00|1.00|0|1.00|2|0.00|0|0.00|0|1.00|0.00|0|0.00
EMPSHFT|1 Restaurante|1|1-Restaurante|22|Viviana|Maldonado|606630033|1| |0| |0|MARILYN|5|0|4256471.00|0.00|0.00|422622.00|8|35|0.00|0|0.00|0|0.00|0|17500.00|1|0.00|0|0|0|479141.00|0|479141.00|9|0.00|0|0.00|0.00|0.00|0.00|0.00|0.00|808729.00|0.00|5487822.00|5487822.00|9|6198941.00|9|0.00|0|0.00|0|0.00|0.00|0|0.00
EMPSHFT|1 Restaurante|1|1-Restaurante|22|Viviana|Maldonado|606630033|1| |0| |0|CABINA DJ|4|0|166471.00|0.00|0.00|16647.00|0|0|0.00|0|0.00|0|0.00|0|86600.00|1|0.00|0|0|0|0.00|0|0.00|0|0.00|0|0.00|0.00|0.00|0.00|0.00|0.00|31629.00|0.00|214747.00|214747.00|0|0.00|0|0.00|0|0.00|0|0.00|0.00|0|0.00
EMPSHFT|1 Restaurante|1|1-Restaurante|22|Viviana|Maldonado|606630033|1| |0| |0|COCINA LADO|10|0|1051846.00|0.00|0.00|102157.00|3|18|0.00|0|-60454.00|4|0.00|0|189000.00|2|0.00|0|0|0|62285.00|0|62285.00|1|0.00|0|0.00|0.00|0.00|0.00|0.00|0.00|199854.00|-10442.00|1424753.00|1353857.00|4|857485.00|1|0.00|0|0.00|0|0.00|0.00|0|0.00
EMPSHFT|1 Restaurante|1|1-Restaurante|22|Viviana|Maldonado|606630033|1| |0| |0|CAPS|1|0|0.00|0.00|0.00|0.00|0|0|0.00|0|0.00|0|0.00|0|0.00|0|0.00|0|0|0|0.00|0|0.00|0|0.00|0|1395484.00|0.00|0.00|0.00|0.00|0.00|0.00|0.00|0.00|0.00|0|0.00|0|0.00|0|0.00|0|0.00|0.00|0|0.00
EMPSHFT|1 Restaurante|1|1-Restaurante|22|Moises|Cotes|606630037|1| |0| |0|CABINA DJ|4|0|2977645.00|0.00|0.00|297759.00|10|30|0.00|0|0.00|0|0.00|0|46700.00|4|0.00|0|0|0|486567.00|0|486567.00|13|0.00|0|0.00|0.00|0.00|0.00|0.00|0.00|565755.00|0.00|3841159.00|3841159.00|13|6276767.00|13|0.00|0|0.00|0|0.00|0.00|0|0.00
EMPSHFT|1 Restaurante|1|1-Restaurante|22|Moises|Cotes|606630037|1| |0| |0|CAJA 2|7|0|0.00|0.00|0.00|0.00|0|0|0.00|0|0.00|0|0.00|0|0.00|0|0.00|0|0|0|0.00|0|0.00|0|0.00|0|8423357.00|0.00|0.00|0.00|0.00|0.00|0.00|0.00|0.00|4.00|0|4.00|1|0.00|0|0.00|0|4.00|0.00|0|0.00
EMPSHFT|1 Restaurante|1|1-Restaurante|22|Moises|Cotes|606630037|1| |0| |0|ALMACEN|2|0|3406725.00|0.00|0.00|340671.00|14|29|0.00|0|0.00|0|0.00|0|17900.00|1|0.00|0|0|0|154015.00|0|154015.00|11|0.00|0|0.00|0.00|0.00|0.00|0.00|0.00|647275.00|0.00|4394671.00|4394671.00|14|1986815.00|11|0.00|0|0.00|0|0.00|0.00|0|0.00
EMPSHFT|1 Restaurante|1|1-Restaurante|22|Moises|Cotes|606630037|1| |0| |0|COCINA LADO|10|0|-160420.00|0.00|0.00|-16041.00|1|-4|0.00|0|-225823.00|20|0.00|0|0.00|0|0.00|0|0|0|40118.00|0|40118.00|5|0.00|0|0.00|0.00|0.00|0.00|0.00|0.00|-30480.00|-39006.00|57888.00|-206941.00|1|517518.00|4|0.00|0|0.00|0|0.00|0.00|0|0.00
EMPSHFT|1 Restaurante|1|1-Restaurante|22|Moises|Cotes|606630037|1| |0| |0|CAJA 1|6|0|1618990.00|0.00|0.00|161898.00|8|22|0.00|0|0.00|0|0.00|0|19900.00|1|0.00|0|0|0|71856.00|0|71856.00|5|0.00|0|0.00|0.00|0.00|0.00|0.00|0.00|307610.00|-1.00|2088499.00|2088498.00|14|926956.00|5|0.00|0|0.00|0|0.00|0.00|0|0.00
EMPSHFT|1 Restaurante|1|1-Restaurante|22|Moises|Cotes|606630037|1| |0| |0|MARILYN|5|0|0.00|0.00|0.00|0.00|0|0|0.00|0|0.00|0|0.00|0|0.00|0|0.00|0|0|0|9950.00|0|9950.00|1|0.00|0|0.00|0.00|0.00|0.00|0.00|0.00|0.00|0.00|0.00|0.00|0|128350.00|1|0.00|0|0.00|0|0.00|0.00|0|0.00
EMPSHFT|1 Restaurante|1|1-Restaurante|22|Karem|Lopez|606630046|1| |0| |0|CABINA DJ|4|0|44706.00|0.00|0.00|4471.00|1|8|0.00|0|0.00|0|0.00|0|0.00|0|0.00|0|0|0|0.00|0|0.00|0|0.00|0|0.00|0.00|0.00|0.00|0.00|0.00|8494.00|0.00|57671.00|57671.00|1|0.00|0|0.00|0|0.00|0|0.00|0.00|0|0.00
EMPSHFT|1 Restaurante|1|1-Restaurante|22|Karem|Lopez|606630046|1| |0| |0|CAJA 1|6|0|48403.00|0.00|0.00|4840.00|1|2|0.00|0|0.00|0|0.00|0|0.00|0|0.00|0|0|0|0.00|0|0.00|0|0.00|0|0.00|0.00|0.00|0.00|0.00|0.00|9197.00|0.00|62440.00|62440.00|1|0.00|0|0.00|0|0.00|0|0.00|0.00|0|0.00
EMPSHFT|1 Restaurante|1|1-Restaurante|22|Pedro|Carrero|606630050|1| |0| |0|CAJA 1|6|0|4538.00|0.00|0.00|454.00|0|0|0.00|0|0.00|0|0.00|0|0.00|0|0.00|0|0|0|0.00|0|0.00|0|0.00|0|0.00|0.00|0.00|0.00|0.00|0.00|862.00|0.00|5854.00|5854.00|0|0.00|0|0.00|0|0.00|0|0.00|0.00|0|0.00
EMPSHFT|1 Restaurante|1|1-Restaurante|22|Pedro|Carrero|606630050|1| |0| |0|ALMACEN|2|0|2269.00|0.00|0.00|227.00|0|0|0.00|0|0.00|0|0.00|0|0.00|0|0.00|0|0|0|0.00|0|0.00|0|0.00|0|0.00|0.00|0.00|0.00|0.00|0.00|431.00|0.00|2927.00|2927.00|0|0.00|0|0.00|0|0.00|0|0.00|0.00|0|0.00
EMPSHFT|1 Restaurante|1|1-Restaurante|22|Pedro|Carrero|606630050|1| |0| |0|COCINA LADO|10|0|9076.00|0.00|0.00|907.00|0|0|0.00|0|0.00|0|0.00|0|0.00|0|0.00|0|0|0|0.00|0|0.00|0|0.00|0|0.00|0.00|0.00|0.00|0.00|0.00|1724.00|0.00|11707.00|11707.00|0|0.00|0|0.00|0|0.00|0|0.00|0.00|0|0.00
EMPSHFT|1 Restaurante|1|1-Restaurante|22|Pedro|Carrero|606630050|1| |0| |0|MARILYN|5|0|6807.00|0.00|0.00|681.00|1|2|0.00|0|0.00|0|0.00|0|0.00|0|0.00|0|0|0|0.00|0|0.00|0|0.00|0|0.00|0.00|0.00|0.00|0.00|0.00|1293.00|0.00|8781.00|8781.00|1|0.00|0|0.00|0|0.00|0|0.00|0.00|0|0.00
EMPSHFT|1 Restaurante|1|1-Restaurante|22|Pedro|Carrero|606630050|1| |0| |0|CAJA 2|7|0|-36304.00|-36304.00|0.00|-3630.00|0|0|0.00|0|0.00|0|0.00|0|0.00|0|0.00|0|0|0|0.00|0|0.00|0|0.00|0|0.00|0.00|0.00|0.00|0.00|0.00|0.00|-3630.00|0.00|-39930.00|0|6900.00|1|0.00|0|0.00|0|0.00|0.00|0|0.00
EMPSHFT|1 Restaurante|1|1-Restaurante|22|Pedro|Carrero|606630050|1| |0| |0|CABINA DJ|4|0|13614.00|0.00|0.00|1361.00|0|0|0.00|0|0.00|0|0.00|0|0.00|0|0.00|0|0|0|0.00|0|0.00|0|0.00|0|0.00|0.00|0.00|0.00|0.00|0.00|2586.00|0.00|17561.00|17561.00|0|0.00|0|0.00|0|0.00|0|0.00|0.00|0|0.00
EMPSHFT|1 Restaurante|1|1-Restaurante|22|Jhonatan|Gutierrez|606630059|1| |0| |0|COCINA LADO|10|0|776136.00|0.00|0.00|77611.00|2|4|0.00|0|0.00|0|0.00|0|0.00|0|0.00|0|0|0|184712.00|0|184712.00|6|0.00|0|0.00|0.00|0.00|0.00|0.00|0.00|147464.00|0.00|1001211.00|1001211.00|4|2382812.00|6|0.00|0|0.00|0|0.00|0.00|0|0.00
EMPSHFT|1 Restaurante|1|1-Restaurante|22|Jhonatan|Gutierrez|606630059|1| |0| |0|CABINA DJ|4|0|515293.00|0.00|0.00|51530.00|2|6|0.00|0|0.00|0|0.00|0|0.00|0|0.00|0|0|0|0.00|0|0.00|0|0.00|0|0.00|0.00|0.00|0.00|0.00|0.00|97907.00|0.00|664730.00|664730.00|3|0.00|0|0.00|0|0.00|0|0.00|0.00|0|0.00
EMPSHFT|1 Restaurante|1|1-Restaurante|22|Jhonatan|Gutierrez|606630059|1| |0| |0|CAJA 2|7|0|0.00|0.00|0.00|0.00|0|0|0.00|0|0.00|0|0.00|0|0.00|0|0.00|0|0|0|0.00|0|0.00|0|0.00|0|2031849.00|0.00|0.00|0.00|0.00|0.00|0.00|0.00|0.00|-7.00|0|-7.00|1|0.00|0|0.00|0|-7.00|0.00|0|0.00
EMPSHFT|1 Restaurante|1|1-Restaurante|22|Winder|Castaño|606630063|1| |0| |0|TERRAZA|8|0|2770595.00|0.00|0.00|277057.00|2|12|0.00|0|0.00|0|0.00|0|60300.00|3|0.00|0|0|0|281309.00|0|281309.00|7|0.00|0|0.00|0.00|0.00|0.00|0.00|0.00|526405.00|0.00|3574057.00|3574057.00|11|3628909.00|7|0.00|0|0.00|0|0.00|0.00|0|0.00
EMPSHFT|1 Restaurante|1|1-Restaurante|22|Winder|Castaño|606630063|1| |0| |0|CAJA 2|7|0|0.00|0.00|0.00|0.00|0|0|0.00|0|0.00|0|0.00|0|0.00|0|0.00|0|0|0|0.00|0|0.00|0|0.00|0|2708594.00|0.00|0.00|0.00|0.00|0.00|0.00|0.00|0.00|-1.00|0|-1.00|0|0.00|0|0.00|0|-1.00|0.00|0|0.00
EMPSHFT|1 Restaurante|1|1-Restaurante|22|Winder|Castaño|606630063|1| |0| |0|CAPS|1|0|0.00|0.00|0.00|0.00|0|0|0.00|0|0.00|0|0.00|0|0.00|0|0.00|0|0|0|0.00|0|0.00|0|0.00|0|385826.00|0.00|0.00|0.00|0.00|0.00|0.00|0.00|0.00|-5.00|0|-5.00|0|0.00|0|0.00|0|-5.00|0.00|0|0.00
EMPSHFT|1 Restaurante|1|1-Restaurante|22|Esther|Gonzalez|606630064|1| |0| |0|CABINA DJ|4|0|6143288.00|0.00|0.00|614320.00|13|22|0.00|0|0.00|0|0.00|0|5343200.00|24|0.00|0|0|0|624558.00|0|624558.00|17|0.00|0|0.00|0.00|0.00|0.00|0.00|0.00|1167212.00|-1.00|7924821.00|7924820.00|17|8056858.00|17|0.00|0|0.00|0|0.00|0.00|0|0.00
EMPSHFT|1 Restaurante|1|1-Restaurante|22|Esther|Gonzalez|606630064|1| |0| |0|CAJA 1|6|0|2722780.00|0.00|0.00|272277.00|7|13|0.00|0|0.00|0|0.00|0|705600.00|7|0.00|0|0|0|114679.00|0|114679.00|4|0.00|0|0.00|0.00|0.00|0.00|0.00|0.00|517320.00|0.00|3512377.00|3512377.00|7|1479379.00|4|0.00|0|0.00|0|0.00|0.00|0|0.00
EMPSHFT|1 Restaurante|1|1-Restaurante|22|Esther|Gonzalez|606630064|1| |0| |0|COCINA LADO|10|0|148826.00|0.00|0.00|14881.00|0|-2|0.00|0|-223976.00|6|0.00|0|0.00|0|0.00|0|0|0|26361.00|0|26361.00|1|0.00|0|0.00|0.00|0.00|0.00|0.00|0.00|28274.00|-38686.00|454643.00|191981.00|1|340061.00|1|0.00|0|0.00|0|0.00|0.00|0|0.00
EMPSHFT|1 Restaurante|1|1-Restaurante|22|Esther|Gonzalez|606630064|1| |0| |0|CAJA 2|7|0|0.00|0.00|0.00|-17185.00|0|0|0.00|0|0.00|0|0.00|0|0.00|0|0.00|0|0|0|324989.00|0|324989.00|1|0.00|0|13313318.00|0.00|0.00|0.00|0.00|0.00|0.00|-17185.00|0.00|-17193.00|0|4609177.00|5|0.00|0|0.00|0|-8.00|0.00|0|0.00
EMPSHFT|1 Restaurante|1|1-Restaurante|22|Esther|Gonzalez|606630064|1| |0| |0|ALMACEN|2|0|1746471.00|0.00|0.00|174648.00|5|11|0.00|0|0.00|0|0.00|0|0.00|0|0.00|0|0|0|85537.00|0|85537.00|2|0.00|0|0.00|0.00|0.00|0.00|0.00|0.00|331829.00|0.00|2252948.00|2252948.00|8|1103437.00|2|0.00|0|0.00|0|0.00|0.00|0|0.00
EMPSHFT|1 Restaurante|1|1-Restaurante|22|Esther|Gonzalez|606630064|1| |0| |0|MARILYN|5|0|198148.00|0.00|0.00|1974.00|0|0|0.00|0|0.00|0|0.00|0|0.00|0|0.00|0|0|0|0.00|0|0.00|0|0.00|0|0.00|0.00|0.00|0.00|0.00|0.00|37648.00|0.00|237770.00|237770.00|0|0.00|0|0.00|0|0.00|0|0.00|0.00|0|0.00
EMPSHFT|1 Restaurante|1|1-Restaurante|22|Alvaro|Viloria|606630065|1| |0| |0|CAJA 1|6|0|3089790.00|0.00|0.00|308978.00|11|42|0.00|0|0.00|0|0.00|0|522200.00|9|0.00|0|0|0|431765.00|0|431765.00|13|0.00|0|0.00|0.00|0.00|0.00|0.00|0.00|587060.00|0.00|3985828.00|3985828.00|14|5569815.00|13|0.00|0|0.00|0|0.00|0.00|0|0.00
EMPSHFT|1 Restaurante|1|1-Restaurante|22|Alvaro|Viloria|606630065|1| |0| |0|MARILYN|5|0|122185.00|0.00|0.00|12218.00|0|4|0.00|0|0.00|0|0.00|0|0.00|0|0.00|0|0|0|0.00|0|0.00|0|0.00|0|0.00|0.00|0.00|0.00|0.00|0.00|23215.00|0.00|157618.00|157618.00|2|0.00|0|0.00|0|0.00|0|0.00|0.00|0|0.00
EMPSHFT|1 Restaurante|1|1-Restaurante|22|Alvaro|Viloria|606630065|1| |0| |0|BAR_LADO|3|0|331512.00|0.00|0.00|33151.00|2|6|0.00|0|0.00|0|0.00|0|0.00|0|0.00|0|0|0|0.00|0|0.00|0|0.00|0|0.00|0.00|0.00|0.00|0.00|0.00|62988.00|0.00|427651.00|427651.00|2|0.00|0|0.00|0|0.00|0|0.00|0.00|0|0.00
EMPSHFT|1 Restaurante|1|1-Restaurante|22|Alvaro|Viloria|606630065|1| |0| |0|CAJA 2|7|0|0.00|0.00|0.00|-48210.00|0|0|0.00|0|0.00|0|0.00|0|0.00|0|0.00|0|0|0|0.00|0|0.00|2|0.00|0|9953773.00|0.00|0.00|0.00|0.00|0.00|0.00|-48210.00|0.00|-48219.00|0|573691.00|2|0.00|0|0.00|0|-9.00|0.00|0|0.00
EMPSHFT|1 Restaurante|1|1-Restaurante|22|Alvaro|Viloria|606630065|1| |0| |0|COCINA LADO|10|0|1084032.00|0.00|0.00|108401.00|0|0|0.00|0|0.00|0|0.00|0|0.00|0|0.00|0|0|0|16160.00|0|16160.00|1|0.00|0|0.00|0.00|0.00|0.00|0.00|0.00|205968.00|0.00|1398401.00|1398401.00|0|208460.00|1|0.00|0|0.00|0|0.00|0.00|0|0.00
EMPSHFT|1 Restaurante|1|1-Restaurante|22|Alvaro|Viloria|606630065|1| |0| |0|CABINA DJ|4|0|5599831.00|0.00|0.00|559979.00|17|46|0.00|0|0.00|0|0.00|0|2157300.00|4|0.00|0|0|0|379888.00|0|379888.00|14|0.00|0|0.00|0.00|0.00|0.00|0.00|0.00|1063969.00|0.00|7223779.00|7223779.00|17|4900588.00|14|0.00|0|0.00|0|0.00|0.00|0|0.00
EMPSHFT|1 Restaurante|1|1-Restaurante|22|Alvaro|Viloria|606630065|1| |0| |0|ALMACEN|2|0|41680.00|0.00|0.00|4168.00|0|1|0.00|0|0.00|0|0.00|0|0.00|0|0.00|0|0|0|33243.00|0|33243.00|1|0.00|0|0.00|0.00|0.00|0.00|0.00|0.00|7920.00|0.00|53768.00|53768.00|1|428843.00|1|0.00|0|0.00|0|0.00|0.00|0|0.00
EMPSHFT|1 Restaurante|1|1-Restaurante|22|Valentina|Rodriguez|606630077|1| |0| |0|CAJA 2|7|0|0.00|0.00|0.00|-108890.00|0|0|0.00|0|0.00|0|0.00|0|0.00|0|0.00|0|0|0|50000.00|0|50000.00|1|0.00|0|6287042.00|0.00|0.00|0.00|0.00|0.00|0.00|-108890.00|0.00|-108887.00|0|1940803.00|3|0.00|0|0.00|0|3.00|0.00|0|0.00
EMPSHFT|1 Restaurante|1|1-Restaurante|22|Valentina|Rodriguez|606630077|1| |0| |0|BAR_LADO|3|0|189916.00|0.00|0.00|18992.00|0|0|0.00|0|0.00|0|0.00|0|0.00|0|0.00|0|0|0|0.00|0|0.00|0|0.00|0|0.00|0.00|0.00|0.00|0.00|0.00|36084.00|0.00|244992.00|244992.00|0|0.00|0|0.00|0|0.00|0|0.00|0.00|0|0.00
EMPSHFT|1 Restaurante|1|1-Restaurante|22|Valentina|Rodriguez|606630077|1| |0| |0|COCINA LADO|10|0|-16303.00|0.00|0.00|-1630.00|0|-1|0.00|0|-17933.00|2|0.00|0|0.00|0|0.00|0|0|0|1328.00|0|1328.00|1|0.00|0|0.00|0.00|0.00|0.00|0.00|0.00|-3097.00|-3097.00|0.00|-21030.00|0|17128.00|1|0.00|0|0.00|0|0.00|0.00|0|0.00
EMPSHFT|1 Restaurante|1|1-Restaurante|22|Valentina|Rodriguez|606630077|1| |0| |0|ALMACEN|2|0|48908.00|0.00|0.00|4891.00|0|0|0.00|0|0.00|0|0.00|0|0.00|0|0.00|0|0|0|0.00|0|0.00|0|0.00|0|0.00|0.00|0.00|0.00|0.00|0.00|9292.00|0.00|63091.00|63091.00|0|0.00|0|0.00|0|0.00|0|0.00|0.00|0|0.00
EMPSHFT|1 Restaurante|1|1-Restaurante|22|Valentina|Rodriguez|606630077|1| |0| |0|CABINA DJ|4|0|92521.00|0.00|0.00|9252.00|1|5|0.00|0|0.00|0|0.00|0|0.00|0|0.00|0|0|0|0.00|0|0.00|0|0.00|0|0.00|0.00|0.00|0.00|0.00|0.00|17579.00|0.00|119352.00|119352.00|1|0.00|0|0.00|0|0.00|0|0.00|0.00|0|0.00
EMPSHFT|1 Restaurante|1|1-Restaurante|22|Valentina|Rodriguez|606630077|1| |0| |0|CAJA 1|6|0|5560925.00|0.00|0.00|553062.00|9|15|0.00|0|0.00|0|0.00|0|274300.00|7|0.00|0|0|0|424349.00|0|424349.00|7|0.00|0|0.00|0.00|0.00|0.00|0.00|0.00|1056575.00|0.00|7170562.00|7170562.00|11|5510149.00|7|0.00|0|0.00|0|0.00|0.00|0|0.00
EMPSHFT|1 Restaurante|1|1-Restaurante|22|Alba|Quintero|606630079|1| |0| |0|BAR_LADO|3|0|1068739.00|0.00|0.00|106874.00|1|10|0.00|0|0.00|0|0.00|0|0.00|0|0.00|0|0|0|26420.00|0|26420.00|1|0.00|0|0.00|0.00|0.00|0.00|0.00|0.00|203061.00|0.00|1378674.00|1378674.00|1|340820.00|1|0.00|0|0.00|0|0.00|0.00|0|0.00
EMPSHFT|2 Almacen|2|2-Almacen|2|Alba|Quintero|606630079|1| |0| |0|BAR_LADO|3|0|170168.00|0.00|0.00|0.00|4|4|0.00|0|0.00|0|0.00|0|153000.00|2|0.00|0|0|0|0.00|0|0.00|0|0.00|0|0.00|0.00|0.00|0.00|0.00|0.00|32332.00|0.00|202500.00|202500.00|4|202500.00|4|0.00|0|0.00|0|0.00|0.00|0|0.00
EMPSHFT|1 Restaurante|1|1-Restaurante|22|Alba|Quintero|606630079|1| |0| |0|ALMACEN|2|0|180589.00|0.00|0.00|18059.00|1|0|0.00|0|0.00|0|0.00|0|0.00|0|0.00|0|0|0|0.00|0|0.00|0|0.00|0|0.00|0.00|0.00|0.00|0.00|0.00|34311.00|0.00|232959.00|232959.00|1|0.00|0|0.00|0|0.00|0|0.00|0.00|0|0.00
EMPSHFT|1 Restaurante|1|1-Restaurante|22|Alba|Quintero|606630079|1| |0| |0|CAJA 1|6|0|926890.00|0.00|0.00|92688.00|4|13|0.00|0|0.00|0|0.00|0|12400.00|1|0.00|0|0|0|112143.00|0|112143.00|5|0.00|0|0.00|0.00|0.00|0.00|0.00|0.00|176110.00|0.00|1195688.00|1195688.00|7|1446643.00|5|0.00|0|0.00|0|0.00|0.00|0|0.00
EMPSHFT|1 Restaurante|1|1-Restaurante|22|Alba|Quintero|606630079|1| |0| |0|CAJA 2|7|0|0.00|0.00|0.00|-28416.00|0|0|0.00|0|0.00|0|0.00|0|50000.00|1|0.00|0|0|0|49600.00|0|49600.00|1|0.00|0|2304361.00|0.00|0.00|0.00|0.00|0.00|0.00|-28416.00|0.00|-28416.00|0|978000.00|1|0.00|0|0.00|0|0.00|0.00|0|0.00
EMPSHFT|2 Almacen|2|2-Almacen|2|Alba|Quintero|606630079|1| |0| |0|CAJA 2|7|0|0.00|0.00|0.00|0.00|0|0|0.00|0|0.00|0|0.00|0|0.00|0|0.00|0|0|0|0.00|0|0.00|0|0.00|0|199580.00|0.00|0.00|0.00|0.00|0.00|0.00|0.00|0.00|0.00|0|0.00|0|0.00|0|0.00|0|0.00|0.00|0|0.00
EMPSHFT|2 Almacen|2|2-Almacen|2|Alba|Quintero|606630079|1| |0| |0|CAJA 1|6|0|29412.00|0.00|0.00|0.00|1|1|0.00|0|0.00|0|0.00|0|0.00|0|0.00|0|0|0|0.00|0|0.00|0|0.00|0|0.00|0.00|0.00|0.00|0.00|0.00|5588.00|0.00|35000.00|35000.00|1|35000.00|1|0.00|0|0.00|0|0.00|0.00|0|0.00
EMPSHFT|1 Restaurante|1|1-Restaurante|22|Camilo|Tangarife|606670018|1| |0| |0|CAJA 1|6|0|0.00|0.00|0.00|0.00|0|0|0.00|0|0.00|0|0.00|0|0.00|0|0.00|0|0|0|0.00|0|0.00|0|0.00|0|0.00|0.00|0.00|0.00|0.00|0.00|0.00|0.00|0.00|0.00|1|0.00|0|0.00|0|0.00|0|0.00|0.00|0|0.00
EMPSHFT|1 Restaurante|1|1-Restaurante|22|Camilo|Tangarife|606670018|1| |0| |0|COCINA LADO|10|0|192353.00|0.00|0.00|19235.00|1|1|0.00|0|0.00|0|0.00|0|0.00|0|0.00|0|0|0|19235.00|0|19235.00|1|0.00|0|0.00|0.00|0.00|0.00|0.00|0.00|36547.00|0.00|248135.00|248135.00|1|248135.00|1|0.00|0|0.00|0|0.00|0.00|0|0.00
EMPSHFT|1 Restaurante|1|1-Restaurante|22|Camilo|Tangarife|606670018|1| |0| |0|CAJA 2|7|0|0.00|0.00|0.00|0.00|0|0|0.00|0|0.00|0|0.00|0|0.00|0|0.00|0|0|0|0.00|0|0.00|0|0.00|0|211588.00|0.00|0.00|0.00|0.00|0.00|0.00|0.00|0.00|0.00|0|0.00|0|0.00|0|0.00|0|0.00|0.00|0|0.00
EMPSHFT|1 Restaurante|1|1-Restaurante|22|Yasser Enrique|Ortiz Pacheco|606680002|1| |0| |0|CAJA 2|7|0|0.00|0.00|0.00|0.00|0|0|0.00|0|0.00|0|0.00|0|0.00|0|0.00|0|0|0|0.00|0|0.00|0|0.00|0|0.00|0.00|0.00|0.00|0.00|0.00|0.00|0.00|0.00|0.00|0|0.00|3|0.00|0|0.00|0|0.00|0.00|0|0.00
EMPSHFT|1 Restaurante|1|1-Restaurante|22|Yasser Enrique|Ortiz Pacheco|606680002|1| |0| |0|MARILYN|5|0|0.00|0.00|0.00|0.00|0|0|0.00|0|0.00|0|0.00|0|0.00|0|0.00|0|0|0|0.00|0|0.00|0|0.00|0|0.00|0.00|0.00|0.00|0.00|0.00|0.00|0.00|0.00|0.00|1|0.00|0|0.00|0|0.00|0|0.00|0.00|0|0.00
EMPSHFT|1 Restaurante|1|1-Restaurante|22|Yasser Enrique|Ortiz Pacheco|606680002|1| |0| |0|CAJA 1|6|0|0.00|0.00|0.00|0.00|0|0|0.00|0|0.00|0|0.00|0|0.00|0|0.00|0|0|0|0.00|0|0.00|0|0.00|0|0.00|0.00|0.00|0.00|0.00|0.00|0.00|0.00|0.00|0.00|1|0.00|0|0.00|0|0.00|0|0.00|0.00|0|0.00
EMPSHFT|1 Restaurante|1|1-Restaurante|22|Yasser Enrique|Ortiz Pacheco|606680002|1| |0| |0|TERRAZA|8|0|0.00|0.00|0.00|0.00|0|0|0.00|0|0.00|0|0.00|0|0.00|0|0.00|0|0|0|0.00|0|0.00|0|0.00|0|0.00|0.00|0.00|0.00|0.00|0.00|0.00|0.00|0.00|0.00|1|0.00|0|0.00|0|0.00|0|0.00|0.00|0|0.00
EMPSHFT|1 Restaurante|1|1-Restaurante|22|Rosmar|Arevalo|606680003|1| |0| |0|CAJA 2|7|0|1.00|0.00|0.00|62219.00|1|1|0.00|0|0.00|0|0.00|0|0.00|0|0.00|0|0|0|62219.00|0|62219.00|1|0.00|0|1.00|0.00|0.00|0.00|0.00|0.00|0.00|0.00|62220.00|62220.00|1|62220.00|1|0.00|0|0.00|0|0.00|0.00|0|0.00
EMPSHFT|1 Restaurante|1|1-Restaurante|22|Hector|Diaz|606680011|1| |0| |0|PUERTO|9|0|1235290.00|0.00|0.00|0.00|23|0|0.00|0|0.00|0|0.00|0|0.00|0|0.00|0|0|0|0.00|0|0.00|0|0.00|0|1235290.00|0.00|0.00|0.00|0.00|0.00|234710.00|0.00|1470000.00|1470000.00|23|1470000.00|23|0.00|0|0.00|0|0.00|0.00|0|0.00
EMPDSC|1 Restaurante|1|1-Restaurante|22|Pedro|Carrero|606630050|Descuento %|1|Descuento %|1|-36304.00|1|-36304.00
EMPTM|1 Restaurante|1|1-Restaurante|22|Marilin Paola|Zabaleta Cuellar|606630003|Contado|102|Contado|102|Payment|0.00|0
EMPTM|1 Restaurante|1|1-Restaurante|22|Juliander Alexander |Lara Muñoz|606630012|Contado|102|Contado|102|Payment|0.00|0
EMPTM|1 Restaurante|1|1-Restaurante|22|Rosmar|Arevalo|606680003|Efectivo |101|Efectivo |101|Payment|5685690.00|28
EMPTM|2 Almacen|2|2-Almacen|2|Rosmar|Arevalo|606680003|Efectivo |101|Efectivo |101|Payment|55000.00|1
EMPTM|1 Restaurante|1|1-Restaurante|22|Rosmar|Arevalo|606680003|Contado|102|Contado|102|Payment|0.00|0
EMPTM|1 Restaurante|1|1-Restaurante|22|Rosmar|Arevalo|606680003|American Express|201|American Express|201|Payment|5382821.00|11
EMPTM|1 Restaurante|1|1-Restaurante|22|Rosmar|Arevalo|606680003|Master Card|202|Master Card|202|Payment|26265683.00|68
EMPTM|2 Almacen|2|2-Almacen|2|Rosmar|Arevalo|606680003|Master Card|202|Master Card|202|Payment|52500.00|2
EMPTM|1 Restaurante|1|1-Restaurante|22|Rosmar|Arevalo|606680003|Cuenta X Cobrar|206|Cuenta X Cobrar|206|Payment|40831.00|3
EMPTM|1 Restaurante|1|1-Restaurante|22|Rosmar|Arevalo|606680003|Visa|204|Visa|204|Payment|37403641.00|69
EMPTM|2 Almacen|2|2-Almacen|2|Rosmar|Arevalo|606680003|Visa|204|Visa|204|Payment|130000.00|2
EMPTM|1 Restaurante|1|1-Restaurante|22|Mauricio|Acosta|606650004|Contado|102|Contado|102|Payment|0.00|0
EMPTM|1 Restaurante|1|1-Restaurante|22|Viviana|Maldonado|606630033|Contado|102|Contado|102|Payment|0.00|0
EMPTM|1 Restaurante|1|1-Restaurante|22|Moises|Cotes|606630037|Contado|102|Contado|102|Payment|0.00|0
EMPTM|1 Restaurante|1|1-Restaurante|22|Karem|Lopez|606630046|Contado|102|Contado|102|Payment|0.00|0
EMPTM|1 Restaurante|1|1-Restaurante|22|Pedro|Carrero|606630050|Contado|102|Contado|102|Payment|0.00|0
EMPTM|1 Restaurante|1|1-Restaurante|22|Jhonatan|Gutierrez|606630059|Contado|102|Contado|102|Payment|0.00|0
EMPTM|1 Restaurante|1|1-Restaurante|22|Winder|Castaño|606630063|Contado|102|Contado|102|Payment|0.00|0
EMPTM|1 Restaurante|1|1-Restaurante|22|Esther|Gonzalez|606630064|Contado|102|Contado|102|Payment|0.00|0
EMPTM|1 Restaurante|1|1-Restaurante|22|Alvaro|Viloria|606630065|Contado|102|Contado|102|Payment|0.00|0
EMPTM|1 Restaurante|1|1-Restaurante|22|Miguel A.|Cabarcas|606670016|Contado|102|Contado|102|Payment|0.00|0
EMPTM|1 Restaurante|1|1-Restaurante|22|Viviana|Maldonado M.|606670017|Contado|102|Contado|102|Payment|0.00|0
EMPTM|1 Restaurante|1|1-Restaurante|22|Camilo|Tangarife|606670018|Contado|102|Contado|102|Payment|0.00|0
EMPTM|1 Restaurante|1|1-Restaurante|22|Valentina|Rodriguez|606630077|Contado|102|Contado|102|Payment|0.00|0
EMPTM|1 Restaurante|1|1-Restaurante|22|Alba|Quintero|606630079|Contado|102|Contado|102|Payment|0.00|0
EMPTM|2 Almacen|2|2-Almacen|2|Alba|Quintero|606630079|Contado|102|Contado|102|Payment|0.00|0
EMPTM|1 Restaurante|1|1-Restaurante|22|Hector|Diaz|606680011|Efectivo |101|Efectivo |101|Payment|450000.00|8
EMPTM|1 Restaurante|1|1-Restaurante|22|Hector|Diaz|606680011|Master Card|202|Master Card|202|Payment|390000.00|6
EMPTM|1 Restaurante|1|1-Restaurante|22|Hector|Diaz|606680011|Visa|204|Visa|204|Payment|630000.00|10
EMPTM|1 Restaurante|1|1-Restaurante|22|Jose|Cerchar Colon|302270005|Efectivo |101|Efectivo |101|Payment|180000.00|3
EMPTM|1 Restaurante|1|1-Restaurante|22|Jose|Cerchar Colon|302270005|American Express|201|American Express|201|Payment|60000.00|1
EMPTM|1 Restaurante|1|1-Restaurante|22|Jose|Cerchar Colon|302270005|Master Card|202|Master Card|202|Payment|480000.00|6
EMPTM|1 Restaurante|1|1-Restaurante|22|Jose|Cerchar Colon|302270005|Visa|204|Visa|204|Payment|420000.00|4
EMPTM|1 Restaurante|1|1-Restaurante|22|Leonardo de Jesus|Avila Perez|112|Contado|102|Contado|102|Payment|0.00|0
EMPOTSLS|1 Restaurante|1|1-Restaurante|22|Alvaro|Viloria|606630065|Para Aqui|1|Para Aqui|1|30|99|0|0|10269030.00|0.00|0.00|0|0.00|0|0.00|0.00|0|0.00|0|0.00|0|0.00|0|0.00|0|0.00|0|0.00|0|0.00|0|0.00|0.00|10269030.00
EMPOTSLS|1 Restaurante|1|1-Restaurante|22|Winder|Castaño|606630063|Para Aqui|1|Para Aqui|1|2|12|0|0|2770595.00|0.00|0.00|0|0.00|0|0.00|0.00|0|0.00|0|0.00|0|0.00|0|0.00|0|0.00|0|0.00|0|0.00|0|0.00|0.00|2770595.00
EMPOTSLS|1 Restaurante|1|1-Restaurante|22|Jose|Cerchar Colon|302270005|Para Aqui|1|Para Aqui|1|14|0|0|0|957980.00|0.00|0.00|0|0.00|0|0.00|0.00|0|0.00|0|0.00|0|0.00|0|0.00|0|0.00|0|0.00|0|0.00|0|0.00|0.00|957980.00
EMPOTSLS|1 Restaurante|1|1-Restaurante|22|Marilin Paola|Zabaleta Cuellar|606630003|Para Aqui|1|Para Aqui|1|33|84|0|0|11190099.00|0.00|0.00|0|0.00|0|0.00|0.00|0|0.00|0|0.00|0|0.00|0|0.00|0|0.00|0|0.00|0|0.00|0|0.00|0.00|11190099.00
EMPOTSLS|1 Restaurante|1|1-Restaurante|22|Viviana|Maldonado|606630033|Para Aqui|1|Para Aqui|1|11|53|0|0|5474788.00|0.00|0.00|0|0.00|0|0.00|0.00|0|0.00|0|0.00|0|0.00|0|0.00|0|0.00|0|0.00|0|0.00|0|0.00|0.00|5474788.00
EMPOTSLS|1 Restaurante|1|1-Restaurante|22|Rosmar|Arevalo|606680003|Para Aqui|1|Para Aqui|1|1|1|0|0|1.00|0.00|0.00|0|0.00|0|0.00|0.00|0|0.00|0|0.00|0|0.00|0|0.00|0|0.00|0|0.00|0|0.00|0|0.00|0.00|1.00
EMPOTSLS|1 Restaurante|1|1-Restaurante|22|Karem|Lopez|606630046|Para Aqui|1|Para Aqui|1|2|10|0|0|93109.00|0.00|0.00|0|0.00|0|0.00|0.00|0|0.00|0|0.00|0|0.00|0|0.00|0|0.00|0|0.00|0|0.00|0|0.00|0.00|93109.00
EMPOTSLS|1 Restaurante|1|1-Restaurante|22|Esther|Gonzalez|606630064|Para Aqui|1|Para Aqui|1|25|44|0|0|10959513.00|0.00|0.00|0|0.00|0|0.00|0.00|0|0.00|0|0.00|0|0.00|0|0.00|0|0.00|0|0.00|0|0.00|0|0.00|0.00|10959513.00
EMPOTSLS|1 Restaurante|1|1-Restaurante|22|Valentina|Rodriguez|606630077|Para Aqui|1|Para Aqui|1|10|19|0|0|5875967.00|0.00|0.00|0|0.00|0|0.00|0.00|0|0.00|0|0.00|0|0.00|0|0.00|0|0.00|0|0.00|0|0.00|0|0.00|0.00|5875967.00
EMPOTSLS|2 Almacen|2|2-Almacen|2|Alba|Quintero|606630079|Para Aqui|1|Para Aqui|1|5|5|0|0|199580.00|0.00|0.00|0|0.00|0|0.00|0.00|0|0.00|0|0.00|0|0.00|0|0.00|0|0.00|0|0.00|0|0.00|0|0.00|0.00|199580.00
EMPOTSLS|1 Restaurante|1|1-Restaurante|22|Alba|Quintero|606630079|Para Aqui|1|Para Aqui|1|6|23|0|0|2176218.00|0.00|0.00|0|0.00|0|0.00|0.00|0|0.00|0|0.00|0|0.00|0|0.00|0|0.00|0|0.00|0|0.00|0|0.00|0.00|2176218.00
EMPOTSLS|1 Restaurante|1|1-Restaurante|22|Moises|Cotes|606630037|Para Aqui|1|Para Aqui|1|33|77|0|0|7842940.00|0.00|0.00|0|0.00|0|0.00|0.00|0|0.00|0|0.00|0|0.00|0|0.00|0|0.00|0|0.00|0|0.00|0|0.00|0.00|7842940.00
EMPOTSLS|1 Restaurante|1|1-Restaurante|22|Pedro|Carrero|606630050|Para Aqui|1|Para Aqui|1|1|2|0|0|0.00|0.00|0.00|0|0.00|0|0.00|0.00|0|0.00|0|0.00|0|0.00|0|0.00|0|0.00|0|0.00|0|0.00|0|0.00|0.00|0.00
EMPOTSLS|1 Restaurante|1|1-Restaurante|22|Camilo|Tangarife|606670018|Para Aqui|1|Para Aqui|1|1|1|0|0|192353.00|0.00|0.00|0|0.00|0|0.00|0.00|0|0.00|0|0.00|0|0.00|0|0.00|0|0.00|0|0.00|0|0.00|0|0.00|0.00|192353.00
EMPOTSLS|1 Restaurante|1|1-Restaurante|22|Jhonatan|Gutierrez|606630059|Para Aqui|1|Para Aqui|1|4|10|0|0|1291429.00|0.00|0.00|0|0.00|0|0.00|0.00|0|0.00|0|0.00|0|0.00|0|0.00|0|0.00|0|0.00|0|0.00|0|0.00|0.00|1291429.00
EMPOTSLS|1 Restaurante|1|1-Restaurante|22|Hector|Diaz|606680011|Para Aqui|1|Para Aqui|1|23|0|0|0|1235290.00|0.00|0.00|0|0.00|0|0.00|0.00|0|0.00|0|0.00|0|0.00|0|0.00|0|0.00|0|0.00|0|0.00|0|0.00|0.00|1235290.00
