FPID|AHP|Andres Hyatt Place|20241211|20241211|20250112|125840|2.00|2.00|Simphony|19.7.2
FPSUM|1-Restautante|1|1-Restautante|28|398067.00|39806.00|0|0|0.00|0|75633.00|1|5|0|0|0|0.00|0.00|314200.00|0|0|0|0.00|0|0.00|0|0.00|0|513506.00|1|0.00|0|0.00|0|0.00|0|0.00|0.00|18|76|398067.00|0.00|0.00|0.00|398067.00|0.00|0.00|0.00|0.00|0.00|0.00|0.00|0.00
FPSUM|1-Restautante|1|1-Restautante|28|0.00|0.00|0|0|0.00|0|0.00|0|0|0|0|0|0.00|0.00|0.00|0|0|0|0.00|0|0.00|0|0.00|0|4.00|0|18280.00|4|0.00|0|0.00|0|0.00|0.00|22|89|0.00|0.00|0.00|0.00|0.00|0.00|0.00|0.00|0.00|0.00|0.00|0.00|0.00
FPSUM|1-Restautante|1|1-Restautante|28|154454.00|9026.00|0|0|0.00|0|29346.00|2|2|0|0|0|0.00|0.00|218151.00|0|0|0|0.00|0|0.00|0|0.00|0|192826.00|3|350553.00|2|0.00|0|0.00|0|0.00|-6419.00|13|55|154454.00|0.00|0.00|0.00|154454.00|0.00|0.00|0.00|0.00|0.00|0.00|0.00|0.00
FPSUM|1-Restautante|1|1-Restautante|28|10420.00|1042.00|0|0|0.00|0|1980.00|0|0|0|0|0|0.00|0.00|-10300.00|0|0|0|0.00|0|0.00|0|0.00|0|13442.00|0|0.00|0|0.00|0|0.00|0|0.00|0.00|20|82|10420.00|0.00|0.00|0.00|10420.00|0.00|0.00|0.00|0.00|0.00|0.00|0.00|0.00
FPSUM|1-Restautante|1|1-Restautante|28|0.00|1.00|0|0|0.00|0|0.00|1|0|0|0|0|0.00|0.00|251933.00|0|0|0|0.00|0|0.00|0|0.00|0|1.00|1|189489.00|2|0.00|0|0.00|0|0.00|0.00|14|58|0.00|0.00|0.00|0.00|0.00|0.00|0.00|0.00|0.00|0.00|0.00|0.00|0.00
FPSUM|1-Restautante|1|1-Restautante|28|15546.00|1554.00|0|0|0.00|0|2954.00|0|0|0|0|0|0.00|0.00|14622.00|0|0|0|0.00|0|0.00|0|0.00|0|20054.00|0|0.00|0|0.00|0|0.00|0|0.00|0.00|18|73|15546.00|0.00|0.00|0.00|15546.00|0.00|0.00|0.00|0.00|0.00|0.00|0.00|0.00
FPSUM|1-Restautante|1|1-Restautante|28|0.00|0.00|0|0|0.00|0|0.00|0|0|0|0|0|0.00|0.00|40000.00|0|0|0|0.00|0|0.00|0|0.00|0|0.00|0|42711.00|1|0.00|0|0.00|0|0.00|0.00|16|66|0.00|0.00|0.00|0.00|0.00|0.00|0.00|0.00|0.00|0.00|0.00|0.00|0.00
FPSUM|1-Restautante|1|1-Restautante|28|0.00|0.00|0|0|0.00|0|0.00|0|0|0|0|0|0.00|0.00|0.00|0|0|0|0.00|0|0.00|0|0.00|0|0.00|0|0.00|0|0.00|0|0.00|0|0.00|0.00|21|87|0.00|0.00|0.00|0.00|0.00|0.00|0.00|0.00|0.00|0.00|0.00|0.00|0.00
FPSUM|1-Restautante|1|1-Restautante|28|0.00|0.00|0|0|0.00|0|0.00|0|0|0|0|0|0.00|0.00|0.00|0|0|0|0.00|0|0.00|0|0.00|0|0.00|0|0.00|0|0.00|0|0.00|0|0.00|0.00|22|90|0.00|0.00|0.00|0.00|0.00|0.00|0.00|0.00|0.00|0.00|0.00|0.00|0.00
FPSUM|1-Restautante|1|1-Restautante|28|0.00|0.00|0|0|0.00|0|0.00|0|0|0|0|0|0.00|0.00|125042.00|0|0|0|0.00|0|0.00|0|0.00|0|0.00|0|1037420.00|1|0.00|0|0.00|0|0.00|0.00|14|57|0.00|0.00|0.00|0.00|0.00|0.00|0.00|0.00|0.00|0.00|0.00|0.00|0.00
FPSUM|1-Restautante|1|1-Restautante|28|118741.00|11874.00|0|0|0.00|0|22559.00|1|2|0|0|0|0.00|0.00|69412.00|0|0|0|0.00|0|0.00|0|0.00|0|153174.00|1|151006.00|1|0.00|0|0.00|0|0.00|0.00|14|59|118741.00|0.00|0.00|0.00|118741.00|0.00|0.00|0.00|0.00|0.00|0.00|0.00|0.00
FPSUM|1-Restautante|1|1-Restautante|28|70336.00|7034.00|0|0|0.00|0|13364.00|1|1|0|0|0|0.00|0.00|158656.00|0|0|0|0.00|0|0.00|0|0.00|0|90734.00|1|0.00|0|0.00|0|0.00|0|0.00|0.00|19|77|70336.00|0.00|0.00|0.00|70336.00|0.00|0.00|0.00|0.00|0.00|0.00|0.00|0.00
FPSUM|1-Restautante|1|1-Restautante|28|540338.00|54032.00|0|0|0.00|0|102662.00|0|0|0|0|0|0.00|0.00|176723.00|0|0|0|0.00|0|0.00|0|0.00|0|697032.00|0|0.00|0|0.00|0|0.00|0|0.00|0.00|13|53|540338.00|0.00|0.00|0.00|540338.00|0.00|0.00|0.00|0.00|0.00|0.00|0.00|0.00
FPSUM|1-Restautante|1|1-Restautante|28|11681.00|1169.00|0|0|0.00|0|2219.00|0|0|0|0|0|0.00|0.00|130000.00|0|0|0|0.00|0|0.00|0|0.00|0|15069.00|0|0.00|0|0.00|0|0.00|0|0.00|0.00|17|72|11681.00|0.00|0.00|0.00|11681.00|0.00|0.00|0.00|0.00|0.00|0.00|0.00|0.00
FPSUM|1-Restautante|1|1-Restautante|28|125043.00|12504.00|0|0|0.00|0|23757.00|1|2|0|0|0|0.00|0.00|2522.00|0|0|0|0.00|0|0.00|0|0.00|0|161304.00|1|0.00|0|0.00|0|0.00|0|0.00|0.00|17|70|125043.00|0.00|0.00|0.00|125043.00|0.00|0.00|0.00|0.00|0.00|0.00|0.00|0.00
FPSUM|1-Restautante|1|1-Restautante|28|328738.00|32874.00|0|0|0.00|0|62462.00|1|1|0|0|0|0.00|0.00|238740.00|0|0|0|13800.00|1|0.00|0|0.00|0|424074.00|1|0.00|0|0.00|0|0.00|0|0.00|0.00|12|51|328738.00|0.00|0.00|0.00|328738.00|0.00|0.00|0.00|0.00|0.00|0.00|0.00|0.00
FPSUM|1-Restautante|1|1-Restautante|28|44117.00|4412.00|0|0|0.00|0|8383.00|2|2|0|0|0|0.00|0.00|6975.00|0|0|0|0.00|0|0.00|0|0.00|0|56912.00|2|0.00|0|0.00|0|0.00|0|0.00|0.00|18|74|44117.00|0.00|0.00|0.00|44117.00|0.00|0.00|0.00|0.00|0.00|0.00|0.00|0.00
FPSUM|1-Restautante|1|1-Restautante|28|151680.00|15168.00|-1480|2|0.00|0|28820.00|0|0|0|0|0|0.00|0.00|0.00|0|0|0|0.00|0|0.00|0|0.00|0|195668.00|0|405970.00|2|0.00|0|0.00|0|0.00|-255.00|20|81|151680.00|0.00|0.00|0.00|151680.00|0.00|0.00|0.00|0.00|0.00|0.00|0.00|0.00
FPSUM|1-Restautante|1|1-Restautante|28|116219.00|10949.00|0|0|0.00|0|22081.00|1|1|0|0|0|0.00|0.00|147227.00|0|0|0|0.00|0|0.00|0|0.00|0|149249.00|1|221360.00|1|0.00|0|0.00|0|0.00|0.00|13|56|116219.00|0.00|0.00|0.00|116219.00|0.00|0.00|0.00|0.00|0.00|0.00|0.00|0.00
FPSUM|1-Restautante|1|1-Restautante|28|1261.00|0.00|0|0|0.00|0|239.00|1|1|0|0|0|0.00|0.00|10000.00|0|0|0|0.00|0|0.00|0|0.00|0|1500.00|1|154674.00|2|0.00|0|0.00|0|0.00|0.00|15|63|1261.00|0.00|0.00|0.00|1261.00|0.00|0.00|0.00|0.00|0.00|0.00|0.00|0.00
FPSUM|1-Restautante|1|1-Restautante|28|0.00|0.00|0|0|0.00|0|0.00|0|0|0|0|0|0.00|0.00|-11400.00|0|0|0|0.00|0|0.00|0|0.00|0|0.00|0|260710.00|1|0.00|0|0.00|0|0.00|0.00|20|83|0.00|0.00|0.00|0.00|0.00|0.00|0.00|0.00|0.00|0.00|0.00|0.00|0.00
FPSUM|1-Restautante|1|1-Restautante|28|370083.00|31252.00|0|0|0.00|0|70317.00|5|5|0|0|0|0.00|0.00|0.00|0|0|0|0.00|0|0.00|0|0.00|0|471652.00|5|68500.00|1|0.00|0|0.00|0|0.00|-5756.00|12|50|370083.00|0.00|0.00|0.00|370083.00|0.00|0.00|0.00|0.00|0.00|0.00|0.00|0.00
FPSUM|1-Restautante|1|1-Restautante|28|200924.00|20092.00|0|0|0.00|0|38176.00|1|1|0|0|0|0.00|0.00|165210.00|0|0|0|0.00|0|0.00|0|0.00|0|259192.00|1|0.00|0|0.00|0|0.00|0|0.00|0.00|15|62|200924.00|0.00|0.00|0.00|200924.00|0.00|0.00|0.00|0.00|0.00|0.00|0.00|0.00
FPSUM|1-Restautante|1|1-Restautante|28|30252.00|3026.00|0|0|0.00|0|5748.00|0|0|0|0|0|0.00|0.00|27312.00|0|0|0|0.00|0|0.00|0|0.00|0|39026.00|0|0.00|0|0.00|0|0.00|0|0.00|0.00|19|80|30252.00|0.00|0.00|0.00|30252.00|0.00|0.00|0.00|0.00|0.00|0.00|0.00|0.00
FPSUM|1-Restautante|1|1-Restautante|28|0.00|0.00|0|0|0.00|0|0.00|0|0|0|0|0|0.00|0.00|141345.00|0|0|0|0.00|0|0.00|0|0.00|0|0.00|0|259192.00|1|0.00|0|0.00|0|0.00|0.00|15|64|0.00|0.00|0.00|0.00|0.00|0.00|0.00|0.00|0.00|0.00|0.00|0.00|0.00
FPSUM|1-Restautante|1|1-Restautante|28|155463.00|15545.00|0|0|0.00|0|29537.00|1|2|0|0|0|0.00|0.00|111597.00|0|0|0|0.00|0|0.00|0|0.00|0|200545.00|1|100490.00|1|0.00|0|0.00|0|0.00|0.00|19|79|155463.00|0.00|0.00|0.00|155463.00|0.00|0.00|0.00|0.00|0.00|0.00|0.00|0.00
FPSUM|1-Restautante|1|1-Restautante|28|182605.00|18260.00|0|0|0.00|0|34695.00|2|1|0|0|0|0.00|0.00|510757.00|0|0|0|0.00|0|0.00|0|0.00|0|235560.00|2|136588.00|1|0.00|0|0.00|0|0.00|0.00|12|52|182605.00|0.00|0.00|0.00|182605.00|0.00|0.00|0.00|0.00|0.00|0.00|0.00|0.00
FPSUM|1-Restautante|1|1-Restautante|28|69411.00|6941.00|0|0|0.00|0|13189.00|2|3|0|0|0|0.00|0.00|16387.00|0|0|0|0.00|0|0.00|0|0.00|0|89541.00|2|142984.00|1|0.00|0|0.00|0|0.00|0.00|19|78|69411.00|0.00|0.00|0.00|69411.00|0.00|0.00|0.00|0.00|0.00|0.00|0.00|0.00
FPSUM|1-Restautante|1|1-Restautante|28|33109.00|3311.00|0|0|0.00|0|6291.00|1|1|0|0|0|0.00|0.00|43193.00|0|0|0|0.00|0|0.00|0|42711.00|1|42711.00|1|0.00|0|0.00|0|0.00|0|0.00|0.00|16|65|33109.00|0.00|0.00|0.00|33109.00|0.00|0.00|0.00|0.00|0.00|0.00|0.00|0.00
FPSUM|1-Restautante|1|1-Restautante|28|0.00|-26948.00|0|0|0.00|0|0.00|0|0|0|0|0|0.00|0.00|0.00|0|0|0|0.00|0|0.00|0|0.00|0|-26949.00|0|672360.00|2|0.00|0|0.00|0|0.00|-26948.00|21|85|0.00|0.00|0.00|0.00|0.00|0.00|0.00|0.00|0.00|0.00|0.00|0.00|0.00
FPSUM|1-Restautante|1|1-Restautante|28|33530.00|2682.00|0|0|0.00|0|6370.00|1|1|0|0|0|0.00|0.00|508486.00|0|0|0|0.00|0|0.00|0|0.00|0|42582.00|1|42060.00|1|0.00|0|0.00|0|0.00|0.00|13|54|33530.00|0.00|0.00|0.00|33530.00|0.00|0.00|0.00|0.00|0.00|0.00|0.00|0.00
FPSUM|1-Restautante|1|1-Restautante|28|16639.00|1663.00|0|0|0.00|0|3161.00|1|1|0|0|0|0.00|0.00|59159.00|0|0|0|0.00|0|0.00|0|0.00|0|21463.00|1|0.00|0|0.00|0|0.00|0|0.00|0.00|17|71|16639.00|0.00|0.00|0.00|16639.00|0.00|0.00|0.00|0.00|0.00|0.00|0.00|0.00
FPSUM|1-Restautante|1|1-Restautante|28|328909.00|32890.00|0|0|0.00|0|62491.00|1|1|0|0|0|0.00|0.00|490422.00|0|0|0|0.00|0|0.00|0|0.00|0|424290.00|1|229815.00|2|0.00|0|0.00|0|0.00|0.00|18|75|328909.00|0.00|0.00|0.00|328909.00|0.00|0.00|0.00|0.00|0.00|0.00|0.00|0.00
FPOT|1-Restautante|1|1-Restautante|28|Para Aqui|1|Para Aqui|1|44117.00|4412.00|0.00|0|0.00|0|8383.00|2|2|0|0|0|0.00|0.00|6975.00|0|0|0|0.00|0|0.00|0|0.00|0|56912.00|2|0.00|0|0.00|0|0.00|0|0.00|0.00|18|74|44117.00|0.00|0.00|0.00|44117.00|0.00|0.00|0.00|0.00|0.00|0.00|0.00|0.00
FPOT|1-Restautante|1|1-Restautante|28|Para Aqui|1|Para Aqui|1|0.00|0.00|0.00|0|0.00|0|0.00|0|0|0|0|0|0.00|0.00|0.00|0|0|0|0.00|0|0.00|0|0.00|0|0.00|0|0.00|0|0.00|0|0.00|0|0.00|0.00|21|87|0.00|0.00|0.00|0.00|0.00|0.00|0.00|0.00|0.00|0.00|0.00|0.00|0.00
FPOT|1-Restautante|1|1-Restautante|28|Para Aqui|1|Para Aqui|1|16639.00|1663.00|0.00|0|0.00|0|3161.00|1|1|0|0|0|0.00|0.00|59159.00|0|0|0|0.00|0|0.00|0|0.00|0|21463.00|1|0.00|0|0.00|0|0.00|0|0.00|0.00|17|71|16639.00|0.00|0.00|0.00|16639.00|0.00|0.00|0.00|0.00|0.00|0.00|0.00|0.00
FPOT|1-Restautante|1|1-Restautante|28|Para Aqui|1|Para Aqui|1|10420.00|1042.00|0.00|0|0.00|0|1980.00|0|0|0|0|0|0.00|0.00|-10300.00|0|0|0|0.00|0|0.00|0|0.00|0|13442.00|0|0.00|0|0.00|0|0.00|0|0.00|0.00|20|82|10420.00|0.00|0.00|0.00|10420.00|0.00|0.00|0.00|0.00|0.00|0.00|0.00|0.00
FPOT|1-Restautante|1|1-Restautante|28|Para Aqui|1|Para Aqui|1|15546.00|1554.00|0.00|0|0.00|0|2954.00|0|0|0|0|0|0.00|0.00|14622.00|0|0|0|0.00|0|0.00|0|0.00|0|20054.00|0|0.00|0|0.00|0|0.00|0|0.00|0.00|18|73|15546.00|0.00|0.00|0.00|15546.00|0.00|0.00|0.00|0.00|0.00|0.00|0.00|0.00
FPOT|1-Restautante|1|1-Restautante|28|Para Aqui|1|Para Aqui|1|328738.00|32874.00|0.00|0|0.00|0|62462.00|1|1|0|0|0|0.00|0.00|238740.00|0|0|0|13800.00|1|0.00|0|0.00|0|424074.00|1|0.00|0|0.00|0|0.00|0|0.00|0.00|12|51|328738.00|0.00|0.00|0.00|328738.00|0.00|0.00|0.00|0.00|0.00|0.00|0.00|0.00
FPOT|1-Restautante|1|1-Restautante|28|Para Aqui|1|Para Aqui|1|11681.00|1169.00|0.00|0|0.00|0|2219.00|0|0|0|0|0|0.00|0.00|130000.00|0|0|0|0.00|0|0.00|0|0.00|0|15069.00|0|0.00|0|0.00|0|0.00|0|0.00|0.00|17|72|11681.00|0.00|0.00|0.00|11681.00|0.00|0.00|0.00|0.00|0.00|0.00|0.00|0.00
FPOT|1-Restautante|1|1-Restautante|28|Para Aqui|1|Para Aqui|1|154454.00|9026.00|0.00|0|0.00|0|29346.00|2|2|0|0|0|0.00|0.00|218151.00|0|0|0|0.00|0|0.00|0|0.00|0|192826.00|3|350553.00|2|0.00|0|0.00|0|0.00|-6419.00|13|55|154454.00|0.00|0.00|0.00|154454.00|0.00|0.00|0.00|0.00|0.00|0.00|0.00|0.00
FPOT|1-Restautante|1|1-Restautante|28|Para Aqui|1|Para Aqui|1|398067.00|39806.00|0.00|0|0.00|0|75633.00|1|5|0|0|0|0.00|0.00|314200.00|0|0|0|0.00|0|0.00|0|0.00|0|513506.00|1|0.00|0|0.00|0|0.00|0|0.00|0.00|18|76|398067.00|0.00|0.00|0.00|398067.00|0.00|0.00|0.00|0.00|0.00|0.00|0.00|0.00
FPOT|1-Restautante|1|1-Restautante|28|Para Aqui|1|Para Aqui|1|182605.00|18260.00|0.00|0|0.00|0|34695.00|2|1|0|0|0|0.00|0.00|510757.00|0|0|0|0.00|0|0.00|0|0.00|0|235560.00|2|136588.00|1|0.00|0|0.00|0|0.00|0.00|12|52|182605.00|0.00|0.00|0.00|182605.00|0.00|0.00|0.00|0.00|0.00|0.00|0.00|0.00
FPOT|1-Restautante|1|1-Restautante|28|Para Aqui|1|Para Aqui|1|0.00|0.00|0.00|0|0.00|0|0.00|0|0|0|0|0|0.00|0.00|0.00|0|0|0|0.00|0|0.00|0|0.00|0|4.00|0|18280.00|4|0.00|0|0.00|0|0.00|0.00|22|89|0.00|0.00|0.00|0.00|0.00|0.00|0.00|0.00|0.00|0.00|0.00|0.00|0.00
FPOT|1-Restautante|1|1-Restautante|28|Para Aqui|1|Para Aqui|1|0.00|0.00|0.00|0|0.00|0|0.00|0|0|0|0|0|0.00|0.00|141345.00|0|0|0|0.00|0|0.00|0|0.00|0|0.00|0|259192.00|1|0.00|0|0.00|0|0.00|0.00|15|64|0.00|0.00|0.00|0.00|0.00|0.00|0.00|0.00|0.00|0.00|0.00|0.00|0.00
FPOT|1-Restautante|1|1-Restautante|28|Para Aqui|1|Para Aqui|1|370083.00|31252.00|0.00|0|0.00|0|70317.00|5|5|0|0|0|0.00|0.00|0.00|0|0|0|0.00|0|0.00|0|0.00|0|471652.00|5|68500.00|1|0.00|0|0.00|0|0.00|-5756.00|12|50|370083.00|0.00|0.00|0.00|370083.00|0.00|0.00|0.00|0.00|0.00|0.00|0.00|0.00
FPOT|1-Restautante|1|1-Restautante|28|Para Aqui|1|Para Aqui|1|328909.00|32890.00|0.00|0|0.00|0|62491.00|1|1|0|0|0|0.00|0.00|490422.00|0|0|0|0.00|0|0.00|0|0.00|0|424290.00|1|229815.00|2|0.00|0|0.00|0|0.00|0.00|18|75|328909.00|0.00|0.00|0.00|328909.00|0.00|0.00|0.00|0.00|0.00|0.00|0.00|0.00
FPOT|1-Restautante|1|1-Restautante|28|Para Aqui|1|Para Aqui|1|0.00|0.00|0.00|0|0.00|0|0.00|0|0|0|0|0|0.00|0.00|125042.00|0|0|0|0.00|0|0.00|0|0.00|0|0.00|0|1037420.00|1|0.00|0|0.00|0|0.00|0.00|14|57|0.00|0.00|0.00|0.00|0.00|0.00|0.00|0.00|0.00|0.00|0.00|0.00|0.00
FPOT|1-Restautante|1|1-Restautante|28|Para Aqui|1|Para Aqui|1|155463.00|15545.00|0.00|0|0.00|0|29537.00|1|2|0|0|0|0.00|0.00|111597.00|0|0|0|0.00|0|0.00|0|0.00|0|200545.00|1|100490.00|1|0.00|0|0.00|0|0.00|0.00|19|79|155463.00|0.00|0.00|0.00|155463.00|0.00|0.00|0.00|0.00|0.00|0.00|0.00|0.00
FPOT|1-Restautante|1|1-Restautante|28|Para Aqui|1|Para Aqui|1|0.00|0.00|0.00|0|0.00|0|0.00|0|0|0|0|0|0.00|0.00|40000.00|0|0|0|0.00|0|0.00|0|0.00|0|0.00|0|42711.00|1|0.00|0|0.00|0|0.00|0.00|16|66|0.00|0.00|0.00|0.00|0.00|0.00|0.00|0.00|0.00|0.00|0.00|0.00|0.00
FPOT|1-Restautante|1|1-Restautante|28|Para Aqui|1|Para Aqui|1|200924.00|20092.00|0.00|0|0.00|0|38176.00|1|1|0|0|0|0.00|0.00|165210.00|0|0|0|0.00|0|0.00|0|0.00|0|259192.00|1|0.00|0|0.00|0|0.00|0|0.00|0.00|15|62|200924.00|0.00|0.00|0.00|200924.00|0.00|0.00|0.00|0.00|0.00|0.00|0.00|0.00
FPOT|1-Restautante|1|1-Restautante|28|Para Aqui|1|Para Aqui|1|116219.00|10949.00|0.00|0|0.00|0|22081.00|1|1|0|0|0|0.00|0.00|147227.00|0|0|0|0.00|0|0.00|0|0.00|0|149249.00|1|221360.00|1|0.00|0|0.00|0|0.00|0.00|13|56|116219.00|0.00|0.00|0.00|116219.00|0.00|0.00|0.00|0.00|0.00|0.00|0.00|0.00
FPOT|1-Restautante|1|1-Restautante|28|Para Aqui|1|Para Aqui|1|33530.00|2682.00|0.00|0|0.00|0|6370.00|1|1|0|0|0|0.00|0.00|508486.00|0|0|0|0.00|0|0.00|0|0.00|0|42582.00|1|42060.00|1|0.00|0|0.00|0|0.00|0.00|13|54|33530.00|0.00|0.00|0.00|33530.00|0.00|0.00|0.00|0.00|0.00|0.00|0.00|0.00
FPOT|1-Restautante|1|1-Restautante|28|Para Aqui|1|Para Aqui|1|540338.00|54032.00|0.00|0|0.00|0|102662.00|0|0|0|0|0|0.00|0.00|176723.00|0|0|0|0.00|0|0.00|0|0.00|0|697032.00|0|0.00|0|0.00|0|0.00|0|0.00|0.00|13|53|540338.00|0.00|0.00|0.00|540338.00|0.00|0.00|0.00|0.00|0.00|0.00|0.00|0.00
FPOT|1-Restautante|1|1-Restautante|28|Para Aqui|1|Para Aqui|1|125043.00|12504.00|0.00|0|0.00|0|23757.00|1|2|0|0|0|0.00|0.00|2522.00|0|0|0|0.00|0|0.00|0|0.00|0|161304.00|1|0.00|0|0.00|0|0.00|0|0.00|0.00|17|70|125043.00|0.00|0.00|0.00|125043.00|0.00|0.00|0.00|0.00|0.00|0.00|0.00|0.00
FPOT|1-Restautante|1|1-Restautante|28|Para Aqui|1|Para Aqui|1|151680.00|15168.00|-1480.00|2|0.00|0|28820.00|0|0|0|0|0|0.00|0.00|0.00|0|0|0|0.00|0|0.00|0|0.00|0|195668.00|0|405970.00|2|0.00|0|0.00|0|0.00|-255.00|20|81|151680.00|0.00|0.00|0.00|151680.00|0.00|0.00|0.00|0.00|0.00|0.00|0.00|0.00
FPOT|1-Restautante|1|1-Restautante|28|Para Aqui|1|Para Aqui|1|1261.00|0.00|0.00|0|0.00|0|239.00|1|1|0|0|0|0.00|0.00|10000.00|0|0|0|0.00|0|0.00|0|0.00|0|1500.00|1|154674.00|2|0.00|0|0.00|0|0.00|0.00|15|63|1261.00|0.00|0.00|0.00|1261.00|0.00|0.00|0.00|0.00|0.00|0.00|0.00|0.00
FPOT|1-Restautante|1|1-Restautante|28|Para Aqui|1|Para Aqui|1|0.00|0.00|0.00|0|0.00|0|0.00|0|0|0|0|0|0.00|0.00|-11400.00|0|0|0|0.00|0|0.00|0|0.00|0|0.00|0|260710.00|1|0.00|0|0.00|0|0.00|0.00|20|83|0.00|0.00|0.00|0.00|0.00|0.00|0.00|0.00|0.00|0.00|0.00|0.00|0.00
FPOT|1-Restautante|1|1-Restautante|28|Para Aqui|1|Para Aqui|1|0.00|-26948.00|0.00|0|0.00|0|0.00|0|0|0|0|0|0.00|0.00|0.00|0|0|0|0.00|0|0.00|0|0.00|0|-26949.00|0|672360.00|2|0.00|0|0.00|0|0.00|-26948.00|21|85|0.00|0.00|0.00|0.00|0.00|0.00|0.00|0.00|0.00|0.00|0.00|0.00|0.00
FPOT|1-Restautante|1|1-Restautante|28|Para Aqui|1|Para Aqui|1|70336.00|7034.00|0.00|0|0.00|0|13364.00|1|1|0|0|0|0.00|0.00|158656.00|0|0|0|0.00|0|0.00|0|0.00|0|90734.00|1|0.00|0|0.00|0|0.00|0|0.00|0.00|19|77|70336.00|0.00|0.00|0.00|70336.00|0.00|0.00|0.00|0.00|0.00|0.00|0.00|0.00
FPOT|1-Restautante|1|1-Restautante|28|Para Aqui|1|Para Aqui|1|0.00|1.00|0.00|0|0.00|0|0.00|1|0|0|0|0|0.00|0.00|251933.00|0|0|0|0.00|0|0.00|0|0.00|0|1.00|1|189489.00|2|0.00|0|0.00|0|0.00|0.00|14|58|0.00|0.00|0.00|0.00|0.00|0.00|0.00|0.00|0.00|0.00|0.00|0.00|0.00
FPOT|1-Restautante|1|1-Restautante|28|Para Aqui|1|Para Aqui|1|118741.00|11874.00|0.00|0|0.00|0|22559.00|1|2|0|0|0|0.00|0.00|69412.00|0|0|0|0.00|0|0.00|0|0.00|0|153174.00|1|151006.00|1|0.00|0|0.00|0|0.00|0.00|14|59|118741.00|0.00|0.00|0.00|118741.00|0.00|0.00|0.00|0.00|0.00|0.00|0.00|0.00
FPOT|1-Restautante|1|1-Restautante|28|Para Aqui|1|Para Aqui|1|69411.00|6941.00|0.00|0|0.00|0|13189.00|2|3|0|0|0|0.00|0.00|16387.00|0|0|0|0.00|0|0.00|0|0.00|0|89541.00|2|142984.00|1|0.00|0|0.00|0|0.00|0.00|19|78|69411.00|0.00|0.00|0.00|69411.00|0.00|0.00|0.00|0.00|0.00|0.00|0.00|0.00
FPOT|1-Restautante|1|1-Restautante|28|Para Aqui|1|Para Aqui|1|33109.00|3311.00|0.00|0|0.00|0|6291.00|1|1|0|0|0|0.00|0.00|43193.00|0|0|0|0.00|0|0.00|0|42711.00|1|42711.00|1|0.00|0|0.00|0|0.00|0|0.00|0.00|16|65|33109.00|0.00|0.00|0.00|33109.00|0.00|0.00|0.00|0.00|0.00|0.00|0.00|0.00
FPOT|1-Restautante|1|1-Restautante|28|Para Aqui|1|Para Aqui|1|0.00|0.00|0.00|0|0.00|0|0.00|0|0|0|0|0|0.00|0.00|0.00|0|0|0|0.00|0|0.00|0|0.00|0|0.00|0|0.00|0|0.00|0|0.00|0|0.00|0.00|22|90|0.00|0.00|0.00|0.00|0.00|0.00|0.00|0.00|0.00|0.00|0.00|0.00|0.00
FPOT|1-Restautante|1|1-Restautante|28|Para Aqui|1|Para Aqui|1|30252.00|3026.00|0.00|0|0.00|0|5748.00|0|0|0|0|0|0.00|0.00|27312.00|0|0|0|0.00|0|0.00|0|0.00|0|39026.00|0|0.00|0|0.00|0|0.00|0|0.00|0.00|19|80|30252.00|0.00|0.00|0.00|30252.00|0.00|0.00|0.00|0.00|0.00|0.00|0.00|0.00
FPMI|1-Restautante|1|1-Restautante|28|CHURRASCO X 300 GR CON E| |9311158|CHURRASCO X 300 GR CON ENSALADA| |9311158|ALIMENTOS|10|ALIMENTOS|10|Carnes|1002|Carnes|1002|Para Aqui|1|Para Aqui|1|58655.00|0.00|58655.00|0.00|0.00|0.00|58655.00|0.00|58655.00|1|58655.00|1|0|0.00|0.00|0.00|76|18
FPMI|1-Restautante|1|1-Restautante|28|ARROZ CON CAMARONES| |9314212|ARROZ CON CAMARONES| |9314212|ALIMENTOS|10|ALIMENTOS|10|Barra Marina|1001|Barra Marina|1001|Para Aqui|1|Para Aqui|1|38235.00|0.00|38235.00|0.00|0.00|0.00|38235.00|0.00|38235.00|1|38235.00|1|0|0.00|0.00|0.00|76|18
FPMI|1-Restautante|1|1-Restautante|28|PLATO DE FRIJOLES| |9304097|PLATO DE FRIJOLES| |9304097|ALIMENTOS|10|ALIMENTOS|10|Sopas Cremas|1010|Sopas Cremas|1010|Para Aqui|1|Para Aqui|1|34790.00|0.00|34790.00|0.00|0.00|0.00|34790.00|0.00|34790.00|1|34790.00|1|0|0.00|0.00|0.00|56|13
FPMI|1-Restautante|1|1-Restautante|28|CHICHARRONES 110 GR CON | |9302413|CHICHARRONES 110 GR CON GUACAMOL| |9302413|ALIMENTOS|10|ALIMENTOS|10|Para Empezar|1008|Para Empezar|1008|Para Aqui|1|Para Aqui|1|22269.00|0.00|22269.00|0.00|0.00|0.00|22269.00|0.00|22269.00|1|22269.00|1|0|0.00|0.00|0.00|78|19
FPMI|1-Restautante|1|1-Restautante|28|VOLCAN DE CHOCOLATE CON | |9320004|VOLCAN DE CHOCOLATE CON HELADO| |9320004|ALIMENTOS|10|ALIMENTOS|10|Postres|1009|Postres|1009|Para Aqui|1|Para Aqui|1|15546.00|0.00|15546.00|0.00|0.00|0.00|15546.00|0.00|15546.00|1|15546.00|1|0|0.00|0.00|0.00|80|19
FPMI|1-Restautante|1|1-Restautante|28|CHUNCHULLO CON AREPA| |9302332|CHUNCHULLO CON AREPA| |9302332|ALIMENTOS|10|ALIMENTOS|10|Para Empezar|1008|Para Empezar|1008|Para Aqui|1|Para Aqui|1|20588.00|0.00|20588.00|0.00|0.00|0.00|20588.00|0.00|20588.00|1|20588.00|1|0|0.00|0.00|0.00|52|12
FPMI|1-Restautante|1|1-Restautante|28|CHUNCHULLO CON AREPA| |9302332|CHUNCHULLO CON AREPA| |9302332|ALIMENTOS|10|ALIMENTOS|10|Para Empezar|1008|Para Empezar|1008|Para Aqui|1|Para Aqui|1|20588.00|0.00|20588.00|0.00|0.00|0.00|20588.00|0.00|20588.00|1|20588.00|1|0|0.00|0.00|0.00|50|12
FPMI|1-Restautante|1|1-Restautante|28|FRIJOLES-COLABORADORES| |9346253|FRIJOLES-COLABORADORES| |9346253|ALIMENTOS|10|ALIMENTOS|10|Cocina Gourmet|1003|Cocina Gourmet|1003|Para Aqui|1|Para Aqui|1|6723.00|0.00|6723.00|0.00|0.00|0.00|6723.00|0.00|6723.00|1|6723.00|1|0|0.00|0.00|0.00|54|13
FPMI|1-Restautante|1|1-Restautante|28|COSTILLA DE CERDO X 375 | |9110432|COSTILLA DE CERDO X 375 ACOMPA헤| |9110432|ALIMENTOS|10|ALIMENTOS|10|Carnes|1002|Carnes|1002|Para Aqui|1|Para Aqui|1|36471.00|0.00|36471.00|0.00|0.00|0.00|36471.00|0.00|36471.00|1|36471.00|1|0|0.00|0.00|0.00|53|13
FPMI|1-Restautante|1|1-Restautante|28|HUEVO FRITO ADICIONAL| |9314078|HUEVO FRITO ADICIONAL| |9314078|ALIMENTOS|10|ALIMENTOS|10|Para Empezar|1008|Para Empezar|1008|Para Aqui|1|Para Aqui|1|3109.00|0.00|3109.00|0.00|0.00|0.00|3109.00|0.00|3109.00|1|3109.00|1|0|0.00|0.00|0.00|53|13
FPMI|1-Restautante|1|1-Restautante|28|ARROZ CON CAMARONES| |9314212|ARROZ CON CAMARONES| |9314212|ALIMENTOS|10|ALIMENTOS|10|Barra Marina|1001|Barra Marina|1001|Para Aqui|1|Para Aqui|1|38235.00|0.00|38235.00|0.00|0.00|0.00|38235.00|0.00|38235.00|1|38235.00|1|0|0.00|0.00|0.00|51|12
FPMI|1-Restautante|1|1-Restautante|28|HAMBURGUESA VEGETARIANA| |9324010|HAMBURGUESA VEGETARIANA| |9324010|ALIMENTOS|10|ALIMENTOS|10|Vegetarianos|1011|Vegetarianos|1011|Para Aqui|1|Para Aqui|1|29832.00|0.00|29832.00|0.00|0.00|0.00|29832.00|0.00|29832.00|1|29832.00|1|0|0.00|0.00|0.00|62|15
FPMI|1-Restautante|1|1-Restautante|28|CONSOME CARNE Y PAPA ACO| |9304105|CONSOME CARNE Y PAPA ACOMPA헤DO | |9304105|ALIMENTOS|10|ALIMENTOS|10|Sopas Cremas|1010|Sopas Cremas|1010|Para Aqui|1|Para Aqui|1|18908.00|0.00|18908.00|0.00|0.00|0.00|18908.00|0.00|18908.00|1|18908.00|1|0|0.00|0.00|0.00|51|12
FPMI|1-Restautante|1|1-Restautante|28|AGUA MANANTIAL CON GAS| |9466004|AGUA MANANTIAL CON GAS| |9466004|BEBIDAS|20|BEBIDAS|20|Aguas|2001|Aguas|2001|Para Aqui|1|Para Aqui|1|22689.00|0.00|22689.00|0.00|0.00|0.00|22689.00|0.00|22689.00|1|22689.00|3|0|0.00|0.00|0.00|55|13
FPMI|1-Restautante|1|1-Restautante|28|LIMONADA CON HIERBABUENA| |9464206|LIMONADA CON HIERBABUENA| |9464206|BEBIDAS|20|BEBIDAS|20|Jugos|2004|Jugos|2004|Para Aqui|1|Para Aqui|1|26554.00|0.00|26554.00|0.00|0.00|0.00|26554.00|0.00|26554.00|1|26554.00|2|0|0.00|0.00|0.00|51|12
FPMI|1-Restautante|1|1-Restautante|28|GASEOSA COCA COLA| |9466076|GASEOSA COCA COLA| |9466076|BEBIDAS|20|BEBIDAS|20|Gaseosas|2003|Gaseosas|2003|Para Aqui|1|Para Aqui|1|7563.00|0.00|7563.00|0.00|0.00|0.00|7563.00|0.00|7563.00|1|7563.00|1|0|0.00|0.00|0.00|79|19
FPMI|1-Restautante|1|1-Restautante|28|SODA MARACUYA| |9464007|SODA MARACUYA| |9464007|BEBIDAS|20|BEBIDAS|20|Jugos|2004|Jugos|2004|Para Aqui|1|Para Aqui|1|12185.00|0.00|12185.00|0.00|0.00|0.00|12185.00|0.00|12185.00|1|12185.00|1|0|0.00|0.00|0.00|50|12
FPMI|1-Restautante|1|1-Restautante|28|AGUA MANANTIAL CON GAS X| |2202016|AGUA MANANTIAL CON GAS X 600 ML | |2202016|BEBIDAS|20|BEBIDAS|20|Aguas|2001|Aguas|2001|Para Aqui|1|Para Aqui|1|1765.00|0.00|1765.00|0.00|0.00|0.00|1765.00|0.00|1765.00|1|1765.00|1|0|0.00|0.00|0.00|71|17
FPMI|1-Restautante|1|1-Restautante|28|LIMONADA CON HIERBABUENA| |9464206|LIMONADA CON HIERBABUENA| |9464206|BEBIDAS|20|BEBIDAS|20|Jugos|2004|Jugos|2004|Para Aqui|1|Para Aqui|1|13277.00|0.00|13277.00|0.00|0.00|0.00|13277.00|0.00|13277.00|1|13277.00|1|0|0.00|0.00|0.00|81|20
FPMI|1-Restautante|1|1-Restautante|28|SIMULT FRITOS| |80000006|SIMULT FRITOS| |80000006|SIMULTANEOS|110|SIMULTANEOS|110|Simultaneos|10002|Simultaneos|10002|Para Aqui|1|Para Aqui|1|0.00|0.00|0.00|0.00|0.00|0.00|0.00|0.00|0.00|1|0.00|2|0|0.00|0.00|0.00|53|13
FPMI|1-Restautante|1|1-Restautante|28|CERVEZA CORONA EXTRA| |9432068|CERVEZA CORONA EXTRA| |9432068|LICORES|30|LICORES|30|Cerveza Imp|3008|Cerveza Imp|3008|Para Aqui|1|Para Aqui|1|23362.00|0.00|23362.00|0.00|0.00|0.00|23362.00|0.00|23362.00|1|23362.00|2|0|0.00|0.00|0.00|52|12
FPMI|1-Restautante|1|1-Restautante|28|CERVEZA CLUB COLOMBIA  D| |9432016|CERVEZA CLUB COLOMBIA  DORADA| |9432016|LICORES|30|LICORES|30|Cerveza Nac|3009|Cerveza Nac|3009|Para Aqui|1|Para Aqui|1|22016.00|0.00|22016.00|0.00|0.00|0.00|22016.00|0.00|22016.00|1|22016.00|2|0|0.00|0.00|0.00|51|12
FPMI|1-Restautante|1|1-Restautante|28|CERVEZA CLUB COLOMBIA RO| |9432018|CERVEZA CLUB COLOMBIA ROJA| |9432018|LICORES|30|LICORES|30|Cerveza Nac|3009|Cerveza Nac|3009|Para Aqui|1|Para Aqui|1|11008.00|0.00|11008.00|0.00|0.00|0.00|11008.00|0.00|11008.00|1|11008.00|1|0|0.00|0.00|0.00|78|19
FPMI|1-Restautante|1|1-Restautante|28|MOJITO 2X1| |9456660|MOJITO 2X1| |9456660|LICORES|30|LICORES|30|Cocteles|3036|Cocteles|3036|Para Aqui|1|Para Aqui|1|33109.00|0.00|33109.00|0.00|0.00|0.00|33109.00|0.00|33109.00|1|33109.00|1|0|0.00|0.00|0.00|65|16
FPMI|1-Restautante|1|1-Restautante|28|CERVEZA CORONA EXTRA| |9432068|CERVEZA CORONA EXTRA| |9432068|LICORES|30|LICORES|30|Cerveza Imp|3008|Cerveza Imp|3008|Para Aqui|1|Para Aqui|1|11681.00|0.00|11681.00|0.00|0.00|0.00|11681.00|0.00|11681.00|1|11681.00|1|0|0.00|0.00|0.00|72|17
FPMI|1-Restautante|1|1-Restautante|28|BIEN ASADO| |70010005|BIEN ASADO| |70010005|PREPARACION CONDIMENTOS|70|PREPARACION CONDIMENTOS|70|Cond. Alimentos|7001|Cond. Alimentos|7001|Para Aqui|1|Para Aqui|1|0.00|0.00|0.00|0.00|0.00|0.00|0.00|0.00|0.00|1|0.00|1|0|0.00|0.00|0.00|52|12
FPMI|1-Restautante|1|1-Restautante|28|A Punto| |70010006|A Punto| |70010006|PREPARACION CONDIMENTOS|70|PREPARACION CONDIMENTOS|70|Cond. Alimentos|7001|Cond. Alimentos|7001|Para Aqui|1|Para Aqui|1|0.00|0.00|0.00|0.00|0.00|0.00|0.00|0.00|0.00|1|0.00|1|0|0.00|0.00|0.00|53|13
FPMI|1-Restautante|1|1-Restautante|28|AREPA FIESTA X2| |9302087|AREPA FIESTA X2| |9302087|ALIMENTOS|10|ALIMENTOS|10|Para Empezar|1008|Para Empezar|1008|Para Aqui|1|Para Aqui|1|-1345.00|0.00|-1345.00|0.00|0.00|0.00|-1345.00|0.00|-1345.00|1|-1345.00|-1|0|0.00|0.00|0.00|81|20
FPMI|1-Restautante|1|1-Restautante|28|GASEOSA COLABORADOR| |9466999|GASEOSA COLABORADOR| |9466999|ALIMENTOS|10|ALIMENTOS|10|Carnes|1002|Carnes|1002|Para Aqui|1|Para Aqui|1|1261.00|0.00|1261.00|0.00|0.00|0.00|1261.00|0.00|1261.00|1|1261.00|1|0|0.00|0.00|0.00|63|15
FPMI|1-Restautante|1|1-Restautante|28|PAPA CRIOLLA 200 GR| |9302425|PAPA CRIOLLA 200 GR| |9302425|ALIMENTOS|10|ALIMENTOS|10|Para Empezar|1008|Para Empezar|1008|Para Aqui|1|Para Aqui|1|10504.00|0.00|10504.00|0.00|0.00|0.00|10504.00|0.00|10504.00|1|10504.00|1|0|0.00|0.00|0.00|50|12
FPMI|1-Restautante|1|1-Restautante|28|HAMBURGUESA CAMPESINA| |9314048|HAMBURGUESA CAMPESINA| |9314048|ALIMENTOS|10|ALIMENTOS|10|Cocina Gourmet|1003|Cocina Gourmet|1003|Para Aqui|1|Para Aqui|1|73110.00|0.00|73110.00|0.00|0.00|0.00|73110.00|0.00|73110.00|1|73110.00|2|0|0.00|0.00|0.00|79|19
FPMI|1-Restautante|1|1-Restautante|28|CHICHARRONES 110 GR CON | |9302413|CHICHARRONES 110 GR CON GUACAMOL| |9302413|ALIMENTOS|10|ALIMENTOS|10|Para Empezar|1008|Para Empezar|1008|Para Aqui|1|Para Aqui|1|22269.00|0.00|22269.00|0.00|0.00|0.00|22269.00|0.00|22269.00|1|22269.00|1|0|0.00|0.00|0.00|70|17
FPMI|1-Restautante|1|1-Restautante|28|PAPA CRIOLLA 200 GR| |9302425|PAPA CRIOLLA 200 GR| |9302425|ALIMENTOS|10|ALIMENTOS|10|Para Empezar|1008|Para Empezar|1008|Para Aqui|1|Para Aqui|1|10504.00|0.00|10504.00|0.00|0.00|0.00|10504.00|0.00|10504.00|1|10504.00|1|0|0.00|0.00|0.00|70|17
FPMI|1-Restautante|1|1-Restautante|28|LOMO DE RES 220 GRS ARRO| |9311274|LOMO DE RES 220 GRS ARROZ BLANCO| |9311274|ALIMENTOS|10|ALIMENTOS|10|Carnes|1002|Carnes|1002|Para Aqui|1|Para Aqui|1|57563.00|0.00|57563.00|0.00|0.00|0.00|57563.00|0.00|57563.00|1|57563.00|1|0|0.00|0.00|0.00|70|17
FPMI|1-Restautante|1|1-Restautante|28|CHURRASCO X 250 GR CON P| |9310814|CHURRASCO X 250 GR CON PAPA FRAN| |9310814|ALIMENTOS|10|ALIMENTOS|10|Carnes|1002|Carnes|1002|Para Aqui|1|Para Aqui|1|50252.00|0.00|50252.00|0.00|0.00|0.00|50252.00|0.00|50252.00|1|50252.00|1|0|0.00|0.00|0.00|81|20
FPMI|1-Restautante|1|1-Restautante|28|ENCOCADO DE CAMARON 120G| |9312009|ENCOCADO DE CAMARON 120G ACOMPA혚 |9312009|ALIMENTOS|10|ALIMENTOS|10|Carnes|1002|Carnes|1002|Para Aqui|1|Para Aqui|1|117228.00|0.00|117228.00|0.00|0.00|0.00|117228.00|0.00|117228.00|1|117228.00|3|0|0.00|0.00|0.00|53|13
FPMI|1-Restautante|1|1-Restautante|28|PLATO DE FRIJOLES| |9304097|PLATO DE FRIJOLES| |9304097|ALIMENTOS|10|ALIMENTOS|10|Sopas Cremas|1010|Sopas Cremas|1010|Para Aqui|1|Para Aqui|1|34790.00|0.00|34790.00|0.00|0.00|0.00|34790.00|0.00|34790.00|1|34790.00|1|0|0.00|0.00|0.00|53|13
FPMI|1-Restautante|1|1-Restautante|28|Cont PuntaAnca| |10029910|Cont PuntaAnca| |10029910|ALIMENTOS|10|ALIMENTOS|10|Carnes|1002|Carnes|1002|Para Aqui|1|Para Aqui|1|0.00|0.00|0.00|0.00|0.00|0.00|0.00|0.00|0.00|1|0.00|4|0|0.00|0.00|0.00|53|13
FPMI|1-Restautante|1|1-Restautante|28|GUACAMOLE| |9302296|GUACAMOLE| |9302296|ALIMENTOS|10|ALIMENTOS|10|Para Empezar|1008|Para Empezar|1008|Para Aqui|1|Para Aqui|1|3193.00|0.00|3193.00|0.00|0.00|0.00|3193.00|0.00|3193.00|1|3193.00|1|0|0.00|0.00|0.00|71|17
FPMI|1-Restautante|1|1-Restautante|28|SODA FRUTOS ROJOS| |9464003|SODA FRUTOS ROJOS| |9464003|BEBIDAS|20|BEBIDAS|20|Gaseosas|2003|Gaseosas|2003|Para Aqui|1|Para Aqui|1|12185.00|0.00|12185.00|0.00|0.00|0.00|12185.00|0.00|12185.00|1|12185.00|1|0|0.00|0.00|0.00|51|12
FPMI|1-Restautante|1|1-Restautante|28|LIMONADA NATURAL| |9464204|LIMONADA NATURAL| |9464204|BEBIDAS|20|BEBIDAS|20|Jugos|2004|Jugos|2004|Para Aqui|1|Para Aqui|1|10420.00|0.00|10420.00|0.00|0.00|0.00|10420.00|0.00|10420.00|1|10420.00|1|0|0.00|0.00|0.00|82|20
FPMI|1-Restautante|1|1-Restautante|28|SODA FRUTOS ROJOS| |9464003|SODA FRUTOS ROJOS| |9464003|BEBIDAS|20|BEBIDAS|20|Gaseosas|2003|Gaseosas|2003|Para Aqui|1|Para Aqui|1|12185.00|0.00|12185.00|0.00|0.00|0.00|12185.00|0.00|12185.00|1|12185.00|1|0|0.00|0.00|0.00|50|12
FPMI|1-Restautante|1|1-Restautante|28|LIMONADA DE COCO| |9464200|LIMONADA DE COCO| |9464200|BEBIDAS|20|BEBIDAS|20|Jugos|2004|Jugos|2004|Para Aqui|1|Para Aqui|1|17983.00|0.00|17983.00|0.00|0.00|0.00|17983.00|0.00|17983.00|1|17983.00|1|0|0.00|0.00|0.00|51|12
FPMI|1-Restautante|1|1-Restautante|28|MOJITO 2X1| |9456660|MOJITO 2X1| |9456660|LICORES|30|LICORES|30|Cocteles|3036|Cocteles|3036|Para Aqui|1|Para Aqui|1|33109.00|0.00|33109.00|0.00|0.00|0.00|33109.00|0.00|33109.00|1|33109.00|1|0|0.00|0.00|0.00|79|19
FPMI|1-Restautante|1|1-Restautante|28|CERVEZA CORONA EXTRA| |9432068|CERVEZA CORONA EXTRA| |9432068|LICORES|30|LICORES|30|Cerveza Imp|3008|Cerveza Imp|3008|Para Aqui|1|Para Aqui|1|11681.00|0.00|11681.00|0.00|0.00|0.00|11681.00|0.00|11681.00|1|11681.00|1|0|0.00|0.00|0.00|54|13
FPMI|1-Restautante|1|1-Restautante|28|MOJITO 2X1| |9456660|MOJITO 2X1| |9456660|LICORES|30|LICORES|30|Cocteles|3036|Cocteles|3036|Para Aqui|1|Para Aqui|1|33109.00|0.00|33109.00|0.00|0.00|0.00|33109.00|0.00|33109.00|1|33109.00|1|0|0.00|0.00|0.00|55|13
FPMI|1-Restautante|1|1-Restautante|28|Mensj Bar| |90000012|Mensj Bar| |90000012|PREPARACION CONDIMENTOS|70|PREPARACION CONDIMENTOS|70|Mensajes|7003|Mensajes|7003|Para Aqui|1|Para Aqui|1|0.00|0.00|0.00|0.00|0.00|0.00|0.00|0.00|0.00|1|0.00|1|0|0.00|0.00|0.00|55|13
FPMI|1-Restautante|1|1-Restautante|28|3/4| |70010002|3/4| |70010002|PREPARACION CONDIMENTOS|70|PREPARACION CONDIMENTOS|70|Cond. Alimentos|7001|Cond. Alimentos|7001|Para Aqui|1|Para Aqui|1|0.00|0.00|0.00|0.00|0.00|0.00|0.00|0.00|0.00|1|0.00|1|0|0.00|0.00|0.00|75|18
FPMI|1-Restautante|1|1-Restautante|28|Mensj Jugos| |90000010|Mensj Jugos| |90000010|PREPARACION CONDIMENTOS|70|PREPARACION CONDIMENTOS|70|Mensajes|7003|Mensajes|7003|Para Aqui|1|Para Aqui|1|0.00|0.00|0.00|0.00|0.00|0.00|0.00|0.00|0.00|1|0.00|1|0|0.00|0.00|0.00|50|12
FPMI|1-Restautante|1|1-Restautante|28|Mensj Jugos| |90000010|Mensj Jugos| |90000010|PREPARACION CONDIMENTOS|70|PREPARACION CONDIMENTOS|70|Mensajes|7003|Mensajes|7003|Para Aqui|1|Para Aqui|1|0.00|0.00|0.00|0.00|0.00|0.00|0.00|0.00|0.00|1|0.00|1|0|0.00|0.00|0.00|62|15
FPMI|1-Restautante|1|1-Restautante|28|Mensj Bar| |90000012|Mensj Bar| |90000012|PREPARACION CONDIMENTOS|70|PREPARACION CONDIMENTOS|70|Mensajes|7003|Mensajes|7003|Para Aqui|1|Para Aqui|1|0.00|0.00|0.00|0.00|0.00|0.00|0.00|0.00|0.00|1|0.00|1|0|0.00|0.00|0.00|71|17
FPMI|1-Restautante|1|1-Restautante|28|3/4| |70010002|3/4| |70010002|PREPARACION CONDIMENTOS|70|PREPARACION CONDIMENTOS|70|Cond. Alimentos|7001|Cond. Alimentos|7001|Para Aqui|1|Para Aqui|1|0.00|0.00|0.00|0.00|0.00|0.00|0.00|0.00|0.00|1|0.00|1|0|0.00|0.00|0.00|50|12
FPMI|1-Restautante|1|1-Restautante|28|1/2| |70010003|1/2| |70010003|PREPARACION CONDIMENTOS|70|PREPARACION CONDIMENTOS|70|Cond. Alimentos|7001|Cond. Alimentos|7001|Para Aqui|1|Para Aqui|1|0.00|0.00|0.00|0.00|0.00|0.00|0.00|0.00|0.00|1|0.00|1|0|0.00|0.00|0.00|81|20
FPMI|1-Restautante|1|1-Restautante|28|FILETE DE SALMON CON PAP| |9312020|FILETE DE SALMON CON PAPA FRANCE| |9312020|ALIMENTOS|10|ALIMENTOS|10|Del Rio Del Mar|1004|Del Rio Del Mar|1004|Para Aqui|1|Para Aqui|1|48319.00|0.00|48319.00|0.00|0.00|0.00|48319.00|0.00|48319.00|1|48319.00|1|0|0.00|0.00|0.00|76|18
FPMI|1-Restautante|1|1-Restautante|28|AREPA MINI CON HOGAO PARADERO| |9302598|AREPA MINI CON HOGAO PARADERO| |9302598|ALIMENTOS|10|ALIMENTOS|10|Para Empezar|1008|Para Empezar|1008|Para Aqui|1|Para Aqui|1|0.00|0.00|0.00|0.00|0.00|0.00|0.00|0.00|0.00|1|0.00|6|0|0.00|0.00|0.00|55|13
FPMI|1-Restautante|1|1-Restautante|28|COSTILLA DE CERDO X 375 | |9311290|COSTILLA DE CERDO X 375 ACOMPA헤| |9311290|ALIMENTOS|10|ALIMENTOS|10|Carnes|1002|Carnes|1002|Para Aqui|1|Para Aqui|1|40756.00|0.00|40756.00|0.00|0.00|0.00|40756.00|0.00|40756.00|1|40756.00|1|0|0.00|0.00|0.00|75|18
FPMI|1-Restautante|1|1-Restautante|28|EMPANADA CACHACA| |9302008|EMPANADA CACHACA| |9302008|ALIMENTOS|10|ALIMENTOS|10|Para Empezar|1008|Para Empezar|1008|Para Aqui|1|Para Aqui|1|3866.00|0.00|3866.00|0.00|0.00|0.00|3866.00|0.00|3866.00|1|3866.00|1|0|0.00|0.00|0.00|75|18
FPMI|1-Restautante|1|1-Restautante|28|EMPANADA CACHACA x 3 UNI| |9302560|EMPANADA CACHACA x 3 UNIDADES| |9302560|ALIMENTOS|10|ALIMENTOS|10|Para Empezar|1008|Para Empezar|1008|Para Aqui|1|Para Aqui|1|21008.00|0.00|21008.00|0.00|0.00|0.00|21008.00|0.00|21008.00|1|21008.00|2|0|0.00|0.00|0.00|77|19
FPMI|1-Restautante|1|1-Restautante|28|AJIACO CON POLLO| |9304024|AJIACO CON POLLO| |9304024|ALIMENTOS|10|ALIMENTOS|10|Sopas Cremas|1010|Sopas Cremas|1010|Para Aqui|1|Para Aqui|1|31513.00|0.00|31513.00|0.00|0.00|0.00|31513.00|0.00|31513.00|1|31513.00|1|0|0.00|0.00|0.00|51|12
FPMI|1-Restautante|1|1-Restautante|28|AREPA FIESTA X2| |9302087|AREPA FIESTA X2| |9302087|ALIMENTOS|10|ALIMENTOS|10|Para Empezar|1008|Para Empezar|1008|Para Aqui|1|Para Aqui|1|1345.00|0.00|1345.00|0.00|0.00|0.00|1345.00|0.00|1345.00|1|1345.00|1|0|0.00|0.00|0.00|79|19
FPMI|1-Restautante|1|1-Restautante|28|Sanchocho Valluno| |9304143|Sanchocho Valluno| |9304143|ALIMENTOS|10|ALIMENTOS|10|Para Empezar|1008|Para Empezar|1008|Para Aqui|1|Para Aqui|1|32353.00|0.00|32353.00|0.00|0.00|0.00|32353.00|0.00|32353.00|1|32353.00|1|0|0.00|0.00|0.00|55|13
FPMI|1-Restautante|1|1-Restautante|28|CHICHARRONES 110 GR CON | |9302413|CHICHARRONES 110 GR CON GUACAMOL| |9302413|ALIMENTOS|10|ALIMENTOS|10|Para Empezar|1008|Para Empezar|1008|Para Aqui|1|Para Aqui|1|22269.00|0.00|22269.00|0.00|0.00|0.00|22269.00|0.00|22269.00|1|22269.00|1|0|0.00|0.00|0.00|51|12
FPMI|1-Restautante|1|1-Restautante|28|Cont Lomo Res 250| |10029901|Cont Lomo Res 250| |10029901|ALIMENTOS|10|ALIMENTOS|10|Carnes|1002|Carnes|1002|Para Aqui|1|Para Aqui|1|0.00|0.00|0.00|0.00|0.00|0.00|0.00|0.00|0.00|0|0.00|1|0|0.00|0.00|0.00|70|17
FPMI|1-Restautante|1|1-Restautante|28|PUNTA DE ANCA X 250 G CO| |9310024|PUNTA DE ANCA X 250 G CON YUCA  | |9310024|ALIMENTOS|10|ALIMENTOS|10|Carnes|1002|Carnes|1002|Para Aqui|1|Para Aqui|1|103362.00|0.00|103362.00|0.00|0.00|0.00|103362.00|0.00|103362.00|1|103362.00|2|0|0.00|0.00|0.00|53|13
FPMI|1-Restautante|1|1-Restautante|28|LOMO AL TRAPO 220 GRS CR| |9310874|LOMO AL TRAPO 220 GRS CRIOLLA| |9310874|ALIMENTOS|10|ALIMENTOS|10|Carnes|1002|Carnes|1002|Para Aqui|1|Para Aqui|1|57563.00|0.00|57563.00|0.00|0.00|0.00|57563.00|0.00|57563.00|1|57563.00|1|0|0.00|0.00|0.00|75|18
FPMI|1-Restautante|1|1-Restautante|28|POLLO PARRILLA X 400 GR | |9311249|POLLO PARRILLA X 400 GR  ENSALAD| |9311249|ALIMENTOS|10|ALIMENTOS|10|Carnes|1002|Carnes|1002|Para Aqui|1|Para Aqui|1|41597.00|0.00|41597.00|0.00|0.00|0.00|41597.00|0.00|41597.00|1|41597.00|1|0|0.00|0.00|0.00|62|15
FPMI|1-Restautante|1|1-Restautante|28|CHURRASCO X 250 GR CON E| |9310827|CHURRASCO X 250 GR CON ENSALADA| |9310827|ALIMENTOS|10|ALIMENTOS|10|Carnes|1002|Carnes|1002|Para Aqui|1|Para Aqui|1|100504.00|0.00|100504.00|0.00|0.00|0.00|100504.00|0.00|100504.00|1|100504.00|2|0|0.00|0.00|0.00|62|15
FPMI|1-Restautante|1|1-Restautante|28|VOLCAN DE CHOCOLATE CON | |9320004|VOLCAN DE CHOCOLATE CON HELADO| |9320004|ALIMENTOS|10|ALIMENTOS|10|Postres|1009|Postres|1009|Para Aqui|1|Para Aqui|1|15546.00|0.00|15546.00|0.00|0.00|0.00|15546.00|0.00|15546.00|1|15546.00|1|0|0.00|0.00|0.00|73|18
FPMI|1-Restautante|1|1-Restautante|28|AGUA MANANTIAL SIN GAS| |9466008|AGUA MANANTIAL SIN GAS| |9466008|BEBIDAS|20|BEBIDAS|20|Aguas|2001|Aguas|2001|Para Aqui|1|Para Aqui|1|7563.00|0.00|7563.00|0.00|0.00|0.00|7563.00|0.00|7563.00|1|7563.00|1|0|0.00|0.00|0.00|75|18
FPMI|1-Restautante|1|1-Restautante|28|JUGO MANDARINA| |9464004|JUGO MANDARINA| |9464004|BEBIDAS|20|BEBIDAS|20|Jugos|2004|Jugos|2004|Para Aqui|1|Para Aqui|1|36555.00|0.00|36555.00|0.00|0.00|0.00|36555.00|0.00|36555.00|1|36555.00|3|0|0.00|0.00|0.00|50|12
FPMI|1-Restautante|1|1-Restautante|28|LIMONADA NATURAL| |9464204|LIMONADA NATURAL| |9464204|BEBIDAS|20|BEBIDAS|20|Jugos|2004|Jugos|2004|Para Aqui|1|Para Aqui|1|10420.00|0.00|10420.00|0.00|0.00|0.00|10420.00|0.00|10420.00|1|10420.00|1|0|0.00|0.00|0.00|62|15
FPMI|1-Restautante|1|1-Restautante|28|AGUA MANANTIAL SIN GAS| |9466008|AGUA MANANTIAL SIN GAS| |9466008|BEBIDAS|20|BEBIDAS|20|Aguas|2001|Aguas|2001|Para Aqui|1|Para Aqui|1|7563.00|0.00|7563.00|0.00|0.00|0.00|7563.00|0.00|7563.00|1|7563.00|1|0|0.00|0.00|0.00|79|19
FPMI|1-Restautante|1|1-Restautante|28|SIMULT PARRILLA| |80000008|SIMULT PARRILLA| |80000008|SIMULTANEOS|110|SIMULTANEOS|110|Simultaneos|10002|Simultaneos|10002|Para Aqui|1|Para Aqui|1|0.00|0.00|0.00|0.00|0.00|0.00|0.00|0.00|0.00|1|0.00|1|0|0.00|0.00|0.00|75|18
FPMI|1-Restautante|1|1-Restautante|28|TINTO DE VERANO| |9456654|TINTO DE VERANO| |9456654|LICORES|30|LICORES|30|Cocteles|3036|Cocteles|3036|Para Aqui|1|Para Aqui|1|99327.00|0.00|99327.00|0.00|0.00|0.00|99327.00|0.00|99327.00|1|99327.00|3|0|0.00|0.00|0.00|50|12
FPMI|1-Restautante|1|1-Restautante|28|Mensj Jugos| |90000010|Mensj Jugos| |90000010|PREPARACION CONDIMENTOS|70|PREPARACION CONDIMENTOS|70|Mensajes|7003|Mensajes|7003|Para Aqui|1|Para Aqui|1|0.00|0.00|0.00|0.00|0.00|0.00|0.00|0.00|0.00|1|0.00|1|0|0.00|0.00|0.00|52|12
FPMI|1-Restautante|1|1-Restautante|28|Mensj Alimentos| |90000037|Mensj Alimentos| |90000037|PREPARACION CONDIMENTOS|70|PREPARACION CONDIMENTOS|70|Mensajes|7003|Mensajes|7003|Para Aqui|1|Para Aqui|1|0.00|0.00|0.00|0.00|0.00|0.00|0.00|0.00|0.00|1|0.00|1|0|0.00|0.00|0.00|50|12
FPMI|1-Restautante|1|1-Restautante|28|CHURRASCO X 250 GR CON E| |9310827|CHURRASCO X 250 GR CON ENSALADA| |9310827|ALIMENTOS|10|ALIMENTOS|10|Carnes|1002|Carnes|1002|Para Aqui|1|Para Aqui|1|50252.00|0.00|50252.00|0.00|0.00|0.00|50252.00|0.00|50252.00|1|50252.00|1|0|0.00|0.00|0.00|76|18
FPMI|1-Restautante|1|1-Restautante|28|EMPANADA QUESO X 3 UNIDA| |9302563|EMPANADA QUESO X 3 UNIDADES| |9302563|ALIMENTOS|10|ALIMENTOS|10|Para Empezar|1008|Para Empezar|1008|Para Aqui|1|Para Aqui|1|10504.00|0.00|10504.00|0.00|0.00|0.00|10504.00|0.00|10504.00|1|10504.00|1|0|0.00|0.00|0.00|52|12
FPMI|1-Restautante|1|1-Restautante|28|PLATO DE FRIJOLES| |9304097|PLATO DE FRIJOLES| |9304097|ALIMENTOS|10|ALIMENTOS|10|Sopas Cremas|1010|Sopas Cremas|1010|Para Aqui|1|Para Aqui|1|34790.00|0.00|34790.00|0.00|0.00|0.00|34790.00|0.00|34790.00|1|34790.00|1|0|0.00|0.00|0.00|55|13
FPMI|1-Restautante|1|1-Restautante|28|MORCILLA 100GR CON AREPA| |9302324|MORCILLA 100GR CON AREPA| |9302324|ALIMENTOS|10|ALIMENTOS|10|Para Empezar|1008|Para Empezar|1008|Para Aqui|1|Para Aqui|1|11345.00|0.00|11345.00|0.00|0.00|0.00|11345.00|0.00|11345.00|1|11345.00|1|0|0.00|0.00|0.00|70|17
FPMI|1-Restautante|1|1-Restautante|28|COSTILLA DE CERDO X 750 | |9311252|COSTILLA DE CERDO X 750 ACOMPA헤| |9311252|ALIMENTOS|10|ALIMENTOS|10|Carnes|1002|Carnes|1002|Para Aqui|1|Para Aqui|1|65126.00|0.00|65126.00|0.00|0.00|0.00|65126.00|0.00|65126.00|1|65126.00|1|0|0.00|0.00|0.00|53|13
FPMI|1-Restautante|1|1-Restautante|28|LIMONADA CON HIERBABUENA| |9464206|LIMONADA CON HIERBABUENA| |9464206|BEBIDAS|20|BEBIDAS|20|Jugos|2004|Jugos|2004|Para Aqui|1|Para Aqui|1|13277.00|0.00|13277.00|0.00|0.00|0.00|13277.00|0.00|13277.00|1|13277.00|1|0|0.00|0.00|0.00|53|13
FPMI|1-Restautante|1|1-Restautante|28|SIMULT PARRILLA| |80000008|SIMULT PARRILLA| |80000008|SIMULTANEOS|110|SIMULTANEOS|110|Simultaneos|10002|Simultaneos|10002|Para Aqui|1|Para Aqui|1|0.00|0.00|0.00|0.00|0.00|0.00|0.00|0.00|0.00|1|0.00|2|0|0.00|0.00|0.00|53|13
FPMI|1-Restautante|1|1-Restautante|28|SIMULT GOURMET| |80000001|SIMULT GOURMET| |80000001|SIMULTANEOS|110|SIMULTANEOS|110|Simultaneos|10002|Simultaneos|10002|Para Aqui|1|Para Aqui|1|0.00|0.00|0.00|0.00|0.00|0.00|0.00|0.00|0.00|1|0.00|2|0|0.00|0.00|0.00|53|13
FPMI|1-Restautante|1|1-Restautante|28|CERVEZA CORONA EXTRA| |9432068|CERVEZA CORONA EXTRA| |9432068|LICORES|30|LICORES|30|Cerveza Imp|3008|Cerveza Imp|3008|Para Aqui|1|Para Aqui|1|23362.00|0.00|23362.00|0.00|0.00|0.00|23362.00|0.00|23362.00|1|23362.00|2|0|0.00|0.00|0.00|70|17
FPMI|1-Restautante|1|1-Restautante|28|1/2| |70010003|1/2| |70010003|PREPARACION CONDIMENTOS|70|PREPARACION CONDIMENTOS|70|Cond. Alimentos|7001|Cond. Alimentos|7001|Para Aqui|1|Para Aqui|1|0.00|0.00|0.00|0.00|0.00|0.00|0.00|0.00|0.00|1|0.00|1|0|0.00|0.00|0.00|76|18
FPMI|1-Restautante|1|1-Restautante|28|Mensj Alimentos| |90000037|Mensj Alimentos| |90000037|PREPARACION CONDIMENTOS|70|PREPARACION CONDIMENTOS|70|Mensajes|7003|Mensajes|7003|Para Aqui|1|Para Aqui|1|0.00|0.00|0.00|0.00|0.00|0.00|0.00|0.00|0.00|1|0.00|1|0|0.00|0.00|0.00|75|18
FPMI|1-Restautante|1|1-Restautante|28|Mensj Cocteles| |90000013|Mensj Cocteles| |90000013|PREPARACION CONDIMENTOS|70|PREPARACION CONDIMENTOS|70|Mensajes|7003|Mensajes|7003|Para Aqui|1|Para Aqui|1|0.00|0.00|0.00|0.00|0.00|0.00|0.00|0.00|0.00|1|0.00|1|0|0.00|0.00|0.00|79|19
FPMI|1-Restautante|1|1-Restautante|28|Mensj Alimentos| |90000037|Mensj Alimentos| |90000037|PREPARACION CONDIMENTOS|70|PREPARACION CONDIMENTOS|70|Mensajes|7003|Mensajes|7003|Para Aqui|1|Para Aqui|1|0.00|0.00|0.00|0.00|0.00|0.00|0.00|0.00|0.00|1|0.00|2|0|0.00|0.00|0.00|53|13
FPMI|1-Restautante|1|1-Restautante|28|Mensj Alimentos| |90000037|Mensj Alimentos| |90000037|PREPARACION CONDIMENTOS|70|PREPARACION CONDIMENTOS|70|Mensajes|7003|Mensajes|7003|Para Aqui|1|Para Aqui|1|0.00|0.00|0.00|0.00|0.00|0.00|0.00|0.00|0.00|1|0.00|1|0|0.00|0.00|0.00|62|15
FPMI|1-Restautante|1|1-Restautante|28|Mensj Jugos| |90000010|Mensj Jugos| |90000010|PREPARACION CONDIMENTOS|70|PREPARACION CONDIMENTOS|70|Mensajes|7003|Mensajes|7003|Para Aqui|1|Para Aqui|1|0.00|0.00|0.00|0.00|0.00|0.00|0.00|0.00|0.00|1|0.00|1|0|0.00|0.00|0.00|53|13
FPMI|1-Restautante|1|1-Restautante|28|HAMBURGUESA CAMPESINA| |9314048|HAMBURGUESA CAMPESINA| |9314048|ALIMENTOS|10|ALIMENTOS|10|Cocina Gourmet|1003|Cocina Gourmet|1003|Para Aqui|1|Para Aqui|1|73110.00|0.00|73110.00|0.00|0.00|0.00|73110.00|0.00|73110.00|1|73110.00|2|0|0.00|0.00|0.00|76|18
FPMI|1-Restautante|1|1-Restautante|28|HAMBURGUESA CAMPESINA| |9314048|HAMBURGUESA CAMPESINA| |9314048|ALIMENTOS|10|ALIMENTOS|10|Cocina Gourmet|1003|Cocina Gourmet|1003|Para Aqui|1|Para Aqui|1|73110.00|0.00|73110.00|0.00|0.00|0.00|73110.00|0.00|73110.00|1|73110.00|2|0|0.00|0.00|0.00|75|18
FPMI|1-Restautante|1|1-Restautante|28|EMPANADA POLLO UNIDAD| |9302009|EMPANADA POLLO UNIDAD| |9302009|ALIMENTOS|10|ALIMENTOS|10|Carnes|1002|Carnes|1002|Para Aqui|1|Para Aqui|1|7732.00|0.00|7732.00|0.00|0.00|0.00|7732.00|0.00|7732.00|1|7732.00|2|0|0.00|0.00|0.00|77|19
FPMI|1-Restautante|1|1-Restautante|28|PECHUGA DE POLLO X 400 G| |9310604|PECHUGA DE POLLO X 400 GR CON FR| |9310604|ALIMENTOS|10|ALIMENTOS|10|Carnes|1002|Carnes|1002|Para Aqui|1|Para Aqui|1|41597.00|0.00|41597.00|0.00|0.00|0.00|41597.00|0.00|41597.00|1|41597.00|1|0|0.00|0.00|0.00|52|12
FPMI|1-Restautante|1|1-Restautante|28|Cont Lomo Res 250| |10029901|Cont Lomo Res 250| |10029901|ALIMENTOS|10|ALIMENTOS|10|Carnes|1002|Carnes|1002|Para Aqui|1|Para Aqui|1|0.00|0.00|0.00|0.00|0.00|0.00|0.00|0.00|0.00|0|0.00|1|0|0.00|0.00|0.00|52|12
FPMI|1-Restautante|1|1-Restautante|28|CHUNCHULLO CON AREPA| |9302332|CHUNCHULLO CON AREPA| |9302332|ALIMENTOS|10|ALIMENTOS|10|Para Empezar|1008|Para Empezar|1008|Para Aqui|1|Para Aqui|1|20588.00|0.00|20588.00|0.00|0.00|0.00|20588.00|0.00|20588.00|1|20588.00|1|0|0.00|0.00|0.00|76|18
FPMI|1-Restautante|1|1-Restautante|28|AREPA DE CHOCOLO CON QUE| |9302012|AREPA DE CHOCOLO CON QUESO| |9302012|ALIMENTOS|10|ALIMENTOS|10|Para Empezar|1008|Para Empezar|1008|Para Aqui|1|Para Aqui|1|32774.00|0.00|32774.00|0.00|0.00|0.00|32774.00|0.00|32774.00|1|32774.00|2|0|0.00|0.00|0.00|76|18
FPMI|1-Restautante|1|1-Restautante|28|COSTILLA DE CERDO X 750 | |9311252|COSTILLA DE CERDO X 750 ACOMPA헤| |9311252|ALIMENTOS|10|ALIMENTOS|10|Carnes|1002|Carnes|1002|Para Aqui|1|Para Aqui|1|65126.00|0.00|65126.00|0.00|0.00|0.00|65126.00|0.00|65126.00|1|65126.00|1|0|0.00|0.00|0.00|81|20
FPMI|1-Restautante|1|1-Restautante|28|Cont Churrasco| |10029906|Cont Churrasco| |10029906|ALIMENTOS|10|ALIMENTOS|10|Carnes|1002|Carnes|1002|Para Aqui|1|Para Aqui|1|0.00|0.00|0.00|0.00|0.00|0.00|0.00|0.00|0.00|1|0.00|1|0|0.00|0.00|0.00|81|20
FPMI|1-Restautante|1|1-Restautante|28|CHICHARRONES 110 GR CON | |9302413|CHICHARRONES 110 GR CON GUACAMOL| |9302413|ALIMENTOS|10|ALIMENTOS|10|Para Empezar|1008|Para Empezar|1008|Para Aqui|1|Para Aqui|1|44538.00|0.00|44538.00|0.00|0.00|0.00|44538.00|0.00|44538.00|1|44538.00|2|0|0.00|0.00|0.00|75|18
FPMI|1-Restautante|1|1-Restautante|28|CHUNCHULLO CON AREPA| |9302332|CHUNCHULLO CON AREPA| |9302332|ALIMENTOS|10|ALIMENTOS|10|Para Empezar|1008|Para Empezar|1008|Para Aqui|1|Para Aqui|1|20588.00|0.00|20588.00|0.00|0.00|0.00|20588.00|0.00|20588.00|1|20588.00|1|0|0.00|0.00|0.00|51|12
FPMI|1-Restautante|1|1-Restautante|28|GASEOSA COCA COLA ZERO| |9466084|GASEOSA COCA COLA ZERO| |9466084|BEBIDAS|20|BEBIDAS|20|Gaseosas|2003|Gaseosas|2003|Para Aqui|1|Para Aqui|1|7563.00|0.00|7563.00|0.00|0.00|0.00|7563.00|0.00|7563.00|1|7563.00|1|0|0.00|0.00|0.00|54|13
FPMI|1-Restautante|1|1-Restautante|28|GASEOSA COCA COLA ZERO| |9466084|GASEOSA COCA COLA ZERO| |9466084|BEBIDAS|20|BEBIDAS|20|Gaseosas|2003|Gaseosas|2003|Para Aqui|1|Para Aqui|1|7563.00|0.00|7563.00|0.00|0.00|0.00|7563.00|0.00|7563.00|1|7563.00|1|0|0.00|0.00|0.00|76|18
FPMI|1-Restautante|1|1-Restautante|28|GASEOSA COCA COLA ZERO| |9466084|GASEOSA COCA COLA ZERO| |9466084|BEBIDAS|20|BEBIDAS|20|Gaseosas|2003|Gaseosas|2003|Para Aqui|1|Para Aqui|1|7563.00|0.00|7563.00|0.00|0.00|0.00|7563.00|0.00|7563.00|1|7563.00|1|0|0.00|0.00|0.00|52|12
FPMI|1-Restautante|1|1-Restautante|28|CERVEZA CLUB COLOMBIA  D| |9432016|CERVEZA CLUB COLOMBIA  DORADA| |9432016|LICORES|30|LICORES|30|Cerveza Nac|3009|Cerveza Nac|3009|Para Aqui|1|Para Aqui|1|22016.00|0.00|22016.00|0.00|0.00|0.00|22016.00|0.00|22016.00|1|22016.00|2|0|0.00|0.00|0.00|50|12
FPMI|1-Restautante|1|1-Restautante|28|CERVEZA CORONA EXTRA| |9432068|CERVEZA CORONA EXTRA| |9432068|LICORES|30|LICORES|30|Cerveza Imp|3008|Cerveza Imp|3008|Para Aqui|1|Para Aqui|1|11681.00|0.00|11681.00|0.00|0.00|0.00|11681.00|0.00|11681.00|1|11681.00|1|0|0.00|0.00|0.00|71|17
FPMI|1-Restautante|1|1-Restautante|28|CERVEZA CLUB COLOMBIA  D| |9432016|CERVEZA CLUB COLOMBIA  DORADA| |9432016|LICORES|30|LICORES|30|Cerveza Nac|3009|Cerveza Nac|3009|Para Aqui|1|Para Aqui|1|11008.00|0.00|11008.00|0.00|0.00|0.00|11008.00|0.00|11008.00|1|11008.00|1|0|0.00|0.00|0.00|52|12
FPMI|1-Restautante|1|1-Restautante|28|EMPANADA CACHACA x 3 UNI| |9302560|EMPANADA CACHACA x 3 UNIDADES| |9302560|ALIMENTOS|10|ALIMENTOS|10|Para Empezar|1008|Para Empezar|1008|Para Aqui|1|Para Aqui|1|21008.00|0.00|21008.00|0.00|0.00|0.00|21008.00|0.00|21008.00|1|21008.00|2|0|0.00|0.00|0.00|51|12
FPMI|1-Restautante|1|1-Restautante|28|AREPA DE CHOCOLO CON QUE| |9302012|AREPA DE CHOCOLO CON QUESO| |9302012|ALIMENTOS|10|ALIMENTOS|10|Para Empezar|1008|Para Empezar|1008|Para Aqui|1|Para Aqui|1|16387.00|0.00|16387.00|0.00|0.00|0.00|16387.00|0.00|16387.00|1|16387.00|1|0|0.00|0.00|0.00|75|18
FPMI|1-Restautante|1|1-Restautante|28|AJIACO CON POLLO| |9304024|AJIACO CON POLLO| |9304024|ALIMENTOS|10|ALIMENTOS|10|Sopas Cremas|1010|Sopas Cremas|1010|Para Aqui|1|Para Aqui|1|31513.00|0.00|31513.00|0.00|0.00|0.00|31513.00|0.00|31513.00|1|31513.00|1|0|0.00|0.00|0.00|55|13
FPMI|1-Restautante|1|1-Restautante|28|FILETE DE SALMON CON ENS| |9312023|FILETE DE SALMON CON ENSALADA| |9312023|ALIMENTOS|10|ALIMENTOS|10|Del Rio Del Mar|1004|Del Rio Del Mar|1004|Para Aqui|1|Para Aqui|1|48319.00|0.00|48319.00|0.00|0.00|0.00|48319.00|0.00|48319.00|1|48319.00|1|0|0.00|0.00|0.00|51|12
FPMI|1-Restautante|1|1-Restautante|28|Sanchocho Valluno| |9304143|Sanchocho Valluno| |9304143|ALIMENTOS|10|ALIMENTOS|10|Para Empezar|1008|Para Empezar|1008|Para Aqui|1|Para Aqui|1|32353.00|0.00|32353.00|0.00|0.00|0.00|32353.00|0.00|32353.00|1|32353.00|1|0|0.00|0.00|0.00|56|13
FPMI|1-Restautante|1|1-Restautante|28|MORCILLA 100GR CON AREPA| |9302324|MORCILLA 100GR CON AREPA| |9302324|ALIMENTOS|10|ALIMENTOS|10|Para Empezar|1008|Para Empezar|1008|Para Aqui|1|Para Aqui|1|11345.00|0.00|11345.00|0.00|0.00|0.00|11345.00|0.00|11345.00|1|11345.00|1|0|0.00|0.00|0.00|56|13
FPMI|1-Restautante|1|1-Restautante|28|EMPANADA DE POLLO x 3 UN| |9302561|EMPANADA DE POLLO x 3 UNIDADES| |9302561|ALIMENTOS|10|ALIMENTOS|10|Para Empezar|1008|Para Empezar|1008|Para Aqui|1|Para Aqui|1|10504.00|0.00|10504.00|0.00|0.00|0.00|10504.00|0.00|10504.00|1|10504.00|1|0|0.00|0.00|0.00|79|19
FPMI|1-Restautante|1|1-Restautante|28|AREPA DE CHOCOLO CON QUE| |9302012|AREPA DE CHOCOLO CON QUESO| |9302012|ALIMENTOS|10|ALIMENTOS|10|Para Empezar|1008|Para Empezar|1008|Para Aqui|1|Para Aqui|1|16387.00|0.00|16387.00|0.00|0.00|0.00|16387.00|0.00|16387.00|1|16387.00|1|0|0.00|0.00|0.00|50|12
FPMI|1-Restautante|1|1-Restautante|28|CHICHARRONES 110 GR CON | |9302413|CHICHARRONES 110 GR CON GUACAMOL| |9302413|ALIMENTOS|10|ALIMENTOS|10|Para Empezar|1008|Para Empezar|1008|Para Aqui|1|Para Aqui|1|22269.00|0.00|22269.00|0.00|0.00|0.00|22269.00|0.00|22269.00|1|22269.00|1|0|0.00|0.00|0.00|76|18
FPMI|1-Restautante|1|1-Restautante|28|LOMO VINO AJISOSO 220 GR| |9310887|LOMO VINO AJISOSO 220 GRS FRANCE| |9310887|ALIMENTOS|10|ALIMENTOS|10|Carnes|1002|Carnes|1002|Para Aqui|1|Para Aqui|1|57563.00|0.00|57563.00|0.00|0.00|0.00|57563.00|0.00|57563.00|1|57563.00|1|0|0.00|0.00|0.00|50|12
FPMI|1-Restautante|1|1-Restautante|28|PUNTA DE ANCA VINO AJISO| |9310929|PUNTA DE ANCA VINO AJISOSO X 250| |9310929|ALIMENTOS|10|ALIMENTOS|10|Carnes|1002|Carnes|1002|Para Aqui|1|Para Aqui|1|51681.00|0.00|51681.00|0.00|0.00|0.00|51681.00|0.00|51681.00|1|51681.00|1|0|0.00|0.00|0.00|53|13
FPMI|1-Restautante|1|1-Restautante|28|PUNTA DE ANCA X 250 G CO| |9310949|PUNTA DE ANCA X 250 G CON CRIOLL| |9310949|ALIMENTOS|10|ALIMENTOS|10|Carnes|1002|Carnes|1002|Para Aqui|1|Para Aqui|1|51681.00|0.00|51681.00|0.00|0.00|0.00|51681.00|0.00|51681.00|1|51681.00|1|0|0.00|0.00|0.00|53|13
FPMI|1-Restautante|1|1-Restautante|28|Cont Lomo Res 250| |10029901|Cont Lomo Res 250| |10029901|ALIMENTOS|10|ALIMENTOS|10|Carnes|1002|Carnes|1002|Para Aqui|1|Para Aqui|1|0.00|0.00|0.00|0.00|0.00|0.00|0.00|0.00|0.00|0|0.00|2|0|0.00|0.00|0.00|75|18
FPMI|1-Restautante|1|1-Restautante|28|SUERO COSTE헲| |9302376|SUERO COSTE헲| |9302376|ALIMENTOS|10|ALIMENTOS|10|Para Empezar|1008|Para Empezar|1008|Para Aqui|1|Para Aqui|1|3193.00|0.00|3193.00|0.00|0.00|0.00|3193.00|0.00|3193.00|1|3193.00|1|0|0.00|0.00|0.00|75|18
FPMI|1-Restautante|1|1-Restautante|28|SODA MARACUYA| |9464007|SODA MARACUYA| |9464007|BEBIDAS|20|BEBIDAS|20|Jugos|2004|Jugos|2004|Para Aqui|1|Para Aqui|1|24370.00|0.00|24370.00|0.00|0.00|0.00|24370.00|0.00|24370.00|1|24370.00|2|0|0.00|0.00|0.00|81|20
FPMI|1-Restautante|1|1-Restautante|28|JUGO MARACUYA AGUA| |9464028|JUGO MARACUYA AGUA| |9464028|BEBIDAS|20|BEBIDAS|20|Jugos|2004|Jugos|2004|Para Aqui|1|Para Aqui|1|12185.00|0.00|12185.00|0.00|0.00|0.00|12185.00|0.00|12185.00|1|12185.00|1|0|0.00|0.00|0.00|75|18
FPMI|1-Restautante|1|1-Restautante|28|LULADA| |9464220|LULADA| |9464220|BEBIDAS|20|BEBIDAS|20|Jugos|2004|Jugos|2004|Para Aqui|1|Para Aqui|1|36134.00|0.00|36134.00|0.00|0.00|0.00|36134.00|0.00|36134.00|1|36134.00|2|0|0.00|0.00|0.00|78|19
FPMI|1-Restautante|1|1-Restautante|28|SIMULT GOURMET| |80000001|SIMULT GOURMET| |80000001|SIMULTANEOS|110|SIMULTANEOS|110|Simultaneos|10002|Simultaneos|10002|Para Aqui|1|Para Aqui|1|0.00|0.00|0.00|0.00|0.00|0.00|0.00|0.00|0.00|1|0.00|1|0|0.00|0.00|0.00|76|18
FPMI|1-Restautante|1|1-Restautante|28|SIMULT PARRILLA| |80000008|SIMULT PARRILLA| |80000008|SIMULTANEOS|110|SIMULTANEOS|110|Simultaneos|10002|Simultaneos|10002|Para Aqui|1|Para Aqui|1|0.00|0.00|0.00|0.00|0.00|0.00|0.00|0.00|0.00|1|0.00|1|0|0.00|0.00|0.00|76|18
FPMI|1-Restautante|1|1-Restautante|28|SIMULT GOURMET| |80000001|SIMULT GOURMET| |80000001|SIMULTANEOS|110|SIMULTANEOS|110|Simultaneos|10002|Simultaneos|10002|Para Aqui|1|Para Aqui|1|0.00|0.00|0.00|0.00|0.00|0.00|0.00|0.00|0.00|1|0.00|1|0|0.00|0.00|0.00|51|12
FPMI|1-Restautante|1|1-Restautante|28|MOJITO 2X1| |9456660|MOJITO 2X1| |9456660|LICORES|30|LICORES|30|Cocteles|3036|Cocteles|3036|Para Aqui|1|Para Aqui|1|33109.00|0.00|33109.00|0.00|0.00|0.00|33109.00|0.00|33109.00|1|33109.00|1|0|0.00|0.00|0.00|74|18
FPMI|1-Restautante|1|1-Restautante|28|CERVEZA CLUB COLOMBIA  D| |9432016|CERVEZA CLUB COLOMBIA  DORADA| |9432016|LICORES|30|LICORES|30|Cerveza Nac|3009|Cerveza Nac|3009|Para Aqui|1|Para Aqui|1|11008.00|0.00|11008.00|0.00|0.00|0.00|11008.00|0.00|11008.00|1|11008.00|1|0|0.00|0.00|0.00|74|18
FPMI|1-Restautante|1|1-Restautante|28|CERVEZA STELLA ARTOIS| |9432156|CERVEZA STELLA ARTOIS| |9432156|LICORES|30|LICORES|30|Cerveza Nac|3009|Cerveza Nac|3009|Para Aqui|1|Para Aqui|1|23362.00|0.00|23362.00|0.00|0.00|0.00|23362.00|0.00|23362.00|1|23362.00|2|0|0.00|0.00|0.00|59|14
FPMI|1-Restautante|1|1-Restautante|28|3/4| |70010002|3/4| |70010002|PREPARACION CONDIMENTOS|70|PREPARACION CONDIMENTOS|70|Cond. Alimentos|7001|Cond. Alimentos|7001|Para Aqui|1|Para Aqui|1|0.00|0.00|0.00|0.00|0.00|0.00|0.00|0.00|0.00|1|0.00|1|0|0.00|0.00|0.00|70|17
FPMI|1-Restautante|1|1-Restautante|28|1/2| |70010003|1/2| |70010003|PREPARACION CONDIMENTOS|70|PREPARACION CONDIMENTOS|70|Cond. Alimentos|7001|Cond. Alimentos|7001|Para Aqui|1|Para Aqui|1|0.00|0.00|0.00|0.00|0.00|0.00|0.00|0.00|0.00|1|0.00|1|0|0.00|0.00|0.00|53|13
FPMI|1-Restautante|1|1-Restautante|28|BIEN ASADO| |70010005|BIEN ASADO| |70010005|PREPARACION CONDIMENTOS|70|PREPARACION CONDIMENTOS|70|Cond. Alimentos|7001|Cond. Alimentos|7001|Para Aqui|1|Para Aqui|1|0.00|0.00|0.00|0.00|0.00|0.00|0.00|0.00|0.00|1|0.00|1|0|0.00|0.00|0.00|62|15
FPMI|1-Restautante|1|1-Restautante|28|PAPA FRANCESA 175 GR | |9302124|PAPA FRANCESA 175 GR | |9302124|ALIMENTOS|10|ALIMENTOS|10|Para Empezar|1008|Para Empezar|1008|Para Aqui|1|Para Aqui|1|21008.00|0.00|21008.00|0.00|0.00|0.00|21008.00|0.00|21008.00|1|21008.00|2|0|0.00|0.00|0.00|77|19
FPMI|1-Restautante|1|1-Restautante|28|AJIAQUITO| |9316012|AJIAQUITO| |9316012|ALIMENTOS|10|ALIMENTOS|10|Sopas Cremas|1010|Sopas Cremas|1010|Para Aqui|1|Para Aqui|1|20588.00|0.00|20588.00|0.00|0.00|0.00|20588.00|0.00|20588.00|1|20588.00|1|0|0.00|0.00|0.00|77|19
FPMI|1-Restautante|1|1-Restautante|28|CAZUELA DE MARISCOS ACOM| |9312044|CAZUELA DE MARISCOS ACOMPA헤DO C| |9312044|ALIMENTOS|10|ALIMENTOS|10|Del Rio Del Mar|1004|Del Rio Del Mar|1004|Para Aqui|1|Para Aqui|1|41597.00|0.00|41597.00|0.00|0.00|0.00|41597.00|0.00|41597.00|1|41597.00|1|0|0.00|0.00|0.00|51|12
FPMI|1-Restautante|1|1-Restautante|28|CHICHARRONES 110 GR CON | |9302413|CHICHARRONES 110 GR CON GUACAMOL| |9302413|ALIMENTOS|10|ALIMENTOS|10|Para Empezar|1008|Para Empezar|1008|Para Aqui|1|Para Aqui|1|22269.00|0.00|22269.00|0.00|0.00|0.00|22269.00|0.00|22269.00|1|22269.00|1|0|0.00|0.00|0.00|56|13
FPMI|1-Restautante|1|1-Restautante|28|CAZUELA DE MARISCOS ACOM| |9312044|CAZUELA DE MARISCOS ACOMPA헤DO C| |9312044|ALIMENTOS|10|ALIMENTOS|10|Del Rio Del Mar|1004|Del Rio Del Mar|1004|Para Aqui|1|Para Aqui|1|41597.00|0.00|41597.00|0.00|0.00|0.00|41597.00|0.00|41597.00|1|41597.00|1|0|0.00|0.00|0.00|53|13
FPMI|1-Restautante|1|1-Restautante|28|CHICHARRONES 110 GR CON | |9302413|CHICHARRONES 110 GR CON GUACAMOL| |9302413|ALIMENTOS|10|ALIMENTOS|10|Para Empezar|1008|Para Empezar|1008|Para Aqui|1|Para Aqui|1|22269.00|0.00|22269.00|0.00|0.00|0.00|22269.00|0.00|22269.00|1|22269.00|1|0|0.00|0.00|0.00|59|14
FPMI|1-Restautante|1|1-Restautante|28|HAMBURGUESA CAMPESINA| |9314048|HAMBURGUESA CAMPESINA| |9314048|ALIMENTOS|10|ALIMENTOS|10|Cocina Gourmet|1003|Cocina Gourmet|1003|Para Aqui|1|Para Aqui|1|73110.00|0.00|73110.00|0.00|0.00|0.00|73110.00|0.00|73110.00|1|73110.00|2|0|0.00|0.00|0.00|59|14
FPMI|1-Restautante|1|1-Restautante|28|Cont Churrasco| |10029906|Cont Churrasco| |10029906|ALIMENTOS|10|ALIMENTOS|10|Carnes|1002|Carnes|1002|Para Aqui|1|Para Aqui|1|0.00|0.00|0.00|0.00|0.00|0.00|0.00|0.00|0.00|1|0.00|2|0|0.00|0.00|0.00|62|15
FPMI|1-Restautante|1|1-Restautante|28|GASEOSA SCHWEPPES SODA| |9466148|GASEOSA SCHWEPPES SODA| |9466148|BEBIDAS|20|BEBIDAS|20|Gaseosas|2003|Gaseosas|2003|Para Aqui|1|Para Aqui|1|7563.00|0.00|7563.00|0.00|0.00|0.00|7563.00|0.00|7563.00|1|7563.00|1|0|0.00|0.00|0.00|54|13
FPMI|1-Restautante|1|1-Restautante|28|LIMONADA NATURAL| |9464204|LIMONADA NATURAL| |9464204|BEBIDAS|20|BEBIDAS|20|Jugos|2004|Jugos|2004|Para Aqui|1|Para Aqui|1|10420.00|0.00|10420.00|0.00|0.00|0.00|10420.00|0.00|10420.00|1|10420.00|1|0|0.00|0.00|0.00|52|12
FPMI|1-Restautante|1|1-Restautante|28|LIMONADA CON HIERBABUENA| |9464206|LIMONADA CON HIERBABUENA| |9464206|BEBIDAS|20|BEBIDAS|20|Jugos|2004|Jugos|2004|Para Aqui|1|Para Aqui|1|26554.00|0.00|26554.00|0.00|0.00|0.00|26554.00|0.00|26554.00|1|26554.00|2|0|0.00|0.00|0.00|50|12
FPMI|1-Restautante|1|1-Restautante|28|JUGO DE MANGO AGUA| |9464060|JUGO DE MANGO AGUA| |9464060|BEBIDAS|20|BEBIDAS|20|Jugos|2004|Jugos|2004|Para Aqui|1|Para Aqui|1|12185.00|0.00|12185.00|0.00|0.00|0.00|12185.00|0.00|12185.00|1|12185.00|1|0|0.00|0.00|0.00|75|18
FPMI|1-Restautante|1|1-Restautante|28|AGUA MANANTIAL CON GAS| |9466004|AGUA MANANTIAL CON GAS| |9466004|BEBIDAS|20|BEBIDAS|20|Aguas|2001|Aguas|2001|Para Aqui|1|Para Aqui|1|7563.00|0.00|7563.00|0.00|0.00|0.00|7563.00|0.00|7563.00|1|7563.00|1|0|0.00|0.00|0.00|51|12
FPMI|1-Restautante|1|1-Restautante|28|SIMULT C FRIA| |80000002|SIMULT C FRIA| |80000002|SIMULTANEOS|110|SIMULTANEOS|110|Simultaneos|10002|Simultaneos|10002|Para Aqui|1|Para Aqui|1|0.00|0.00|0.00|0.00|0.00|0.00|0.00|0.00|0.00|1|0.00|1|0|0.00|0.00|0.00|75|18
FPMI|1-Restautante|1|1-Restautante|28|SIMULT PARRILLA| |80000008|SIMULT PARRILLA| |80000008|SIMULTANEOS|110|SIMULTANEOS|110|Simultaneos|10002|Simultaneos|10002|Para Aqui|1|Para Aqui|1|0.00|0.00|0.00|0.00|0.00|0.00|0.00|0.00|0.00|1|0.00|1|0|0.00|0.00|0.00|62|15
FPMI|1-Restautante|1|1-Restautante|28|SIMULT GOURMET| |80000001|SIMULT GOURMET| |80000001|SIMULTANEOS|110|SIMULTANEOS|110|Simultaneos|10002|Simultaneos|10002|Para Aqui|1|Para Aqui|1|0.00|0.00|0.00|0.00|0.00|0.00|0.00|0.00|0.00|1|0.00|1|0|0.00|0.00|0.00|62|15
FPMI|1-Restautante|1|1-Restautante|28|CERVEZA CLUB COLOMBIA  D| |9432016|CERVEZA CLUB COLOMBIA  DORADA| |9432016|LICORES|30|LICORES|30|Cerveza Nac|3009|Cerveza Nac|3009|Para Aqui|1|Para Aqui|1|22016.00|0.00|22016.00|0.00|0.00|0.00|22016.00|0.00|22016.00|1|22016.00|2|0|0.00|0.00|0.00|53|13
FPMI|1-Restautante|1|1-Restautante|28|CERVEZA CLUB COLOMBIA RO| |9432018|CERVEZA CLUB COLOMBIA ROJA| |9432018|LICORES|30|LICORES|30|Cerveza Nac|3009|Cerveza Nac|3009|Para Aqui|1|Para Aqui|1|11008.00|0.00|11008.00|0.00|0.00|0.00|11008.00|0.00|11008.00|1|11008.00|1|0|0.00|0.00|0.00|62|15
FPMI|1-Restautante|1|1-Restautante|28|3/4| |70010002|3/4| |70010002|PREPARACION CONDIMENTOS|70|PREPARACION CONDIMENTOS|70|Cond. Alimentos|7001|Cond. Alimentos|7001|Para Aqui|1|Para Aqui|1|0.00|0.00|0.00|0.00|0.00|0.00|0.00|0.00|0.00|1|0.00|1|0|0.00|0.00|0.00|76|18
FPMI|1-Restautante|1|1-Restautante|28|Mensj Alimentos| |90000037|Mensj Alimentos| |90000037|PREPARACION CONDIMENTOS|70|PREPARACION CONDIMENTOS|70|Mensajes|7003|Mensajes|7003|Para Aqui|1|Para Aqui|1|0.00|0.00|0.00|0.00|0.00|0.00|0.00|0.00|0.00|1|0.00|1|0|0.00|0.00|0.00|51|12
FPMI|1-Restautante|1|1-Restautante|28|Mensj Jugos| |90000010|Mensj Jugos| |90000010|PREPARACION CONDIMENTOS|70|PREPARACION CONDIMENTOS|70|Mensajes|7003|Mensajes|7003|Para Aqui|1|Para Aqui|1|0.00|0.00|0.00|0.00|0.00|0.00|0.00|0.00|0.00|1|0.00|2|0|0.00|0.00|0.00|76|18
FPMI|1-Restautante|1|1-Restautante|28|Mensj Bar| |90000012|Mensj Bar| |90000012|PREPARACION CONDIMENTOS|70|PREPARACION CONDIMENTOS|70|Mensajes|7003|Mensajes|7003|Para Aqui|1|Para Aqui|1|0.00|0.00|0.00|0.00|0.00|0.00|0.00|0.00|0.00|1|0.00|1|0|0.00|0.00|0.00|72|17
FPMI|1-Restautante|1|1-Restautante|28|BIEN ASADO| |70010005|BIEN ASADO| |70010005|PREPARACION CONDIMENTOS|70|PREPARACION CONDIMENTOS|70|Cond. Alimentos|7001|Cond. Alimentos|7001|Para Aqui|1|Para Aqui|1|0.00|0.00|0.00|0.00|0.00|0.00|0.00|0.00|0.00|1|0.00|1|0|0.00|0.00|0.00|53|13
FPMI|1-Restautante|1|1-Restautante|28|1/2| |70010003|1/2| |70010003|PREPARACION CONDIMENTOS|70|PREPARACION CONDIMENTOS|70|Cond. Alimentos|7001|Cond. Alimentos|7001|Para Aqui|1|Para Aqui|1|0.00|0.00|0.00|0.00|0.00|0.00|0.00|0.00|0.00|1|0.00|1|0|0.00|0.00|0.00|75|18
FPMI|1-Restautante|1|1-Restautante|28|3/4| |70010002|3/4| |70010002|PREPARACION CONDIMENTOS|70|PREPARACION CONDIMENTOS|70|Cond. Alimentos|7001|Cond. Alimentos|7001|Para Aqui|1|Para Aqui|1|0.00|0.00|0.00|0.00|0.00|0.00|0.00|0.00|0.00|1|0.00|2|0|0.00|0.00|0.00|62|15
FPMI|1-Restautante|1|1-Restautante|28|Cont Churrasco| |10029906|Cont Churrasco| |10029906|ALIMENTOS|10|ALIMENTOS|10|Carnes|1002|Carnes|1002|Para Aqui|1|Para Aqui|1|0.00|0.00|0.00|0.00|0.00|0.00|0.00|0.00|0.00|1|0.00|1|0|0.00|0.00|0.00|76|18
FPMI|1-Restautante|1|1-Restautante|28|CHICHARRONES 110 GR CON | |9302413|CHICHARRONES 110 GR CON GUACAMOL| |9302413|ALIMENTOS|10|ALIMENTOS|10|Para Empezar|1008|Para Empezar|1008|Para Aqui|1|Para Aqui|1|44538.00|0.00|44538.00|0.00|0.00|0.00|44538.00|0.00|44538.00|1|44538.00|2|0|0.00|0.00|0.00|50|12
FPMI|1-Restautante|1|1-Restautante|28|LOMO DE RES 220 GRS FRAN| |9310869|LOMO DE RES 220 GRS FRANCESA| |9310869|ALIMENTOS|10|ALIMENTOS|10|Carnes|1002|Carnes|1002|Para Aqui|1|Para Aqui|1|57563.00|0.00|57563.00|0.00|0.00|0.00|57563.00|0.00|57563.00|1|57563.00|1|0|0.00|0.00|0.00|75|18
FPMI|1-Restautante|1|1-Restautante|28|LOMO VINO AJISOSO 220 GR| |9310887|LOMO VINO AJISOSO 220 GRS FRANCE| |9310887|ALIMENTOS|10|ALIMENTOS|10|Carnes|1002|Carnes|1002|Para Aqui|1|Para Aqui|1|57563.00|0.00|57563.00|0.00|0.00|0.00|57563.00|0.00|57563.00|1|57563.00|1|0|0.00|0.00|0.00|52|12
FPMI|1-Restautante|1|1-Restautante|28|AREPA CON GUACAMOLE| |9302036|AREPA CON GUACAMOLE| |9302036|ALIMENTOS|10|ALIMENTOS|10|Para Empezar|1008|Para Empezar|1008|Para Aqui|1|Para Aqui|1|8739.00|0.00|8739.00|0.00|0.00|0.00|8739.00|0.00|8739.00|1|8739.00|1|0|0.00|0.00|0.00|56|13
FPMI|1-Restautante|1|1-Restautante|28|CHICHARRONES 110 GR CON | |9302413|CHICHARRONES 110 GR CON GUACAMOL| |9302413|ALIMENTOS|10|ALIMENTOS|10|Para Empezar|1008|Para Empezar|1008|Para Aqui|1|Para Aqui|1|22269.00|0.00|22269.00|0.00|0.00|0.00|22269.00|0.00|22269.00|1|22269.00|1|0|0.00|0.00|0.00|79|19
FPMI|1-Restautante|1|1-Restautante|28|FRIJOLES-COLABORADORES| |9346253|FRIJOLES-COLABORADORES| |9346253|ALIMENTOS|10|ALIMENTOS|10|Cocina Gourmet|1003|Cocina Gourmet|1003|Para Aqui|1|Para Aqui|1|6723.00|0.00|6723.00|0.00|0.00|0.00|6723.00|0.00|6723.00|1|6723.00|1|0|0.00|0.00|0.00|56|13
FPMI|1-Restautante|1|1-Restautante|28|Cont Lomo Res 250| |10029901|Cont Lomo Res 250| |10029901|ALIMENTOS|10|ALIMENTOS|10|Carnes|1002|Carnes|1002|Para Aqui|1|Para Aqui|1|0.00|0.00|0.00|0.00|0.00|0.00|0.00|0.00|0.00|0|0.00|1|0|0.00|0.00|0.00|50|12
FPMI|1-Restautante|1|1-Restautante|28|TRES LECHES| |9320128|TRES LECHES| |9320128|ALIMENTOS|10|ALIMENTOS|10|Postres|1009|Postres|1009|Para Aqui|1|Para Aqui|1|14706.00|0.00|14706.00|0.00|0.00|0.00|14706.00|0.00|14706.00|1|14706.00|1|0|0.00|0.00|0.00|80|19
FPMI|1-Restautante|1|1-Restautante|28|GASEOSA QUATRO| |9466144|GASEOSA QUATRO| |9466144|BEBIDAS|20|BEBIDAS|20|Gaseosas|2003|Gaseosas|2003|Para Aqui|1|Para Aqui|1|7563.00|0.00|7563.00|0.00|0.00|0.00|7563.00|0.00|7563.00|1|7563.00|1|0|0.00|0.00|0.00|62|15
FPMI|1-Restautante|1|1-Restautante|28|LIMONADA NATURAL| |9464204|LIMONADA NATURAL| |9464204|BEBIDAS|20|BEBIDAS|20|Jugos|2004|Jugos|2004|Para Aqui|1|Para Aqui|1|20840.00|0.00|20840.00|0.00|0.00|0.00|20840.00|0.00|20840.00|1|20840.00|2|0|0.00|0.00|0.00|76|18
FPMI|1-Restautante|1|1-Restautante|28|LIMONADA CON HIERBABUENA| |9464206|LIMONADA CON HIERBABUENA| |9464206|BEBIDAS|20|BEBIDAS|20|Jugos|2004|Jugos|2004|Para Aqui|1|Para Aqui|1|13277.00|0.00|13277.00|0.00|0.00|0.00|13277.00|0.00|13277.00|1|13277.00|1|0|0.00|0.00|0.00|76|18
FPMI|1-Restautante|1|1-Restautante|28|SODA FRUTOS ROJOS| |9464003|SODA FRUTOS ROJOS| |9464003|BEBIDAS|20|BEBIDAS|20|Gaseosas|2003|Gaseosas|2003|Para Aqui|1|Para Aqui|1|12185.00|0.00|12185.00|0.00|0.00|0.00|12185.00|0.00|12185.00|1|12185.00|1|0|0.00|0.00|0.00|76|18
FPMI|1-Restautante|1|1-Restautante|28|SIMULT FRITOS| |80000006|SIMULT FRITOS| |80000006|SIMULTANEOS|110|SIMULTANEOS|110|Simultaneos|10002|Simultaneos|10002|Para Aqui|1|Para Aqui|1|0.00|0.00|0.00|0.00|0.00|0.00|0.00|0.00|0.00|1|0.00|1|0|0.00|0.00|0.00|51|12
FPMI|1-Restautante|1|1-Restautante|28|CERVEZA CORONA EXTRA| |9432068|CERVEZA CORONA EXTRA| |9432068|LICORES|30|LICORES|30|Cerveza Imp|3008|Cerveza Imp|3008|Para Aqui|1|Para Aqui|1|11681.00|0.00|11681.00|0.00|0.00|0.00|11681.00|0.00|11681.00|1|11681.00|1|0|0.00|0.00|0.00|50|12
FPMI|1-Restautante|1|1-Restautante|28|Mensj Alimentos| |90000037|Mensj Alimentos| |90000037|PREPARACION CONDIMENTOS|70|PREPARACION CONDIMENTOS|70|Mensajes|7003|Mensajes|7003|Para Aqui|1|Para Aqui|1|0.00|0.00|0.00|0.00|0.00|0.00|0.00|0.00|0.00|1|0.00|3|0|0.00|0.00|0.00|52|12
FPMI|1-Restautante|1|1-Restautante|28|Mensj Alimentos| |90000037|Mensj Alimentos| |90000037|PREPARACION CONDIMENTOS|70|PREPARACION CONDIMENTOS|70|Mensajes|7003|Mensajes|7003|Para Aqui|1|Para Aqui|1|0.00|0.00|0.00|0.00|0.00|0.00|0.00|0.00|0.00|1|0.00|1|0|0.00|0.00|0.00|54|13
FPMI|1-Restautante|1|1-Restautante|28|Mensj Bar| |90000012|Mensj Bar| |90000012|PREPARACION CONDIMENTOS|70|PREPARACION CONDIMENTOS|70|Mensajes|7003|Mensajes|7003|Para Aqui|1|Para Aqui|1|0.00|0.00|0.00|0.00|0.00|0.00|0.00|0.00|0.00|1|0.00|1|0|0.00|0.00|0.00|70|17
FPMI|1-Restautante|1|1-Restautante|28|3/4| |70010002|3/4| |70010002|PREPARACION CONDIMENTOS|70|PREPARACION CONDIMENTOS|70|Cond. Alimentos|7001|Cond. Alimentos|7001|Para Aqui|1|Para Aqui|1|0.00|0.00|0.00|0.00|0.00|0.00|0.00|0.00|0.00|1|0.00|1|0|0.00|0.00|0.00|53|13
FPMI|1-Restautante|1|1-Restautante|28|Mensj Bar| |90000012|Mensj Bar| |90000012|PREPARACION CONDIMENTOS|70|PREPARACION CONDIMENTOS|70|Mensajes|7003|Mensajes|7003|Para Aqui|1|Para Aqui|1|0.00|0.00|0.00|0.00|0.00|0.00|0.00|0.00|0.00|1|0.00|1|0|0.00|0.00|0.00|51|12
