FPID|Andr1234567|Andres Expres PepeSierra|20241210|20241210|20250111|122916|2.00|2.00|Simphony|19.7.2
FPSUM|Plataformas|21|Plataformas|21|84305.00|0.00|0|0|0.00|0|6745.00|2|0|0|0|0|0.00|0.00|0.00|0|0|0|0.00|0|0.00|0|73000.00|2|91050.00|2|91050.00|2|0.00|0|0.00|0|0.00|0.00|12|51|84305.00|0.00|0.00|0.00|84305.00|0.00|0.00|0.00|0.00|0.00|0.00|0.00|0.00
FPSUM|Restaurante|1|Restaurante|1|418243.00|41823.00|0|0|0.00|0|33457.00|3|0|0|0|0|0.00|0.00|0.00|0|0|0|0.00|0|0.00|0|0.00|0|493523.00|3|81289.00|1|0.00|0|0.00|0|0.00|0.00|12|52|418243.00|0.00|0.00|0.00|418243.00|0.00|0.00|0.00|0.00|0.00|0.00|0.00|0.00
FPSUM|Domicilios|20|Domicilios|20|0.00|0.00|0|0|0.00|0|0.00|0|0|0|0|0|0.00|0.00|0.00|0|0|0|0.00|0|0.00|0|0.00|0|0.00|0|0.00|0|0.00|0|0.00|0|0.00|0.00|14|59|0.00|0.00|0.00|0.00|0.00|0.00|0.00|0.00|0.00|0.00|0.00|0.00|0.00
FPSUM|Plataformas|21|Plataformas|21|31296.00|0.00|0|0|0.00|0|2504.00|1|0|0|0|0|0.00|0.00|0.00|0|0|0|0.00|0|0.00|0|0.00|0|33800.00|1|33800.00|1|0.00|0|0.00|0|0.00|0.00|15|64|31296.00|0.00|0.00|0.00|31296.00|0.00|0.00|0.00|0.00|0.00|0.00|0.00|0.00
FPSUM|Plataformas|21|Plataformas|21|0.00|0.00|0|0|0.00|0|0.00|0|0|0|0|0|0.00|0.00|0.00|0|0|0|0.00|0|0.00|0|89600.00|2|0.00|0|0.00|0|0.00|0|0.00|0|0.00|0.00|20|83|0.00|0.00|0.00|0.00|0.00|0.00|0.00|0.00|0.00|0.00|0.00|0.00|0.00
FPSUM|Plataformas|21|Plataformas|21|82964.00|0.00|0|0|0.00|0|6636.00|1|0|0|0|0|0.00|0.00|0.00|0|0|0|0.00|0|0.00|0|0.00|0|89600.00|1|89600.00|1|0.00|0|0.00|0|0.00|0.00|13|54|82964.00|0.00|0.00|0.00|82964.00|0.00|0.00|0.00|0.00|0.00|0.00|0.00|0.00
FPSUM|Restaurante|1|Restaurante|1|108703.00|10870.00|0|0|0.00|0|8697.00|1|0|0|0|0|0.00|0.00|0.00|0|0|0|41500.00|3|0.00|0|0.00|0|128270.00|1|281779.00|2|0.00|0|0.00|0|0.00|0.00|13|53|108703.00|0.00|0.00|0.00|108703.00|0.00|0.00|0.00|0.00|0.00|0.00|0.00|0.00
FPSUM|Plataformas|21|Plataformas|21|107130.00|0.00|0|0|0.00|0|8570.00|2|0|0|0|0|0.00|0.00|0.00|0|0|0|28100.00|1|0.00|0|69800.00|1|115700.00|2|115700.00|2|0.00|0|0.00|0|0.00|0.00|16|65|107130.00|0.00|0.00|0.00|107130.00|0.00|0.00|0.00|0.00|0.00|0.00|0.00|0.00
FPSUM|Domicilios|20|Domicilios|20|0.00|0.00|0|0|0.00|0|0.00|0|0|0|0|0|0.00|0.00|0.00|0|0|0|0.00|0|0.00|0|0.00|0|0.00|0|0.00|0|0.00|0|0.00|0|0.00|0.00|20|83|0.00|0.00|0.00|0.00|0.00|0.00|0.00|0.00|0.00|0.00|0.00|0.00|0.00
FPSUM|Plataformas|21|Plataformas|21|167824.00|0.00|0|0|0.00|0|13426.00|3|0|0|0|0|0.00|0.00|0.00|0|0|0|27200.00|3|0.00|0|38400.00|2|181250.00|3|181250.00|3|0.00|0|0.00|0|0.00|0.00|13|53|167824.00|0.00|0.00|0.00|167824.00|0.00|0.00|0.00|0.00|0.00|0.00|0.00|0.00
FPSUM|Plataformas|21|Plataformas|21|46204.00|0.00|0|0|0.00|0|3696.00|1|0|0|0|0|0.00|0.00|0.00|0|0|0|0.00|0|0.00|0|0.00|0|49900.00|1|49900.00|1|0.00|0|0.00|0|0.00|0.00|12|49|46204.00|0.00|0.00|0.00|46204.00|0.00|0.00|0.00|0.00|0.00|0.00|0.00|0.00
FPSUM|Restaurante|1|Restaurante|1|146204.00|14620.00|0|0|0.00|0|11696.00|1|0|0|0|0|0.00|0.00|0.00|0|0|0|0.00|0|0.00|0|0.00|0|172520.00|1|0.00|0|0.00|0|0.00|0|0.00|0.00|16|66|146204.00|0.00|0.00|0.00|146204.00|0.00|0.00|0.00|0.00|0.00|0.00|0.00|0.00
FPSUM|Restaurante|1|Restaurante|1|145371.00|14537.00|0|0|0.00|0|11629.00|1|0|0|0|0|0.00|0.00|0.00|0|0|0|0.00|0|0.00|0|0.00|0|171537.00|1|0.00|0|0.00|0|0.00|0|0.00|0.00|19|78|145371.00|0.00|0.00|0.00|145371.00|0.00|0.00|0.00|0.00|0.00|0.00|0.00|0.00
FPSUM|Plataformas|21|Plataformas|21|26019.00|0.00|0|0|0.00|0|2081.00|1|0|0|0|0|0.00|0.00|0.00|0|0|0|0.00|0|0.00|0|0.00|0|28100.00|1|28100.00|1|0.00|0|0.00|0|0.00|0.00|18|73|26019.00|0.00|0.00|0.00|26019.00|0.00|0.00|0.00|0.00|0.00|0.00|0.00|0.00
FPSUM|Domicilios|20|Domicilios|20|0.00|0.00|0|0|0.00|0|0.00|0|0|0|0|0|0.00|0.00|0.00|0|0|0|0.00|0|0.00|0|0.00|0|0.00|0|0.00|0|0.00|0|0.00|0|0.00|0.00|20|81|0.00|0.00|0.00|0.00|0.00|0.00|0.00|0.00|0.00|0.00|0.00|0.00|0.00
FPSUM|Restaurante|1|Restaurante|1|0.00|0.00|0|0|0.00|0|0.00|0|0|0|0|0|0.00|0.00|0.00|0|0|0|0.00|0|0.00|0|0.00|0|3.00|0|171540.00|1|0.00|0|0.00|0|0.00|0.00|19|80|0.00|0.00|0.00|0.00|0.00|0.00|0.00|0.00|0.00|0.00|0.00|0.00|0.00
FPSUM|Restaurante|1|Restaurante|1|144630.00|14462.00|0|0|0.00|0|11570.00|3|0|0|0|0|0.00|0.00|0.00|0|0|0|9800.00|1|0.00|0|0.00|0|170662.00|3|153836.00|2|0.00|0|0.00|0|0.00|0.00|14|59|144630.00|0.00|0.00|0.00|144630.00|0.00|0.00|0.00|0.00|0.00|0.00|0.00|0.00
FPSUM|Restaurante|1|Restaurante|1|0.00|0.00|0|0|0.00|0|0.00|0|0|0|0|0|0.00|0.00|0.00|0|0|0|0.00|0|0.00|0|0.00|1|0.00|0|0.00|0|0.00|0|0.00|0|0.00|0.00|20|81|0.00|0.00|0.00|0.00|0.00|0.00|0.00|0.00|0.00|0.00|0.00|0.00|0.00
FPSUM|Plataformas|21|Plataformas|21|0.00|0.00|0|0|0.00|0|0.00|0|0|0|0|0|0.00|0.00|0.00|0|0|0|0.00|0|0.00|0|66400.00|1|0.00|0|0.00|0|0.00|0|0.00|0|0.00|0.00|15|63|0.00|0.00|0.00|0.00|0.00|0.00|0.00|0.00|0.00|0.00|0.00|0.00|0.00
FPSUM|Restaurante|1|Restaurante|1|0.00|0.00|0|0|0.00|0|0.00|0|0|0|0|0|0.00|0.00|0.00|0|0|0|0.00|0|0.00|0|0.00|0|0.00|0|172520.00|1|0.00|0|0.00|0|0.00|0.00|16|68|0.00|0.00|0.00|0.00|0.00|0.00|0.00|0.00|0.00|0.00|0.00|0.00|0.00
FPSUM|Restaurante|1|Restaurante|1|0.00|0.00|0|0|0.00|0|0.00|0|0|0|0|0|0.00|0.00|0.00|0|0|0|0.00|0|0.00|0|0.00|0|0.00|0|113302.00|1|0.00|0|0.00|0|0.00|0.00|18|76|0.00|0.00|0.00|0.00|0.00|0.00|0.00|0.00|0.00|0.00|0.00|0.00|0.00
FPSUM|Plataformas|21|Plataformas|21|31111.00|0.00|0|0|0.00|0|2489.00|1|0|0|0|0|0.00|0.00|0.00|0|0|0|0.00|0|0.00|0|0.00|0|33600.00|1|33600.00|1|0.00|0|0.00|0|0.00|0.00|19|79|31111.00|0.00|0.00|0.00|31111.00|0.00|0.00|0.00|0.00|0.00|0.00|0.00|0.00
FPSUM|Plataformas|21|Plataformas|21|80000.00|0.00|0|0|0.00|0|6400.00|1|0|0|0|0|0.00|0.00|0.00|0|0|0|28100.00|1|0.00|0|0.00|0|86400.00|1|86400.00|1|0.00|0|0.00|0|0.00|0.00|11|48|80000.00|0.00|0.00|0.00|80000.00|0.00|0.00|0.00|0.00|0.00|0.00|0.00|0.00
FPSUM|Restaurante|1|Restaurante|1|0.00|0.00|0|0|0.00|0|0.00|0|0|0|0|0|0.00|0.00|0.00|0|0|0|0.00|0|0.00|0|0.00|0|0.00|0|16826.00|1|0.00|0|0.00|0|0.00|0.00|14|60|0.00|0.00|0.00|0.00|0.00|0.00|0.00|0.00|0.00|0.00|0.00|0.00|0.00
FPSUM|Domicilios|20|Domicilios|20|58427.00|0.00|0|0|0.00|0|4673.00|1|0|0|0|0|0.00|0.00|0.00|0|0|0|0.00|0|0.00|0|0.00|0|63100.00|1|63100.00|1|0.00|0|0.00|0|0.00|0.00|12|51|58427.00|0.00|0.00|0.00|58427.00|0.00|0.00|0.00|0.00|0.00|0.00|0.00|0.00
FPSUM|Restaurante|1|Restaurante|1|0.00|0.00|0|0|0.00|0|0.00|0|0|0|0|0|0.00|0.00|0.00|0|0|0|0.00|0|0.00|0|0.00|0|0.00|0|148374.00|1|0.00|0|0.00|0|0.00|0.00|14|57|0.00|0.00|0.00|0.00|0.00|0.00|0.00|0.00|0.00|0.00|0.00|0.00|0.00
FPSUM|Domicilios|20|Domicilios|20|53796.00|0.00|0|0|0.00|0|4304.00|2|0|0|0|0|0.00|0.00|0.00|0|0|0|0.00|0|0.00|0|0.00|0|58100.00|2|58100.00|2|0.00|0|0.00|0|0.00|0.00|15|64|53796.00|0.00|0.00|0.00|53796.00|0.00|0.00|0.00|0.00|0.00|0.00|0.00|0.00
FPSUM|Plataformas|21|Plataformas|21|78333.00|0.00|0|0|0.00|0|6267.00|2|0|0|0|0|0.00|0.00|0.00|0|0|0|0.00|0|0.00|0|0.00|0|84600.00|2|84600.00|2|0.00|0|0.00|0|0.00|0.00|18|75|78333.00|0.00|0.00|0.00|78333.00|0.00|0.00|0.00|0.00|0.00|0.00|0.00|0.00
FPSUM|Restaurante|1|Restaurante|1|213798.00|21379.00|0|0|0.00|0|17102.00|2|0|0|0|0|0.00|0.00|0.00|0|0|0|0.00|0|0.00|0|0.00|0|252279.00|2|0.00|0|0.00|0|0.00|0|0.00|0.00|13|54|213798.00|0.00|0.00|0.00|213798.00|0.00|0.00|0.00|0.00|0.00|0.00|0.00|0.00
FPSUM|Plataformas|21|Plataformas|21|176853.00|0.00|0|0|0.00|0|14147.00|3|0|0|0|0|0.00|0.00|0.00|0|0|0|23200.00|2|0.00|0|46800.00|1|191000.00|3|191000.00|3|0.00|0|0.00|0|0.00|0.00|20|84|176853.00|0.00|0.00|0.00|176853.00|0.00|0.00|0.00|0.00|0.00|0.00|0.00|0.00
FPSUM|Restaurante|1|Restaurante|1|0.00|0.00|0|0|0.00|0|0.00|0|0|0|0|0|0.00|0.00|0.00|0|0|0|0.00|0|0.00|0|0.00|0|0.00|0|340014.00|2|0.00|0|0.00|0|0.00|0.00|13|55|0.00|0.00|0.00|0.00|0.00|0.00|0.00|0.00|0.00|0.00|0.00|0.00|0.00
FPSUM|Restaurante|1|Restaurante|1|5370.00|537.00|0|0|0.00|0|430.00|0|0|0|0|0|0.00|0.00|0.00|0|0|0|0.00|0|0.00|0|0.00|0|6337.00|0|0.00|0|0.00|0|0.00|0|0.00|0.00|12|51|5370.00|0.00|0.00|0.00|5370.00|0.00|0.00|0.00|0.00|0.00|0.00|0.00|0.00
FPSUM|Plataformas|21|Plataformas|21|213334.00|0.00|0|0|0.00|0|17066.00|1|0|0|0|0|0.00|0.00|0.00|0|0|0|1357400.00|1|0.00|0|0.00|0|230400.00|1|230400.00|1|0.00|0|0.00|0|0.00|0.00|18|74|213334.00|0.00|0.00|0.00|213334.00|0.00|0.00|0.00|0.00|0.00|0.00|0.00|0.00
FPSUM|Plataformas|21|Plataformas|21|77222.00|0.00|0|0|0.00|0|6178.00|1|0|0|0|0|0.00|0.00|0.00|0|0|0|0.00|0|0.00|0|0.00|0|83400.00|1|83400.00|1|0.00|0|0.00|0|0.00|0.00|14|59|77222.00|0.00|0.00|0.00|77222.00|0.00|0.00|0.00|0.00|0.00|0.00|0.00|0.00
FPSUM|Restaurante|1|Restaurante|1|96018.00|9602.00|0|0|0.00|0|7682.00|1|0|0|0|0|0.00|0.00|0.00|0|0|0|0.00|0|0.00|0|0.00|0|113302.00|1|0.00|0|0.00|0|0.00|0|0.00|0.00|18|74|96018.00|0.00|0.00|0.00|96018.00|0.00|0.00|0.00|0.00|0.00|0.00|0.00|0.00
FPSUM|Plataformas|21|Plataformas|21|31482.00|0.00|0|0|0.00|0|2518.00|1|0|0|0|0|0.00|0.00|0.00|0|0|0|0.00|0|0.00|0|0.00|0|34000.00|1|34000.00|1|0.00|0|0.00|0|0.00|0.00|19|77|31482.00|0.00|0.00|0.00|31482.00|0.00|0.00|0.00|0.00|0.00|0.00|0.00|0.00
FPSUM|Plataformas|21|Plataformas|21|0.00|0.00|0|0|0.00|0|0.00|0|0|0|0|0|0.00|0.00|0.00|0|0|0|0.00|0|0.00|0|108100.00|3|0.00|0|0.00|0|0.00|0|0.00|0|0.00|0.00|12|52|0.00|0.00|0.00|0.00|0.00|0.00|0.00|0.00|0.00|0.00|0.00|0.00|0.00
FPSUM|Domicilios|20|Domicilios|20|37040.00|0.00|0|0|0.00|0|2960.00|1|0|0|0|0|0.00|0.00|0.00|0|0|0|40000.00|2|0.00|0|0.00|0|40000.00|1|40000.00|1|0.00|0|0.00|0|0.00|0.00|21|86|37040.00|0.00|0.00|0.00|37040.00|0.00|0.00|0.00|0.00|0.00|0.00|0.00|0.00
FPSUM|Restaurante|1|Restaurante|1|0.00|0.00|0|0|0.00|0|0.00|0|0|0|0|0|0.00|0.00|0.00|0|0|0|0.00|0|0.00|0|0.00|0|0.00|0|0.00|0|0.00|0|0.00|0|0.00|0.00|19|79|0.00|0.00|0.00|0.00|0.00|0.00|0.00|0.00|0.00|0.00|0.00|0.00|0.00
FPSUM|Domicilios|20|Domicilios|20|28520.00|0.00|0|0|0.00|0|2280.00|1|0|0|0|0|0.00|0.00|0.00|0|0|0|7700.00|1|0.00|0|0.00|0|30800.00|1|30800.00|1|0.00|0|0.00|0|0.00|0.00|13|55|28520.00|0.00|0.00|0.00|28520.00|0.00|0.00|0.00|0.00|0.00|0.00|0.00|0.00
FPSUM|Restaurante|1|Restaurante|1|19444.00|1944.00|0|0|0.00|0|1556.00|1|0|0|0|0|0.00|0.00|0.00|0|0|0|0.00|0|0.00|0|0.00|0|22944.00|1|22944.00|1|0.00|0|0.00|0|0.00|0.00|15|61|19444.00|0.00|0.00|0.00|19444.00|0.00|0.00|0.00|0.00|0.00|0.00|0.00|0.00
FPSUM|Plataformas|21|Plataformas|21|77222.00|0.00|0|0|0.00|0|6178.00|1|0|0|0|0|0.00|0.00|0.00|0|0|0|0.00|0|0.00|0|66400.00|1|83400.00|1|83400.00|1|0.00|0|0.00|0|0.00|0.00|15|61|77222.00|0.00|0.00|0.00|77222.00|0.00|0.00|0.00|0.00|0.00|0.00|0.00|0.00
FPSUM|Domicilios|20|Domicilios|20|76019.00|0.00|0|0|0.00|0|6081.00|1|0|0|0|0|0.00|0.00|0.00|0|0|0|0.00|0|0.00|0|0.00|0|82100.00|1|0.00|0|0.00|0|0.00|0|0.00|0.00|13|56|76019.00|0.00|0.00|0.00|76019.00|0.00|0.00|0.00|0.00|0.00|0.00|0.00|0.00
FPSUM|Domicilios|20|Domicilios|20|0.00|0.00|0|0|0.00|0|0.00|0|0|0|0|0|0.00|0.00|0.00|0|0|0|0.00|0|0.00|0|0.00|0|0.00|0|82100.00|1|0.00|0|0.00|0|0.00|0.00|14|57|0.00|0.00|0.00|0.00|0.00|0.00|0.00|0.00|0.00|0.00|0.00|0.00|0.00
FPSUM|Plataformas|21|Plataformas|21|0.00|0.00|0|0|0.00|0|0.00|0|0|0|0|0|0.00|0.00|0.00|0|0|0|0.00|0|0.00|0|45600.00|1|0.00|0|0.00|0|0.00|0|0.00|0|0.00|0.00|12|50|0.00|0.00|0.00|0.00|0.00|0.00|0.00|0.00|0.00|0.00|0.00|0.00|0.00
FPSUM|Restaurante|1|Restaurante|1|63519.00|6352.00|0|0|0.00|0|5081.00|1|0|0|0|0|0.00|0.00|0.00|0|0|0|0.00|0|0.00|0|0.00|0|74952.00|1|0.00|0|0.00|0|0.00|0|0.00|0.00|12|50|63519.00|0.00|0.00|0.00|63519.00|0.00|0.00|0.00|0.00|0.00|0.00|0.00|0.00
FPSUM|Restaurante|1|Restaurante|1|0.00|0.00|0|0|0.00|0|0.00|0|0|0|0|0|0.00|0.00|0.00|0|0|0|0.00|0|0.00|0|0.00|0|0.00|0|103905.00|1|0.00|0|0.00|0|0.00|0.00|13|56|0.00|0.00|0.00|0.00|0.00|0.00|0.00|0.00|0.00|0.00|0.00|0.00|0.00
FPSUM|Restaurante|1|Restaurante|1|110464.00|11046.00|0|0|0.00|0|8836.00|1|0|0|0|0|0.00|0.00|0.00|0|0|0|0.00|0|0.00|0|0.00|0|130346.00|1|130346.00|1|0.00|0|0.00|0|0.00|0.00|15|63|110464.00|0.00|0.00|0.00|110464.00|0.00|0.00|0.00|0.00|0.00|0.00|0.00|0.00
FPOT|Restaurante|1|Restaurante|1|Para Aqui|1|Para Aqui|1|0.00|0.00|0.00|0|0.00|0|0.00|0|0|0|0|0|0.00|0.00|0.00|0|0|0|0.00|0|0.00|0|0.00|0|0.00|0|340014.00|2|0.00|0|0.00|0|0.00|0.00|13|55|0.00|0.00|0.00|0.00|0.00|0.00|0.00|0.00|0.00|0.00|0.00|0.00|0.00
FPOT|Restaurante|1|Restaurante|1|Para Aqui|1|Para Aqui|1|0.00|0.00|0.00|0|0.00|0|0.00|0|0|0|0|0|0.00|0.00|0.00|0|0|0|0.00|0|0.00|0|0.00|0|0.00|0|0.00|0|0.00|0|0.00|0|0.00|0.00|19|79|0.00|0.00|0.00|0.00|0.00|0.00|0.00|0.00|0.00|0.00|0.00|0.00|0.00
FPOT|Restaurante|1|Restaurante|1|Para Aqui|1|Para Aqui|1|0.00|0.00|0.00|0|0.00|0|0.00|0|0|0|0|0|0.00|0.00|0.00|0|0|0|0.00|0|0.00|0|0.00|1|0.00|0|0.00|0|0.00|0|0.00|0|0.00|0.00|20|81|0.00|0.00|0.00|0.00|0.00|0.00|0.00|0.00|0.00|0.00|0.00|0.00|0.00
FPOT|Domicilios|20|Domicilios|20|Para Llevar|2|Para Llevar|2|0.00|0.00|0.00|0|0.00|0|0.00|0|0|0|0|0|0.00|0.00|0.00|0|0|0|0.00|0|0.00|0|0.00|0|0.00|0|0.00|0|0.00|0|0.00|0|0.00|0.00|20|81|0.00|0.00|0.00|0.00|0.00|0.00|0.00|0.00|0.00|0.00|0.00|0.00|0.00
FPOT|Domicilios|20|Domicilios|20|Para Llevar|2|Para Llevar|2|28520.00|0.00|0.00|0|0.00|0|2280.00|1|0|0|0|0|0.00|0.00|0.00|0|0|0|7700.00|1|0.00|0|0.00|0|30800.00|1|30800.00|1|0.00|0|0.00|0|0.00|0.00|13|55|28520.00|0.00|0.00|0.00|28520.00|0.00|0.00|0.00|0.00|0.00|0.00|0.00|0.00
FPOT|Domicilios|20|Domicilios|20|Para Llevar|2|Para Llevar|2|37040.00|0.00|0.00|0|0.00|0|2960.00|1|0|0|0|0|0.00|0.00|0.00|0|0|0|40000.00|2|0.00|0|0.00|0|40000.00|1|40000.00|1|0.00|0|0.00|0|0.00|0.00|21|86|37040.00|0.00|0.00|0.00|37040.00|0.00|0.00|0.00|0.00|0.00|0.00|0.00|0.00
FPOT|Plataformas|21|Plataformas|21|Domicilios|7|Domicilios|7|176853.00|0.00|0.00|0|0.00|0|14147.00|3|0|0|0|0|0.00|0.00|0.00|0|0|0|23200.00|2|0.00|0|46800.00|1|191000.00|3|191000.00|3|0.00|0|0.00|0|0.00|0.00|20|84|176853.00|0.00|0.00|0.00|176853.00|0.00|0.00|0.00|0.00|0.00|0.00|0.00|0.00
FPOT|Restaurante|1|Restaurante|1|Para Aqui|1|Para Aqui|1|0.00|0.00|0.00|0|0.00|0|0.00|0|0|0|0|0|0.00|0.00|0.00|0|0|0|0.00|0|0.00|0|0.00|0|0.00|0|172520.00|1|0.00|0|0.00|0|0.00|0.00|16|68|0.00|0.00|0.00|0.00|0.00|0.00|0.00|0.00|0.00|0.00|0.00|0.00|0.00
FPOT|Restaurante|1|Restaurante|1|Para Aqui|1|Para Aqui|1|146204.00|14620.00|0.00|0|0.00|0|11696.00|1|0|0|0|0|0.00|0.00|0.00|0|0|0|0.00|0|0.00|0|0.00|0|172520.00|1|0.00|0|0.00|0|0.00|0|0.00|0.00|16|66|146204.00|0.00|0.00|0.00|146204.00|0.00|0.00|0.00|0.00|0.00|0.00|0.00|0.00
FPOT|Restaurante|1|Restaurante|1|Para Aqui|1|Para Aqui|1|0.00|0.00|0.00|0|0.00|0|0.00|0|0|0|0|0|0.00|0.00|0.00|0|0|0|0.00|0|0.00|0|0.00|0|0.00|0|103905.00|1|0.00|0|0.00|0|0.00|0.00|13|56|0.00|0.00|0.00|0.00|0.00|0.00|0.00|0.00|0.00|0.00|0.00|0.00|0.00
FPOT|Restaurante|1|Restaurante|1|Para Aqui|1|Para Aqui|1|145371.00|14537.00|0.00|0|0.00|0|11629.00|1|0|0|0|0|0.00|0.00|0.00|0|0|0|0.00|0|0.00|0|0.00|0|171537.00|1|0.00|0|0.00|0|0.00|0|0.00|0.00|19|78|145371.00|0.00|0.00|0.00|145371.00|0.00|0.00|0.00|0.00|0.00|0.00|0.00|0.00
FPOT|Restaurante|1|Restaurante|1|Para Aqui|1|Para Aqui|1|418243.00|41823.00|0.00|0|0.00|0|33457.00|3|0|0|0|0|0.00|0.00|0.00|0|0|0|0.00|0|0.00|0|0.00|0|493523.00|3|81289.00|1|0.00|0|0.00|0|0.00|0.00|12|52|418243.00|0.00|0.00|0.00|418243.00|0.00|0.00|0.00|0.00|0.00|0.00|0.00|0.00
FPOT|Domicilios|20|Domicilios|20|Para Llevar|2|Para Llevar|2|0.00|0.00|0.00|0|0.00|0|0.00|0|0|0|0|0|0.00|0.00|0.00|0|0|0|0.00|0|0.00|0|0.00|0|0.00|0|0.00|0|0.00|0|0.00|0|0.00|0.00|20|83|0.00|0.00|0.00|0.00|0.00|0.00|0.00|0.00|0.00|0.00|0.00|0.00|0.00
FPOT|Plataformas|21|Plataformas|21|Domicilios|7|Domicilios|7|77222.00|0.00|0.00|0|0.00|0|6178.00|1|0|0|0|0|0.00|0.00|0.00|0|0|0|0.00|0|0.00|0|66400.00|1|83400.00|1|83400.00|1|0.00|0|0.00|0|0.00|0.00|15|61|77222.00|0.00|0.00|0.00|77222.00|0.00|0.00|0.00|0.00|0.00|0.00|0.00|0.00
FPOT|Plataformas|21|Plataformas|21|Domicilios|7|Domicilios|7|80000.00|0.00|0.00|0|0.00|0|6400.00|1|0|0|0|0|0.00|0.00|0.00|0|0|0|28100.00|1|0.00|0|0.00|0|86400.00|1|86400.00|1|0.00|0|0.00|0|0.00|0.00|11|48|80000.00|0.00|0.00|0.00|80000.00|0.00|0.00|0.00|0.00|0.00|0.00|0.00|0.00
FPOT|Restaurante|1|Restaurante|1|Para Aqui|1|Para Aqui|1|144630.00|14462.00|0.00|0|0.00|0|11570.00|3|0|0|0|0|0.00|0.00|0.00|0|0|0|9800.00|1|0.00|0|0.00|0|170662.00|3|153836.00|2|0.00|0|0.00|0|0.00|0.00|14|59|144630.00|0.00|0.00|0.00|144630.00|0.00|0.00|0.00|0.00|0.00|0.00|0.00|0.00
FPOT|Domicilios|20|Domicilios|20|Para Llevar|2|Para Llevar|2|53796.00|0.00|0.00|0|0.00|0|4304.00|2|0|0|0|0|0.00|0.00|0.00|0|0|0|0.00|0|0.00|0|0.00|0|58100.00|2|58100.00|2|0.00|0|0.00|0|0.00|0.00|15|64|53796.00|0.00|0.00|0.00|53796.00|0.00|0.00|0.00|0.00|0.00|0.00|0.00|0.00
FPOT|Plataformas|21|Plataformas|21|Domicilios|7|Domicilios|7|31296.00|0.00|0.00|0|0.00|0|2504.00|1|0|0|0|0|0.00|0.00|0.00|0|0|0|0.00|0|0.00|0|0.00|0|33800.00|1|33800.00|1|0.00|0|0.00|0|0.00|0.00|15|64|31296.00|0.00|0.00|0.00|31296.00|0.00|0.00|0.00|0.00|0.00|0.00|0.00|0.00
FPOT|Plataformas|21|Plataformas|21|Domicilios|7|Domicilios|7|107130.00|0.00|0.00|0|0.00|0|8570.00|2|0|0|0|0|0.00|0.00|0.00|0|0|0|28100.00|1|0.00|0|69800.00|1|115700.00|2|115700.00|2|0.00|0|0.00|0|0.00|0.00|16|65|107130.00|0.00|0.00|0.00|107130.00|0.00|0.00|0.00|0.00|0.00|0.00|0.00|0.00
FPOT|Restaurante|1|Restaurante|1|Para Aqui|1|Para Aqui|1|0.00|0.00|0.00|0|0.00|0|0.00|0|0|0|0|0|0.00|0.00|0.00|0|0|0|0.00|0|0.00|0|0.00|0|0.00|0|148374.00|1|0.00|0|0.00|0|0.00|0.00|14|57|0.00|0.00|0.00|0.00|0.00|0.00|0.00|0.00|0.00|0.00|0.00|0.00|0.00
FPOT|Restaurante|1|Restaurante|1|Para Aqui|1|Para Aqui|1|0.00|0.00|0.00|0|0.00|0|0.00|0|0|0|0|0|0.00|0.00|0.00|0|0|0|0.00|0|0.00|0|0.00|0|0.00|0|113302.00|1|0.00|0|0.00|0|0.00|0.00|18|76|0.00|0.00|0.00|0.00|0.00|0.00|0.00|0.00|0.00|0.00|0.00|0.00|0.00
FPOT|Restaurante|1|Restaurante|1|Para Aqui|1|Para Aqui|1|5370.00|537.00|0.00|0|0.00|0|430.00|0|0|0|0|0|0.00|0.00|0.00|0|0|0|0.00|0|0.00|0|0.00|0|6337.00|0|0.00|0|0.00|0|0.00|0|0.00|0.00|12|51|5370.00|0.00|0.00|0.00|5370.00|0.00|0.00|0.00|0.00|0.00|0.00|0.00|0.00
FPOT|Restaurante|1|Restaurante|1|Para Aqui|1|Para Aqui|1|0.00|0.00|0.00|0|0.00|0|0.00|0|0|0|0|0|0.00|0.00|0.00|0|0|0|0.00|0|0.00|0|0.00|0|0.00|0|16826.00|1|0.00|0|0.00|0|0.00|0.00|14|60|0.00|0.00|0.00|0.00|0.00|0.00|0.00|0.00|0.00|0.00|0.00|0.00|0.00
FPOT|Restaurante|1|Restaurante|1|Para Aqui|1|Para Aqui|1|110464.00|11046.00|0.00|0|0.00|0|8836.00|1|0|0|0|0|0.00|0.00|0.00|0|0|0|0.00|0|0.00|0|0.00|0|130346.00|1|130346.00|1|0.00|0|0.00|0|0.00|0.00|15|63|110464.00|0.00|0.00|0.00|110464.00|0.00|0.00|0.00|0.00|0.00|0.00|0.00|0.00
FPOT|Domicilios|20|Domicilios|20|Domicilios|7|Domicilios|7|58427.00|0.00|0.00|0|0.00|0|4673.00|1|0|0|0|0|0.00|0.00|0.00|0|0|0|0.00|0|0.00|0|0.00|0|63100.00|1|63100.00|1|0.00|0|0.00|0|0.00|0.00|12|51|58427.00|0.00|0.00|0.00|58427.00|0.00|0.00|0.00|0.00|0.00|0.00|0.00|0.00
FPOT|Plataformas|21|Plataformas|21|Domicilios|7|Domicilios|7|84305.00|0.00|0.00|0|0.00|0|6745.00|2|0|0|0|0|0.00|0.00|0.00|0|0|0|0.00|0|0.00|0|73000.00|2|91050.00|2|91050.00|2|0.00|0|0.00|0|0.00|0.00|12|51|84305.00|0.00|0.00|0.00|84305.00|0.00|0.00|0.00|0.00|0.00|0.00|0.00|0.00
FPOT|Plataformas|21|Plataformas|21|Domicilios|7|Domicilios|7|0.00|0.00|0.00|0|0.00|0|0.00|0|0|0|0|0|0.00|0.00|0.00|0|0|0|0.00|0|0.00|0|89600.00|2|0.00|0|0.00|0|0.00|0|0.00|0|0.00|0.00|20|83|0.00|0.00|0.00|0.00|0.00|0.00|0.00|0.00|0.00|0.00|0.00|0.00|0.00
FPOT|Plataformas|21|Plataformas|21|Domicilios|7|Domicilios|7|167824.00|0.00|0.00|0|0.00|0|13426.00|3|0|0|0|0|0.00|0.00|0.00|0|0|0|27200.00|3|0.00|0|38400.00|2|181250.00|3|181250.00|3|0.00|0|0.00|0|0.00|0.00|13|53|167824.00|0.00|0.00|0.00|167824.00|0.00|0.00|0.00|0.00|0.00|0.00|0.00|0.00
FPOT|Restaurante|1|Restaurante|1|Para Aqui|1|Para Aqui|1|96018.00|9602.00|0.00|0|0.00|0|7682.00|1|0|0|0|0|0.00|0.00|0.00|0|0|0|0.00|0|0.00|0|0.00|0|113302.00|1|0.00|0|0.00|0|0.00|0|0.00|0.00|18|74|96018.00|0.00|0.00|0.00|96018.00|0.00|0.00|0.00|0.00|0.00|0.00|0.00|0.00
FPOT|Restaurante|1|Restaurante|1|Para Aqui|1|Para Aqui|1|0.00|0.00|0.00|0|0.00|0|0.00|0|0|0|0|0|0.00|0.00|0.00|0|0|0|0.00|0|0.00|0|0.00|0|3.00|0|171540.00|1|0.00|0|0.00|0|0.00|0.00|19|80|0.00|0.00|0.00|0.00|0.00|0.00|0.00|0.00|0.00|0.00|0.00|0.00|0.00
FPOT|Plataformas|21|Plataformas|21|Domicilios|7|Domicilios|7|0.00|0.00|0.00|0|0.00|0|0.00|0|0|0|0|0|0.00|0.00|0.00|0|0|0|0.00|0|0.00|0|66400.00|1|0.00|0|0.00|0|0.00|0|0.00|0|0.00|0.00|15|63|0.00|0.00|0.00|0.00|0.00|0.00|0.00|0.00|0.00|0.00|0.00|0.00|0.00
FPOT|Plataformas|21|Plataformas|21|Domicilios|7|Domicilios|7|46204.00|0.00|0.00|0|0.00|0|3696.00|1|0|0|0|0|0.00|0.00|0.00|0|0|0|0.00|0|0.00|0|0.00|0|49900.00|1|49900.00|1|0.00|0|0.00|0|0.00|0.00|12|49|46204.00|0.00|0.00|0.00|46204.00|0.00|0.00|0.00|0.00|0.00|0.00|0.00|0.00
FPOT|Plataformas|21|Plataformas|21|Domicilios|7|Domicilios|7|26019.00|0.00|0.00|0|0.00|0|2081.00|1|0|0|0|0|0.00|0.00|0.00|0|0|0|0.00|0|0.00|0|0.00|0|28100.00|1|28100.00|1|0.00|0|0.00|0|0.00|0.00|18|73|26019.00|0.00|0.00|0.00|26019.00|0.00|0.00|0.00|0.00|0.00|0.00|0.00|0.00
FPOT|Plataformas|21|Plataformas|21|Domicilios|7|Domicilios|7|78333.00|0.00|0.00|0|0.00|0|6267.00|2|0|0|0|0|0.00|0.00|0.00|0|0|0|0.00|0|0.00|0|0.00|0|84600.00|2|84600.00|2|0.00|0|0.00|0|0.00|0.00|18|75|78333.00|0.00|0.00|0.00|78333.00|0.00|0.00|0.00|0.00|0.00|0.00|0.00|0.00
FPOT|Plataformas|21|Plataformas|21|Domicilios|7|Domicilios|7|0.00|0.00|0.00|0|0.00|0|0.00|0|0|0|0|0|0.00|0.00|0.00|0|0|0|0.00|0|0.00|0|45600.00|1|0.00|0|0.00|0|0.00|0|0.00|0|0.00|0.00|12|50|0.00|0.00|0.00|0.00|0.00|0.00|0.00|0.00|0.00|0.00|0.00|0.00|0.00
FPOT|Plataformas|21|Plataformas|21|Domicilios|7|Domicilios|7|31482.00|0.00|0.00|0|0.00|0|2518.00|1|0|0|0|0|0.00|0.00|0.00|0|0|0|0.00|0|0.00|0|0.00|0|34000.00|1|34000.00|1|0.00|0|0.00|0|0.00|0.00|19|77|31482.00|0.00|0.00|0.00|31482.00|0.00|0.00|0.00|0.00|0.00|0.00|0.00|0.00
FPOT|Restaurante|1|Restaurante|1|Para Aqui|1|Para Aqui|1|63519.00|6352.00|0.00|0|0.00|0|5081.00|1|0|0|0|0|0.00|0.00|0.00|0|0|0|0.00|0|0.00|0|0.00|0|74952.00|1|0.00|0|0.00|0|0.00|0|0.00|0.00|12|50|63519.00|0.00|0.00|0.00|63519.00|0.00|0.00|0.00|0.00|0.00|0.00|0.00|0.00
FPOT|Restaurante|1|Restaurante|1|Para Aqui|1|Para Aqui|1|108703.00|10870.00|0.00|0|0.00|0|8697.00|1|0|0|0|0|0.00|0.00|0.00|0|0|0|41500.00|3|0.00|0|0.00|0|128270.00|1|281779.00|2|0.00|0|0.00|0|0.00|0.00|13|53|108703.00|0.00|0.00|0.00|108703.00|0.00|0.00|0.00|0.00|0.00|0.00|0.00|0.00
FPOT|Domicilios|20|Domicilios|20|Domicilios|7|Domicilios|7|0.00|0.00|0.00|0|0.00|0|0.00|0|0|0|0|0|0.00|0.00|0.00|0|0|0|0.00|0|0.00|0|0.00|0|0.00|0|0.00|0|0.00|0|0.00|0|0.00|0.00|14|59|0.00|0.00|0.00|0.00|0.00|0.00|0.00|0.00|0.00|0.00|0.00|0.00|0.00
FPOT|Plataformas|21|Plataformas|21|Domicilios|7|Domicilios|7|0.00|0.00|0.00|0|0.00|0|0.00|0|0|0|0|0|0.00|0.00|0.00|0|0|0|0.00|0|0.00|0|108100.00|3|0.00|0|0.00|0|0.00|0|0.00|0|0.00|0.00|12|52|0.00|0.00|0.00|0.00|0.00|0.00|0.00|0.00|0.00|0.00|0.00|0.00|0.00
FPOT|Plataformas|21|Plataformas|21|Domicilios|7|Domicilios|7|31111.00|0.00|0.00|0|0.00|0|2489.00|1|0|0|0|0|0.00|0.00|0.00|0|0|0|0.00|0|0.00|0|0.00|0|33600.00|1|33600.00|1|0.00|0|0.00|0|0.00|0.00|19|79|31111.00|0.00|0.00|0.00|31111.00|0.00|0.00|0.00|0.00|0.00|0.00|0.00|0.00
FPOT|Restaurante|1|Restaurante|1|Para Aqui|1|Para Aqui|1|19444.00|1944.00|0.00|0|0.00|0|1556.00|1|0|0|0|0|0.00|0.00|0.00|0|0|0|0.00|0|0.00|0|0.00|0|22944.00|1|22944.00|1|0.00|0|0.00|0|0.00|0.00|15|61|19444.00|0.00|0.00|0.00|19444.00|0.00|0.00|0.00|0.00|0.00|0.00|0.00|0.00
FPOT|Restaurante|1|Restaurante|1|Para Aqui|1|Para Aqui|1|213798.00|21379.00|0.00|0|0.00|0|17102.00|2|0|0|0|0|0.00|0.00|0.00|0|0|0|0.00|0|0.00|0|0.00|0|252279.00|2|0.00|0|0.00|0|0.00|0|0.00|0.00|13|54|213798.00|0.00|0.00|0.00|213798.00|0.00|0.00|0.00|0.00|0.00|0.00|0.00|0.00
FPOT|Domicilios|20|Domicilios|20|Domicilios|7|Domicilios|7|0.00|0.00|0.00|0|0.00|0|0.00|0|0|0|0|0|0.00|0.00|0.00|0|0|0|0.00|0|0.00|0|0.00|0|0.00|0|82100.00|1|0.00|0|0.00|0|0.00|0.00|14|57|0.00|0.00|0.00|0.00|0.00|0.00|0.00|0.00|0.00|0.00|0.00|0.00|0.00
FPOT|Domicilios|20|Domicilios|20|Domicilios|7|Domicilios|7|76019.00|0.00|0.00|0|0.00|0|6081.00|1|0|0|0|0|0.00|0.00|0.00|0|0|0|0.00|0|0.00|0|0.00|0|82100.00|1|0.00|0|0.00|0|0.00|0|0.00|0.00|13|56|76019.00|0.00|0.00|0.00|76019.00|0.00|0.00|0.00|0.00|0.00|0.00|0.00|0.00
FPOT|Plataformas|21|Plataformas|21|Domicilios|7|Domicilios|7|77222.00|0.00|0.00|0|0.00|0|6178.00|1|0|0|0|0|0.00|0.00|0.00|0|0|0|0.00|0|0.00|0|0.00|0|83400.00|1|83400.00|1|0.00|0|0.00|0|0.00|0.00|14|59|77222.00|0.00|0.00|0.00|77222.00|0.00|0.00|0.00|0.00|0.00|0.00|0.00|0.00
FPOT|Plataformas|21|Plataformas|21|Domicilios|7|Domicilios|7|213334.00|0.00|0.00|0|0.00|0|17066.00|1|0|0|0|0|0.00|0.00|0.00|0|0|0|1357400.00|1|0.00|0|0.00|0|230400.00|1|230400.00|1|0.00|0|0.00|0|0.00|0.00|18|74|213334.00|0.00|0.00|0.00|213334.00|0.00|0.00|0.00|0.00|0.00|0.00|0.00|0.00
FPOT|Plataformas|21|Plataformas|21|Domicilios|7|Domicilios|7|82964.00|0.00|0.00|0|0.00|0|6636.00|1|0|0|0|0|0.00|0.00|0.00|0|0|0|0.00|0|0.00|0|0.00|0|89600.00|1|89600.00|1|0.00|0|0.00|0|0.00|0.00|13|54|82964.00|0.00|0.00|0.00|82964.00|0.00|0.00|0.00|0.00|0.00|0.00|0.00|0.00
FPMI|Domicilios|20|Domicilios|20|GASEOSA 400 ml| |9606131|GASEOSA 400 ml| |9606131|BEBIDAS|20|BEBIDAS|20|Bebidas Sin Alcohol|3000|Bebidas Sin Alcohol|3000|Para Llevar|2|Para Llevar|2|14260.00|0.00|14260.00|0.00|0.00|0.00|14260.00|0.00|14260.00|73|14260.00|2|0|0.00|0.00|0.00|55|13
FPMI|Restaurante|1|Restaurante|1|PATACON GRATINADO| |9524040|PATACON GRATINADO| |9524040|ALIMENTOS|10|ALIMENTOS|10|Para Empezar|1008|Para Empezar|1008|Para Aqui|1|Para Aqui|1|12593.00|0.00|12593.00|0.00|0.00|0.00|12593.00|0.00|12593.00|1|12593.00|1|0|0.00|0.00|0.00|59|14
FPMI|Restaurante|1|Restaurante|1|CHURRASCO 250 gr FRANCESA| |9502110|CHURRASCO 250 gr FRANCESA| |9502110|ALIMENTOS|10|ALIMENTOS|10|Para Empezar|1008|Para Empezar|1008|Para Aqui|1|Para Aqui|1|49815.00|0.00|49815.00|0.00|0.00|0.00|49815.00|0.00|49815.00|1|49815.00|1|0|0.00|0.00|0.00|66|16
FPMI|Restaurante|1|Restaurante|1|Mod BienAsado| |980000006|Mod BienAsado| |980000006|ALIMENTOS|10|ALIMENTOS|10|Para Empezar|1008|Para Empezar|1008|Para Aqui|1|Para Aqui|1|0.00|0.00|0.00|0.00|0.00|0.00|0.00|0.00|0.00|1|0.00|1|0|0.00|0.00|0.00|52|12
FPMI|Restaurante|1|Restaurante|1|PUNTA DE ANCA 250 gr CRIOLLA| |9502358|PUNTA DE ANCA 250 gr CRIOLLA| |9502358|ALIMENTOS|10|ALIMENTOS|10|Para Empezar|1008|Para Empezar|1008|Para Aqui|1|Para Aqui|1|52593.00|0.00|52593.00|0.00|0.00|0.00|52593.00|0.00|52593.00|1|52593.00|1|0|0.00|0.00|0.00|52|12
FPMI|Restaurante|1|Restaurante|1|Mod 1/2| |980000002|Mod 1/2| |980000002|ALIMENTOS|10|ALIMENTOS|10|Para Empezar|1008|Para Empezar|1008|Para Aqui|1|Para Aqui|1|0.00|0.00|0.00|0.00|0.00|0.00|0.00|0.00|0.00|1|0.00|1|0|0.00|0.00|0.00|54|13
FPMI|Restaurante|1|Restaurante|1|BISTEC CHURRASCO 250 gr CRIOLLA| |9502362|BISTEC CHURRASCO 250 gr CRIOLLA| |9502362|ALIMENTOS|10|ALIMENTOS|10|Para Empezar|1008|Para Empezar|1008|Para Aqui|1|Para Aqui|1|53333.00|0.00|53333.00|0.00|0.00|0.00|53333.00|0.00|53333.00|1|53333.00|1|0|0.00|0.00|0.00|74|18
FPMI|Restaurante|1|Restaurante|1|BANDEJA PAISA| |9520036|BANDEJA PAISA| |9520036|ALIMENTOS|10|ALIMENTOS|10|Para Empezar|1008|Para Empezar|1008|Para Aqui|1|Para Aqui|1|40556.00|0.00|40556.00|0.00|0.00|0.00|40556.00|0.00|40556.00|1|40556.00|1|0|0.00|0.00|0.00|63|15
FPMI|Restaurante|1|Restaurante|1|Mensaje Bebidas 2024| |980000095|Mensaje Bebidas 2024| |980000095|ALIMENTOS|10|ALIMENTOS|10|Para Empezar|1008|Para Empezar|1008|Para Aqui|1|Para Aqui|1|0.00|0.00|0.00|0.00|0.00|0.00|0.00|0.00|0.00|1|0.00|1|0|0.00|0.00|0.00|53|13
FPMI|Domicilios|20|Domicilios|20|Mod CocaCola Zero 400ml| |980000103|Mod CocaCola Zero 400ml| |980000103|ALIMENTOS|10|ALIMENTOS|10|Para Empezar|1008|Para Empezar|1008|Para Llevar|2|Para Llevar|2|0.00|0.00|0.00|0.00|0.00|0.00|0.00|0.00|0.00|1|0.00|2|0|0.00|0.00|0.00|55|13
FPMI|Plataformas|21|Plataformas|21|CAZUELA DE FRIJOLES| |9520032|CAZUELA DE FRIJOLES| |9520032|ALIMENTOS|10|ALIMENTOS|10|Para Empezar|1008|Para Empezar|1008|Domicilios|7|Domicilios|7|77222.00|0.00|77222.00|0.00|0.00|0.00|77222.00|0.00|77222.00|153|77222.00|2|0|0.00|0.00|0.00|59|14
FPMI|Plataformas|21|Plataformas|21|PICADA INDIVIDUAL FRANCESA| |9502584|PICADA INDIVIDUAL FRANCESA| |9502584|ALIMENTOS|10|ALIMENTOS|10|Para Empezar|1008|Para Empezar|1008|Domicilios|7|Domicilios|7|33935.00|0.00|33935.00|0.00|0.00|0.00|33935.00|0.00|33935.00|177|33935.00|1|0|0.00|0.00|0.00|53|13
FPMI|Plataformas|21|Plataformas|21|PAPA CRIOLLA| |9500288|PAPA CRIOLLA| |9500288|ALIMENTOS|10|ALIMENTOS|10|Para Empezar|1008|Para Empezar|1008|Domicilios|7|Domicilios|7|7500.00|0.00|7500.00|0.00|0.00|0.00|7500.00|0.00|7500.00|153|7500.00|1|0|0.00|0.00|0.00|79|19
FPMI|Plataformas|21|Plataformas|21|PATACON CON HOGAO| |9524044|PATACON CON HOGAO| |9524044|ALIMENTOS|10|ALIMENTOS|10|Para Empezar|1008|Para Empezar|1008|Domicilios|7|Domicilios|7|10463.00|0.00|10463.00|0.00|0.00|0.00|10463.00|0.00|10463.00|153|10463.00|1|0|0.00|0.00|0.00|84|20
FPMI|Plataformas|21|Plataformas|21|LOMO 220 gr PAPA FRANCESA| |9502511|LOMO 220 gr PAPA FRANCESA| |9502511|ALIMENTOS|10|ALIMENTOS|10|Para Empezar|1008|Para Empezar|1008|Domicilios|7|Domicilios|7|114260.00|0.00|114260.00|0.00|0.00|0.00|114260.00|0.00|114260.00|153|114260.00|2|0|0.00|0.00|0.00|74|18
FPMI|Plataformas|21|Plataformas|21|SALMON A LA PLANCHA 200 gr ENSALADA| |9504162|SALMON A LA PLANCHA 200 gr ENSALADA| |9504162|ALIMENTOS|10|ALIMENTOS|10|Para Empezar|1008|Para Empezar|1008|Domicilios|7|Domicilios|7|50370.00|0.00|50370.00|0.00|0.00|0.00|50370.00|0.00|50370.00|153|50370.00|1|0|0.00|0.00|0.00|75|18
FPMI|Restaurante|1|Restaurante|1|AGUA MANANTIAL SIN GAS 500 ML| |9606135|AGUA MANANTIAL SIN GAS 500 ML| |9606135|BEBIDAS|20|BEBIDAS|20|Bebidas Sin Alcohol|3000|Bebidas Sin Alcohol|3000|Para Aqui|1|Para Aqui|1|7685.00|0.00|7685.00|0.00|0.00|0.00|7685.00|0.00|7685.00|1|7685.00|1|0|0.00|0.00|0.00|74|18
FPMI|Restaurante|1|Restaurante|1|AGUA MANANTIAL CON GAS 300 ML CON LIMON| |9606138|AGUA MANANTIAL CON GAS 300 ML CON LIMON| |9606138|BEBIDAS|20|BEBIDAS|20|Bebidas Sin Alcohol|3000|Bebidas Sin Alcohol|3000|Para Aqui|1|Para Aqui|1|6389.00|0.00|6389.00|0.00|0.00|0.00|6389.00|0.00|6389.00|1|6389.00|1|0|0.00|0.00|0.00|54|13
FPMI|Restaurante|1|Restaurante|1|AGUA MANANTIAL CON GAS 300 ML| |9606136|AGUA MANANTIAL CON GAS 300 ML| |9606136|BEBIDAS|20|BEBIDAS|20|Bebidas Sin Alcohol|3000|Bebidas Sin Alcohol|3000|Para Aqui|1|Para Aqui|1|6019.00|0.00|6019.00|0.00|0.00|0.00|6019.00|0.00|6019.00|1|6019.00|1|0|0.00|0.00|0.00|63|15
FPMI|Domicilios|20|Domicilios|20|AGUA MANANTIAL SIN GAS 500 ML| |9606135|AGUA MANANTIAL SIN GAS 500 ML| |9606135|BEBIDAS|20|BEBIDAS|20|Bebidas Sin Alcohol|3000|Bebidas Sin Alcohol|3000|Para Llevar|2|Para Llevar|2|7685.00|0.00|7685.00|0.00|0.00|0.00|7685.00|0.00|7685.00|73|7685.00|1|0|0.00|0.00|0.00|64|15
FPMI|Restaurante|1|Restaurante|1|PECHUGA A LA PARRILLA 230 gr CASCO| |9506084|PECHUGA A LA PARRILLA 230 gr CASCO| |9506084|ALIMENTOS|10|ALIMENTOS|10|Para Empezar|1008|Para Empezar|1008|Para Aqui|1|Para Aqui|1|23889.00|0.00|23889.00|0.00|0.00|0.00|23889.00|0.00|23889.00|1|23889.00|1|0|0.00|0.00|0.00|59|14
FPMI|Restaurante|1|Restaurante|1|TRES LECHES| |9514016|TRES LECHES| |9514016|ALIMENTOS|10|ALIMENTOS|10|Para Empezar|1008|Para Empezar|1008|Para Aqui|1|Para Aqui|1|11944.00|0.00|11944.00|0.00|0.00|0.00|11944.00|0.00|11944.00|1|11944.00|1|0|0.00|0.00|0.00|59|14
FPMI|Restaurante|1|Restaurante|1|LONGANIZA 100 gr| |9502092|LONGANIZA 100 gr| |9502092|ALIMENTOS|10|ALIMENTOS|10|Para Empezar|1008|Para Empezar|1008|Para Aqui|1|Para Aqui|1|11944.00|0.00|11944.00|0.00|0.00|0.00|11944.00|0.00|11944.00|1|11944.00|1|0|0.00|0.00|0.00|66|16
FPMI|Restaurante|1|Restaurante|1|PECHUGA A LA PARRILLA 230 gr CRIOLLA| |9506118|PECHUGA A LA PARRILLA 230 gr CRIOLLA| |9506118|ALIMENTOS|10|ALIMENTOS|10|Para Empezar|1008|Para Empezar|1008|Para Aqui|1|Para Aqui|1|23889.00|0.00|23889.00|0.00|0.00|0.00|23889.00|0.00|23889.00|1|23889.00|1|0|0.00|0.00|0.00|52|12
FPMI|Restaurante|1|Restaurante|1|GUACAMOLE| |9500192|GUACAMOLE| |9500192|ALIMENTOS|10|ALIMENTOS|10|Para Empezar|1008|Para Empezar|1008|Para Aqui|1|Para Aqui|1|10926.00|0.00|10926.00|0.00|0.00|0.00|10926.00|0.00|10926.00|1|10926.00|2|0|0.00|0.00|0.00|52|12
FPMI|Restaurante|1|Restaurante|1|AJIACO  POLLO| |9520008|AJIACO  POLLO| |9520008|ALIMENTOS|10|ALIMENTOS|10|Para Empezar|1008|Para Empezar|1008|Para Aqui|1|Para Aqui|1|32222.00|0.00|32222.00|0.00|0.00|0.00|32222.00|0.00|32222.00|1|32222.00|1|0|0.00|0.00|0.00|50|12
FPMI|Restaurante|1|Restaurante|1|BISTEC CHURRASCO 250 gr ENSALADA| |9502346|BISTEC CHURRASCO 250 gr ENSALADA| |9502346|ALIMENTOS|10|ALIMENTOS|10|Para Empezar|1008|Para Empezar|1008|Para Aqui|1|Para Aqui|1|53333.00|0.00|53333.00|0.00|0.00|0.00|53333.00|0.00|53333.00|1|53333.00|1|0|0.00|0.00|0.00|54|13
FPMI|Restaurante|1|Restaurante|1|PECHUGA A LA PARRILLA 230 gr ENSALADA | |9506091|PECHUGA A LA PARRILLA 230 gr ENSALADA | |9506091|ALIMENTOS|10|ALIMENTOS|10|Para Empezar|1008|Para Empezar|1008|Para Aqui|1|Para Aqui|1|23889.00|0.00|23889.00|0.00|0.00|0.00|23889.00|0.00|23889.00|1|23889.00|1|0|0.00|0.00|0.00|63|15
FPMI|Restaurante|1|Restaurante|1|CHURRASCO 250 gr ENSALADA| |9502108|CHURRASCO 250 gr ENSALADA| |9502108|ALIMENTOS|10|ALIMENTOS|10|Para Empezar|1008|Para Empezar|1008|Para Aqui|1|Para Aqui|1|49815.00|0.00|49815.00|0.00|0.00|0.00|49815.00|0.00|49815.00|1|49815.00|1|0|0.00|0.00|0.00|53|13
FPMI|Restaurante|1|Restaurante|1|PUNTA DE ANCA 250 gr ENSALADA| |9502234|PUNTA DE ANCA 250 gr ENSALADA| |9502234|ALIMENTOS|10|ALIMENTOS|10|Para Empezar|1008|Para Empezar|1008|Para Aqui|1|Para Aqui|1|105186.00|0.00|105186.00|0.00|0.00|0.00|105186.00|0.00|105186.00|1|105186.00|2|0|0.00|0.00|0.00|78|19
FPMI|Domicilios|20|Domicilios|20|SALMON A LA PLANCHA 200 gr ARROZ BLANCO| |9504092|SALMON A LA PLANCHA 200 gr ARROZ BLANCO| |9504092|ALIMENTOS|10|ALIMENTOS|10|Para Empezar|1008|Para Empezar|1008|Para Llevar|2|Para Llevar|2|46111.00|0.00|46111.00|0.00|0.00|0.00|46111.00|0.00|46111.00|73|46111.00|1|0|0.00|0.00|0.00|64|15
FPMI|Domicilios|20|Domicilios|20|HAMBURGUESA 125 gr PERSONAL | |9540233|HAMBURGUESA 125 gr PERSONAL | |9540233|ALIMENTOS|10|ALIMENTOS|10|Para Empezar|1008|Para Empezar|1008|Para Llevar|2|Para Llevar|2|37040.00|0.00|37040.00|0.00|0.00|0.00|37040.00|0.00|37040.00|73|37040.00|8|0|0.00|0.00|0.00|86|21
FPMI|Plataformas|21|Plataformas|21|PECHUGA A LA PARRILLA 230 gr ENSALADA | |9506091|PECHUGA A LA PARRILLA 230 gr ENSALADA | |9506091|ALIMENTOS|10|ALIMENTOS|10|Para Empezar|1008|Para Empezar|1008|Domicilios|7|Domicilios|7|23148.00|0.00|23148.00|0.00|0.00|0.00|23148.00|0.00|23148.00|177|23148.00|1|0|0.00|0.00|0.00|48|11
FPMI|Plataformas|21|Plataformas|21|SALSA BABY| |9500376|SALSA BABY| |9500376|ALIMENTOS|10|ALIMENTOS|10|Para Empezar|1008|Para Empezar|1008|Domicilios|7|Domicilios|7|3148.00|0.00|3148.00|0.00|0.00|0.00|3148.00|0.00|3148.00|153|3148.00|1|0|0.00|0.00|0.00|53|13
FPMI|Restaurante|1|Restaurante|1|SODA CON LIMON| |9606141|SODA CON LIMON| |9606141|BEBIDAS|20|BEBIDAS|20|Bebidas Sin Alcohol|3000|Bebidas Sin Alcohol|3000|Para Aqui|1|Para Aqui|1|14074.00|0.00|14074.00|0.00|0.00|0.00|14074.00|0.00|14074.00|1|14074.00|2|0|0.00|0.00|0.00|52|12
FPMI|Restaurante|1|Restaurante|1|GASEOSA 400 ml| |9606131|GASEOSA 400 ml| |9606131|BEBIDAS|20|BEBIDAS|20|Bebidas Sin Alcohol|3000|Bebidas Sin Alcohol|3000|Para Aqui|1|Para Aqui|1|14260.00|0.00|14260.00|0.00|0.00|0.00|14260.00|0.00|14260.00|1|14260.00|2|0|0.00|0.00|0.00|54|13
FPMI|Restaurante|1|Restaurante|1|LIMONADA NATURAL| |9604060|LIMONADA NATURAL| |9604060|BEBIDAS|20|BEBIDAS|20|Bebidas Sin Alcohol|3000|Bebidas Sin Alcohol|3000|Para Aqui|1|Para Aqui|1|16296.00|0.00|16296.00|0.00|0.00|0.00|16296.00|0.00|16296.00|1|16296.00|2|0|0.00|0.00|0.00|78|19
FPMI|Domicilios|20|Domicilios|20|LIMONADA HIERBABUENA| |9604066|LIMONADA HIERBABUENA| |9604066|BEBIDAS|20|BEBIDAS|20|Bebidas Sin Alcohol|3000|Bebidas Sin Alcohol|3000|Para Llevar|2|Para Llevar|2|8241.00|0.00|8241.00|0.00|0.00|0.00|8241.00|0.00|8241.00|73|8241.00|1|0|0.00|0.00|0.00|55|13
FPMI|Domicilios|20|Domicilios|20|AGUA MANANTIAL CON GAS 300 ML| |9606136|AGUA MANANTIAL CON GAS 300 ML| |9606136|BEBIDAS|20|BEBIDAS|20|Bebidas Sin Alcohol|3000|Bebidas Sin Alcohol|3000|Para Llevar|2|Para Llevar|2|6019.00|0.00|6019.00|0.00|0.00|0.00|6019.00|0.00|6019.00|73|6019.00|1|0|0.00|0.00|0.00|55|13
FPMI|Restaurante|1|Restaurante|1|Mod 1/2| |980000002|Mod 1/2| |980000002|ALIMENTOS|10|ALIMENTOS|10|Para Empezar|1008|Para Empezar|1008|Para Aqui|1|Para Aqui|1|0.00|0.00|0.00|0.00|0.00|0.00|0.00|0.00|0.00|1|0.00|1|0|0.00|0.00|0.00|52|12
FPMI|Restaurante|1|Restaurante|1|CHURRASCO 250 gr ENSALADA| |9502108|CHURRASCO 250 gr ENSALADA| |9502108|ALIMENTOS|10|ALIMENTOS|10|Para Empezar|1008|Para Empezar|1008|Para Aqui|1|Para Aqui|1|99630.00|0.00|99630.00|0.00|0.00|0.00|99630.00|0.00|99630.00|1|99630.00|2|0|0.00|0.00|0.00|52|12
FPMI|Restaurante|1|Restaurante|1|AREPA DE CHOCOLO| |9506036|AREPA DE CHOCOLO| |9506036|ALIMENTOS|10|ALIMENTOS|10|Para Empezar|1008|Para Empezar|1008|Para Aqui|1|Para Aqui|1|18333.00|0.00|18333.00|0.00|0.00|0.00|18333.00|0.00|18333.00|1|18333.00|1|0|0.00|0.00|0.00|54|13
FPMI|Restaurante|1|Restaurante|1|AJIACO  POLLO| |9520008|AJIACO  POLLO| |9520008|ALIMENTOS|10|ALIMENTOS|10|Para Empezar|1008|Para Empezar|1008|Para Aqui|1|Para Aqui|1|64444.00|0.00|64444.00|0.00|0.00|0.00|64444.00|0.00|64444.00|1|64444.00|2|0|0.00|0.00|0.00|59|14
FPMI|Domicilios|20|Domicilios|20|PECHUGA A LA PARRILLA 230 gr ENSALADA | |9506091|PECHUGA A LA PARRILLA 230 gr ENSALADA | |9506091|ALIMENTOS|10|ALIMENTOS|10|Para Empezar|1008|Para Empezar|1008|Domicilios|7|Domicilios|7|23889.00|0.00|23889.00|0.00|0.00|0.00|23889.00|0.00|23889.00|73|23889.00|1|0|0.00|0.00|0.00|56|13
FPMI|Domicilios|20|Domicilios|20|PICADA INDIVIDUAL FRANCESA| |9502584|PICADA INDIVIDUAL FRANCESA| |9502584|ALIMENTOS|10|ALIMENTOS|10|Para Empezar|1008|Para Empezar|1008|Domicilios|7|Domicilios|7|36852.00|0.00|36852.00|0.00|0.00|0.00|36852.00|0.00|36852.00|73|36852.00|1|0|0.00|0.00|0.00|56|13
FPMI|Domicilios|20|Domicilios|20|Mod CocaCola Zero 400ml| |980000103|Mod CocaCola Zero 400ml| |980000103|ALIMENTOS|10|ALIMENTOS|10|Para Empezar|1008|Para Empezar|1008|Domicilios|7|Domicilios|7|0.00|0.00|0.00|0.00|0.00|0.00|0.00|0.00|0.00|1|0.00|1|0|0.00|0.00|0.00|56|13
FPMI|Plataformas|21|Plataformas|21|ENTRECOT 180 gr  ENSALADA| |9502509|ENTRECOT 180 gr  ENSALADA| |9502509|ALIMENTOS|10|ALIMENTOS|10|Para Empezar|1008|Para Empezar|1008|Domicilios|7|Domicilios|7|38611.00|0.00|38611.00|0.00|0.00|0.00|38611.00|0.00|38611.00|153|38611.00|1|0|0.00|0.00|0.00|61|15
FPMI|Plataformas|21|Plataformas|21|LOMO 220 gr ENSALADA| |9502516|LOMO 220 gr ENSALADA| |9502516|ALIMENTOS|10|ALIMENTOS|10|Para Empezar|1008|Para Empezar|1008|Domicilios|7|Domicilios|7|57130.00|0.00|57130.00|0.00|0.00|0.00|57130.00|0.00|57130.00|153|57130.00|1|0|0.00|0.00|0.00|84|20
FPMI|Plataformas|21|Plataformas|21|PAPA CRIOLLA| |9500288|PAPA CRIOLLA| |9500288|ALIMENTOS|10|ALIMENTOS|10|Para Empezar|1008|Para Empezar|1008|Domicilios|7|Domicilios|7|7500.00|0.00|7500.00|0.00|0.00|0.00|7500.00|0.00|7500.00|153|7500.00|1|0|0.00|0.00|0.00|84|20
FPMI|Plataformas|21|Plataformas|21|ADICION DE AGUACATE 100 gr| |9500032|ADICION DE AGUACATE 100 gr| |9500032|ALIMENTOS|10|ALIMENTOS|10|Para Empezar|1008|Para Empezar|1008|Domicilios|7|Domicilios|7|11482.00|0.00|11482.00|0.00|0.00|0.00|11482.00|0.00|11482.00|153|11482.00|2|0|0.00|0.00|0.00|54|13
FPMI|Plataformas|21|Plataformas|21|TORTA MILKYWAY| |9514163|TORTA MILKYWAY| |9514163|ALIMENTOS|10|ALIMENTOS|10|Para Empezar|1008|Para Empezar|1008|Domicilios|7|Domicilios|7|10278.00|0.00|10278.00|0.00|0.00|0.00|10278.00|0.00|10278.00|177|10278.00|1|0|0.00|0.00|0.00|84|20
FPMI|Plataformas|21|Plataformas|21|AREPA DE CHOCOLO| |9506036|AREPA DE CHOCOLO| |9506036|ALIMENTOS|10|ALIMENTOS|10|Para Empezar|1008|Para Empezar|1008|Domicilios|7|Domicilios|7|63333.00|0.00|63333.00|0.00|0.00|0.00|63333.00|0.00|63333.00|153|63333.00|3|0|0.00|0.00|0.00|74|18
FPMI|Plataformas|21|Plataformas|21|PICADA INDIVIDUAL FRANCESA| |9502584|PICADA INDIVIDUAL FRANCESA| |9502584|ALIMENTOS|10|ALIMENTOS|10|Para Empezar|1008|Para Empezar|1008|Domicilios|7|Domicilios|7|33935.00|0.00|33935.00|0.00|0.00|0.00|33935.00|0.00|33935.00|177|33935.00|1|0|0.00|0.00|0.00|51|12
FPMI|Restaurante|1|Restaurante|1|AGUA MANANTIAL SIN GAS 500 ML| |9606135|AGUA MANANTIAL SIN GAS 500 ML| |9606135|BEBIDAS|20|BEBIDAS|20|Bebidas Sin Alcohol|3000|Bebidas Sin Alcohol|3000|Para Aqui|1|Para Aqui|1|7685.00|0.00|7685.00|0.00|0.00|0.00|7685.00|0.00|7685.00|1|7685.00|1|0|0.00|0.00|0.00|53|13
FPMI|Domicilios|20|Domicilios|20|GASEOSA 400 ml| |9606131|GASEOSA 400 ml| |9606131|BEBIDAS|20|BEBIDAS|20|Bebidas Sin Alcohol|3000|Bebidas Sin Alcohol|3000|Domicilios|7|Domicilios|7|7130.00|0.00|7130.00|0.00|0.00|0.00|7130.00|0.00|7130.00|73|7130.00|1|0|0.00|0.00|0.00|56|13
FPMI|Restaurante|1|Restaurante|1|HOGAO| |9500200|HOGAO| |9500200|ALIMENTOS|10|ALIMENTOS|10|Para Empezar|1008|Para Empezar|1008|Para Aqui|1|Para Aqui|1|0.00|0.00|0.00|0.00|0.00|0.00|0.00|0.00|0.00|1|0.00|2|0|0.00|0.00|0.00|59|14
FPMI|Restaurante|1|Restaurante|1|Mod 1/2| |980000002|Mod 1/2| |980000002|ALIMENTOS|10|ALIMENTOS|10|Para Empezar|1008|Para Empezar|1008|Para Aqui|1|Para Aqui|1|0.00|0.00|0.00|0.00|0.00|0.00|0.00|0.00|0.00|1|0.00|1|0|0.00|0.00|0.00|66|16
FPMI|Restaurante|1|Restaurante|1|TRUCHA A LA PLANCHA 350 gr ENSALADA| |9504163|TRUCHA A LA PLANCHA 350 gr ENSALADA| |9504163|ALIMENTOS|10|ALIMENTOS|10|Para Empezar|1008|Para Empezar|1008|Para Aqui|1|Para Aqui|1|34074.00|0.00|34074.00|0.00|0.00|0.00|34074.00|0.00|34074.00|1|34074.00|1|0|0.00|0.00|0.00|52|12
FPMI|Restaurante|1|Restaurante|1|EMPANADA MIXTA 4 UNIDADES| |9528041|EMPANADA MIXTA 4 UNIDADES| |9528041|ALIMENTOS|10|ALIMENTOS|10|Para Empezar|1008|Para Empezar|1008|Para Aqui|1|Para Aqui|1|21204.00|0.00|21204.00|0.00|0.00|0.00|21204.00|0.00|21204.00|1|21204.00|1|0|0.00|0.00|0.00|54|13
FPMI|Restaurante|1|Restaurante|1|BANDEJA PAISA| |9520036|BANDEJA PAISA| |9520036|ALIMENTOS|10|ALIMENTOS|10|Para Empezar|1008|Para Empezar|1008|Para Aqui|1|Para Aqui|1|40556.00|0.00|40556.00|0.00|0.00|0.00|40556.00|0.00|40556.00|1|40556.00|1|0|0.00|0.00|0.00|54|13
FPMI|Restaurante|1|Restaurante|1|COMO ENTRADA| |90000038|COMO ENTRADA| |90000038|ALIMENTOS|10|ALIMENTOS|10|Para Empezar|1008|Para Empezar|1008|Para Aqui|1|Para Aqui|1|0.00|0.00|0.00|0.00|0.00|0.00|0.00|0.00|0.00|1|0.00|1|0|0.00|0.00|0.00|54|13
FPMI|Restaurante|1|Restaurante|1|AJIACO NINOS| |9542004|AJIACO NINOS| |9542004|ALIMENTOS|10|ALIMENTOS|10|Para Empezar|1008|Para Empezar|1008|Para Aqui|1|Para Aqui|1|19444.00|0.00|19444.00|0.00|0.00|0.00|19444.00|0.00|19444.00|1|19444.00|1|0|0.00|0.00|0.00|61|15
FPMI|Restaurante|1|Restaurante|1|COMO ENTRADA| |90000038|COMO ENTRADA| |90000038|ALIMENTOS|10|ALIMENTOS|10|Para Empezar|1008|Para Empezar|1008|Para Aqui|1|Para Aqui|1|0.00|0.00|0.00|0.00|0.00|0.00|0.00|0.00|0.00|25|0.00|1|0|0.00|0.00|0.00|53|13
FPMI|Plataformas|21|Plataformas|21|AJIACO  POLLO| |9520008|AJIACO  POLLO| |9520008|ALIMENTOS|10|ALIMENTOS|10|Para Empezar|1008|Para Empezar|1008|Domicilios|7|Domicilios|7|35741.00|0.00|35741.00|0.00|0.00|0.00|35741.00|0.00|35741.00|153|35741.00|1|0|0.00|0.00|0.00|53|13
FPMI|Plataformas|21|Plataformas|21|CHORIZO ANTIOQUENO 100 gr| |9502084|CHORIZO ANTIOQUENO 100 gr| |9502084|ALIMENTOS|10|ALIMENTOS|10|Para Empezar|1008|Para Empezar|1008|Domicilios|7|Domicilios|7|14167.00|0.00|14167.00|0.00|0.00|0.00|14167.00|0.00|14167.00|153|14167.00|1|0|0.00|0.00|0.00|49|12
FPMI|Plataformas|21|Plataformas|21|CANASTA DE 4 EMPANADAS DE CARNE| |9528034|CANASTA DE 4 EMPANADAS DE CARNE| |9528034|ALIMENTOS|10|ALIMENTOS|10|Para Empezar|1008|Para Empezar|1008|Domicilios|7|Domicilios|7|23611.00|0.00|23611.00|0.00|0.00|0.00|23611.00|0.00|23611.00|153|23611.00|1|0|0.00|0.00|0.00|79|19
FPMI|Plataformas|21|Plataformas|21|AJIACO  POLLO| |9520008|AJIACO  POLLO| |9520008|ALIMENTOS|10|ALIMENTOS|10|Para Empezar|1008|Para Empezar|1008|Domicilios|7|Domicilios|7|71482.00|0.00|71482.00|0.00|0.00|0.00|71482.00|0.00|71482.00|153|71482.00|2|0|0.00|0.00|0.00|54|13
FPMI|Plataformas|21|Plataformas|21|SALMON A LA PLANCHA 200 gr ARROZ BLANCO| |9504092|SALMON A LA PLANCHA 200 gr ARROZ BLANCO| |9504092|ALIMENTOS|10|ALIMENTOS|10|Para Empezar|1008|Para Empezar|1008|Domicilios|7|Domicilios|7|50370.00|0.00|50370.00|0.00|0.00|0.00|50370.00|0.00|50370.00|153|50370.00|1|0|0.00|0.00|0.00|51|12
FPMI|Plataformas|21|Plataformas|21|AJIACO NINOS| |9542004|AJIACO NINOS| |9542004|ALIMENTOS|10|ALIMENTOS|10|Para Empezar|1008|Para Empezar|1008|Domicilios|7|Domicilios|7|20278.00|0.00|20278.00|0.00|0.00|0.00|20278.00|0.00|20278.00|153|20278.00|1|0|0.00|0.00|0.00|53|13
FPMI|Restaurante|1|Restaurante|1|JUGO DE MANDARINA| |9604044|JUGO DE MANDARINA| |9604044|BEBIDAS|20|BEBIDAS|20|Bebidas Sin Alcohol|3000|Bebidas Sin Alcohol|3000|Para Aqui|1|Para Aqui|1|14074.00|0.00|14074.00|0.00|0.00|0.00|14074.00|0.00|14074.00|1|14074.00|1|0|0.00|0.00|0.00|66|16
FPMI|Restaurante|1|Restaurante|1|PECHUGA A LA PARRILLA 230 gr CASCO| |9506084|PECHUGA A LA PARRILLA 230 gr CASCO| |9506084|ALIMENTOS|10|ALIMENTOS|10|Para Empezar|1008|Para Empezar|1008|Para Aqui|1|Para Aqui|1|23889.00|0.00|23889.00|0.00|0.00|0.00|23889.00|0.00|23889.00|1|23889.00|1|0|0.00|0.00|0.00|66|16
FPMI|Restaurante|1|Restaurante|1|LOMO 220 gr ENSALADA| |9502516|LOMO 220 gr ENSALADA| |9502516|ALIMENTOS|10|ALIMENTOS|10|Para Empezar|1008|Para Empezar|1008|Para Aqui|1|Para Aqui|1|52593.00|0.00|52593.00|0.00|0.00|0.00|52593.00|0.00|52593.00|1|52593.00|1|0|0.00|0.00|0.00|52|12
FPMI|Restaurante|1|Restaurante|1|AREPA DE MAIZ  MANTEQUILLA| |9524096|AREPA DE MAIZ  MANTEQUILLA| |9524096|ALIMENTOS|10|ALIMENTOS|10|Para Empezar|1008|Para Empezar|1008|Para Aqui|1|Para Aqui|1|2685.00|0.00|2685.00|0.00|0.00|0.00|2685.00|0.00|2685.00|1|2685.00|1|0|0.00|0.00|0.00|50|12
FPMI|Restaurante|1|Restaurante|1|LOMO 220 gr PAPA FRANCESA| |9502511|LOMO 220 gr PAPA FRANCESA| |9502511|ALIMENTOS|10|ALIMENTOS|10|Para Empezar|1008|Para Empezar|1008|Para Aqui|1|Para Aqui|1|52593.00|0.00|52593.00|0.00|0.00|0.00|52593.00|0.00|52593.00|1|52593.00|1|0|0.00|0.00|0.00|54|13
FPMI|Plataformas|21|Plataformas|21|EMPANADA CACHACA| |9528008|EMPANADA CACHACA| |9528008|ALIMENTOS|10|ALIMENTOS|10|Para Empezar|1008|Para Empezar|1008|Domicilios|7|Domicilios|7|12778.00|0.00|12778.00|0.00|0.00|0.00|12778.00|0.00|12778.00|153|12778.00|2|0|0.00|0.00|0.00|77|19
FPMI|Plataformas|21|Plataformas|21|PAPA CRIOLLA| |9500288|PAPA CRIOLLA| |9500288|ALIMENTOS|10|ALIMENTOS|10|Para Empezar|1008|Para Empezar|1008|Domicilios|7|Domicilios|7|7500.00|0.00|7500.00|0.00|0.00|0.00|7500.00|0.00|7500.00|153|7500.00|1|0|0.00|0.00|0.00|77|19
FPMI|Plataformas|21|Plataformas|21|TORTA DE CHOCOLATE | |9514022|TORTA DE CHOCOLATE | |9514022|ALIMENTOS|10|ALIMENTOS|10|Para Empezar|1008|Para Empezar|1008|Domicilios|7|Domicilios|7|9537.00|0.00|9537.00|0.00|0.00|0.00|9537.00|0.00|9537.00|177|9537.00|1|0|0.00|0.00|0.00|84|20
FPMI|Plataformas|21|Plataformas|21|AJIACO  POLLO| |9520008|AJIACO  POLLO| |9520008|ALIMENTOS|10|ALIMENTOS|10|Para Empezar|1008|Para Empezar|1008|Domicilios|7|Domicilios|7|35741.00|0.00|35741.00|0.00|0.00|0.00|35741.00|0.00|35741.00|153|35741.00|1|0|0.00|0.00|0.00|74|18
FPMI|Plataformas|21|Plataformas|21|AJIACO  POLLO| |9520008|AJIACO  POLLO| |9520008|ALIMENTOS|10|ALIMENTOS|10|Para Empezar|1008|Para Empezar|1008|Domicilios|7|Domicilios|7|35741.00|0.00|35741.00|0.00|0.00|0.00|35741.00|0.00|35741.00|153|35741.00|1|0|0.00|0.00|0.00|65|16
FPMI|Restaurante|1|Restaurante|1|AGUA MANANTIAL SIN GAS 500 ML| |9606135|AGUA MANANTIAL SIN GAS 500 ML| |9606135|BEBIDAS|20|BEBIDAS|20|Bebidas Sin Alcohol|3000|Bebidas Sin Alcohol|3000|Para Aqui|1|Para Aqui|1|7685.00|0.00|7685.00|0.00|0.00|0.00|7685.00|0.00|7685.00|1|7685.00|1|0|0.00|0.00|0.00|50|12
FPMI|Restaurante|1|Restaurante|1|CERVEZA CORONA| |9608012|CERVEZA CORONA| |9608012|BEBIDAS|20|BEBIDAS|20|Bebidas Sin Alcohol|3000|Bebidas Sin Alcohol|3000|Para Aqui|1|Para Aqui|1|25556.00|0.00|25556.00|0.00|0.00|0.00|25556.00|0.00|25556.00|1|25556.00|2|0|0.00|0.00|0.00|52|12
FPMI|Restaurante|1|Restaurante|1|GUACAMOLE| |9500192|GUACAMOLE| |9500192|ALIMENTOS|10|ALIMENTOS|10|Para Empezar|1008|Para Empezar|1008|Para Aqui|1|Para Aqui|1|5463.00|0.00|5463.00|0.00|0.00|0.00|5463.00|0.00|5463.00|1|5463.00|1|0|0.00|0.00|0.00|52|12
FPMI|Restaurante|1|Restaurante|1|TAZA DE FRIJOLES| |9520049|TAZA DE FRIJOLES| |9520049|ALIMENTOS|10|ALIMENTOS|10|Para Empezar|1008|Para Empezar|1008|Para Aqui|1|Para Aqui|1|11019.00|0.00|11019.00|0.00|0.00|0.00|11019.00|0.00|11019.00|1|11019.00|1|0|0.00|0.00|0.00|50|12
FPMI|Restaurante|1|Restaurante|1|Mod 3/4| |980000004|Mod 3/4| |980000004|ALIMENTOS|10|ALIMENTOS|10|Para Empezar|1008|Para Empezar|1008|Para Aqui|1|Para Aqui|1|0.00|0.00|0.00|0.00|0.00|0.00|0.00|0.00|0.00|1|0.00|1|0|0.00|0.00|0.00|74|18
FPMI|Restaurante|1|Restaurante|1|CAZUELA DE FRIJOLES| |9520032|CAZUELA DE FRIJOLES| |9520032|ALIMENTOS|10|ALIMENTOS|10|Para Empezar|1008|Para Empezar|1008|Para Aqui|1|Para Aqui|1|35000.00|0.00|35000.00|0.00|0.00|0.00|35000.00|0.00|35000.00|1|35000.00|1|0|0.00|0.00|0.00|74|18
FPMI|Restaurante|1|Restaurante|1|HAMBURGUESA CAMPESINA 125 gr| |9508008|HAMBURGUESA CAMPESINA 125 gr| |9508008|ALIMENTOS|10|ALIMENTOS|10|Para Empezar|1008|Para Empezar|1008|Para Aqui|1|Para Aqui|1|17407.00|0.00|17407.00|0.00|0.00|0.00|17407.00|0.00|17407.00|1|17407.00|1|0|0.00|0.00|0.00|52|12
FPMI|Restaurante|1|Restaurante|1|MORCILLA 100 gr| |9502080|MORCILLA 100 gr| |9502080|ALIMENTOS|10|ALIMENTOS|10|Para Empezar|1008|Para Empezar|1008|Para Aqui|1|Para Aqui|1|10093.00|0.00|10093.00|0.00|0.00|0.00|10093.00|0.00|10093.00|1|10093.00|1|0|0.00|0.00|0.00|53|13
FPMI|Restaurante|1|Restaurante|1|CHORIZO ANTIOQUENO 100 gr| |9502084|CHORIZO ANTIOQUENO 100 gr| |9502084|ALIMENTOS|10|ALIMENTOS|10|Para Empezar|1008|Para Empezar|1008|Para Aqui|1|Para Aqui|1|12870.00|0.00|12870.00|0.00|0.00|0.00|12870.00|0.00|12870.00|1|12870.00|1|0|0.00|0.00|0.00|53|13
FPMI|Restaurante|1|Restaurante|1|PECHUGA A LA PARRILLA 230 gr CRIOLLA| |9506118|PECHUGA A LA PARRILLA 230 gr CRIOLLA| |9506118|ALIMENTOS|10|ALIMENTOS|10|Para Empezar|1008|Para Empezar|1008|Para Aqui|1|Para Aqui|1|23889.00|0.00|23889.00|0.00|0.00|0.00|23889.00|0.00|23889.00|1|23889.00|1|0|0.00|0.00|0.00|78|19
FPMI|Domicilios|20|Domicilios|20|EMPANADA CACHACA| |9528008|EMPANADA CACHACA| |9528008|ALIMENTOS|10|ALIMENTOS|10|Para Empezar|1008|Para Empezar|1008|Domicilios|7|Domicilios|7|11482.00|0.00|11482.00|0.00|0.00|0.00|11482.00|0.00|11482.00|73|11482.00|2|0|0.00|0.00|0.00|51|12
FPMI|Plataformas|21|Plataformas|21|AREPA DE CHOCOLO| |9506036|AREPA DE CHOCOLO| |9506036|ALIMENTOS|10|ALIMENTOS|10|Para Empezar|1008|Para Empezar|1008|Domicilios|7|Domicilios|7|21111.00|0.00|21111.00|0.00|0.00|0.00|21111.00|0.00|21111.00|153|21111.00|1|0|0.00|0.00|0.00|48|11
FPMI|Plataformas|21|Plataformas|21|AREPA DE MAIZ CON CARNE DESMECHADA| |9524076|AREPA DE MAIZ CON CARNE DESMECHADA| |9524076|ALIMENTOS|10|ALIMENTOS|10|Para Empezar|1008|Para Empezar|1008|Domicilios|7|Domicilios|7|21111.00|0.00|21111.00|0.00|0.00|0.00|21111.00|0.00|21111.00|153|21111.00|1|0|0.00|0.00|0.00|84|20
FPMI|Plataformas|21|Plataformas|21|CALENTADO PAISA| |9518008|CALENTADO PAISA| |9518008|ALIMENTOS|10|ALIMENTOS|10|Para Empezar|1008|Para Empezar|1008|Domicilios|7|Domicilios|7|36759.00|0.00|36759.00|0.00|0.00|0.00|36759.00|0.00|36759.00|153|36759.00|1|0|0.00|0.00|0.00|53|13
FPMI|Plataformas|21|Plataformas|21|PECHUGA A LA PARRILLA 230 gr ENSALADA | |9506091|PECHUGA A LA PARRILLA 230 gr ENSALADA | |9506091|ALIMENTOS|10|ALIMENTOS|10|Para Empezar|1008|Para Empezar|1008|Domicilios|7|Domicilios|7|23148.00|0.00|23148.00|0.00|0.00|0.00|23148.00|0.00|23148.00|177|23148.00|1|0|0.00|0.00|0.00|65|16
FPMI|Plataformas|21|Plataformas|21|GUACAMOLE| |9500192|GUACAMOLE| |9500192|ALIMENTOS|10|ALIMENTOS|10|Para Empezar|1008|Para Empezar|1008|Domicilios|7|Domicilios|7|5741.00|0.00|5741.00|0.00|0.00|0.00|5741.00|0.00|5741.00|153|5741.00|1|0|0.00|0.00|0.00|49|12
FPMI|Plataformas|21|Plataformas|21|SALSA BABY| |9500376|SALSA BABY| |9500376|ALIMENTOS|10|ALIMENTOS|10|Para Empezar|1008|Para Empezar|1008|Domicilios|7|Domicilios|7|3148.00|0.00|3148.00|0.00|0.00|0.00|3148.00|0.00|3148.00|153|3148.00|1|0|0.00|0.00|0.00|49|12
FPMI|Plataformas|21|Plataformas|21|PATACON GRATINADO| |9524040|PATACON GRATINADO| |9524040|ALIMENTOS|10|ALIMENTOS|10|Para Empezar|1008|Para Empezar|1008|Domicilios|7|Domicilios|7|13796.00|0.00|13796.00|0.00|0.00|0.00|13796.00|0.00|13796.00|153|13796.00|1|0|0.00|0.00|0.00|53|13
FPMI|Plataformas|21|Plataformas|21|LOMO NINOS| |9542013|LOMO NINOS| |9542013|ALIMENTOS|10|ALIMENTOS|10|Para Empezar|1008|Para Empezar|1008|Domicilios|7|Domicilios|7|31296.00|0.00|31296.00|0.00|0.00|0.00|31296.00|0.00|31296.00|153|31296.00|1|0|0.00|0.00|0.00|64|15
FPMI|Plataformas|21|Plataformas|21|CHICHARRON 90 gr| |9528024|CHICHARRON 90 gr| |9528024|ALIMENTOS|10|ALIMENTOS|10|Para Empezar|1008|Para Empezar|1008|Domicilios|7|Domicilios|7|27963.00|0.00|27963.00|0.00|0.00|0.00|27963.00|0.00|27963.00|153|27963.00|1|0|0.00|0.00|0.00|75|18
FPMI|Restaurante|1|Restaurante|1|LIMONADA HIERBABUENA| |9604066|LIMONADA HIERBABUENA| |9604066|BEBIDAS|20|BEBIDAS|20|Bebidas Sin Alcohol|3000|Bebidas Sin Alcohol|3000|Para Aqui|1|Para Aqui|1|8241.00|0.00|8241.00|0.00|0.00|0.00|8241.00|0.00|8241.00|1|8241.00|1|0|0.00|0.00|0.00|52|12
FPMI|Restaurante|1|Restaurante|1|SODA| |9606112|SODA| |9606112|BEBIDAS|20|BEBIDAS|20|Bebidas Sin Alcohol|3000|Bebidas Sin Alcohol|3000|Para Aqui|1|Para Aqui|1|6667.00|0.00|6667.00|0.00|0.00|0.00|6667.00|0.00|6667.00|1|6667.00|1|0|0.00|0.00|0.00|50|12
FPMI|Restaurante|1|Restaurante|1|GASEOSA 400 ml| |9606131|GASEOSA 400 ml| |9606131|BEBIDAS|20|BEBIDAS|20|Bebidas Sin Alcohol|3000|Bebidas Sin Alcohol|3000|Para Aqui|1|Para Aqui|1|7130.00|0.00|7130.00|0.00|0.00|0.00|7130.00|0.00|7130.00|1|7130.00|1|0|0.00|0.00|0.00|54|13
FPMI|Restaurante|1|Restaurante|1|AGUA MANANTIAL SIN GAS 500 ML| |9606135|AGUA MANANTIAL SIN GAS 500 ML| |9606135|BEBIDAS|20|BEBIDAS|20|Bebidas Sin Alcohol|3000|Bebidas Sin Alcohol|3000|Para Aqui|1|Para Aqui|1|7685.00|0.00|7685.00|0.00|0.00|0.00|7685.00|0.00|7685.00|1|7685.00|1|0|0.00|0.00|0.00|59|14
FPMI|Restaurante|1|Restaurante|1|AJIACO  POLLO| |9520008|AJIACO  POLLO| |9520008|ALIMENTOS|10|ALIMENTOS|10|Para Empezar|1008|Para Empezar|1008|Para Aqui|1|Para Aqui|1|32222.00|0.00|32222.00|0.00|0.00|0.00|32222.00|0.00|32222.00|1|32222.00|1|0|0.00|0.00|0.00|66|16
FPMI|Restaurante|1|Restaurante|1|CANASTA DE 4 EMPANADAS DE CARNE| |9528034|CANASTA DE 4 EMPANADAS DE CARNE| |9528034|ALIMENTOS|10|ALIMENTOS|10|Para Empezar|1008|Para Empezar|1008|Para Aqui|1|Para Aqui|1|21204.00|0.00|21204.00|0.00|0.00|0.00|21204.00|0.00|21204.00|1|21204.00|1|0|0.00|0.00|0.00|52|12
FPMI|Restaurante|1|Restaurante|1|Mod 3/4| |980000004|Mod 3/4| |980000004|ALIMENTOS|10|ALIMENTOS|10|Para Empezar|1008|Para Empezar|1008|Para Aqui|1|Para Aqui|1|0.00|0.00|0.00|0.00|0.00|0.00|0.00|0.00|0.00|1|0.00|3|0|0.00|0.00|0.00|52|12
FPMI|Restaurante|1|Restaurante|1|LOMO 220 gr PAPA FRANCESA| |9502511|LOMO 220 gr PAPA FRANCESA| |9502511|ALIMENTOS|10|ALIMENTOS|10|Para Empezar|1008|Para Empezar|1008|Para Aqui|1|Para Aqui|1|52593.00|0.00|52593.00|0.00|0.00|0.00|52593.00|0.00|52593.00|1|52593.00|1|0|0.00|0.00|0.00|52|12
FPMI|Restaurante|1|Restaurante|1|PORCION DE ARROZ BLANCO| |9500064|PORCION DE ARROZ BLANCO| |9500064|ALIMENTOS|10|ALIMENTOS|10|Para Empezar|1008|Para Empezar|1008|Para Aqui|1|Para Aqui|1|3241.00|0.00|3241.00|0.00|0.00|0.00|3241.00|0.00|3241.00|1|3241.00|1|0|0.00|0.00|0.00|50|12
FPMI|Restaurante|1|Restaurante|1|AREPA DE MAIZ  MANTEQUILLA| |9524096|AREPA DE MAIZ  MANTEQUILLA| |9524096|ALIMENTOS|10|ALIMENTOS|10|Para Empezar|1008|Para Empezar|1008|Para Aqui|1|Para Aqui|1|5370.00|0.00|5370.00|0.00|0.00|0.00|5370.00|0.00|5370.00|1|5370.00|2|0|0.00|0.00|0.00|51|12
FPMI|Restaurante|1|Restaurante|1|Mod BienAsado| |980000006|Mod BienAsado| |980000006|ALIMENTOS|10|ALIMENTOS|10|Para Empezar|1008|Para Empezar|1008|Para Aqui|1|Para Aqui|1|0.00|0.00|0.00|0.00|0.00|0.00|0.00|0.00|0.00|1|0.00|1|0|0.00|0.00|0.00|54|13
FPMI|Restaurante|1|Restaurante|1|COMBO HAMBURGUESA MILAGROSA 180 gr BOT| |9508039|COMBO HAMBURGUESA MILAGROSA 180 gr BOT| |9508039|ALIMENTOS|10|ALIMENTOS|10|Para Empezar|1008|Para Empezar|1008|Para Aqui|1|Para Aqui|1|32870.00|0.00|32870.00|0.00|0.00|0.00|32870.00|0.00|32870.00|1|32870.00|1|0|0.00|0.00|0.00|63|15
FPMI|Restaurante|1|Restaurante|1|LONGANIZA 100 gr| |9502092|LONGANIZA 100 gr| |9502092|ALIMENTOS|10|ALIMENTOS|10|Para Empezar|1008|Para Empezar|1008|Para Aqui|1|Para Aqui|1|11944.00|0.00|11944.00|0.00|0.00|0.00|11944.00|0.00|11944.00|1|11944.00|1|0|0.00|0.00|0.00|53|13
FPMI|Restaurante|1|Restaurante|1|Mod 3/4| |980000004|Mod 3/4| |980000004|ALIMENTOS|10|ALIMENTOS|10|Para Empezar|1008|Para Empezar|1008|Para Aqui|1|Para Aqui|1|0.00|0.00|0.00|0.00|0.00|0.00|0.00|0.00|0.00|1|0.00|1|0|0.00|0.00|0.00|53|13
FPMI|Restaurante|1|Restaurante|1|TAZA DE FRIJOLES| |9520049|TAZA DE FRIJOLES| |9520049|ALIMENTOS|10|ALIMENTOS|10|Para Empezar|1008|Para Empezar|1008|Para Aqui|1|Para Aqui|1|11019.00|0.00|11019.00|0.00|0.00|0.00|11019.00|0.00|11019.00|1|11019.00|1|0|0.00|0.00|0.00|59|14
FPMI|Restaurante|1|Restaurante|1|PORCION DE ARROZ BLANCO| |9500064|PORCION DE ARROZ BLANCO| |9500064|ALIMENTOS|10|ALIMENTOS|10|Para Empezar|1008|Para Empezar|1008|Para Aqui|1|Para Aqui|1|3241.00|0.00|3241.00|0.00|0.00|0.00|3241.00|0.00|3241.00|1|3241.00|1|0|0.00|0.00|0.00|59|14
FPMI|Restaurante|1|Restaurante|1|Mod 3/4| |980000004|Mod 3/4| |980000004|ALIMENTOS|10|ALIMENTOS|10|Para Empezar|1008|Para Empezar|1008|Para Aqui|1|Para Aqui|1|0.00|0.00|0.00|0.00|0.00|0.00|0.00|0.00|0.00|1|0.00|2|0|0.00|0.00|0.00|78|19
FPMI|Plataformas|21|Plataformas|21|ENTRECOT 180 gr  CRIOLLA| |9502506|ENTRECOT 180 gr  CRIOLLA| |9502506|ALIMENTOS|10|ALIMENTOS|10|Para Empezar|1008|Para Empezar|1008|Domicilios|7|Domicilios|7|38611.00|0.00|38611.00|0.00|0.00|0.00|38611.00|0.00|38611.00|153|38611.00|1|0|0.00|0.00|0.00|61|15
FPMI|Plataformas|21|Plataformas|21|SALSA CHIMICHURRI| |9500388|SALSA CHIMICHURRI| |9500388|ALIMENTOS|10|ALIMENTOS|10|Para Empezar|1008|Para Empezar|1008|Domicilios|7|Domicilios|7|4352.00|0.00|4352.00|0.00|0.00|0.00|4352.00|0.00|4352.00|153|4352.00|1|0|0.00|0.00|0.00|84|20
FPMI|Plataformas|21|Plataformas|21|CHORIPAN 100 gr| |9502076|CHORIPAN 100 gr| |9502076|ALIMENTOS|10|ALIMENTOS|10|Para Empezar|1008|Para Empezar|1008|Domicilios|7|Domicilios|7|24167.00|0.00|24167.00|0.00|0.00|0.00|24167.00|0.00|24167.00|153|24167.00|1|0|0.00|0.00|0.00|53|13
FPMI|Plataformas|21|Plataformas|21|CANASTA MINI FRITANGUERA| |9502525|CANASTA MINI FRITANGUERA| |9502525|ALIMENTOS|10|ALIMENTOS|10|Para Empezar|1008|Para Empezar|1008|Domicilios|7|Domicilios|7|23148.00|0.00|23148.00|0.00|0.00|0.00|23148.00|0.00|23148.00|153|23148.00|1|0|0.00|0.00|0.00|49|12
FPMI|Plataformas|21|Plataformas|21|AJIACO NINOS| |9542004|AJIACO NINOS| |9542004|ALIMENTOS|10|ALIMENTOS|10|Para Empezar|1008|Para Empezar|1008|Domicilios|7|Domicilios|7|20278.00|0.00|20278.00|0.00|0.00|0.00|20278.00|0.00|20278.00|153|20278.00|1|0|0.00|0.00|0.00|84|20
FPMI|Plataformas|21|Plataformas|21|CUCHUCO CON ESPINAZO| |9520020|CUCHUCO CON ESPINAZO| |9520020|ALIMENTOS|10|ALIMENTOS|10|Para Empezar|1008|Para Empezar|1008|Domicilios|7|Domicilios|7|36204.00|0.00|36204.00|0.00|0.00|0.00|36204.00|0.00|36204.00|153|36204.00|1|0|0.00|0.00|0.00|84|20
FPMI|Restaurante|1|Restaurante|1|GASEOSA 400 ml| |9606131|GASEOSA 400 ml| |9606131|BEBIDAS|20|BEBIDAS|20|Bebidas Sin Alcohol|3000|Bebidas Sin Alcohol|3000|Para Aqui|1|Para Aqui|1|14260.00|0.00|14260.00|0.00|0.00|0.00|14260.00|0.00|14260.00|1|14260.00|2|0|0.00|0.00|0.00|66|16
FPMI|Restaurante|1|Restaurante|1|GASEOSA 400 ml| |9606131|GASEOSA 400 ml| |9606131|BEBIDAS|20|BEBIDAS|20|Bebidas Sin Alcohol|3000|Bebidas Sin Alcohol|3000|Para Aqui|1|Para Aqui|1|7130.00|0.00|7130.00|0.00|0.00|0.00|7130.00|0.00|7130.00|1|7130.00|1|0|0.00|0.00|0.00|63|15
FPMI|Restaurante|1|Restaurante|1|LIMONADA NATURAL| |9604060|LIMONADA NATURAL| |9604060|BEBIDAS|20|BEBIDAS|20|Bebidas Sin Alcohol|3000|Bebidas Sin Alcohol|3000|Para Aqui|1|Para Aqui|1|16296.00|0.00|16296.00|0.00|0.00|0.00|16296.00|0.00|16296.00|1|16296.00|2|0|0.00|0.00|0.00|53|13
FPMI|Restaurante|1|Restaurante|1|JUGO DE LULO EN AGUA| |9604216|JUGO DE LULO EN AGUA| |9604216|BEBIDAS|20|BEBIDAS|20|Bebidas Sin Alcohol|3000|Bebidas Sin Alcohol|3000|Para Aqui|1|Para Aqui|1|9815.00|0.00|9815.00|0.00|0.00|0.00|9815.00|0.00|9815.00|1|9815.00|1|0|0.00|0.00|0.00|59|14
FPMI|Domicilios|20|Domicilios|20|LIMONADA NATURAL| |9604060|LIMONADA NATURAL| |9604060|BEBIDAS|20|BEBIDAS|20|Bebidas Sin Alcohol|3000|Bebidas Sin Alcohol|3000|Domicilios|7|Domicilios|7|8148.00|0.00|8148.00|0.00|0.00|0.00|8148.00|0.00|8148.00|73|8148.00|1|0|0.00|0.00|0.00|56|13
FPMI|Domicilios|20|Domicilios|20|EMPANADA MIXTA 4 UNIDADES| |9528041|EMPANADA MIXTA 4 UNIDADES| |9528041|ALIMENTOS|10|ALIMENTOS|10|Para Empezar|1008|Para Empezar|1008|Domicilios|7|Domicilios|7|21204.00|0.00|21204.00|0.00|0.00|0.00|21204.00|0.00|21204.00|73|21204.00|1|0|0.00|0.00|0.00|51|12
FPMI|Domicilios|20|Domicilios|20|CHICHARRON 90 gr| |9528024|CHICHARRON 90 gr| |9528024|ALIMENTOS|10|ALIMENTOS|10|Para Empezar|1008|Para Empezar|1008|Domicilios|7|Domicilios|7|25741.00|0.00|25741.00|0.00|0.00|0.00|25741.00|0.00|25741.00|73|25741.00|1|0|0.00|0.00|0.00|51|12
FPMI|Plataformas|21|Plataformas|21|MJE ALM| |90000037|MJE ALM| |90000037|ALIMENTOS|10|ALIMENTOS|10|Para Empezar|1008|Para Empezar|1008|Domicilios|7|Domicilios|7|0.00|0.00|0.00|0.00|0.00|0.00|0.00|0.00|0.00|1|0.00|2|0|0.00|0.00|0.00|59|14
FPMI|Plataformas|21|Plataformas|21|AJIACO  POLLO| |9520008|AJIACO  POLLO| |9520008|ALIMENTOS|10|ALIMENTOS|10|Para Empezar|1008|Para Empezar|1008|Domicilios|7|Domicilios|7|35741.00|0.00|35741.00|0.00|0.00|0.00|35741.00|0.00|35741.00|153|35741.00|1|0|0.00|0.00|0.00|48|11
FPMI|Plataformas|21|Plataformas|21|PECHUGA A LA PARRILLA 230 gr ARROZ| |9506120|PECHUGA A LA PARRILLA 230 gr ARROZ| |9506120|ALIMENTOS|10|ALIMENTOS|10|Para Empezar|1008|Para Empezar|1008|Domicilios|7|Domicilios|7|26019.00|0.00|26019.00|0.00|0.00|0.00|26019.00|0.00|26019.00|153|26019.00|1|0|0.00|0.00|0.00|73|18
FPMI|Plataformas|21|Plataformas|21|MORCILLA 100 gr| |9502080|MORCILLA 100 gr| |9502080|ALIMENTOS|10|ALIMENTOS|10|Para Empezar|1008|Para Empezar|1008|Domicilios|7|Domicilios|7|11204.00|0.00|11204.00|0.00|0.00|0.00|11204.00|0.00|11204.00|153|11204.00|1|0|0.00|0.00|0.00|77|19
FPMI|Plataformas|21|Plataformas|21|AJIACO NINOS| |9542004|AJIACO NINOS| |9542004|ALIMENTOS|10|ALIMENTOS|10|Para Empezar|1008|Para Empezar|1008|Domicilios|7|Domicilios|7|20278.00|0.00|20278.00|0.00|0.00|0.00|20278.00|0.00|20278.00|153|20278.00|1|0|0.00|0.00|0.00|65|16
FPMI|Plataformas|21|Plataformas|21|CHICHARRON 90 gr| |9528024|CHICHARRON 90 gr| |9528024|ALIMENTOS|10|ALIMENTOS|10|Para Empezar|1008|Para Empezar|1008|Domicilios|7|Domicilios|7|27963.00|0.00|27963.00|0.00|0.00|0.00|27963.00|0.00|27963.00|153|27963.00|1|0|0.00|0.00|0.00|65|16
