FPID|Andr12345678|Andres Expres Casa Andes|20250121|20250121|20250122|122934|2.00|2.00|Simphony|19.7.2
FPSUM|Restaurante|1|Restaurante|1|47500.00|9759.00|-42880|6|0.00|0|3800.00|1|0|0|0|0|0.00|0.00|0.00|0|0|0|0.00|0|0.00|0|0.00|0|61060.00|1|289520.00|3|0.00|0|0.00|0|0.00|-3118.00|15|64|47500.00|0.00|0.00|0.00|47500.00|8102.00|8102.00|0.00|0.00|0.00|0.00|8102.00|8102.00
FPSUM|Domicilios|20|Domicilios|20|80741.00|0.00|0|0|0.00|0|6459.00|1|0|0|0|0|0.00|0.00|0.00|0|0|0|0.00|0|0.00|0|0.00|0|87200.00|1|87200.00|1|0.00|0|0.00|0|0.00|0.00|12|49|80741.00|0.00|0.00|0.00|80741.00|7376.67|7376.67|0.00|0.17|0.00|44259.91|7376.67|7376.67
FPSUM|Restaurante|1|Restaurante|1|200464.00|20046.00|0|0|0.00|0|16036.00|1|0|0|0|0|0.00|0.00|0.00|0|0|0|24300.00|1|0.00|0|0.00|0|236546.00|1|136683.00|2|0.00|0|0.00|0|0.00|0.00|13|55|200464.00|0.00|0.00|0.00|200464.00|61944.33|59677.67|-2266.67|0.67|0.00|89516.46|61944.33|59677.67
FPSUM|Restaurante|1|Restaurante|1|61666.00|6166.00|0|0|0.00|0|4934.00|1|0|0|0|0|0.00|0.00|0.00|0|0|0|0.00|0|0.00|0|0.00|0|72766.00|1|77683.00|1|0.00|0|0.00|0|0.00|0.00|15|62|61666.00|0.00|0.00|0.00|61666.00|41929.33|41929.33|0.00|0.33|0.00|125788.13|41929.33|41929.33
FPSUM|Restaurante|1|Restaurante|1|0.00|0.00|0|0|0.00|0|0.00|0|0|0|0|0|0.00|0.00|0.00|0|0|0|0.00|0|0.00|0|0.00|0|0.00|0|0.00|0|0.00|0|0.00|0|0.00|0.00|16|65|0.00|0.00|0.00|0.00|0.00|19799.67|17383.00|-2416.67|0.33|0.00|52149.05|19799.67|17383.00
FPSUM|Restaurante|1|Restaurante|1|411742.00|39712.00|0|0|0.00|0|34458.00|4|0|0|0|0|0.00|0.00|0.00|0|0|0|0.00|0|0.00|0|0.00|1|485912.00|4|282253.00|2|0.00|0|0.00|0|0.00|-3361.00|12|52|430742.00|-19000.00|0.00|0.00|411742.00|128055.67|128055.67|0.00|0.83|0.00|153666.86|128055.67|128055.67
FPSUM|Plataformas|21|Plataformas|21|15370.00|0.00|0|0|0.00|0|1230.00|1|0|0|0|0|0.00|0.00|0.00|0|0|0|0.00|0|0.00|0|0.00|0|16600.00|1|16600.00|1|0.00|0|0.00|0|0.00|0.00|11|45|15370.00|0.00|0.00|0.00|15370.00|0.00|0.00|0.00|0.00|0.00|0.00|0.00|0.00
FPSUM|Restaurante|1|Restaurante|1|127500.00|12750.00|0|0|0.00|0|10200.00|1|0|0|0|0|0.00|0.00|0.00|0|0|0|0.00|0|0.00|0|0.00|0|150450.00|1|0.00|0|0.00|0|0.00|0|0.00|0.00|12|49|127500.00|0.00|0.00|0.00|127500.00|8811.50|8811.50|0.00|0.50|0.00|17623.00|8811.50|8811.50
FPSUM|Restaurante|1|Restaurante|1|61926.00|9592.00|0|0|0.00|0|7674.00|1|0|0|0|0|0.00|0.00|0.00|0|0|0|0.00|0|0.00|0|0.00|0|79192.00|1|366216.00|3|0.00|0|0.00|0|0.00|0.00|13|56|95926.00|-34000.00|0.00|0.00|61926.00|63040.00|57073.33|-5966.67|0.67|0.00|85609.96|63040.00|57073.33
FPSUM|Domicilios|20|Domicilios|20|18520.00|0.00|0|0|0.00|0|1480.00|1|0|0|0|0|0.00|0.00|0.00|0|0|0|0.00|0|0.00|0|0.00|0|20000.00|1|20000.00|1|0.00|0|0.00|0|0.00|0.00|17|71|18520.00|0.00|0.00|0.00|18520.00|0.00|0.00|0.00|0.00|0.00|0.00|0.00|0.00
FPSUM|Restaurante|1|Restaurante|1|0.00|0.00|0|0|0.00|0|0.00|0|0|0|0|0|0.00|0.00|0.00|0|0|0|0.00|0|0.00|0|0.00|0|0.00|0|0.00|0|0.00|0|0.00|0|0.00|0.00|16|66|0.00|0.00|0.00|0.00|0.00|17608.00|17608.00|0.00|0.00|0.00|0.00|17608.00|17608.00
FPSUM|Restaurante|1|Restaurante|1|0.00|-5009.00|0|0|0.00|0|0.00|0|0|0|0|0|0.00|0.00|0.00|0|0|0|0.00|0|0.00|0|0.00|0|-5009.00|0|54100.00|1|0.00|0|0.00|0|0.00|-5009.00|15|63|0.00|0.00|0.00|0.00|0.00|56250.33|56250.33|0.00|0.50|0.00|112500.67|56250.33|56250.33
FPSUM|Restaurante|1|Restaurante|1|59167.00|5916.00|0|0|0.00|0|4733.00|1|0|0|0|0|0.00|0.00|0.00|0|0|0|0.00|0|0.00|0|0.00|0|69816.00|1|127287.00|1|0.00|0|0.00|0|0.00|0.00|15|61|59167.00|0.00|0.00|0.00|59167.00|33611.33|32161.33|-1450.00|0.50|0.00|64322.67|33611.33|32161.33
FPSUM|Restaurante|1|Restaurante|1|137237.00|14704.00|0|0|0.00|0|11763.00|2|0|0|0|0|0.00|0.00|0.00|0|0|0|0.00|0|0.00|0|0.00|0|163704.00|2|272088.00|3|0.00|0|0.00|0|0.00|0.00|13|53|147037.00|-9800.00|0.00|0.00|137237.00|51558.67|46642.00|-4916.67|0.50|0.00|93284.00|51558.67|46642.00
FPSUM|Restaurante|1|Restaurante|1|136946.00|13694.00|0|0|0.00|0|10954.00|1|0|0|0|0|0.00|0.00|0.00|0|0|0|0.00|0|0.00|0|0.00|0|161594.00|1|0.00|0|0.00|0|0.00|0|0.00|0.00|16|68|136946.00|0.00|0.00|0.00|136946.00|0.00|0.00|0.00|0.00|0.00|0.00|0.00|0.00
FPSUM|Restaurante|1|Restaurante|1|130648.00|13064.00|0|0|0.00|0|10452.00|1|0|0|0|0|0.00|0.00|0.00|0|0|0|7400.00|1|0.00|0|0.00|0|154164.00|1|0.00|0|0.00|0|0.00|0|0.00|0.00|12|50|130648.00|0.00|0.00|0.00|130648.00|43132.83|43132.83|0.00|0.33|0.00|129398.63|43132.83|43132.83
FPSUM|Restaurante|1|Restaurante|1|144538.00|7694.00|0|0|0.00|0|11562.00|3|0|0|0|0|0.00|0.00|0.00|0|0|0|0.00|0|0.00|0|0.00|0|163794.00|3|316211.00|3|0.00|0|0.00|0|0.00|-6759.00|13|54|144538.00|0.00|0.00|0.00|144538.00|50818.33|49435.00|-1383.33|0.50|0.00|98870.00|50818.33|49435.00
FPSUM|Restaurante|1|Restaurante|1|65834.00|6583.00|0|0|0.00|0|5266.00|1|0|0|0|0|0.00|0.00|0.00|0|0|0|59800.00|1|0.00|0|0.00|0|77683.00|1|0.00|0|0.00|0|0.00|0|0.00|0.00|14|60|65834.00|0.00|0.00|0.00|65834.00|0.00|0.00|0.00|0.00|0.00|0.00|0.00|0.00
FPSUM|Plataformas|21|Plataformas|21|141205.00|0.00|0|0|0.00|0|11295.00|1|0|0|0|0|0.00|0.00|0.00|0|0|0|0.00|0|0.00|0|0.00|0|152500.00|1|152500.00|1|0.00|0|0.00|0|0.00|0.00|12|52|141205.00|0.00|0.00|0.00|141205.00|29228.50|29228.50|0.00|0.33|0.00|175370.65|29228.50|29228.50
FPSUM|Restaurante|1|Restaurante|1|0.00|0.00|0|0|0.00|0|0.00|0|0|0|0|0|0.00|0.00|0.00|0|0|0|0.00|0|0.00|0|0.00|0|0.00|0|109915.00|1|0.00|0|0.00|0|0.00|0.00|14|58|0.00|0.00|0.00|0.00|0.00|-12932.00|-12932.00|0.00|0.17|0.00|-77591.84|-12932.00|-12932.00
FPSUM|Restaurante|1|Restaurante|1|429817.00|42980.00|0|0|0.00|0|34383.00|5|0|0|0|0|0.00|0.00|0.00|0|0|0|6900.00|1|0.00|0|0.00|0|507180.00|5|0.00|0|0.00|0|0.00|0|0.00|0.00|12|51|429817.00|0.00|0.00|0.00|429817.00|77129.83|77129.83|0.00|0.67|0.00|115694.69|77129.83|77129.83
FPSUM|Restaurante|1|Restaurante|1|11944.00|1195.00|0|0|0.00|0|956.00|0|0|0|0|0|0.00|0.00|0.00|0|0|0|0.00|0|0.00|0|0.00|0|14095.00|0|0.00|0|0.00|0|0.00|0|0.00|0.00|14|59|11944.00|0.00|0.00|0.00|11944.00|55648.33|53465.00|-2183.33|0.50|0.00|106930.00|55648.33|53465.00
FPSUM|Restaurante|1|Restaurante|1|97963.00|11797.00|0|0|0.00|0|9437.00|0|0|0|0|0|0.00|0.00|0.00|0|0|0|0.00|0|0.00|0|0.00|0|119197.00|0|216546.00|1|0.00|0|0.00|0|0.00|0.00|14|57|117963.00|-20000.00|0.00|0.00|97963.00|19645.00|10461.67|-9183.33|0.33|0.00|31385.03|19645.00|10461.67
FPSUM|Plataformas|21|Plataformas|21|20278.00|0.00|0|0|0.00|0|1622.00|1|0|0|0|0|0.00|0.00|0.00|0|0|0|0.00|0|0.00|0|0.00|0|21900.00|1|21900.00|1|0.00|0|0.00|0|0.00|0.00|13|53|20278.00|0.00|0.00|0.00|20278.00|31080.17|31080.17|0.00|0.67|0.00|46620.23|31080.17|31080.17
FPSUM|Plataformas|21|Plataformas|21|64723.00|0.00|0|0|0.00|0|5177.00|1|0|0|0|0|0.00|0.00|0.00|0|0|0|0.00|0|0.00|0|0.00|0|69900.00|1|69900.00|1|0.00|0|0.00|0|0.00|0.00|13|54|64723.00|0.00|0.00|0.00|64723.00|0.00|0.00|0.00|0.00|0.00|0.00|0.00|0.00
FPSUM|Restaurante|1|Restaurante|1|57778.00|5777.00|-54593|4|0.00|0|4622.00|1|0|0|0|0|0.00|0.00|0.00|0|0|0|0.00|0|0.00|0|0.00|0|68179.00|1|2.00|1|0.00|0|0.00|0|0.00|-3970.00|17|70|57778.00|0.00|0.00|0.00|57778.00|0.00|0.00|0.00|0.00|0.00|0.00|0.00|0.00
FPSUM|Domicilios|20|Domicilios|20|31296.00|0.00|0|0|0.00|0|2504.00|1|0|0|0|0|0.00|0.00|0.00|0|0|0|0.00|0|0.00|0|0.00|0|33800.00|1|33800.00|1|0.00|0|0.00|0|0.00|0.00|13|54|31296.00|0.00|0.00|0.00|31296.00|0.00|0.00|0.00|0.00|0.00|0.00|0.00|0.00
FPSUM|Domicilios|20|Domicilios|20|20185.00|0.00|0|0|0.00|0|1615.00|1|0|0|0|0|0.00|0.00|0.00|0|0|0|0.00|0|0.00|0|0.00|0|21800.00|1|21800.00|1|0.00|0|0.00|0|0.00|0.00|12|50|20185.00|0.00|0.00|0.00|20185.00|0.00|0.00|0.00|0.00|0.00|0.00|0.00|0.00
FPSUM|Restaurante|1|Restaurante|1|67315.00|6731.00|0|0|0.00|0|5385.00|1|0|0|0|0|0.00|0.00|0.00|0|0|0|0.00|0|0.00|0|0.00|0|79431.00|1|102048.00|1|0.00|0|0.00|0|0.00|0.00|16|67|67315.00|0.00|0.00|0.00|67315.00|0.00|0.00|0.00|0.00|0.00|0.00|0.00|0.00
FPSUM|Restaurante|1|Restaurante|1|0.00|0.00|0|0|0.00|0|0.00|0|0|0|0|0|0.00|0.00|0.00|0|0|0|0.00|0|0.00|0|0.00|0|0.00|0|339358.00|2|0.00|0|0.00|0|0.00|0.00|17|72|0.00|0.00|0.00|0.00|0.00|0.00|0.00|0.00|0.00|0.00|0.00|0.00|0.00
FPSUM|Restaurante|1|Restaurante|1|0.00|0.00|0|0|0.00|0|0.00|0|0|0|0|0|0.00|0.00|0.00|0|0|0|0.00|0|0.00|0|0.00|0|0.00|0|0.00|0|0.00|0|0.00|0|0.00|0.00|18|73|0.00|0.00|0.00|0.00|0.00|0.00|0.00|0.00|0.00|0.00|0.00|0.00|0.00
FPSUM|Domicilios|20|Domicilios|20|0.00|0.00|0|0|0.00|0|0.00|0|0|0|0|0|0.00|0.00|0.00|0|0|0|0.00|0|0.00|0|42900.00|1|0.00|0|0.00|0|0.00|0|0.00|0|0.00|0.00|12|51|0.00|0.00|0.00|0.00|0.00|0.00|0.00|0.00|0.00|0.00|0.00|0.00|0.00
FPSUM|Restaurante|1|Restaurante|1|25556.00|2556.00|0|0|0.00|0|2044.00|0|0|0|0|0|0.00|0.00|0.00|0|0|0|0.00|0|0.00|0|0.00|0|30156.00|0|0.00|0|0.00|0|0.00|0|0.00|0.00|17|69|25556.00|0.00|0.00|0.00|25556.00|0.00|0.00|0.00|0.00|0.00|0.00|0.00|0.00
FPOT|Restaurante|1|Restaurante|1|OT1|1|Order Type Master 1|1|411742.00|39712.00|0.00|0|0.00|0|34458.00|4|0|0|0|0|0.00|0.00|0.00|0|0|0|0.00|0|0.00|0|0.00|1|485912.00|4|282253.00|2|0.00|0|0.00|0|0.00|-3361.00|12|52|430742.00|-19000.00|0.00|0.00|411742.00|128055.67|128055.67|0.00|0.83|0.00|153666.86|128055.67|128055.67
FPOT|Restaurante|1|Restaurante|1|OT1|1|Order Type Master 1|1|65834.00|6583.00|0.00|0|0.00|0|5266.00|1|0|0|0|0|0.00|0.00|0.00|0|0|0|59800.00|1|0.00|0|0.00|0|77683.00|1|0.00|0|0.00|0|0.00|0|0.00|0.00|14|60|65834.00|0.00|0.00|0.00|65834.00|0.00|0.00|0.00|0.00|0.00|0.00|0.00|0.00
FPOT|Restaurante|1|Restaurante|1|OT1|1|Order Type Master 1|1|0.00|0.00|0.00|0|0.00|0|0.00|0|0|0|0|0|0.00|0.00|0.00|0|0|0|0.00|0|0.00|0|0.00|0|0.00|0|0.00|0|0.00|0|0.00|0|0.00|0.00|16|66|0.00|0.00|0.00|0.00|0.00|17608.00|17608.00|0.00|0.00|0.00|0.00|17608.00|17608.00
FPOT|Restaurante|1|Restaurante|1|OT1|1|Order Type Master 1|1|61926.00|9592.00|0.00|0|0.00|0|7674.00|1|0|0|0|0|0.00|0.00|0.00|0|0|0|0.00|0|0.00|0|0.00|0|79192.00|1|366216.00|3|0.00|0|0.00|0|0.00|0.00|13|56|95926.00|-34000.00|0.00|0.00|61926.00|63040.00|57073.33|-5966.67|0.67|0.00|85609.96|63040.00|57073.33
FPOT|Restaurante|1|Restaurante|1|OT1|1|Order Type Master 1|1|136946.00|13694.00|0.00|0|0.00|0|10954.00|1|0|0|0|0|0.00|0.00|0.00|0|0|0|0.00|0|0.00|0|0.00|0|161594.00|1|0.00|0|0.00|0|0.00|0|0.00|0.00|16|68|136946.00|0.00|0.00|0.00|136946.00|0.00|0.00|0.00|0.00|0.00|0.00|0.00|0.00
FPOT|Restaurante|1|Restaurante|1|OT1|1|Order Type Master 1|1|0.00|-5009.00|0.00|0|0.00|0|0.00|0|0|0|0|0|0.00|0.00|0.00|0|0|0|0.00|0|0.00|0|0.00|0|-5009.00|0|54100.00|1|0.00|0|0.00|0|0.00|-5009.00|15|63|0.00|0.00|0.00|0.00|0.00|56250.33|56250.33|0.00|0.50|0.00|112500.67|56250.33|56250.33
FPOT|Plataformas|21|Plataformas|21|OT1|1|Order Type Master 1|1|20278.00|0.00|0.00|0|0.00|0|1622.00|1|0|0|0|0|0.00|0.00|0.00|0|0|0|0.00|0|0.00|0|0.00|0|21900.00|1|21900.00|1|0.00|0|0.00|0|0.00|0.00|13|53|20278.00|0.00|0.00|0.00|20278.00|0.00|0.00|0.00|0.00|0.00|0.00|0.00|0.00
FPOT|Restaurante|1|Restaurante|1|OT1|1|Order Type Master 1|1|137237.00|14704.00|0.00|0|0.00|0|11763.00|2|0|0|0|0|0.00|0.00|0.00|0|0|0|0.00|0|0.00|0|0.00|0|163704.00|2|272088.00|3|0.00|0|0.00|0|0.00|0.00|13|53|147037.00|-9800.00|0.00|0.00|137237.00|51558.67|46642.00|-4916.67|0.50|0.00|93284.00|51558.67|46642.00
FPOT|Restaurante|1|Restaurante|1|OT1|1|Order Type Master 1|1|25556.00|2556.00|0.00|0|0.00|0|2044.00|0|0|0|0|0|0.00|0.00|0.00|0|0|0|0.00|0|0.00|0|0.00|0|30156.00|0|0.00|0|0.00|0|0.00|0|0.00|0.00|17|69|25556.00|0.00|0.00|0.00|25556.00|0.00|0.00|0.00|0.00|0.00|0.00|0.00|0.00
FPOT|Restaurante|1|Restaurante|1|OT1|1|Order Type Master 1|1|47500.00|9759.00|-42880.00|6|0.00|0|3800.00|1|0|0|0|0|0.00|0.00|0.00|0|0|0|0.00|0|0.00|0|0.00|0|61060.00|1|289520.00|3|0.00|0|0.00|0|0.00|-3118.00|15|64|47500.00|0.00|0.00|0.00|47500.00|8102.00|8102.00|0.00|0.00|0.00|0.00|8102.00|8102.00
FPOT|Restaurante|1|Restaurante|1|OT1|1|Order Type Master 1|1|0.00|0.00|0.00|0|0.00|0|0.00|0|0|0|0|0|0.00|0.00|0.00|0|0|0|0.00|0|0.00|0|0.00|0|0.00|0|339358.00|2|0.00|0|0.00|0|0.00|0.00|17|72|0.00|0.00|0.00|0.00|0.00|0.00|0.00|0.00|0.00|0.00|0.00|0.00|0.00
FPOT|Restaurante|1|Restaurante|1|OT1|1|Order Type Master 1|1|144538.00|7694.00|0.00|0|0.00|0|11562.00|3|0|0|0|0|0.00|0.00|0.00|0|0|0|0.00|0|0.00|0|0.00|0|163794.00|3|316211.00|3|0.00|0|0.00|0|0.00|-6759.00|13|54|144538.00|0.00|0.00|0.00|144538.00|50818.33|49435.00|-1383.33|0.50|0.00|98870.00|50818.33|49435.00
FPOT|Domicilios|20|Domicilios|20|OT1|1|Order Type Master 1|1|18520.00|0.00|0.00|0|0.00|0|1480.00|1|0|0|0|0|0.00|0.00|0.00|0|0|0|0.00|0|0.00|0|0.00|0|20000.00|1|20000.00|1|0.00|0|0.00|0|0.00|0.00|17|71|18520.00|0.00|0.00|0.00|18520.00|0.00|0.00|0.00|0.00|0.00|0.00|0.00|0.00
FPOT|Plataformas|21|Plataformas|21|OT1|1|Order Type Master 1|1|141205.00|0.00|0.00|0|0.00|0|11295.00|1|0|0|0|0|0.00|0.00|0.00|0|0|0|0.00|0|0.00|0|0.00|0|152500.00|1|152500.00|1|0.00|0|0.00|0|0.00|0.00|12|52|141205.00|0.00|0.00|0.00|141205.00|23194.50|23194.50|0.00|0.17|0.00|139166.72|23194.50|23194.50
FPOT|Restaurante|1|Restaurante|1|OT1|1|Order Type Master 1|1|130648.00|13064.00|0.00|0|0.00|0|10452.00|1|0|0|0|0|0.00|0.00|0.00|0|0|0|7400.00|1|0.00|0|0.00|0|154164.00|1|0.00|0|0.00|0|0.00|0|0.00|0.00|12|50|130648.00|0.00|0.00|0.00|130648.00|43132.83|43132.83|0.00|0.33|0.00|129398.63|43132.83|43132.83
FPOT|Restaurante|1|Restaurante|1|OT1|1|Order Type Master 1|1|0.00|0.00|0.00|0|0.00|0|0.00|0|0|0|0|0|0.00|0.00|0.00|0|0|0|0.00|0|0.00|0|0.00|0|0.00|0|109915.00|1|0.00|0|0.00|0|0.00|0.00|14|58|0.00|0.00|0.00|0.00|0.00|-12932.00|-12932.00|0.00|0.17|0.00|-77591.84|-12932.00|-12932.00
FPOT|Restaurante|1|Restaurante|1|OT1|1|Order Type Master 1|1|200464.00|20046.00|0.00|0|0.00|0|16036.00|1|0|0|0|0|0.00|0.00|0.00|0|0|0|24300.00|1|0.00|0|0.00|0|236546.00|1|136683.00|2|0.00|0|0.00|0|0.00|0.00|13|55|200464.00|0.00|0.00|0.00|200464.00|61944.33|59677.67|-2266.67|0.67|0.00|89516.46|61944.33|59677.67
FPOT|Restaurante|1|Restaurante|1|OT1|1|Order Type Master 1|1|0.00|0.00|0.00|0|0.00|0|0.00|0|0|0|0|0|0.00|0.00|0.00|0|0|0|0.00|0|0.00|0|0.00|0|0.00|0|0.00|0|0.00|0|0.00|0|0.00|0.00|16|65|0.00|0.00|0.00|0.00|0.00|19799.67|17383.00|-2416.67|0.33|0.00|52149.05|19799.67|17383.00
FPOT|Restaurante|1|Restaurante|1|OT1|1|Order Type Master 1|1|97963.00|11797.00|0.00|0|0.00|0|9437.00|0|0|0|0|0|0.00|0.00|0.00|0|0|0|0.00|0|0.00|0|0.00|0|119197.00|0|216546.00|1|0.00|0|0.00|0|0.00|0.00|14|57|117963.00|-20000.00|0.00|0.00|97963.00|19645.00|10461.67|-9183.33|0.33|0.00|31385.03|19645.00|10461.67
FPOT|Plataformas|21|Plataformas|21|OT1|1|Order Type Master 1|1|64723.00|0.00|0.00|0|0.00|0|5177.00|1|0|0|0|0|0.00|0.00|0.00|0|0|0|0.00|0|0.00|0|0.00|0|69900.00|1|69900.00|1|0.00|0|0.00|0|0.00|0.00|13|54|64723.00|0.00|0.00|0.00|64723.00|0.00|0.00|0.00|0.00|0.00|0.00|0.00|0.00
FPOT|Restaurante|1|Restaurante|1|OT1|1|Order Type Master 1|1|61666.00|6166.00|0.00|0|0.00|0|4934.00|1|0|0|0|0|0.00|0.00|0.00|0|0|0|0.00|0|0.00|0|0.00|0|72766.00|1|77683.00|1|0.00|0|0.00|0|0.00|0.00|15|62|61666.00|0.00|0.00|0.00|61666.00|41929.33|41929.33|0.00|0.33|0.00|125788.13|41929.33|41929.33
FPOT|Restaurante|1|Restaurante|1|OT1|1|Order Type Master 1|1|127500.00|12750.00|0.00|0|0.00|0|10200.00|1|0|0|0|0|0.00|0.00|0.00|0|0|0|0.00|0|0.00|0|0.00|0|150450.00|1|0.00|0|0.00|0|0.00|0|0.00|0.00|12|49|127500.00|0.00|0.00|0.00|127500.00|8811.50|8811.50|0.00|0.50|0.00|17623.00|8811.50|8811.50
FPOT|Domicilios|20|Domicilios|20|OT1|1|Order Type Master 1|1|80741.00|0.00|0.00|0|0.00|0|6459.00|1|0|0|0|0|0.00|0.00|0.00|0|0|0|0.00|0|0.00|0|0.00|0|87200.00|1|87200.00|1|0.00|0|0.00|0|0.00|0.00|12|49|80741.00|0.00|0.00|0.00|80741.00|7376.67|7376.67|0.00|0.17|0.00|44259.91|7376.67|7376.67
FPOT|Restaurante|1|Restaurante|1|OT1|1|Order Type Master 1|1|59167.00|5916.00|0.00|0|0.00|0|4733.00|1|0|0|0|0|0.00|0.00|0.00|0|0|0|0.00|0|0.00|0|0.00|0|69816.00|1|127287.00|1|0.00|0|0.00|0|0.00|0.00|15|61|59167.00|0.00|0.00|0.00|59167.00|33611.33|32161.33|-1450.00|0.50|0.00|64322.67|33611.33|32161.33
FPOT|Restaurante|1|Restaurante|1|OT1|1|Order Type Master 1|1|67315.00|6731.00|0.00|0|0.00|0|5385.00|1|0|0|0|0|0.00|0.00|0.00|0|0|0|0.00|0|0.00|0|0.00|0|79431.00|1|102048.00|1|0.00|0|0.00|0|0.00|0.00|16|67|67315.00|0.00|0.00|0.00|67315.00|0.00|0.00|0.00|0.00|0.00|0.00|0.00|0.00
FPOT|Restaurante|1|Restaurante|1|OT1|1|Order Type Master 1|1|0.00|0.00|0.00|0|0.00|0|0.00|0|0|0|0|0|0.00|0.00|0.00|0|0|0|0.00|0|0.00|0|0.00|0|0.00|0|0.00|0|0.00|0|0.00|0|0.00|0.00|18|73|0.00|0.00|0.00|0.00|0.00|0.00|0.00|0.00|0.00|0.00|0.00|0.00|0.00
FPOT|Restaurante|1|Restaurante|1|OT1|1|Order Type Master 1|1|11944.00|1195.00|0.00|0|0.00|0|956.00|0|0|0|0|0|0.00|0.00|0.00|0|0|0|0.00|0|0.00|0|0.00|0|14095.00|0|0.00|0|0.00|0|0.00|0|0.00|0.00|14|59|11944.00|0.00|0.00|0.00|11944.00|55648.33|53465.00|-2183.33|0.50|0.00|106930.00|55648.33|53465.00
FPOT|Domicilios|20|Domicilios|20|OT1|1|Order Type Master 1|1|20185.00|0.00|0.00|0|0.00|0|1615.00|1|0|0|0|0|0.00|0.00|0.00|0|0|0|0.00|0|0.00|0|0.00|0|21800.00|1|21800.00|1|0.00|0|0.00|0|0.00|0.00|12|50|20185.00|0.00|0.00|0.00|20185.00|0.00|0.00|0.00|0.00|0.00|0.00|0.00|0.00
FPOT|Domicilios|20|Domicilios|20|OT1|1|Order Type Master 1|1|0.00|0.00|0.00|0|0.00|0|0.00|0|0|0|0|0|0.00|0.00|0.00|0|0|0|0.00|0|0.00|0|42900.00|1|0.00|0|0.00|0|0.00|0|0.00|0|0.00|0.00|12|51|0.00|0.00|0.00|0.00|0.00|0.00|0.00|0.00|0.00|0.00|0.00|0.00|0.00
FPOT|Domicilios|20|Domicilios|20|OT1|1|Order Type Master 1|1|31296.00|0.00|0.00|0|0.00|0|2504.00|1|0|0|0|0|0.00|0.00|0.00|0|0|0|0.00|0|0.00|0|0.00|0|33800.00|1|33800.00|1|0.00|0|0.00|0|0.00|0.00|13|54|31296.00|0.00|0.00|0.00|31296.00|0.00|0.00|0.00|0.00|0.00|0.00|0.00|0.00
FPOT|Plataformas|21|Plataformas|21|OT1|1|Order Type Master 1|1|15370.00|0.00|0.00|0|0.00|0|1230.00|1|0|0|0|0|0.00|0.00|0.00|0|0|0|0.00|0|0.00|0|0.00|0|16600.00|1|16600.00|1|0.00|0|0.00|0|0.00|0.00|11|45|15370.00|0.00|0.00|0.00|15370.00|0.00|0.00|0.00|0.00|0.00|0.00|0.00|0.00
FPOT|Restaurante|1|Restaurante|1|OT1|1|Order Type Master 1|1|57778.00|5777.00|-54593.00|4|0.00|0|4622.00|1|0|0|0|0|0.00|0.00|0.00|0|0|0|0.00|0|0.00|0|0.00|0|68179.00|1|2.00|1|0.00|0|0.00|0|0.00|-3970.00|17|70|57778.00|0.00|0.00|0.00|57778.00|0.00|0.00|0.00|0.00|0.00|0.00|0.00|0.00
FPOT|Restaurante|1|Restaurante|1|OT1|1|Order Type Master 1|1|429817.00|42980.00|0.00|0|0.00|0|34383.00|5|0|0|0|0|0.00|0.00|0.00|0|0|0|6900.00|1|0.00|0|0.00|0|507180.00|5|0.00|0|0.00|0|0.00|0|0.00|0.00|12|51|429817.00|0.00|0.00|0.00|429817.00|77129.83|77129.83|0.00|0.67|0.00|115694.69|77129.83|77129.83
FPMI|Restaurante|1|Restaurante|1|JUGO DE MORA EN AGUA| |9604108|JUGO DE MORA EN AGUA| |9604108|BEBIDAS|20|BEBIDAS|20|Bebidas Sin Alcohol|3000|Bebidas Sin Alcohol|3000|OT1|1|Order Type Master 1|1|0.00|-1012.00|-1012.00|0.00|0.00|0.00|0.00|-1012.00|-1012.00|1|0.00|0|0|0.00|0.00|0.00|52|12
FPMI|Restaurante|1|Restaurante|1|TINTO COLADO AEX| |9602121|TINTO COLADO AEX| |9602121|BEBIDAS|20|BEBIDAS|20|Bebidas Sin Alcohol|3000|Bebidas Sin Alcohol|3000|OT1|1|Order Type Master 1|1|9074.00|0.00|9074.00|0.00|0.00|0.00|9074.00|0.00|9074.00|1|9074.00|2|0|0.00|0.00|0.00|61|15
FPMI|Restaurante|1|Restaurante|1|LIMONADA NATURAL| |9604060|LIMONADA NATURAL| |9604060|BEBIDAS|20|BEBIDAS|20|Bebidas Sin Alcohol|3000|Bebidas Sin Alcohol|3000|OT1|1|Order Type Master 1|1|8519.00|0.00|8519.00|0.00|0.00|0.00|8519.00|0.00|8519.00|1|8519.00|1|0|0.00|0.00|0.00|54|13
FPMI|Restaurante|1|Restaurante|1|LIMONADA NATURAL| |9604060|LIMONADA NATURAL| |9604060|BEBIDAS|20|BEBIDAS|20|Bebidas Sin Alcohol|3000|Bebidas Sin Alcohol|3000|OT1|1|Order Type Master 1|1|-8519.00|0.00|-8519.00|0.00|0.00|0.00|-8519.00|0.00|-8519.00|1|-8519.00|-1|0|0.00|0.00|0.00|64|15
FPMI|Restaurante|1|Restaurante|1|AGUA MANANTIAL CON GAS 300 ML| |9606136|AGUA MANANTIAL CON GAS 300 ML| |9606136|BEBIDAS|20|BEBIDAS|20|Bebidas Sin Alcohol|3000|Bebidas Sin Alcohol|3000|OT1|1|Order Type Master 1|1|6389.00|0.00|6389.00|0.00|0.00|0.00|6389.00|0.00|6389.00|1|6389.00|1|0|0.00|0.00|0.00|55|13
FPMI|Plataformas|21|Plataformas|21|LIMONADA DE PANELA| |9604067|LIMONADA DE PANELA| |9604067|BEBIDAS|20|BEBIDAS|20|Bebidas Sin Alcohol|3000|Bebidas Sin Alcohol|3000|OT1|1|Order Type Master 1|1|9537.00|0.00|9537.00|0.00|0.00|0.00|9537.00|0.00|9537.00|153|9537.00|1|0|0.00|0.00|0.00|52|12
FPMI|Restaurante|1|Restaurante|1|CAZUELA DE FRIJOLES| |9520032|CAZUELA DE FRIJOLES| |9520032|ALIMENTOS|10|ALIMENTOS|10|Para Empezar|1008|Para Empezar|1008|OT1|1|Order Type Master 1|1|36852.00|0.00|36852.00|0.00|0.00|0.00|36852.00|0.00|36852.00|1|36852.00|1|0|0.00|0.00|0.00|51|12
FPMI|Restaurante|1|Restaurante|1|PINCHO DE LOMO X 100 GRS| |9502526|PINCHO DE LOMO X 100 GRS| |9502526|ALIMENTOS|10|ALIMENTOS|10|Para Empezar|1008|Para Empezar|1008|OT1|1|Order Type Master 1|1|18333.00|0.00|18333.00|0.00|0.00|0.00|18333.00|0.00|18333.00|1|18333.00|1|0|0.00|0.00|0.00|52|12
FPMI|Restaurante|1|Restaurante|1|Mod CocaCola Zero 400ml| |980000103|Mod CocaCola Zero 400ml| |980000103|ALIMENTOS|10|ALIMENTOS|10|Para Empezar|1008|Para Empezar|1008|OT1|1|Order Type Master 1|1|0.00|0.00|0.00|0.00|0.00|0.00|0.00|0.00|0.00|1|0.00|1|0|0.00|0.00|0.00|64|15
FPMI|Restaurante|1|Restaurante|1|Mod 3/4| |980000004|Mod 3/4| |980000004|ALIMENTOS|10|ALIMENTOS|10|Para Empezar|1008|Para Empezar|1008|OT1|1|Order Type Master 1|1|0.00|0.00|0.00|0.00|0.00|0.00|0.00|0.00|0.00|1|0.00|1|0|0.00|0.00|0.00|57|14
FPMI|Restaurante|1|Restaurante|1|PUNTA DE ANCA 250 gr CHIPS| |9502430|PUNTA DE ANCA 250 gr CHIPS| |9502430|ALIMENTOS|10|ALIMENTOS|10|Para Empezar|1008|Para Empezar|1008|OT1|1|Order Type Master 1|1|54444.00|0.00|54444.00|0.00|0.00|0.00|54444.00|0.00|54444.00|1|54444.00|1|0|0.00|0.00|0.00|51|12
FPMI|Restaurante|1|Restaurante|1|CANASTA DE 4 EMPANADAS CACHACAS| |9528040|CANASTA DE 4 EMPANADAS CACHACAS| |9528040|ALIMENTOS|10|ALIMENTOS|10|Para Empezar|1008|Para Empezar|1008|OT1|1|Order Type Master 1|1|22500.00|0.00|22500.00|0.00|0.00|0.00|22500.00|0.00|22500.00|1|22500.00|1|0|0.00|0.00|0.00|67|16
FPMI|Restaurante|1|Restaurante|1|SALSA BBQ| |9500380|SALSA BBQ| |9500380|ALIMENTOS|10|ALIMENTOS|10|Para Empezar|1008|Para Empezar|1008|OT1|1|Order Type Master 1|1|0.00|0.00|0.00|0.00|0.00|0.00|0.00|0.00|0.00|1|0.00|1|0|0.00|0.00|0.00|70|17
FPMI|Restaurante|1|Restaurante|1|CHICHARRON 90 gr| |9528024|CHICHARRON 90 gr| |9528024|ALIMENTOS|10|ALIMENTOS|10|Para Empezar|1008|Para Empezar|1008|OT1|1|Order Type Master 1|1|0.00|-2670.00|-2670.00|0.00|0.00|0.00|0.00|-2670.00|-2670.00|1|0.00|0|0|0.00|0.00|0.00|56|13
FPMI|Restaurante|1|Restaurante|1|ADICION DE AGUACATE 100 gr| |9500032|ADICION DE AGUACATE 100 gr| |9500032|ALIMENTOS|10|ALIMENTOS|10|Para Empezar|1008|Para Empezar|1008|OT1|1|Order Type Master 1|1|5648.00|0.00|5648.00|0.00|0.00|0.00|5648.00|0.00|5648.00|1|5648.00|1|0|0.00|0.00|0.00|52|12
FPMI|Restaurante|1|Restaurante|1|SALSA BBQ| |9500380|SALSA BBQ| |9500380|ALIMENTOS|10|ALIMENTOS|10|Para Empezar|1008|Para Empezar|1008|OT1|1|Order Type Master 1|1|0.00|0.00|0.00|0.00|0.00|0.00|0.00|0.00|0.00|1|0.00|-1|0|0.00|0.00|0.00|64|15
FPMI|Restaurante|1|Restaurante|1|BISTEC CHURRASCO 250 gr FRANCESA| |9502342|BISTEC CHURRASCO 250 gr FRANCESA| |9502342|ALIMENTOS|10|ALIMENTOS|10|Para Empezar|1008|Para Empezar|1008|OT1|1|Order Type Master 1|1|0.00|-5524.00|-5524.00|0.00|0.00|0.00|0.00|-5524.00|-5524.00|1|0.00|0|0|0.00|0.00|0.00|57|14
FPMI|Restaurante|1|Restaurante|1|Mod 1/2| |980000002|Mod 1/2| |980000002|ALIMENTOS|10|ALIMENTOS|10|Para Empezar|1008|Para Empezar|1008|OT1|1|Order Type Master 1|1|0.00|0.00|0.00|0.00|0.00|0.00|0.00|0.00|0.00|1|0.00|1|0|0.00|0.00|0.00|55|13
FPMI|Restaurante|1|Restaurante|1|PUNTA DE ANCA 250 gr CRIOLLA| |9502358|PUNTA DE ANCA 250 gr CRIOLLA| |9502358|ALIMENTOS|10|ALIMENTOS|10|Para Empezar|1008|Para Empezar|1008|OT1|1|Order Type Master 1|1|54444.00|0.00|54444.00|0.00|0.00|0.00|54444.00|0.00|54444.00|1|54444.00|1|0|0.00|0.00|0.00|53|13
FPMI|Restaurante|1|Restaurante|1|Mod CocaCola Zero 400ml| |980000103|Mod CocaCola Zero 400ml| |980000103|ALIMENTOS|10|ALIMENTOS|10|Para Empezar|1008|Para Empezar|1008|OT1|1|Order Type Master 1|1|0.00|0.00|0.00|0.00|0.00|0.00|0.00|0.00|0.00|1|0.00|1|0|0.00|0.00|0.00|53|13
FPMI|Restaurante|1|Restaurante|1|AJI CASERO| |9500480|AJI CASERO| |9500480|ALIMENTOS|10|ALIMENTOS|10|Para Empezar|1008|Para Empezar|1008|OT1|1|Order Type Master 1|1|0.00|0.00|0.00|0.00|0.00|0.00|0.00|0.00|0.00|1|0.00|4|0|0.00|0.00|0.00|56|13
FPMI|Restaurante|1|Restaurante|1|LOMO 220 gr PAPA FRANCESA| |9502511|LOMO 220 gr PAPA FRANCESA| |9502511|ALIMENTOS|10|ALIMENTOS|10|Para Empezar|1008|Para Empezar|1008|OT1|1|Order Type Master 1|1|54444.00|0.00|54444.00|0.00|0.00|0.00|54444.00|0.00|54444.00|1|54444.00|1|0|0.00|0.00|0.00|50|12
FPMI|Plataformas|21|Plataformas|21|AJIACO  POLLO| |9520008|AJIACO  POLLO| |9520008|ALIMENTOS|10|ALIMENTOS|10|Para Empezar|1008|Para Empezar|1008|OT1|1|Order Type Master 1|1|35741.00|0.00|35741.00|0.00|0.00|0.00|35741.00|0.00|35741.00|153|35741.00|1|0|0.00|0.00|0.00|52|12
FPMI|Restaurante|1|Restaurante|1|LIMONADA NATURAL| |9604060|LIMONADA NATURAL| |9604060|BEBIDAS|20|BEBIDAS|20|Bebidas Sin Alcohol|3000|Bebidas Sin Alcohol|3000|OT1|1|Order Type Master 1|1|0.00|-1711.00|-1711.00|0.00|0.00|0.00|0.00|-1711.00|-1711.00|1|0.00|0|0|0.00|0.00|0.00|56|13
FPMI|Restaurante|1|Restaurante|1|SODA CON LIMON| |9606141|SODA CON LIMON| |9606141|BEBIDAS|20|BEBIDAS|20|Bebidas Sin Alcohol|3000|Bebidas Sin Alcohol|3000|OT1|1|Order Type Master 1|1|7222.00|0.00|7222.00|0.00|0.00|0.00|7222.00|0.00|7222.00|1|7222.00|1|0|0.00|0.00|0.00|64|15
FPMI|Restaurante|1|Restaurante|1|GASEOSA 400 ml| |9606131|GASEOSA 400 ml| |9606131|BEBIDAS|20|BEBIDAS|20|Bebidas Sin Alcohol|3000|Bebidas Sin Alcohol|3000|OT1|1|Order Type Master 1|1|7593.00|0.00|7593.00|0.00|0.00|0.00|7593.00|0.00|7593.00|1|7593.00|1|0|0.00|0.00|0.00|64|15
FPMI|Restaurante|1|Restaurante|1|CERVEZA CORONA| |9608012|CERVEZA CORONA| |9608012|BEBIDAS|20|BEBIDAS|20|Bebidas Sin Alcohol|3000|Bebidas Sin Alcohol|3000|OT1|1|Order Type Master 1|1|25556.00|0.00|25556.00|0.00|0.00|0.00|25556.00|0.00|25556.00|1|25556.00|2|0|0.00|0.00|0.00|68|16
FPMI|Restaurante|1|Restaurante|1|SODA| |9606112|SODA| |9606112|BEBIDAS|20|BEBIDAS|20|Bebidas Sin Alcohol|3000|Bebidas Sin Alcohol|3000|OT1|1|Order Type Master 1|1|6852.00|0.00|6852.00|0.00|0.00|0.00|6852.00|0.00|6852.00|1|6852.00|1|0|0.00|0.00|0.00|57|14
FPMI|Restaurante|1|Restaurante|1|AGUA MANANTIAL SIN GAS 500 ML| |9606135|AGUA MANANTIAL SIN GAS 500 ML| |9606135|BEBIDAS|20|BEBIDAS|20|Bebidas Sin Alcohol|3000|Bebidas Sin Alcohol|3000|OT1|1|Order Type Master 1|1|16296.00|0.00|16296.00|0.00|0.00|0.00|16296.00|0.00|16296.00|1|16296.00|2|0|0.00|0.00|0.00|51|12
FPMI|Plataformas|21|Plataformas|21|JUGO DE MARACUYA EN AGUA| |9604116|JUGO DE MARACUYA EN AGUA| |9604116|BEBIDAS|20|BEBIDAS|20|Bebidas Sin Alcohol|3000|Bebidas Sin Alcohol|3000|OT1|1|Order Type Master 1|1|10556.00|0.00|10556.00|0.00|0.00|0.00|10556.00|0.00|10556.00|153|10556.00|1|0|0.00|0.00|0.00|52|12
FPMI|Restaurante|1|Restaurante|1|PECHUGA A LA PARRILLA 230 gr CRIOLLA| |9506118|PECHUGA A LA PARRILLA 230 gr CRIOLLA| |9506118|ALIMENTOS|10|ALIMENTOS|10|Para Empezar|1008|Para Empezar|1008|OT1|1|Order Type Master 1|1|0.00|-4987.00|-4987.00|0.00|0.00|0.00|0.00|-4987.00|-4987.00|1|0.00|0|0|0.00|0.00|0.00|56|13
FPMI|Restaurante|1|Restaurante|1|ADICION DE AGUACATE 100 gr| |9500032|ADICION DE AGUACATE 100 gr| |9500032|ALIMENTOS|10|ALIMENTOS|10|Para Empezar|1008|Para Empezar|1008|OT1|1|Order Type Master 1|1|0.00|-565.00|-565.00|0.00|0.00|0.00|0.00|-565.00|-565.00|1|0.00|0|0|0.00|0.00|0.00|56|13
FPMI|Restaurante|1|Restaurante|1|SALSA DE TOMATE| |9500483|SALSA DE TOMATE| |9500483|ALIMENTOS|10|ALIMENTOS|10|Para Empezar|1008|Para Empezar|1008|OT1|1|Order Type Master 1|1|0.00|0.00|0.00|0.00|0.00|0.00|0.00|0.00|0.00|1|0.00|5|0|0.00|0.00|0.00|53|13
FPMI|Restaurante|1|Restaurante|1|ENTRECOT 180 gr  CASCO| |9502505|ENTRECOT 180 gr  CASCO| |9502505|ALIMENTOS|10|ALIMENTOS|10|Para Empezar|1008|Para Empezar|1008|OT1|1|Order Type Master 1|1|73704.00|0.00|73704.00|0.00|0.00|0.00|73704.00|0.00|73704.00|1|73704.00|2|0|0.00|0.00|0.00|68|16
FPMI|Restaurante|1|Restaurante|1|CHORIPAN 100 gr| |9502076|CHORIPAN 100 gr| |9502076|ALIMENTOS|10|ALIMENTOS|10|Para Empezar|1008|Para Empezar|1008|OT1|1|Order Type Master 1|1|23056.00|0.00|23056.00|0.00|0.00|0.00|23056.00|0.00|23056.00|1|23056.00|1|0|0.00|0.00|0.00|68|16
FPMI|Restaurante|1|Restaurante|1|LOMO 220 gr PAPA FRANCESA| |9502511|LOMO 220 gr PAPA FRANCESA| |9502511|ALIMENTOS|10|ALIMENTOS|10|Para Empezar|1008|Para Empezar|1008|OT1|1|Order Type Master 1|1|0.00|-16373.00|-16373.00|0.00|0.00|0.00|0.00|-16373.00|-16373.00|1|0.00|0|0|0.00|0.00|0.00|52|12
FPMI|Restaurante|1|Restaurante|1|TAZA DE FRIJOLES| |9520049|TAZA DE FRIJOLES| |9520049|ALIMENTOS|10|ALIMENTOS|10|Para Empezar|1008|Para Empezar|1008|OT1|1|Order Type Master 1|1|11667.00|0.00|11667.00|0.00|0.00|0.00|11667.00|0.00|11667.00|1|11667.00|1|0|0.00|0.00|0.00|52|12
FPMI|Restaurante|1|Restaurante|1|AJIACO  POLLO| |9520008|AJIACO  POLLO| |9520008|ALIMENTOS|10|ALIMENTOS|10|Para Empezar|1008|Para Empezar|1008|OT1|1|Order Type Master 1|1|68148.00|0.00|68148.00|0.00|0.00|0.00|68148.00|0.00|68148.00|1|68148.00|2|0|0.00|0.00|0.00|52|12
FPMI|Restaurante|1|Restaurante|1|MJE ALM| |90000037|MJE ALM| |90000037|ALIMENTOS|10|ALIMENTOS|10|Para Empezar|1008|Para Empezar|1008|OT1|1|Order Type Master 1|1|0.00|0.00|0.00|0.00|0.00|0.00|0.00|0.00|0.00|1|0.00|1|0|0.00|0.00|0.00|68|16
FPMI|Restaurante|1|Restaurante|1|Mod A Punto| |980000005|Mod A Punto| |980000005|ALIMENTOS|10|ALIMENTOS|10|Para Empezar|1008|Para Empezar|1008|OT1|1|Order Type Master 1|1|0.00|0.00|0.00|0.00|0.00|0.00|0.00|0.00|0.00|1|0.00|2|0|0.00|0.00|0.00|51|12
FPMI|Restaurante|1|Restaurante|1|PICADA INDIVIDUAL  CRIOLLA| |9502576|PICADA INDIVIDUAL  CRIOLLA| |9502576|ALIMENTOS|10|ALIMENTOS|10|Para Empezar|1008|Para Empezar|1008|OT1|1|Order Type Master 1|1|38704.00|0.00|38704.00|0.00|0.00|0.00|38704.00|0.00|38704.00|1|38704.00|1|0|0.00|0.00|0.00|51|12
FPMI|Restaurante|1|Restaurante|1|SALSA CHIMICHURRI| |9500388|SALSA CHIMICHURRI| |9500388|ALIMENTOS|10|ALIMENTOS|10|Para Empezar|1008|Para Empezar|1008|OT1|1|Order Type Master 1|1|0.00|0.00|0.00|0.00|0.00|0.00|0.00|0.00|0.00|1|0.00|2|0|0.00|0.00|0.00|70|17
FPMI|Restaurante|1|Restaurante|1|Mod 1/2| |980000002|Mod 1/2| |980000002|ALIMENTOS|10|ALIMENTOS|10|Para Empezar|1008|Para Empezar|1008|OT1|1|Order Type Master 1|1|0.00|0.00|0.00|0.00|0.00|0.00|0.00|0.00|0.00|1|0.00|1|0|0.00|0.00|0.00|56|13
FPMI|Restaurante|1|Restaurante|1|ADICION DE AGUACATE 100 gr| |9500032|ADICION DE AGUACATE 100 gr| |9500032|ALIMENTOS|10|ALIMENTOS|10|Para Empezar|1008|Para Empezar|1008|OT1|1|Order Type Master 1|1|-5648.00|0.00|-5648.00|0.00|0.00|0.00|-5648.00|0.00|-5648.00|1|-5648.00|-1|0|0.00|0.00|0.00|64|15
FPMI|Restaurante|1|Restaurante|1|BISTEC CHURRASCO 250 gr FRANCESA| |9502342|BISTEC CHURRASCO 250 gr FRANCESA| |9502342|ALIMENTOS|10|ALIMENTOS|10|Para Empezar|1008|Para Empezar|1008|OT1|1|Order Type Master 1|1|55370.00|0.00|55370.00|0.00|0.00|0.00|55370.00|0.00|55370.00|1|55370.00|1|0|0.00|0.00|0.00|55|13
FPMI|Restaurante|1|Restaurante|1|AREPA DE CHOCOLO| |9506036|AREPA DE CHOCOLO| |9506036|ALIMENTOS|10|ALIMENTOS|10|Para Empezar|1008|Para Empezar|1008|OT1|1|Order Type Master 1|1|20185.00|0.00|20185.00|0.00|0.00|0.00|20185.00|0.00|20185.00|1|20185.00|1|0|0.00|0.00|0.00|54|13
FPMI|Restaurante|1|Restaurante|1|Mod 3/4| |980000004|Mod 3/4| |980000004|ALIMENTOS|10|ALIMENTOS|10|Para Empezar|1008|Para Empezar|1008|OT1|1|Order Type Master 1|1|0.00|0.00|0.00|0.00|0.00|0.00|0.00|0.00|0.00|1|0.00|1|0|0.00|0.00|0.00|53|13
FPMI|Domicilios|20|Domicilios|20|COMBO HAMBURGUESA CAMPESINA 125 gr BOT| |9508022|COMBO HAMBURGUESA CAMPESINA 125 gr BOT| |9508022|ALIMENTOS|10|ALIMENTOS|10|Para Empezar|1008|Para Empezar|1008|OT1|1|Order Type Master 1|1|29259.00|0.00|29259.00|0.00|0.00|0.00|29259.00|0.00|29259.00|73|29259.00|1|0|0.00|0.00|0.00|49|12
FPMI|Restaurante|1|Restaurante|1|LIMONADA NATURAL| |9604060|LIMONADA NATURAL| |9604060|BEBIDAS|20|BEBIDAS|20|Bebidas Sin Alcohol|3000|Bebidas Sin Alcohol|3000|OT1|1|Order Type Master 1|1|8519.00|0.00|8519.00|0.00|0.00|0.00|8519.00|0.00|8519.00|1|8519.00|1|0|0.00|0.00|0.00|49|12
FPMI|Restaurante|1|Restaurante|1|SALSA CHIMICHURRI| |9500388|SALSA CHIMICHURRI| |9500388|ALIMENTOS|10|ALIMENTOS|10|Para Empezar|1008|Para Empezar|1008|OT1|1|Order Type Master 1|1|0.00|0.00|0.00|0.00|0.00|0.00|0.00|0.00|0.00|1|0.00|4|0|0.00|0.00|0.00|56|13
FPMI|Restaurante|1|Restaurante|1|SALSA BBQ| |9500380|SALSA BBQ| |9500380|ALIMENTOS|10|ALIMENTOS|10|Para Empezar|1008|Para Empezar|1008|OT1|1|Order Type Master 1|1|0.00|0.00|0.00|0.00|0.00|0.00|0.00|0.00|0.00|1|0.00|2|0|0.00|0.00|0.00|53|13
FPMI|Restaurante|1|Restaurante|1|Mod 1/2| |980000002|Mod 1/2| |980000002|ALIMENTOS|10|ALIMENTOS|10|Para Empezar|1008|Para Empezar|1008|OT1|1|Order Type Master 1|1|0.00|0.00|0.00|0.00|0.00|0.00|0.00|0.00|0.00|1|0.00|1|0|0.00|0.00|0.00|68|16
FPMI|Restaurante|1|Restaurante|1|Mod CocaCola Original 400ml| |980000102|Mod CocaCola Original 400ml| |980000102|ALIMENTOS|10|ALIMENTOS|10|Para Empezar|1008|Para Empezar|1008|OT1|1|Order Type Master 1|1|0.00|0.00|0.00|0.00|0.00|0.00|0.00|0.00|0.00|1|0.00|1|0|0.00|0.00|0.00|57|14
FPMI|Restaurante|1|Restaurante|1|PUNTA DE ANCA 250 gr ENSALADA| |9502234|PUNTA DE ANCA 250 gr ENSALADA| |9502234|ALIMENTOS|10|ALIMENTOS|10|Para Empezar|1008|Para Empezar|1008|OT1|1|Order Type Master 1|1|54444.00|0.00|54444.00|0.00|0.00|0.00|54444.00|0.00|54444.00|1|54444.00|1|0|0.00|0.00|0.00|50|12
FPMI|Restaurante|1|Restaurante|1|Mod BienAsado| |980000006|Mod BienAsado| |980000006|ALIMENTOS|10|ALIMENTOS|10|Para Empezar|1008|Para Empezar|1008|OT1|1|Order Type Master 1|1|0.00|0.00|0.00|0.00|0.00|0.00|0.00|0.00|0.00|1|0.00|2|0|0.00|0.00|0.00|51|12
FPMI|Restaurante|1|Restaurante|1|LOMO 220 gr ENSALADA| |9502516|LOMO 220 gr ENSALADA| |9502516|ALIMENTOS|10|ALIMENTOS|10|Para Empezar|1008|Para Empezar|1008|OT1|1|Order Type Master 1|1|0.00|-5452.00|-5452.00|0.00|0.00|0.00|0.00|-5452.00|-5452.00|1|0.00|0|0|0.00|0.00|0.00|56|13
FPMI|Restaurante|1|Restaurante|1|CAZUELA DE FRIJOLES| |9520032|CAZUELA DE FRIJOLES| |9520032|ALIMENTOS|10|ALIMENTOS|10|Para Empezar|1008|Para Empezar|1008|OT1|1|Order Type Master 1|1|0.00|-3648.00|-3648.00|0.00|0.00|0.00|0.00|-3648.00|-3648.00|1|0.00|0|0|0.00|0.00|0.00|53|13
FPMI|Restaurante|1|Restaurante|1|BANDEJA PAISA| |9520036|BANDEJA PAISA| |9520036|ALIMENTOS|10|ALIMENTOS|10|Para Empezar|1008|Para Empezar|1008|OT1|1|Order Type Master 1|1|85000.00|0.00|85000.00|0.00|0.00|0.00|85000.00|0.00|85000.00|1|85000.00|2|0|0.00|0.00|0.00|53|13
FPMI|Restaurante|1|Restaurante|1|Mod 3/4| |980000004|Mod 3/4| |980000004|ALIMENTOS|10|ALIMENTOS|10|Para Empezar|1008|Para Empezar|1008|OT1|1|Order Type Master 1|1|0.00|0.00|0.00|0.00|0.00|0.00|0.00|0.00|0.00|1|0.00|2|0|0.00|0.00|0.00|49|12
FPMI|Restaurante|1|Restaurante|1|Mod A Punto| |980000005|Mod A Punto| |980000005|ALIMENTOS|10|ALIMENTOS|10|Para Empezar|1008|Para Empezar|1008|OT1|1|Order Type Master 1|1|0.00|0.00|0.00|0.00|0.00|0.00|0.00|0.00|0.00|1|0.00|0|0|0.00|0.00|0.00|70|17
FPMI|Restaurante|1|Restaurante|1|PECHUGA A LA PARRILLA 230 gr CRIOLLA| |9506118|PECHUGA A LA PARRILLA 230 gr CRIOLLA| |9506118|ALIMENTOS|10|ALIMENTOS|10|Para Empezar|1008|Para Empezar|1008|OT1|1|Order Type Master 1|1|0.00|0.00|0.00|0.00|0.00|0.00|0.00|0.00|0.00|1|0.00|0|0|0.00|0.00|0.00|64|15
FPMI|Restaurante|1|Restaurante|1|MAYONESA| |9500485|MAYONESA| |9500485|ALIMENTOS|10|ALIMENTOS|10|Para Empezar|1008|Para Empezar|1008|OT1|1|Order Type Master 1|1|0.00|0.00|0.00|0.00|0.00|0.00|0.00|0.00|0.00|1|0.00|3|0|0.00|0.00|0.00|53|13
FPMI|Restaurante|1|Restaurante|1|EMPANADA CACHACA| |9528008|EMPANADA CACHACA| |9528008|ALIMENTOS|10|ALIMENTOS|10|Para Empezar|1008|Para Empezar|1008|OT1|1|Order Type Master 1|1|12222.00|0.00|12222.00|0.00|0.00|0.00|12222.00|0.00|12222.00|1|12222.00|2|0|0.00|0.00|0.00|55|13
FPMI|Restaurante|1|Restaurante|1|Mod BienAsado| |980000006|Mod BienAsado| |980000006|ALIMENTOS|10|ALIMENTOS|10|Para Empezar|1008|Para Empezar|1008|OT1|1|Order Type Master 1|1|0.00|0.00|0.00|0.00|0.00|0.00|0.00|0.00|0.00|1|0.00|2|0|0.00|0.00|0.00|55|13
FPMI|Restaurante|1|Restaurante|1|Mod CocaCola Zero 400ml| |980000103|Mod CocaCola Zero 400ml| |980000103|ALIMENTOS|10|ALIMENTOS|10|Para Empezar|1008|Para Empezar|1008|OT1|1|Order Type Master 1|1|0.00|0.00|0.00|0.00|0.00|0.00|0.00|0.00|0.00|1|0.00|1|0|0.00|0.00|0.00|55|13
FPMI|Restaurante|1|Restaurante|1|PICADA INDIVIDUAL  ENSALADA| |9502579|PICADA INDIVIDUAL  ENSALADA| |9502579|ALIMENTOS|10|ALIMENTOS|10|Para Empezar|1008|Para Empezar|1008|OT1|1|Order Type Master 1|1|38704.00|0.00|38704.00|0.00|0.00|0.00|38704.00|0.00|38704.00|1|38704.00|1|0|0.00|0.00|0.00|55|13
FPMI|Restaurante|1|Restaurante|1|Mod CocaCola Original 400ml| |980000102|Mod CocaCola Original 400ml| |980000102|ALIMENTOS|10|ALIMENTOS|10|Para Empezar|1008|Para Empezar|1008|OT1|1|Order Type Master 1|1|0.00|0.00|0.00|0.00|0.00|0.00|0.00|0.00|0.00|1|0.00|1|0|0.00|0.00|0.00|50|12
FPMI|Domicilios|20|Domicilios|20|FRIJOLES PERSONAL | |9540226|FRIJOLES PERSONAL | |9540226|ALIMENTOS|10|ALIMENTOS|10|Para Empezar|1008|Para Empezar|1008|OT1|1|Order Type Master 1|1|18520.00|0.00|18520.00|0.00|0.00|0.00|18520.00|0.00|18520.00|73|18520.00|4|0|0.00|0.00|0.00|71|17
FPMI|Plataformas|21|Plataformas|21|PINCHO DE POLLO X 100 GRS| |9502527|PINCHO DE POLLO X 100 GRS| |9502527|ALIMENTOS|10|ALIMENTOS|10|Para Empezar|1008|Para Empezar|1008|OT1|1|Order Type Master 1|1|15370.00|0.00|15370.00|0.00|0.00|0.00|15370.00|0.00|15370.00|153|15370.00|1|0|0.00|0.00|0.00|45|11
FPMI|Plataformas|21|Plataformas|21|AREPA DE CHOCOLO| |9506036|AREPA DE CHOCOLO| |9506036|ALIMENTOS|10|ALIMENTOS|10|Para Empezar|1008|Para Empezar|1008|OT1|1|Order Type Master 1|1|21111.00|0.00|21111.00|0.00|0.00|0.00|21111.00|0.00|21111.00|153|21111.00|1|0|0.00|0.00|0.00|52|12
FPMI|Restaurante|1|Restaurante|1|TINTO COLADO AEX| |9602121|TINTO COLADO AEX| |9602121|BEBIDAS|20|BEBIDAS|20|Bebidas Sin Alcohol|3000|Bebidas Sin Alcohol|3000|OT1|1|Order Type Master 1|1|0.00|0.00|0.00|0.00|0.00|0.00|0.00|0.00|0.00|153|0.00|1|0|0.00|0.00|0.00|59|14
FPMI|Restaurante|1|Restaurante|1|AGUA MANANTIAL SIN GAS 500 ML CON LIMON| |9606137|AGUA MANANTIAL SIN GAS 500 ML CON LIMON| |9606137|BEBIDAS|20|BEBIDAS|20|Bebidas Sin Alcohol|3000|Bebidas Sin Alcohol|3000|OT1|1|Order Type Master 1|1|8519.00|0.00|8519.00|0.00|0.00|0.00|8519.00|0.00|8519.00|1|8519.00|1|0|0.00|0.00|0.00|52|12
FPMI|Restaurante|1|Restaurante|1|GASEOSA 400 ml| |9606131|GASEOSA 400 ml| |9606131|BEBIDAS|20|BEBIDAS|20|Bebidas Sin Alcohol|3000|Bebidas Sin Alcohol|3000|OT1|1|Order Type Master 1|1|15186.00|0.00|15186.00|0.00|0.00|0.00|15186.00|0.00|15186.00|1|15186.00|2|0|0.00|0.00|0.00|51|12
FPMI|Restaurante|1|Restaurante|1|LIMONADA NATURAL| |9604060|LIMONADA NATURAL| |9604060|BEBIDAS|20|BEBIDAS|20|Bebidas Sin Alcohol|3000|Bebidas Sin Alcohol|3000|OT1|1|Order Type Master 1|1|8519.00|0.00|8519.00|0.00|0.00|0.00|8519.00|0.00|8519.00|1|8519.00|1|0|0.00|0.00|0.00|60|14
FPMI|Restaurante|1|Restaurante|1|AGUA MANANTIAL SIN GAS 500 ML| |9606135|AGUA MANANTIAL SIN GAS 500 ML| |9606135|BEBIDAS|20|BEBIDAS|20|Bebidas Sin Alcohol|3000|Bebidas Sin Alcohol|3000|OT1|1|Order Type Master 1|1|8148.00|0.00|8148.00|0.00|0.00|0.00|8148.00|0.00|8148.00|1|8148.00|1|0|0.00|0.00|0.00|70|17
FPMI|Restaurante|1|Restaurante|1|GASEOSA 400 ml| |9606131|GASEOSA 400 ml| |9606131|BEBIDAS|20|BEBIDAS|20|Bebidas Sin Alcohol|3000|Bebidas Sin Alcohol|3000|OT1|1|Order Type Master 1|1|15186.00|0.00|15186.00|0.00|0.00|0.00|15186.00|0.00|15186.00|1|15186.00|2|0|0.00|0.00|0.00|55|13
FPMI|Restaurante|1|Restaurante|1|LIMONADA DE PANELA| |9604067|LIMONADA DE PANELA| |9604067|BEBIDAS|20|BEBIDAS|20|Bebidas Sin Alcohol|3000|Bebidas Sin Alcohol|3000|OT1|1|Order Type Master 1|1|9074.00|0.00|9074.00|0.00|0.00|0.00|9074.00|0.00|9074.00|1|9074.00|1|0|0.00|0.00|0.00|55|13
FPMI|Restaurante|1|Restaurante|1|GASEOSA 400 ml| |9606131|GASEOSA 400 ml| |9606131|BEBIDAS|20|BEBIDAS|20|Bebidas Sin Alcohol|3000|Bebidas Sin Alcohol|3000|OT1|1|Order Type Master 1|1|7593.00|-752.00|6841.00|0.00|0.00|0.00|7593.00|-752.00|6841.00|1|7593.00|1|0|0.00|0.00|0.00|53|13
FPMI|Restaurante|1|Restaurante|1|Mod BienAsado| |980000006|Mod BienAsado| |980000006|ALIMENTOS|10|ALIMENTOS|10|Para Empezar|1008|Para Empezar|1008|OT1|1|Order Type Master 1|1|0.00|0.00|0.00|0.00|0.00|0.00|0.00|0.00|0.00|1|0.00|1|0|0.00|0.00|0.00|62|15
FPMI|Restaurante|1|Restaurante|1|CAZUELA DE FRIJOLES| |9520032|CAZUELA DE FRIJOLES| |9520032|ALIMENTOS|10|ALIMENTOS|10|Para Empezar|1008|Para Empezar|1008|OT1|1|Order Type Master 1|1|36852.00|0.00|36852.00|0.00|0.00|0.00|36852.00|0.00|36852.00|1|36852.00|1|0|0.00|0.00|0.00|54|13
FPMI|Restaurante|1|Restaurante|1|Mod 1/2| |980000002|Mod 1/2| |980000002|ALIMENTOS|10|ALIMENTOS|10|Para Empezar|1008|Para Empezar|1008|OT1|1|Order Type Master 1|1|0.00|0.00|0.00|0.00|0.00|0.00|0.00|0.00|0.00|1|0.00|1|0|0.00|0.00|0.00|52|12
FPMI|Restaurante|1|Restaurante|1|BANDEJA PAISA| |9520036|BANDEJA PAISA| |9520036|ALIMENTOS|10|ALIMENTOS|10|Para Empezar|1008|Para Empezar|1008|OT1|1|Order Type Master 1|1|42500.00|0.00|42500.00|0.00|0.00|0.00|42500.00|0.00|42500.00|1|42500.00|1|0|0.00|0.00|0.00|61|15
FPMI|Restaurante|1|Restaurante|1|COMBO HAMBURGUESA CAMPESINA 125 gr BOT| |9508022|COMBO HAMBURGUESA CAMPESINA 125 gr BOT| |9508022|ALIMENTOS|10|ALIMENTOS|10|Para Empezar|1008|Para Empezar|1008|OT1|1|Order Type Master 1|1|29259.00|0.00|29259.00|0.00|0.00|0.00|29259.00|0.00|29259.00|1|29259.00|1|0|0.00|0.00|0.00|57|14
FPMI|Restaurante|1|Restaurante|1|ENTRECOT 180 gr  ENSALADA| |9502509|ENTRECOT 180 gr  ENSALADA| |9502509|ALIMENTOS|10|ALIMENTOS|10|Para Empezar|1008|Para Empezar|1008|OT1|1|Order Type Master 1|1|73704.00|0.00|73704.00|0.00|0.00|0.00|73704.00|0.00|73704.00|1|73704.00|2|0|0.00|0.00|0.00|57|14
FPMI|Restaurante|1|Restaurante|1|Mod CocaCola Original 400ml| |980000102|Mod CocaCola Original 400ml| |980000102|ALIMENTOS|10|ALIMENTOS|10|Para Empezar|1008|Para Empezar|1008|OT1|1|Order Type Master 1|1|0.00|0.00|0.00|0.00|0.00|0.00|0.00|0.00|0.00|1|0.00|2|0|0.00|0.00|0.00|52|12
FPMI|Restaurante|1|Restaurante|1|PICADA INDIVIDUAL  ENSALADA| |9502579|PICADA INDIVIDUAL  ENSALADA| |9502579|ALIMENTOS|10|ALIMENTOS|10|Para Empezar|1008|Para Empezar|1008|OT1|1|Order Type Master 1|1|38704.00|0.00|38704.00|0.00|0.00|0.00|38704.00|0.00|38704.00|1|38704.00|1|0|0.00|0.00|0.00|51|12
FPMI|Restaurante|1|Restaurante|1|PECHUGA A LA PARRILLA 230 gr ENSALADA | |9506091|PECHUGA A LA PARRILLA 230 gr ENSALADA | |9506091|ALIMENTOS|10|ALIMENTOS|10|Para Empezar|1008|Para Empezar|1008|OT1|1|Order Type Master 1|1|0.00|-2485.00|-2485.00|0.00|0.00|0.00|0.00|-2485.00|-2485.00|1|0.00|0|0|0.00|0.00|0.00|56|13
FPMI|Restaurante|1|Restaurante|1|PATACON CARNE DESMECHADA| |9524028|PATACON CARNE DESMECHADA| |9524028|ALIMENTOS|10|ALIMENTOS|10|Para Empezar|1008|Para Empezar|1008|OT1|1|Order Type Master 1|1|0.00|-2466.00|-2466.00|0.00|0.00|0.00|0.00|-2466.00|-2466.00|1|0.00|0|0|0.00|0.00|0.00|56|13
FPMI|Restaurante|1|Restaurante|1|LOMO 220 gr PAPA FRANCESA| |9502511|LOMO 220 gr PAPA FRANCESA| |9502511|ALIMENTOS|10|ALIMENTOS|10|Para Empezar|1008|Para Empezar|1008|OT1|1|Order Type Master 1|1|108888.00|0.00|108888.00|0.00|0.00|0.00|108888.00|0.00|108888.00|1|108888.00|2|0|0.00|0.00|0.00|49|12
FPMI|Restaurante|1|Restaurante|1|Mensaje Bebidas 2024| |980000095|Mensaje Bebidas 2024| |980000095|ALIMENTOS|10|ALIMENTOS|10|Para Empezar|1008|Para Empezar|1008|OT1|1|Order Type Master 1|1|0.00|0.00|0.00|0.00|0.00|0.00|0.00|0.00|0.00|1|0.00|-1|0|0.00|0.00|0.00|64|15
FPMI|Restaurante|1|Restaurante|1|BISTEC ENTRECOT 180 gr  FRANCESA| |9502518|BISTEC ENTRECOT 180 gr  FRANCESA| |9502518|ALIMENTOS|10|ALIMENTOS|10|Para Empezar|1008|Para Empezar|1008|OT1|1|Order Type Master 1|1|0.00|-3861.00|-3861.00|0.00|0.00|0.00|0.00|-3861.00|-3861.00|1|0.00|0|0|0.00|0.00|0.00|57|14
FPMI|Restaurante|1|Restaurante|1|BISTEC ENTRECOT 180 gr  FRANCESA| |9502518|BISTEC ENTRECOT 180 gr  FRANCESA| |9502518|ALIMENTOS|10|ALIMENTOS|10|Para Empezar|1008|Para Empezar|1008|OT1|1|Order Type Master 1|1|38704.00|0.00|38704.00|0.00|0.00|0.00|38704.00|0.00|38704.00|1|38704.00|1|0|0.00|0.00|0.00|55|13
FPMI|Restaurante|1|Restaurante|1|Mod CocaCola Original 400ml| |980000102|Mod CocaCola Original 400ml| |980000102|ALIMENTOS|10|ALIMENTOS|10|Para Empezar|1008|Para Empezar|1008|OT1|1|Order Type Master 1|1|0.00|0.00|0.00|0.00|0.00|0.00|0.00|0.00|0.00|1|0.00|1|0|0.00|0.00|0.00|55|13
FPMI|Restaurante|1|Restaurante|1|PUNTA DE ANCA 250 gr CASCO| |9502232|PUNTA DE ANCA 250 gr CASCO| |9502232|ALIMENTOS|10|ALIMENTOS|10|Para Empezar|1008|Para Empezar|1008|OT1|1|Order Type Master 1|1|54444.00|0.00|54444.00|0.00|0.00|0.00|54444.00|0.00|54444.00|1|54444.00|1|0|0.00|0.00|0.00|51|12
FPMI|Domicilios|20|Domicilios|20|AREPA DE CHOCOLO| |9506036|AREPA DE CHOCOLO| |9506036|ALIMENTOS|10|ALIMENTOS|10|Para Empezar|1008|Para Empezar|1008|OT1|1|Order Type Master 1|1|20185.00|0.00|20185.00|0.00|0.00|0.00|20185.00|0.00|20185.00|73|20185.00|1|0|0.00|0.00|0.00|50|12
FPMI|Domicilios|20|Domicilios|20|CANASTA MINI FRITANGUERA| |9502525|CANASTA MINI FRITANGUERA| |9502525|ALIMENTOS|10|ALIMENTOS|10|Para Empezar|1008|Para Empezar|1008|OT1|1|Order Type Master 1|1|44260.00|0.00|44260.00|0.00|0.00|0.00|44260.00|0.00|44260.00|73|44260.00|2|0|0.00|0.00|0.00|49|12
FPMI|Plataformas|21|Plataformas|21|LOMO 220 gr PAPA FRANCESA| |9502511|LOMO 220 gr PAPA FRANCESA| |9502511|ALIMENTOS|10|ALIMENTOS|10|Para Empezar|1008|Para Empezar|1008|OT1|1|Order Type Master 1|1|57130.00|0.00|57130.00|0.00|0.00|0.00|57130.00|0.00|57130.00|153|57130.00|1|0|0.00|0.00|0.00|54|13
FPMI|Restaurante|1|Restaurante|1|GASEOSA 400 ml| |9606131|GASEOSA 400 ml| |9606131|BEBIDAS|20|BEBIDAS|20|Bebidas Sin Alcohol|3000|Bebidas Sin Alcohol|3000|OT1|1|Order Type Master 1|1|7593.00|0.00|7593.00|0.00|0.00|0.00|7593.00|0.00|7593.00|1|7593.00|1|0|0.00|0.00|0.00|61|15
FPMI|Restaurante|1|Restaurante|1|GASEOSA 400 ml| |9606131|GASEOSA 400 ml| |9606131|BEBIDAS|20|BEBIDAS|20|Bebidas Sin Alcohol|3000|Bebidas Sin Alcohol|3000|OT1|1|Order Type Master 1|1|7593.00|-761.00|6832.00|0.00|0.00|0.00|7593.00|-761.00|6832.00|1|7593.00|1|0|0.00|0.00|0.00|52|12
FPMI|Restaurante|1|Restaurante|1|LIMONADA NATURAL| |9604060|LIMONADA NATURAL| |9604060|BEBIDAS|20|BEBIDAS|20|Bebidas Sin Alcohol|3000|Bebidas Sin Alcohol|3000|OT1|1|Order Type Master 1|1|8519.00|0.00|8519.00|0.00|0.00|0.00|8519.00|0.00|8519.00|1|8519.00|1|0|0.00|0.00|0.00|51|12
FPMI|Restaurante|1|Restaurante|1|AGUA MANANTIAL CON GAS 300 ML| |9606136|AGUA MANANTIAL CON GAS 300 ML| |9606136|BEBIDAS|20|BEBIDAS|20|Bebidas Sin Alcohol|3000|Bebidas Sin Alcohol|3000|OT1|1|Order Type Master 1|1|0.00|-637.00|-637.00|0.00|0.00|0.00|0.00|-637.00|-637.00|1|0.00|0|0|0.00|0.00|0.00|57|14
FPMI|Restaurante|1|Restaurante|1|TRES LECHES| |9514016|TRES LECHES| |9514016|ALIMENTOS|10|ALIMENTOS|10|Para Empezar|1008|Para Empezar|1008|OT1|1|Order Type Master 1|1|11944.00|0.00|11944.00|0.00|0.00|0.00|11944.00|0.00|11944.00|17|11944.00|1|0|0.00|0.00|0.00|59|14
FPMI|Restaurante|1|Restaurante|1|LOMO 220 gr ARROZ BLANCO| |9502515|LOMO 220 gr ARROZ BLANCO| |9502515|ALIMENTOS|10|ALIMENTOS|10|Para Empezar|1008|Para Empezar|1008|OT1|1|Order Type Master 1|1|54444.00|0.00|54444.00|0.00|0.00|0.00|54444.00|0.00|54444.00|1|54444.00|1|0|0.00|0.00|0.00|62|15
FPMI|Restaurante|1|Restaurante|1|SALSA BABY| |9500376|SALSA BABY| |9500376|ALIMENTOS|10|ALIMENTOS|10|Para Empezar|1008|Para Empezar|1008|OT1|1|Order Type Master 1|1|0.00|0.00|0.00|0.00|0.00|0.00|0.00|0.00|0.00|1|0.00|4|0|0.00|0.00|0.00|56|13
FPMI|Restaurante|1|Restaurante|1|Mod A Punto| |980000005|Mod A Punto| |980000005|ALIMENTOS|10|ALIMENTOS|10|Para Empezar|1008|Para Empezar|1008|OT1|1|Order Type Master 1|1|0.00|0.00|0.00|0.00|0.00|0.00|0.00|0.00|0.00|1|0.00|1|0|0.00|0.00|0.00|68|16
FPMI|Restaurante|1|Restaurante|1|AREPA DE CHOCOLO SIN QUESO| |9506038|AREPA DE CHOCOLO SIN QUESO| |9506038|ALIMENTOS|10|ALIMENTOS|10|Para Empezar|1008|Para Empezar|1008|OT1|1|Order Type Master 1|1|14630.00|0.00|14630.00|0.00|0.00|0.00|14630.00|0.00|14630.00|1|14630.00|1|0|0.00|0.00|0.00|68|16
FPMI|Restaurante|1|Restaurante|1|MJE ALM| |90000037|MJE ALM| |90000037|ALIMENTOS|10|ALIMENTOS|10|Para Empezar|1008|Para Empezar|1008|OT1|1|Order Type Master 1|1|0.00|0.00|0.00|0.00|0.00|0.00|0.00|0.00|0.00|1|0.00|2|0|0.00|0.00|0.00|57|14
FPMI|Restaurante|1|Restaurante|1|Mod A Punto| |980000005|Mod A Punto| |980000005|ALIMENTOS|10|ALIMENTOS|10|Para Empezar|1008|Para Empezar|1008|OT1|1|Order Type Master 1|1|0.00|0.00|0.00|0.00|0.00|0.00|0.00|0.00|0.00|1|0.00|1|0|0.00|0.00|0.00|57|14
FPMI|Restaurante|1|Restaurante|1|COMBO HAMBURGUESA MILAGROSA 180 gr BOT| |9508039|COMBO HAMBURGUESA MILAGROSA 180 gr BOT| |9508039|ALIMENTOS|10|ALIMENTOS|10|Para Empezar|1008|Para Empezar|1008|OT1|1|Order Type Master 1|1|67592.00|0.00|67592.00|0.00|0.00|0.00|67592.00|0.00|67592.00|1|67592.00|2|0|0.00|0.00|0.00|52|12
FPMI|Restaurante|1|Restaurante|1|CHURRASCO 250 gr ENSALADA| |9502108|CHURRASCO 250 gr ENSALADA| |9502108|ALIMENTOS|10|ALIMENTOS|10|Para Empezar|1008|Para Empezar|1008|OT1|1|Order Type Master 1|1|51667.00|0.00|51667.00|0.00|0.00|0.00|51667.00|0.00|51667.00|1|51667.00|1|0|0.00|0.00|0.00|60|14
FPMI|Restaurante|1|Restaurante|1|SALSA BABY| |9500376|SALSA BABY| |9500376|ALIMENTOS|10|ALIMENTOS|10|Para Empezar|1008|Para Empezar|1008|OT1|1|Order Type Master 1|1|0.00|0.00|0.00|0.00|0.00|0.00|0.00|0.00|0.00|1|0.00|2|0|0.00|0.00|0.00|70|17
FPMI|Restaurante|1|Restaurante|1|PINCHO DE LOMO X 100 GRS| |9502526|PINCHO DE LOMO X 100 GRS| |9502526|ALIMENTOS|10|ALIMENTOS|10|Para Empezar|1008|Para Empezar|1008|OT1|1|Order Type Master 1|1|0.00|-1836.00|-1836.00|0.00|0.00|0.00|0.00|-1836.00|-1836.00|1|0.00|0|0|0.00|0.00|0.00|56|13
FPMI|Restaurante|1|Restaurante|1|CHULETA DE CERDO 300 gr ARROZ| |9502582|CHULETA DE CERDO 300 gr ARROZ| |9502582|ALIMENTOS|10|ALIMENTOS|10|Para Empezar|1008|Para Empezar|1008|OT1|1|Order Type Master 1|1|0.00|-3505.00|-3505.00|0.00|0.00|0.00|0.00|-3505.00|-3505.00|1|0.00|0|0|0.00|0.00|0.00|56|13
FPMI|Restaurante|1|Restaurante|1|CHULETA DE CERDO 300 gr CASCO| |9502581|CHULETA DE CERDO 300 gr CASCO| |9502581|ALIMENTOS|10|ALIMENTOS|10|Para Empezar|1008|Para Empezar|1008|OT1|1|Order Type Master 1|1|35000.00|0.00|35000.00|0.00|0.00|0.00|35000.00|0.00|35000.00|1|35000.00|1|0|0.00|0.00|0.00|56|13
FPMI|Restaurante|1|Restaurante|1|SALSA BBQ| |9500380|SALSA BBQ| |9500380|ALIMENTOS|10|ALIMENTOS|10|Para Empezar|1008|Para Empezar|1008|OT1|1|Order Type Master 1|1|0.00|0.00|0.00|0.00|0.00|0.00|0.00|0.00|0.00|1|0.00|2|0|0.00|0.00|0.00|56|13
FPMI|Restaurante|1|Restaurante|1|ADICION DE AGUACATE 100 gr| |9500032|ADICION DE AGUACATE 100 gr| |9500032|ALIMENTOS|10|ALIMENTOS|10|Para Empezar|1008|Para Empezar|1008|OT1|1|Order Type Master 1|1|5648.00|0.00|5648.00|0.00|0.00|0.00|5648.00|0.00|5648.00|1|5648.00|1|0|0.00|0.00|0.00|54|13
FPMI|Restaurante|1|Restaurante|1|ENTRECOT 180 gr  ENSALADA| |9502509|ENTRECOT 180 gr  ENSALADA| |9502509|ALIMENTOS|10|ALIMENTOS|10|Para Empezar|1008|Para Empezar|1008|OT1|1|Order Type Master 1|1|36852.00|0.00|36852.00|0.00|0.00|0.00|36852.00|0.00|36852.00|1|36852.00|1|0|0.00|0.00|0.00|70|17
FPMI|Plataformas|21|Plataformas|21|Mod 3/4| |980000004|Mod 3/4| |980000004|ALIMENTOS|10|ALIMENTOS|10|Para Empezar|1008|Para Empezar|1008|OT1|1|Order Type Master 1|1|0.00|0.00|0.00|0.00|0.00|0.00|0.00|0.00|0.00|1|0.00|1|0|0.00|0.00|0.00|54|13
FPMI|Plataformas|21|Plataformas|21|ADICION DE AGUACATE 100 gr| |9500032|ADICION DE AGUACATE 100 gr| |9500032|ALIMENTOS|10|ALIMENTOS|10|Para Empezar|1008|Para Empezar|1008|OT1|1|Order Type Master 1|1|5741.00|0.00|5741.00|0.00|0.00|0.00|5741.00|0.00|5741.00|153|5741.00|1|0|0.00|0.00|0.00|52|12
FPMI|Plataformas|21|Plataformas|21|Mod 3/4| |980000004|Mod 3/4| |980000004|ALIMENTOS|10|ALIMENTOS|10|Para Empezar|1008|Para Empezar|1008|OT1|1|Order Type Master 1|1|0.00|0.00|0.00|0.00|0.00|0.00|0.00|0.00|0.00|1|0.00|1|0|0.00|0.00|0.00|52|12
FPMI|Restaurante|1|Restaurante|1|AGUA MANANTIAL SIN GAS 500 ML| |9606135|AGUA MANANTIAL SIN GAS 500 ML| |9606135|BEBIDAS|20|BEBIDAS|20|Bebidas Sin Alcohol|3000|Bebidas Sin Alcohol|3000|OT1|1|Order Type Master 1|1|8148.00|0.00|8148.00|0.00|0.00|0.00|8148.00|0.00|8148.00|1|8148.00|1|0|0.00|0.00|0.00|54|13
FPMI|Restaurante|1|Restaurante|1|AGUA MANANTIAL CON GAS 300 ML CON LIMON| |9606138|AGUA MANANTIAL CON GAS 300 ML CON LIMON| |9606138|BEBIDAS|20|BEBIDAS|20|Bebidas Sin Alcohol|3000|Bebidas Sin Alcohol|3000|OT1|1|Order Type Master 1|1|6852.00|0.00|6852.00|0.00|0.00|0.00|6852.00|0.00|6852.00|1|6852.00|1|0|0.00|0.00|0.00|52|12
FPMI|Restaurante|1|Restaurante|1|AGUA MANANTIAL SIN GAS 500 ML| |9606135|AGUA MANANTIAL SIN GAS 500 ML| |9606135|BEBIDAS|20|BEBIDAS|20|Bebidas Sin Alcohol|3000|Bebidas Sin Alcohol|3000|OT1|1|Order Type Master 1|1|8148.00|0.00|8148.00|0.00|0.00|0.00|8148.00|0.00|8148.00|1|8148.00|1|0|0.00|0.00|0.00|57|14
FPMI|Restaurante|1|Restaurante|1|LIMONADA DE PANELA| |9604067|LIMONADA DE PANELA| |9604067|BEBIDAS|20|BEBIDAS|20|Bebidas Sin Alcohol|3000|Bebidas Sin Alcohol|3000|OT1|1|Order Type Master 1|1|18148.00|0.00|18148.00|0.00|0.00|0.00|18148.00|0.00|18148.00|1|18148.00|2|0|0.00|0.00|0.00|67|16
FPMI|Restaurante|1|Restaurante|1|AGUA MANANTIAL SIN GAS 500 ML CON LIMON| |9606137|AGUA MANANTIAL SIN GAS 500 ML CON LIMON| |9606137|BEBIDAS|20|BEBIDAS|20|Bebidas Sin Alcohol|3000|Bebidas Sin Alcohol|3000|OT1|1|Order Type Master 1|1|0.00|-853.00|-853.00|0.00|0.00|0.00|0.00|-853.00|-853.00|1|0.00|0|0|0.00|0.00|0.00|56|13
FPMI|Restaurante|1|Restaurante|1|CERVEZA CORONA| |9608012|CERVEZA CORONA| |9608012|BEBIDAS|20|BEBIDAS|20|Bebidas Sin Alcohol|3000|Bebidas Sin Alcohol|3000|OT1|1|Order Type Master 1|1|12778.00|0.00|12778.00|0.00|0.00|0.00|12778.00|0.00|12778.00|1|12778.00|1|0|0.00|0.00|0.00|56|13
FPMI|Restaurante|1|Restaurante|1|CERVEZA CORONA| |9608012|CERVEZA CORONA| |9608012|BEBIDAS|20|BEBIDAS|20|Bebidas Sin Alcohol|3000|Bebidas Sin Alcohol|3000|OT1|1|Order Type Master 1|1|12778.00|0.00|12778.00|0.00|0.00|0.00|12778.00|0.00|12778.00|1|12778.00|1|0|0.00|0.00|0.00|70|17
FPMI|Restaurante|1|Restaurante|1|LIMONADA NATURAL| |9604060|LIMONADA NATURAL| |9604060|BEBIDAS|20|BEBIDAS|20|Bebidas Sin Alcohol|3000|Bebidas Sin Alcohol|3000|OT1|1|Order Type Master 1|1|17038.00|-854.00|16184.00|0.00|0.00|0.00|17038.00|-854.00|16184.00|1|17038.00|2|0|0.00|0.00|0.00|52|12
FPMI|Restaurante|1|Restaurante|1|GASEOSA 400 ml| |9606131|GASEOSA 400 ml| |9606131|BEBIDAS|20|BEBIDAS|20|Bebidas Sin Alcohol|3000|Bebidas Sin Alcohol|3000|OT1|1|Order Type Master 1|1|0.00|-1515.00|-1515.00|0.00|0.00|0.00|0.00|-1515.00|-1515.00|1|0.00|0|0|0.00|0.00|0.00|57|14
FPMI|Restaurante|1|Restaurante|1|SODA| |9606112|SODA| |9606112|BEBIDAS|20|BEBIDAS|20|Bebidas Sin Alcohol|3000|Bebidas Sin Alcohol|3000|OT1|1|Order Type Master 1|1|6852.00|0.00|6852.00|0.00|0.00|0.00|6852.00|0.00|6852.00|1|6852.00|1|0|0.00|0.00|0.00|54|13
FPMI|Restaurante|1|Restaurante|1|PECHUGA A LA PARRILLA 230 gr ENSALADA | |9506091|PECHUGA A LA PARRILLA 230 gr ENSALADA | |9506091|ALIMENTOS|10|ALIMENTOS|10|Para Empezar|1008|Para Empezar|1008|OT1|1|Order Type Master 1|1|24815.00|0.00|24815.00|0.00|0.00|0.00|24815.00|0.00|24815.00|1|24815.00|1|0|0.00|0.00|0.00|52|12
FPMI|Restaurante|1|Restaurante|1|CHULETA DE CERDO 300 gr ARROZ| |9502582|CHULETA DE CERDO 300 gr ARROZ| |9502582|ALIMENTOS|10|ALIMENTOS|10|Para Empezar|1008|Para Empezar|1008|OT1|1|Order Type Master 1|1|35000.00|0.00|35000.00|0.00|0.00|0.00|35000.00|0.00|35000.00|1|35000.00|1|0|0.00|0.00|0.00|52|12
FPMI|Restaurante|1|Restaurante|1|SALSA CHIMICHURRI| |9500388|SALSA CHIMICHURRI| |9500388|ALIMENTOS|10|ALIMENTOS|10|Para Empezar|1008|Para Empezar|1008|OT1|1|Order Type Master 1|1|0.00|0.00|0.00|0.00|0.00|0.00|0.00|0.00|0.00|1|0.00|3|0|0.00|0.00|0.00|53|13
FPMI|Restaurante|1|Restaurante|1|AREPA DE CHOCOLO| |9506036|AREPA DE CHOCOLO| |9506036|ALIMENTOS|10|ALIMENTOS|10|Para Empezar|1008|Para Empezar|1008|OT1|1|Order Type Master 1|1|20185.00|0.00|20185.00|0.00|0.00|0.00|20185.00|0.00|20185.00|1|20185.00|1|0|0.00|0.00|0.00|64|15
FPMI|Restaurante|1|Restaurante|1|Kola Roman 400| |980000106|Kola Roman 400| |980000106|ALIMENTOS|10|ALIMENTOS|10|Para Empezar|1008|Para Empezar|1008|OT1|1|Order Type Master 1|1|0.00|0.00|0.00|0.00|0.00|0.00|0.00|0.00|0.00|1|0.00|1|0|0.00|0.00|0.00|61|15
FPMI|Restaurante|1|Restaurante|1|AREPA DE CHOCOLO| |9506036|AREPA DE CHOCOLO| |9506036|ALIMENTOS|10|ALIMENTOS|10|Para Empezar|1008|Para Empezar|1008|OT1|1|Order Type Master 1|1|20185.00|0.00|20185.00|0.00|0.00|0.00|20185.00|0.00|20185.00|1|20185.00|1|0|0.00|0.00|0.00|51|12
FPMI|Restaurante|1|Restaurante|1|ENSALADA FRESCA ACOMPANAMIENTO| |9500164|ENSALADA FRESCA ACOMPANAMIENTO| |9500164|ALIMENTOS|10|ALIMENTOS|10|Para Empezar|1008|Para Empezar|1008|OT1|1|Order Type Master 1|1|7222.00|0.00|7222.00|0.00|0.00|0.00|7222.00|0.00|7222.00|1|7222.00|1|0|0.00|0.00|0.00|52|12
FPMI|Restaurante|1|Restaurante|1|AREPA DE MAIZ CON CARNE DESMECHADA| |9524076|AREPA DE MAIZ CON CARNE DESMECHADA| |9524076|ALIMENTOS|10|ALIMENTOS|10|Para Empezar|1008|Para Empezar|1008|OT1|1|Order Type Master 1|1|20185.00|0.00|20185.00|0.00|0.00|0.00|20185.00|0.00|20185.00|1|20185.00|1|0|0.00|0.00|0.00|52|12
FPMI|Restaurante|1|Restaurante|1|TRUCHA A LA PLANCHA 350 gr ENSALADA| |9504163|TRUCHA A LA PLANCHA 350 gr ENSALADA| |9504163|ALIMENTOS|10|ALIMENTOS|10|Para Empezar|1008|Para Empezar|1008|OT1|1|Order Type Master 1|1|35741.00|0.00|35741.00|0.00|0.00|0.00|35741.00|0.00|35741.00|1|35741.00|1|0|0.00|0.00|0.00|51|12
FPMI|Restaurante|1|Restaurante|1|PECHUGA A LA PARRILLA 230 gr CRIOLLA| |9506118|PECHUGA A LA PARRILLA 230 gr CRIOLLA| |9506118|ALIMENTOS|10|ALIMENTOS|10|Para Empezar|1008|Para Empezar|1008|OT1|1|Order Type Master 1|1|49630.00|0.00|49630.00|0.00|0.00|0.00|49630.00|0.00|49630.00|1|49630.00|2|0|0.00|0.00|0.00|52|12
FPMI|Restaurante|1|Restaurante|1|PICADA INDIVIDUAL  ENSALADA| |9502579|PICADA INDIVIDUAL  ENSALADA| |9502579|ALIMENTOS|10|ALIMENTOS|10|Para Empezar|1008|Para Empezar|1008|OT1|1|Order Type Master 1|1|0.00|-3862.00|-3862.00|0.00|0.00|0.00|0.00|-3862.00|-3862.00|1|0.00|0|0|0.00|0.00|0.00|57|14
FPMI|Domicilios|20|Domicilios|20|Mod CocaCola Original 400ml| |980000102|Mod CocaCola Original 400ml| |980000102|ALIMENTOS|10|ALIMENTOS|10|Para Empezar|1008|Para Empezar|1008|OT1|1|Order Type Master 1|1|0.00|0.00|0.00|0.00|0.00|0.00|0.00|0.00|0.00|1|0.00|1|0|0.00|0.00|0.00|49|12
FPMI|Restaurante|1|Restaurante|1|AGUA MANANTIAL SIN GAS 500 ML CON LIMON| |9606137|AGUA MANANTIAL SIN GAS 500 ML CON LIMON| |9606137|BEBIDAS|20|BEBIDAS|20|Bebidas Sin Alcohol|3000|Bebidas Sin Alcohol|3000|OT1|1|Order Type Master 1|1|8519.00|0.00|8519.00|0.00|0.00|0.00|8519.00|0.00|8519.00|1|8519.00|1|0|0.00|0.00|0.00|50|12
FPMI|Restaurante|1|Restaurante|1|JUGO DE MORA EN AGUA| |9604108|JUGO DE MORA EN AGUA| |9604108|BEBIDAS|20|BEBIDAS|20|Bebidas Sin Alcohol|3000|Bebidas Sin Alcohol|3000|OT1|1|Order Type Master 1|1|10093.00|0.00|10093.00|0.00|0.00|0.00|10093.00|0.00|10093.00|1|10093.00|1|0|0.00|0.00|0.00|49|12
FPMI|Restaurante|1|Restaurante|1|AGUA MANANTIAL CON GAS 300 ML CON LIMON| |9606138|AGUA MANANTIAL CON GAS 300 ML CON LIMON| |9606138|BEBIDAS|20|BEBIDAS|20|Bebidas Sin Alcohol|3000|Bebidas Sin Alcohol|3000|OT1|1|Order Type Master 1|1|6852.00|0.00|6852.00|0.00|0.00|0.00|6852.00|0.00|6852.00|1|6852.00|1|0|0.00|0.00|0.00|54|13
FPMI|Restaurante|1|Restaurante|1|GASEOSA 400 ml| |9606131|GASEOSA 400 ml| |9606131|BEBIDAS|20|BEBIDAS|20|Bebidas Sin Alcohol|3000|Bebidas Sin Alcohol|3000|OT1|1|Order Type Master 1|1|7593.00|0.00|7593.00|0.00|0.00|0.00|7593.00|0.00|7593.00|1|7593.00|1|0|0.00|0.00|0.00|50|12
FPMI|Domicilios|20|Domicilios|20|MANDARINO BOLS 2X1| |9626126|MANDARINO BOLS 2X1| |9626126|BEBIDAS|20|BEBIDAS|20|Bebidas Sin Alcohol|3000|Bebidas Sin Alcohol|3000|OT1|1|Order Type Master 1|1|31296.00|0.00|31296.00|0.00|0.00|0.00|31296.00|0.00|31296.00|73|31296.00|1|0|0.00|0.00|0.00|54|13
FPMI|Restaurante|1|Restaurante|1|SALSA DE TOMATE| |9500483|SALSA DE TOMATE| |9500483|ALIMENTOS|10|ALIMENTOS|10|Para Empezar|1008|Para Empezar|1008|OT1|1|Order Type Master 1|1|0.00|0.00|0.00|0.00|0.00|0.00|0.00|0.00|0.00|1|0.00|6|0|0.00|0.00|0.00|56|13
FPMI|Restaurante|1|Restaurante|1|PATACON CARNE DESMECHADA| |9524028|PATACON CARNE DESMECHADA| |9524028|ALIMENTOS|10|ALIMENTOS|10|Para Empezar|1008|Para Empezar|1008|OT1|1|Order Type Master 1|1|24630.00|0.00|24630.00|0.00|0.00|0.00|24630.00|0.00|24630.00|1|24630.00|1|0|0.00|0.00|0.00|52|12
FPMI|Restaurante|1|Restaurante|1|CHICHARRON 90 gr| |9528024|CHICHARRON 90 gr| |9528024|ALIMENTOS|10|ALIMENTOS|10|Para Empezar|1008|Para Empezar|1008|OT1|1|Order Type Master 1|1|26667.00|0.00|26667.00|0.00|0.00|0.00|26667.00|0.00|26667.00|1|26667.00|1|0|0.00|0.00|0.00|64|15
FPMI|Restaurante|1|Restaurante|1|CHICHARRON 90 gr| |9528024|CHICHARRON 90 gr| |9528024|ALIMENTOS|10|ALIMENTOS|10|Para Empezar|1008|Para Empezar|1008|OT1|1|Order Type Master 1|1|26667.00|0.00|26667.00|0.00|0.00|0.00|26667.00|0.00|26667.00|1|26667.00|1|0|0.00|0.00|0.00|51|12
FPMI|Restaurante|1|Restaurante|1|Mod CocaCola Zero 400ml| |980000103|Mod CocaCola Zero 400ml| |980000103|ALIMENTOS|10|ALIMENTOS|10|Para Empezar|1008|Para Empezar|1008|OT1|1|Order Type Master 1|1|0.00|0.00|0.00|0.00|0.00|0.00|0.00|0.00|0.00|1|0.00|1|0|0.00|0.00|0.00|52|12
FPMI|Restaurante|1|Restaurante|1|Mod 1/2| |980000002|Mod 1/2| |980000002|ALIMENTOS|10|ALIMENTOS|10|Para Empezar|1008|Para Empezar|1008|OT1|1|Order Type Master 1|1|0.00|0.00|0.00|0.00|0.00|0.00|0.00|0.00|0.00|1|0.00|1|0|0.00|0.00|0.00|51|12
FPMI|Restaurante|1|Restaurante|1|ADICION DE AGUACATE 100 gr| |9500032|ADICION DE AGUACATE 100 gr| |9500032|ALIMENTOS|10|ALIMENTOS|10|Para Empezar|1008|Para Empezar|1008|OT1|1|Order Type Master 1|1|5648.00|0.00|5648.00|0.00|0.00|0.00|5648.00|0.00|5648.00|1|5648.00|1|0|0.00|0.00|0.00|50|12
FPMI|Restaurante|1|Restaurante|1|BISTEC ENTRECOT 180 gr  ENSALADA| |9502523|BISTEC ENTRECOT 180 gr  ENSALADA| |9502523|ALIMENTOS|10|ALIMENTOS|10|Para Empezar|1008|Para Empezar|1008|OT1|1|Order Type Master 1|1|38704.00|0.00|38704.00|0.00|0.00|0.00|38704.00|0.00|38704.00|1|38704.00|1|0|0.00|0.00|0.00|51|12
FPMI|Restaurante|1|Restaurante|1|Mod CocaCola Zero 400ml| |980000103|Mod CocaCola Zero 400ml| |980000103|ALIMENTOS|10|ALIMENTOS|10|Para Empezar|1008|Para Empezar|1008|OT1|1|Order Type Master 1|1|0.00|0.00|0.00|0.00|0.00|0.00|0.00|0.00|0.00|1|0.00|2|0|0.00|0.00|0.00|51|12
FPMI|Restaurante|1|Restaurante|1|AREPA DE CHOCOLO| |9506036|AREPA DE CHOCOLO| |9506036|ALIMENTOS|10|ALIMENTOS|10|Para Empezar|1008|Para Empezar|1008|OT1|1|Order Type Master 1|1|0.00|-2021.00|-2021.00|0.00|0.00|0.00|0.00|-2021.00|-2021.00|1|0.00|0|0|0.00|0.00|0.00|56|13
FPMI|Restaurante|1|Restaurante|1|PECHUGA A LA PARRILLA 230 gr CRIOLLA| |9506118|PECHUGA A LA PARRILLA 230 gr CRIOLLA| |9506118|ALIMENTOS|10|ALIMENTOS|10|Para Empezar|1008|Para Empezar|1008|OT1|1|Order Type Master 1|1|24815.00|0.00|24815.00|0.00|0.00|0.00|24815.00|0.00|24815.00|1|24815.00|1|0|0.00|0.00|0.00|54|13
FPMI|Restaurante|1|Restaurante|1|PUNTA DE ANCA 250 gr CASCO| |9502232|PUNTA DE ANCA 250 gr CASCO| |9502232|ALIMENTOS|10|ALIMENTOS|10|Para Empezar|1008|Para Empezar|1008|OT1|1|Order Type Master 1|1|0.00|-5400.00|-5400.00|0.00|0.00|0.00|0.00|-5400.00|-5400.00|1|0.00|0|0|0.00|0.00|0.00|53|13
FPMI|Restaurante|1|Restaurante|1|EMPANADA CACHACA| |9528008|EMPANADA CACHACA| |9528008|ALIMENTOS|10|ALIMENTOS|10|Para Empezar|1008|Para Empezar|1008|OT1|1|Order Type Master 1|1|0.00|-1220.00|-1220.00|0.00|0.00|0.00|0.00|-1220.00|-1220.00|1|0.00|0|0|0.00|0.00|0.00|57|14
FPMI|Restaurante|1|Restaurante|1|PECHUGA A LA PARRILLA 230 gr FRANCESA | |9506090|PECHUGA A LA PARRILLA 230 gr FRANCESA | |9506090|ALIMENTOS|10|ALIMENTOS|10|Para Empezar|1008|Para Empezar|1008|OT1|1|Order Type Master 1|1|0.00|-2476.00|-2476.00|0.00|0.00|0.00|0.00|-2476.00|-2476.00|1|0.00|0|0|0.00|0.00|0.00|57|14
FPMI|Restaurante|1|Restaurante|1|PECHUGA A LA PARRILLA 230 gr FRANCESA | |9506090|PECHUGA A LA PARRILLA 230 gr FRANCESA | |9506090|ALIMENTOS|10|ALIMENTOS|10|Para Empezar|1008|Para Empezar|1008|OT1|1|Order Type Master 1|1|24815.00|0.00|24815.00|0.00|0.00|0.00|24815.00|0.00|24815.00|1|24815.00|1|0|0.00|0.00|0.00|55|13
FPMI|Restaurante|1|Restaurante|1|Mod 3/4| |980000004|Mod 3/4| |980000004|ALIMENTOS|10|ALIMENTOS|10|Para Empezar|1008|Para Empezar|1008|OT1|1|Order Type Master 1|1|0.00|0.00|0.00|0.00|0.00|0.00|0.00|0.00|0.00|1|0.00|2|0|0.00|0.00|0.00|50|12
FPMI|Domicilios|20|Domicilios|20|PAPA FRANCESA| |9500452|PAPA FRANCESA| |9500452|ALIMENTOS|10|ALIMENTOS|10|Para Empezar|1008|Para Empezar|1008|OT1|1|Order Type Master 1|1|7222.00|0.00|7222.00|0.00|0.00|0.00|7222.00|0.00|7222.00|73|7222.00|1|0|0.00|0.00|0.00|49|12
FPMI|Plataformas|21|Plataformas|21|SALSA CHIMICHURRI| |9500388|SALSA CHIMICHURRI| |9500388|ALIMENTOS|10|ALIMENTOS|10|Para Empezar|1008|Para Empezar|1008|OT1|1|Order Type Master 1|1|4352.00|0.00|4352.00|0.00|0.00|0.00|4352.00|0.00|4352.00|153|4352.00|1|0|0.00|0.00|0.00|52|12
FPMI|Restaurante|1|Restaurante|1|SODA CON LIMON| |9606141|SODA CON LIMON| |9606141|BEBIDAS|20|BEBIDAS|20|Bebidas Sin Alcohol|3000|Bebidas Sin Alcohol|3000|OT1|1|Order Type Master 1|1|7222.00|0.00|7222.00|0.00|0.00|0.00|7222.00|0.00|7222.00|1|7222.00|1|0|0.00|0.00|0.00|62|15
FPMI|Restaurante|1|Restaurante|1|AGUA MANANTIAL SIN GAS 500 ML CON LIMON| |9606137|AGUA MANANTIAL SIN GAS 500 ML CON LIMON| |9606137|BEBIDAS|20|BEBIDAS|20|Bebidas Sin Alcohol|3000|Bebidas Sin Alcohol|3000|OT1|1|Order Type Master 1|1|8519.00|0.00|8519.00|0.00|0.00|0.00|8519.00|0.00|8519.00|1|8519.00|1|0|0.00|0.00|0.00|51|12
FPMI|Restaurante|1|Restaurante|1|CERVEZA CLUB COLOMBIA| |9608004|CERVEZA CLUB COLOMBIA| |9608004|BEBIDAS|20|BEBIDAS|20|Bebidas Sin Alcohol|3000|Bebidas Sin Alcohol|3000|OT1|1|Order Type Master 1|1|11296.00|0.00|11296.00|0.00|0.00|0.00|11296.00|0.00|11296.00|1|11296.00|1|0|0.00|0.00|0.00|56|13
FPMI|Restaurante|1|Restaurante|1|CERVEZA CORONA| |9608012|CERVEZA CORONA| |9608012|BEBIDAS|20|BEBIDAS|20|Bebidas Sin Alcohol|3000|Bebidas Sin Alcohol|3000|OT1|1|Order Type Master 1|1|25556.00|0.00|25556.00|0.00|0.00|0.00|25556.00|0.00|25556.00|1|25556.00|2|0|0.00|0.00|0.00|69|17
FPMI|Restaurante|1|Restaurante|1|LIMONADA DE PANELA| |9604067|LIMONADA DE PANELA| |9604067|BEBIDAS|20|BEBIDAS|20|Bebidas Sin Alcohol|3000|Bebidas Sin Alcohol|3000|OT1|1|Order Type Master 1|1|0.00|-905.00|-905.00|0.00|0.00|0.00|0.00|-905.00|-905.00|1|0.00|0|0|0.00|0.00|0.00|57|14
FPMI|Restaurante|1|Restaurante|1|LOMO 220 gr ENSALADA| |9502516|LOMO 220 gr ENSALADA| |9502516|ALIMENTOS|10|ALIMENTOS|10|Para Empezar|1008|Para Empezar|1008|OT1|1|Order Type Master 1|1|54444.00|0.00|54444.00|0.00|0.00|0.00|54444.00|0.00|54444.00|1|54444.00|1|0|0.00|0.00|0.00|52|12
FPMI|Restaurante|1|Restaurante|1|SALSA BABY| |9500376|SALSA BABY| |9500376|ALIMENTOS|10|ALIMENTOS|10|Para Empezar|1008|Para Empezar|1008|OT1|1|Order Type Master 1|1|0.00|0.00|0.00|0.00|0.00|0.00|0.00|0.00|0.00|1|0.00|3|0|0.00|0.00|0.00|53|13
FPMI|Restaurante|1|Restaurante|1|PORCION DE ARROZ BLANCO| |9500064|PORCION DE ARROZ BLANCO| |9500064|ALIMENTOS|10|ALIMENTOS|10|Para Empezar|1008|Para Empezar|1008|OT1|1|Order Type Master 1|1|3426.00|0.00|3426.00|0.00|0.00|0.00|3426.00|0.00|3426.00|1|3426.00|1|0|0.00|0.00|0.00|52|12
FPMI|Restaurante|1|Restaurante|1|AREPA DE MAIZ CON CARNE DESMECHADA| |9524076|AREPA DE MAIZ CON CARNE DESMECHADA| |9524076|ALIMENTOS|10|ALIMENTOS|10|Para Empezar|1008|Para Empezar|1008|OT1|1|Order Type Master 1|1|0.00|-2037.00|-2037.00|0.00|0.00|0.00|0.00|-2037.00|-2037.00|1|0.00|0|0|0.00|0.00|0.00|56|13
FPMI|Restaurante|1|Restaurante|1|ENTRECOT 180 gr  FRANCESA| |9502504|ENTRECOT 180 gr  FRANCESA| |9502504|ALIMENTOS|10|ALIMENTOS|10|Para Empezar|1008|Para Empezar|1008|OT1|1|Order Type Master 1|1|36852.00|0.00|36852.00|0.00|0.00|0.00|36852.00|0.00|36852.00|1|36852.00|1|0|0.00|0.00|0.00|51|12
FPMI|Restaurante|1|Restaurante|1|Mod 3/4| |980000004|Mod 3/4| |980000004|ALIMENTOS|10|ALIMENTOS|10|Para Empezar|1008|Para Empezar|1008|OT1|1|Order Type Master 1|1|0.00|0.00|0.00|0.00|0.00|0.00|0.00|0.00|0.00|1|0.00|1|0|0.00|0.00|0.00|70|17
FPMI|Restaurante|1|Restaurante|1|CHICHARRON 90 gr| |9528024|CHICHARRON 90 gr| |9528024|ALIMENTOS|10|ALIMENTOS|10|Para Empezar|1008|Para Empezar|1008|OT1|1|Order Type Master 1|1|26667.00|0.00|26667.00|0.00|0.00|0.00|26667.00|0.00|26667.00|1|26667.00|1|0|0.00|0.00|0.00|67|16
FPMI|Restaurante|1|Restaurante|1|Mod A Punto| |980000005|Mod A Punto| |980000005|ALIMENTOS|10|ALIMENTOS|10|Para Empezar|1008|Para Empezar|1008|OT1|1|Order Type Master 1|1|0.00|0.00|0.00|0.00|0.00|0.00|0.00|0.00|0.00|1|0.00|1|0|0.00|0.00|0.00|60|14
FPMI|Restaurante|1|Restaurante|1|ADICION DE AGUACATE 100 gr| |9500032|ADICION DE AGUACATE 100 gr| |9500032|ALIMENTOS|10|ALIMENTOS|10|Para Empezar|1008|Para Empezar|1008|OT1|1|Order Type Master 1|1|5648.00|0.00|5648.00|0.00|0.00|0.00|5648.00|0.00|5648.00|1|5648.00|1|0|0.00|0.00|0.00|60|14
FPMI|Restaurante|1|Restaurante|1|AJIACO  POLLO| |9520008|AJIACO  POLLO| |9520008|ALIMENTOS|10|ALIMENTOS|10|Para Empezar|1008|Para Empezar|1008|OT1|1|Order Type Master 1|1|0.00|-3412.00|-3412.00|0.00|0.00|0.00|0.00|-3412.00|-3412.00|1|0.00|0|0|0.00|0.00|0.00|56|13
FPMI|Restaurante|1|Restaurante|1|ENTRECOT 180 gr  ENSALADA| |9502509|ENTRECOT 180 gr  ENSALADA| |9502509|ALIMENTOS|10|ALIMENTOS|10|Para Empezar|1008|Para Empezar|1008|OT1|1|Order Type Master 1|1|36852.00|0.00|36852.00|0.00|0.00|0.00|36852.00|0.00|36852.00|1|36852.00|1|0|0.00|0.00|0.00|56|13
FPMI|Restaurante|1|Restaurante|1|Mensaje Bebidas 2024| |980000095|Mensaje Bebidas 2024| |980000095|ALIMENTOS|10|ALIMENTOS|10|Para Empezar|1008|Para Empezar|1008|OT1|1|Order Type Master 1|1|0.00|0.00|0.00|0.00|0.00|0.00|0.00|0.00|0.00|1|0.00|1|0|0.00|0.00|0.00|52|12
FPMI|Restaurante|1|Restaurante|1|CHICHARRON 90 gr| |9528024|CHICHARRON 90 gr| |9528024|ALIMENTOS|10|ALIMENTOS|10|Para Empezar|1008|Para Empezar|1008|OT1|1|Order Type Master 1|1|26667.00|0.00|26667.00|0.00|0.00|0.00|26667.00|0.00|26667.00|1|26667.00|1|0|0.00|0.00|0.00|54|13
FPMI|Restaurante|1|Restaurante|1|Mod 3/4| |980000004|Mod 3/4| |980000004|ALIMENTOS|10|ALIMENTOS|10|Para Empezar|1008|Para Empezar|1008|OT1|1|Order Type Master 1|1|0.00|0.00|0.00|0.00|0.00|0.00|0.00|0.00|0.00|1|0.00|1|0|0.00|0.00|0.00|51|12
FPMI|Plataformas|21|Plataformas|21|PATACON SOLO SOLITO| |9524048|PATACON SOLO SOLITO| |9524048|ALIMENTOS|10|ALIMENTOS|10|Para Empezar|1008|Para Empezar|1008|OT1|1|Order Type Master 1|1|7593.00|0.00|7593.00|0.00|0.00|0.00|7593.00|0.00|7593.00|153|7593.00|1|0|0.00|0.00|0.00|54|13
FPMI|Plataformas|21|Plataformas|21|AJIACO NINOS| |9542004|AJIACO NINOS| |9542004|ALIMENTOS|10|ALIMENTOS|10|Para Empezar|1008|Para Empezar|1008|OT1|1|Order Type Master 1|1|20278.00|0.00|20278.00|0.00|0.00|0.00|20278.00|0.00|20278.00|153|20278.00|1|0|0.00|0.00|0.00|53|13
FPMI|Plataformas|21|Plataformas|21|CHURRASCO 250 gr FRANCESA| |9502110|CHURRASCO 250 gr FRANCESA| |9502110|ALIMENTOS|10|ALIMENTOS|10|Para Empezar|1008|Para Empezar|1008|OT1|1|Order Type Master 1|1|54167.00|0.00|54167.00|0.00|0.00|0.00|54167.00|0.00|54167.00|153|54167.00|1|0|0.00|0.00|0.00|52|12
