FPID|Andr1234|Andres Plaza Santafe|20241210|20241210|20250111|122916|2.00|2.00|Simphony|19.7.2
FPSUM|Domicilios|20|Domicilios|20|9260.00|0.00|0|0|0.00|0|740.00|2|0|0|0|0|0.00|0.00|0.00|0|0|0|0.00|0|0.00|0|0.00|0|10000.00|2|10000.00|2|0.00|0|0.00|0|0.00|0.00|16|65|9260.00|0.00|0.00|0.00|9260.00|0.00|0.00|0.00|0.00|0.00|0.00|0.00|0.00
FPSUM|Domicilios|20|Domicilios|20|4630.00|0.00|0|0|0.00|0|370.00|1|0|0|0|0|0.00|0.00|0.00|0|0|0|0.00|0|0.00|0|0.00|0|5000.00|1|5000.00|1|0.00|0|0.00|0|0.00|0.00|15|62|4630.00|0.00|0.00|0.00|4630.00|0.00|0.00|0.00|0.00|0.00|0.00|0.00|0.00
FPSUM|Domicilios|20|Domicilios|20|0.00|0.00|0|0|0.00|0|0.00|0|0|0|0|0|0.00|0.00|0.00|0|0|0|0.00|0|0.00|0|0.00|0|0.00|0|0.00|0|0.00|0|0.00|0|0.00|0.00|20|81|0.00|0.00|0.00|0.00|0.00|0.00|0.00|0.00|0.00|0.00|0.00|0.00|0.00
FPSUM|Restaurante|1|Restaurante|1|142223.00|14222.00|0|0|0.00|0|11377.00|2|3|0|0|0|0.00|0.00|0.00|0|0|0|0.00|0|0.00|0|0.00|0|167822.00|2|453425.00|1|0.00|0|0.00|0|0.00|0.00|15|61|142223.00|0.00|0.00|0.00|142223.00|0.00|0.00|0.00|0.00|0.00|0.00|0.00|0.00
FPSUM|Restaurante|1|Restaurante|1|193056.00|19305.00|0|0|0.00|0|15444.00|2|4|0|0|0|0.00|0.00|0.00|0|0|0|10900.00|1|0.00|0|0.00|0|227805.00|2|75935.00|1|0.00|0|0.00|0|0.00|0.00|15|63|193056.00|0.00|0.00|0.00|193056.00|0.00|0.00|0.00|0.00|0.00|0.00|0.00|0.00
FPSUM|Restaurante|1|Restaurante|1|71018.00|7101.00|0|0|0.00|0|5682.00|1|2|0|0|0|0.00|0.00|0.00|0|0|0|0.00|0|0.00|0|0.00|0|83801.00|1|0.00|0|0.00|0|0.00|0|0.00|0.00|15|64|71018.00|0.00|0.00|0.00|71018.00|0.00|0.00|0.00|0.00|0.00|0.00|0.00|0.00
FPSUM|Plataformas|21|Plataformas|21|0.00|0.00|0|0|0.00|0|0.00|0|0|0|0|0|0.00|0.00|0.00|0|0|0|0.00|0|0.00|0|0.00|3|0.00|0|0.00|0|0.00|0|0.00|0|0.00|0.00|17|72|0.00|0.00|0.00|0.00|0.00|0.00|0.00|0.00|0.00|0.00|0.00|0.00|0.00
FPSUM|Restaurante|1|Restaurante|1|0.00|0.00|0|0|0.00|0|0.00|0|0|0|0|0|0.00|0.00|0.00|0|0|0|0.00|0|0.00|0|0.00|0|0.00|0|375741.00|2|0.00|0|0.00|0|0.00|0.00|16|66|0.00|0.00|0.00|0.00|0.00|0.00|0.00|0.00|0.00|0.00|0.00|0.00|0.00
FPSUM|Restaurante|1|Restaurante|1|306851.00|30685.00|0|0|0.00|0|24549.00|1|3|0|0|0|0.00|0.00|0.00|0|0|0|87500.00|3|0.00|0|85659.00|1|362080.00|1|-5.00|0|0.00|0|0.00|0|0.00|0.00|19|77|306851.00|0.00|0.00|0.00|306851.00|0.00|0.00|0.00|0.00|0.00|0.00|0.00|0.00
FPSUM|Plataformas|21|Plataformas|21|0.00|0.00|0|0|0.00|0|0.00|0|0|0|0|0|0.00|0.00|0.00|0|0|0|0.00|0|0.00|0|39100.00|1|0.00|0|0.00|0|0.00|0|0.00|0|0.00|0.00|12|51|0.00|0.00|0.00|0.00|0.00|0.00|0.00|0.00|0.00|0.00|0.00|0.00|0.00
FPSUM|Restaurante|1|Restaurante|1|0.00|0.00|0|0|0.00|0|0.00|0|0|0|0|0|0.00|0.00|0.00|0|0|0|0.00|0|0.00|0|0.00|0|0.00|0|122370.00|1|0.00|0|0.00|0|0.00|0.00|16|68|0.00|0.00|0.00|0.00|0.00|0.00|0.00|0.00|0.00|0.00|0.00|0.00|0.00
FPSUM|Restaurante|1|Restaurante|1|98334.00|9833.00|0|0|0.00|0|7866.00|1|2|0|0|0|0.00|0.00|0.00|0|0|0|0.00|0|0.00|0|0.00|0|116033.00|1|0.00|0|0.00|0|0.00|0|0.00|0.00|12|50|98334.00|0.00|0.00|0.00|98334.00|0.00|0.00|0.00|0.00|0.00|0.00|0.00|0.00
FPSUM|Domicilios|20|Domicilios|20|9260.00|0.00|0|0|0.00|0|740.00|2|0|0|0|0|0.00|0.00|0.00|0|0|0|0.00|0|0.00|0|0.00|0|10000.00|2|10000.00|2|0.00|0|0.00|0|0.00|0.00|17|72|9260.00|0.00|0.00|0.00|9260.00|0.00|0.00|0.00|0.00|0.00|0.00|0.00|0.00
FPSUM|Restaurante|1|Restaurante|1|91574.00|9157.00|0|0|0.00|0|7326.00|1|3|0|0|0|0.00|0.00|0.00|0|0|0|0.00|0|0.00|0|0.00|0|108057.00|1|113520.00|1|0.00|0|0.00|0|0.00|0.00|18|74|91574.00|0.00|0.00|0.00|91574.00|0.00|0.00|0.00|0.00|0.00|0.00|0.00|0.00
FPSUM|Domicilios|20|Domicilios|20|9260.00|0.00|0|0|0.00|0|740.00|2|0|0|0|0|0.00|0.00|0.00|0|0|0|0.00|0|0.00|0|0.00|0|10000.00|2|10000.00|2|0.00|0|0.00|0|0.00|0.00|16|68|9260.00|0.00|0.00|0.00|9260.00|0.00|0.00|0.00|0.00|0.00|0.00|0.00|0.00
FPSUM|Restaurante|1|Restaurante|1|88982.00|8898.00|0|0|0.00|0|7118.00|1|1|0|0|0|0.00|0.00|0.00|0|0|0|0.00|0|0.00|0|0.00|0|104998.00|1|0.00|0|0.00|0|0.00|0|0.00|0.00|14|57|88982.00|0.00|0.00|0.00|88982.00|0.00|0.00|0.00|0.00|0.00|0.00|0.00|0.00
FPSUM|Restaurante|1|Restaurante|1|0.00|0.00|0|0|0.00|0|0.00|0|0|0|0|0|0.00|0.00|0.00|0|0|0|0.00|0|0.00|0|0.00|1|0.00|0|129363.00|1|0.00|0|0.00|0|0.00|0.00|19|78|0.00|0.00|0.00|0.00|0.00|0.00|0.00|0.00|0.00|0.00|0.00|0.00|0.00
FPSUM|Restaurante|1|Restaurante|1|2221.00|222.00|-34835|8|0.00|0|179.00|1|-1|0|0|0|0.00|0.00|0.00|0|0|0|0.00|0|0.00|0|0.00|0|2617.00|1|-5.00|3|0.00|0|0.00|0|0.00|-2532.00|20|83|2221.00|0.00|0.00|0.00|2221.00|0.00|0.00|0.00|0.00|0.00|0.00|0.00|0.00
FPSUM|Restaurante|1|Restaurante|1|96204.00|9620.00|0|0|0.00|0|7696.00|1|3|0|0|0|0.00|0.00|0.00|0|0|0|0.00|0|0.00|0|0.00|0|113517.00|1|564320.00|1|0.00|0|0.00|0|0.00|0.00|17|70|96204.00|0.00|0.00|0.00|96204.00|0.00|0.00|0.00|0.00|0.00|0.00|0.00|0.00
FPSUM|Restaurante|1|Restaurante|1|53240.00|5324.00|0|0|0.00|0|4260.00|0|0|0|0|0|0.00|0.00|0.00|0|0|0|0.00|0|0.00|0|0.00|1|62824.00|0|387432.00|2|0.00|0|0.00|0|0.00|0.00|14|58|53240.00|0.00|0.00|0.00|53240.00|0.00|0.00|0.00|0.00|0.00|0.00|0.00|0.00
FPSUM|Domicilios|20|Domicilios|20|79086.00|0.00|0|0|0.00|0|7914.00|6|0|0|0|0|0.00|0.00|0.00|0|0|0|0.00|0|0.00|0|101500.00|1|87000.00|6|87000.00|6|0.00|0|0.00|0|0.00|0.00|16|67|98886.00|-19800.00|0.00|0.00|79086.00|0.00|0.00|0.00|0.00|0.00|0.00|0.00|0.00
FPSUM|Restaurante|1|Restaurante|1|0.00|0.00|0|0|0.00|0|0.00|0|0|0|0|0|0.00|0.00|0.00|0|0|0|0.00|0|0.00|0|0.00|0|0.00|0|0.00|0|0.00|0|0.00|0|0.00|0.00|17|69|0.00|0.00|0.00|0.00|0.00|0.00|0.00|0.00|0.00|0.00|0.00|0.00|0.00
FPSUM|Domicilios|20|Domicilios|20|12500.00|0.00|0|0|0.00|0|1000.00|1|0|0|0|0|0.00|0.00|0.00|0|0|0|0.00|0|0.00|0|0.00|0|13500.00|1|13500.00|1|0.00|0|0.00|0|0.00|0.00|17|70|12500.00|0.00|0.00|0.00|12500.00|0.00|0.00|0.00|0.00|0.00|0.00|0.00|0.00
FPSUM|Restaurante|1|Restaurante|1|396114.00|39610.00|0|0|0.00|0|31686.00|1|10|0|0|0|0.00|0.00|0.00|0|0|0|0.00|0|0.00|0|0.00|0|467410.00|1|0.00|0|0.00|0|0.00|0|0.00|0.00|19|79|396114.00|0.00|0.00|0.00|396114.00|0.00|0.00|0.00|0.00|0.00|0.00|0.00|0.00
FPSUM|Plataformas|21|Plataformas|21|74074.00|0.00|0|0|0.00|0|5926.00|1|0|0|0|0|0.00|0.00|0.00|0|0|0|125600.00|4|0.00|0|0.00|1|80000.00|1|80000.00|1|0.00|0|0.00|0|0.00|0.00|15|62|74074.00|0.00|0.00|0.00|74074.00|0.00|0.00|0.00|0.00|0.00|0.00|0.00|0.00
FPSUM|Restaurante|1|Restaurante|1|23889.00|2388.00|0|0|0.00|0|1911.00|0|0|0|0|0|0.00|0.00|0.00|0|0|0|10900.00|1|0.00|0|0.00|0|28188.00|0|0.00|0|0.00|0|0.00|0|0.00|0.00|18|73|23889.00|0.00|0.00|0.00|23889.00|0.00|0.00|0.00|0.00|0.00|0.00|0.00|0.00
FPSUM|Restaurante|1|Restaurante|1|132777.00|13277.00|0|0|0.00|0|10623.00|1|3|0|0|0|0.00|0.00|0.00|0|0|0|0.00|0|0.00|0|0.00|0|156674.00|1|116030.00|1|0.00|0|0.00|0|0.00|0.00|12|52|132777.00|0.00|0.00|0.00|132777.00|0.00|0.00|0.00|0.00|0.00|0.00|0.00|0.00
FPSUM|Plataformas|21|Plataformas|21|0.00|0.00|0|0|0.00|0|0.00|0|0|0|0|0|0.00|0.00|0.00|0|0|0|0.00|0|0.00|0|85800.00|2|0.00|0|0.00|0|0.00|0|0.00|0|0.00|0.00|12|52|0.00|0.00|0.00|0.00|0.00|0.00|0.00|0.00|0.00|0.00|0.00|0.00|0.00
FPSUM|Restaurante|1|Restaurante|1|232408.00|23240.00|0|0|0.00|0|18592.00|2|2|0|0|0|0.00|0.00|0.00|0|0|0|0.00|0|0.00|0|53755.00|1|274241.00|2|426330.00|3|0.00|0|0.00|0|0.00|0.00|16|65|232408.00|0.00|0.00|0.00|232408.00|0.00|0.00|0.00|0.00|0.00|0.00|0.00|0.00
FPSUM|Restaurante|1|Restaurante|1|169446.00|16944.00|0|0|0.00|0|13554.00|0|0|0|0|0|0.00|0.00|0.00|0|0|0|0.00|0|0.00|0|0.00|0|199948.00|0|379460.00|2|0.00|0|0.00|0|0.00|0.00|20|82|169446.00|0.00|0.00|0.00|169446.00|0.00|0.00|0.00|0.00|0.00|0.00|0.00|0.00
FPSUM|Domicilios|20|Domicilios|20|30992.00|0.00|0|0|0.00|0|3008.00|2|0|0|0|0|0.00|0.00|0.00|0|0|0|0.00|0|0.00|0|0.00|0|34000.00|2|34000.00|2|0.00|0|0.00|0|0.00|0.00|19|80|37592.00|-6600.00|0.00|0.00|30992.00|0.00|0.00|0.00|0.00|0.00|0.00|0.00|0.00
FPSUM|Domicilios|20|Domicilios|20|-30992.00|0.00|-42222|4|0.00|0|-3008.00|1|0|0|0|0|0.00|0.00|0.00|0|0|0|0.00|0|0.00|0|0.00|0|-34000.00|1|-34000.00|1|0.00|0|0.00|0|0.00|-3378.00|21|88|-37592.00|6600.00|0.00|0.00|-30992.00|0.00|0.00|0.00|0.00|0.00|0.00|0.00|0.00
FPSUM|Domicilios|20|Domicilios|20|91112.00|0.00|0|0|0.00|0|7288.00|1|0|0|0|0|0.00|0.00|0.00|0|0|0|0.00|0|0.00|0|0.00|0|98400.00|1|98400.00|1|0.00|0|0.00|0|0.00|0.00|12|51|91112.00|0.00|0.00|0.00|91112.00|0.00|0.00|0.00|0.00|0.00|0.00|0.00|0.00
FPSUM|Restaurante|1|Restaurante|1|24630.00|2463.00|0|0|0.00|0|1970.00|0|0|0|0|0|0.00|0.00|0.00|0|0|0|0.00|0|0.00|0|0.00|0|29063.00|0|39989.00|1|0.00|0|0.00|0|0.00|0.00|21|85|24630.00|0.00|0.00|0.00|24630.00|0.00|0.00|0.00|0.00|0.00|0.00|0.00|0.00
FPSUM|Plataformas|21|Plataformas|21|146944.00|0.00|0|0|0.00|0|11756.00|2|0|0|0|0|0.00|0.00|0.00|0|0|0|0.00|0|0.00|0|0.00|0|158700.00|2|158700.00|2|0.00|0|0.00|0|0.00|0.00|18|73|146944.00|0.00|0.00|0.00|146944.00|0.00|0.00|0.00|0.00|0.00|0.00|0.00|0.00
FPSUM|Restaurante|1|Restaurante|1|170279.00|17028.00|0|0|0.00|0|13621.00|2|6|0|0|0|0.00|0.00|0.00|0|0|0|0.00|0|0.00|0|0.00|1|200928.00|2|0.00|0|0.00|0|0.00|0|0.00|0.00|17|72|170279.00|0.00|0.00|0.00|170279.00|0.00|0.00|0.00|0.00|0.00|0.00|0.00|0.00
FPSUM|Domicilios|20|Domicilios|20|4630.00|0.00|0|0|0.00|0|370.00|1|0|0|0|0|0.00|0.00|0.00|0|0|0|0.00|0|0.00|0|0.00|0|5000.00|1|5000.00|1|0.00|0|0.00|0|0.00|0.00|15|61|4630.00|0.00|0.00|0.00|4630.00|0.00|0.00|0.00|0.00|0.00|0.00|0.00|0.00
FPSUM|Restaurante|1|Restaurante|1|175094.00|17508.00|0|0|0.00|0|14006.00|3|3|0|0|0|0.00|0.00|0.00|0|0|0|0.00|0|0.00|0|0.00|0|206608.00|3|193279.00|2|0.00|0|0.00|0|0.00|0.00|13|56|175094.00|0.00|0.00|0.00|175094.00|0.00|0.00|0.00|0.00|0.00|0.00|0.00|0.00
FPSUM|Restaurante|1|Restaurante|1|661854.00|66184.00|0|0|0.00|0|52946.00|4|9|0|0|0|0.00|0.00|0.00|0|0|0|93800.00|2|0.00|0|0.00|0|780984.00|4|0.00|0|0.00|0|0.00|0|0.00|0.00|13|55|661854.00|0.00|0.00|0.00|661854.00|0.00|0.00|0.00|0.00|0.00|0.00|0.00|0.00
FPSUM|Restaurante|1|Restaurante|1|0.00|-5435.00|0|0|0.00|0|0.00|0|0|0|0|0|0.00|0.00|0.00|0|0|0|0.00|0|0.00|0|0.00|0|-5430.00|0|-5430.00|0|0.00|0|0.00|0|0.00|-5435.00|21|87|0.00|0.00|0.00|0.00|0.00|0.00|0.00|0.00|0.00|0.00|0.00|0.00|0.00
FPSUM|Plataformas|21|Plataformas|21|65093.00|0.00|0|0|0.00|0|5207.00|1|0|0|0|0|0.00|0.00|0.00|0|0|0|69700.00|2|0.00|0|0.00|0|70300.00|1|70300.00|1|0.00|0|0.00|0|0.00|0.00|13|54|65093.00|0.00|0.00|0.00|65093.00|0.00|0.00|0.00|0.00|0.00|0.00|0.00|0.00
FPSUM|Restaurante|1|Restaurante|1|0.00|0.00|0|0|0.00|0|0.00|0|0|0|0|0|0.00|0.00|0.00|0|0|0|0.00|0|0.00|0|0.00|0|-4.00|0|69485.00|2|0.00|0|0.00|0|0.00|-5435.00|16|67|0.00|0.00|0.00|0.00|0.00|0.00|0.00|0.00|0.00|0.00|0.00|0.00|0.00
FPSUM|Domicilios|20|Domicilios|20|16360.00|0.00|0|0|0.00|0|1540.00|2|0|0|0|0|0.00|0.00|0.00|0|0|0|20800.00|2|0.00|0|0.00|0|17900.00|2|17900.00|2|0.00|0|0.00|0|0.00|0.00|15|64|19260.00|-2900.00|0.00|0.00|16360.00|0.00|0.00|0.00|0.00|0.00|0.00|0.00|0.00
FPSUM|Restaurante|1|Restaurante|1|342596.00|34258.00|0|0|0.00|0|27404.00|2|14|0|0|0|0.00|0.00|0.00|0|0|0|15800.00|1|0.00|0|0.00|0|404258.00|2|0.00|0|0.00|0|0.00|0|0.00|0.00|13|54|342596.00|0.00|0.00|0.00|342596.00|0.00|0.00|0.00|0.00|0.00|0.00|0.00|0.00
FPSUM|Restaurante|1|Restaurante|1|56574.00|5658.00|0|0|0.00|0|4526.00|0|0|0|0|0|0.00|0.00|0.00|0|0|0|0.00|0|0.00|0|0.00|0|66758.00|0|0.00|0|0.00|0|0.00|0|0.00|0.00|15|62|56574.00|0.00|0.00|0.00|56574.00|0.00|0.00|0.00|0.00|0.00|0.00|0.00|0.00
FPSUM|Restaurante|1|Restaurante|1|53889.00|5389.00|0|0|0.00|0|4311.00|0|0|0|0|0|0.00|0.00|0.00|0|0|0|0.00|0|0.00|0|0.00|1|63589.00|0|53318.00|1|0.00|0|0.00|0|0.00|0.00|14|60|53889.00|0.00|0.00|0.00|53889.00|0.00|0.00|0.00|0.00|0.00|0.00|0.00|0.00
FPSUM|Domicilios|20|Domicilios|20|4630.00|0.00|0|0|0.00|0|370.00|1|0|0|0|0|0.00|0.00|0.00|0|0|0|0.00|0|0.00|0|0.00|0|5000.00|1|5000.00|1|0.00|0|0.00|0|0.00|0.00|19|79|4630.00|0.00|0.00|0.00|4630.00|0.00|0.00|0.00|0.00|0.00|0.00|0.00|0.00
FPSUM|Domicilios|20|Domicilios|20|9260.00|0.00|0|0|0.00|0|740.00|2|0|0|0|0|0.00|0.00|0.00|0|0|0|0.00|0|0.00|0|0.00|0|10000.00|2|10000.00|2|0.00|0|0.00|0|0.00|0.00|17|69|9260.00|0.00|0.00|0.00|9260.00|0.00|0.00|0.00|0.00|0.00|0.00|0.00|0.00
FPSUM|Restaurante|1|Restaurante|1|0.00|0.00|0|0|0.00|0|0.00|0|0|0|0|0|0.00|0.00|0.00|0|0|0|0.00|0|0.00|0|0.00|1|0.00|0|0.00|0|0.00|0|0.00|0|0.00|0.00|12|51|0.00|0.00|0.00|0.00|0.00|0.00|0.00|0.00|0.00|0.00|0.00|0.00|0.00
FPSUM|Restaurante|1|Restaurante|1|142871.00|14286.00|0|0|0.00|0|11429.00|0|0|0|0|0|0.00|0.00|0.00|0|0|0|0.00|0|0.00|0|0.00|0|168586.00|0|166074.00|1|0.00|0|0.00|0|0.00|0.00|18|76|142871.00|0.00|0.00|0.00|142871.00|0.00|0.00|0.00|0.00|0.00|0.00|0.00|0.00
FPSUM|Domicilios|20|Domicilios|20|0.00|0.00|0|0|0.00|0|0.00|0|0|0|0|0|0.00|0.00|0.00|0|0|0|0.00|0|0.00|0|0.00|0|0.00|0|0.00|0|0.00|0|0.00|0|0.00|0.00|19|78|0.00|0.00|0.00|0.00|0.00|0.00|0.00|0.00|0.00|0.00|0.00|0.00|0.00
FPSUM|Restaurante|1|Restaurante|1|146759.00|14676.00|0|0|0.00|0|11741.00|1|0|0|0|0|0.00|0.00|0.00|0|0|0|0.00|0|0.00|0|0.00|0|173176.00|1|323734.00|2|0.00|0|0.00|0|0.00|0.00|20|81|146759.00|0.00|0.00|0.00|146759.00|0.00|0.00|0.00|0.00|0.00|0.00|0.00|0.00
FPSUM|Restaurante|1|Restaurante|1|12870.00|1287.00|0|0|0.00|0|1030.00|0|0|0|0|0|0.00|0.00|0.00|0|0|0|0.00|0|0.00|0|0.00|0|15192.00|0|124779.00|1|0.00|0|0.00|0|0.00|0.00|14|59|12870.00|0.00|0.00|0.00|12870.00|0.00|0.00|0.00|0.00|0.00|0.00|0.00|0.00
FPSUM|Domicilios|20|Domicilios|20|36019.00|0.00|0|0|0.00|0|2881.00|1|0|0|0|0|0.00|0.00|0.00|0|0|0|0.00|0|0.00|0|0.00|0|38900.00|1|38900.00|1|0.00|0|0.00|0|0.00|0.00|18|75|36019.00|0.00|0.00|0.00|36019.00|0.00|0.00|0.00|0.00|0.00|0.00|0.00|0.00
FPSUM|Domicilios|20|Domicilios|20|35622.00|0.00|0|0|0.00|0|3378.00|1|0|0|0|0|0.00|0.00|0.00|0|0|0|5000.00|1|0.00|0|0.00|0|39000.00|1|39000.00|1|0.00|0|0.00|0|0.00|0.00|18|73|42222.00|-6600.00|0.00|0.00|35622.00|0.00|0.00|0.00|0.00|0.00|0.00|0.00|0.00
FPSUM|Restaurante|1|Restaurante|1|93427.00|9342.00|0|0|0.00|0|7473.00|2|6|0|0|0|0.00|0.00|0.00|0|0|0|10900.00|1|0.00|0|0.00|0|110242.00|2|0.00|0|0.00|0|0.00|0|0.00|0.00|18|75|93427.00|0.00|0.00|0.00|93427.00|0.00|0.00|0.00|0.00|0.00|0.00|0.00|0.00
FPSUM|Plataformas|21|Plataformas|21|39629.00|0.00|0|0|0.00|0|3171.00|1|0|0|0|0|0.00|0.00|0.00|0|0|0|0.00|0|0.00|0|0.00|0|42800.00|1|42800.00|1|0.00|0|0.00|0|0.00|0.00|13|53|39629.00|0.00|0.00|0.00|39629.00|0.00|0.00|0.00|0.00|0.00|0.00|0.00|0.00
FPSUM|Restaurante|1|Restaurante|1|211760.00|21175.00|0|0|0.00|0|16940.00|1|3|0|0|0|0.00|0.00|0.00|0|0|0|0.00|0|0.00|0|0.00|0|249875.00|1|0.00|0|0.00|0|0.00|0|0.00|0.00|13|53|211760.00|0.00|0.00|0.00|211760.00|0.00|0.00|0.00|0.00|0.00|0.00|0.00|0.00
FPSUM|Restaurante|1|Restaurante|1|83890.00|8389.00|0|0|0.00|0|6710.00|1|3|0|0|0|0.00|0.00|0.00|0|0|0|0.00|0|0.00|0|0.00|0|98989.00|1|801633.00|1|0.00|0|0.00|0|0.00|0.00|20|84|83890.00|0.00|0.00|0.00|83890.00|0.00|0.00|0.00|0.00|0.00|0.00|0.00|0.00
FPSUM|Restaurante|1|Restaurante|1|0.00|0.00|0|0|0.00|0|0.00|0|0|0|0|0|0.00|0.00|0.00|0|0|0|0.00|0|0.00|0|0.00|0|0.00|0|128052.00|1|0.00|0|0.00|0|0.00|0.00|21|86|0.00|0.00|0.00|0.00|0.00|0.00|0.00|0.00|0.00|0.00|0.00|0.00|0.00
FPOT|Restaurante|1|Restaurante|1|Para Aqui|1|Para Aqui|1|0.00|0.00|0.00|0|0.00|0|0.00|0|0|0|0|0|0.00|0.00|0.00|0|0|0|0.00|0|0.00|0|0.00|0|0.00|0|122370.00|1|0.00|0|0.00|0|0.00|0.00|16|68|0.00|0.00|0.00|0.00|0.00|0.00|0.00|0.00|0.00|0.00|0.00|0.00|0.00
FPOT|Restaurante|1|Restaurante|1|Para Aqui|1|Para Aqui|1|0.00|0.00|0.00|0|0.00|0|0.00|0|0|0|0|0|0.00|0.00|0.00|0|0|0|0.00|0|0.00|0|0.00|0|0.00|0|0.00|0|0.00|0|0.00|0|0.00|0.00|17|69|0.00|0.00|0.00|0.00|0.00|0.00|0.00|0.00|0.00|0.00|0.00|0.00|0.00
FPOT|Restaurante|1|Restaurante|1|Para Aqui|1|Para Aqui|1|0.00|0.00|0.00|0|0.00|0|0.00|0|0|0|0|0|0.00|0.00|0.00|0|0|0|0.00|0|0.00|0|0.00|0|0.00|0|375741.00|2|0.00|0|0.00|0|0.00|0.00|16|66|0.00|0.00|0.00|0.00|0.00|0.00|0.00|0.00|0.00|0.00|0.00|0.00|0.00
FPOT|Restaurante|1|Restaurante|1|Para Aqui|1|Para Aqui|1|0.00|0.00|0.00|0|0.00|0|0.00|0|0|0|0|0|0.00|0.00|0.00|0|0|0|0.00|0|0.00|0|0.00|1|0.00|0|129363.00|1|0.00|0|0.00|0|0.00|0.00|19|78|0.00|0.00|0.00|0.00|0.00|0.00|0.00|0.00|0.00|0.00|0.00|0.00|0.00
FPOT|Restaurante|1|Restaurante|1|Para Aqui|1|Para Aqui|1|342596.00|34258.00|0.00|0|0.00|0|27404.00|2|14|0|0|0|0.00|0.00|0.00|0|0|0|15800.00|1|0.00|0|0.00|0|404258.00|2|0.00|0|0.00|0|0.00|0|0.00|0.00|13|54|342596.00|0.00|0.00|0.00|342596.00|0.00|0.00|0.00|0.00|0.00|0.00|0.00|0.00
FPOT|Restaurante|1|Restaurante|1|Para Aqui|1|Para Aqui|1|193056.00|19305.00|0.00|0|0.00|0|15444.00|2|4|0|0|0|0.00|0.00|0.00|0|0|0|10900.00|1|0.00|0|0.00|0|227805.00|2|75935.00|1|0.00|0|0.00|0|0.00|0.00|15|63|193056.00|0.00|0.00|0.00|193056.00|0.00|0.00|0.00|0.00|0.00|0.00|0.00|0.00
FPOT|Domicilios|20|Domicilios|20|Para Aqui|1|Para Aqui|1|9260.00|0.00|0.00|0|0.00|0|740.00|2|0|0|0|0|0.00|0.00|0.00|0|0|0|0.00|0|0.00|0|0.00|0|10000.00|2|10000.00|2|0.00|0|0.00|0|0.00|0.00|16|68|9260.00|0.00|0.00|0.00|9260.00|0.00|0.00|0.00|0.00|0.00|0.00|0.00|0.00
FPOT|Domicilios|20|Domicilios|20|Para Aqui|1|Para Aqui|1|12500.00|0.00|0.00|0|0.00|0|1000.00|1|0|0|0|0|0.00|0.00|0.00|0|0|0|0.00|0|0.00|0|0.00|0|13500.00|1|13500.00|1|0.00|0|0.00|0|0.00|0.00|17|70|12500.00|0.00|0.00|0.00|12500.00|0.00|0.00|0.00|0.00|0.00|0.00|0.00|0.00
FPOT|Restaurante|1|Restaurante|1|Para Aqui|1|Para Aqui|1|56574.00|5658.00|0.00|0|0.00|0|4526.00|0|0|0|0|0|0.00|0.00|0.00|0|0|0|0.00|0|0.00|0|0.00|0|66758.00|0|0.00|0|0.00|0|0.00|0|0.00|0.00|15|62|56574.00|0.00|0.00|0.00|56574.00|0.00|0.00|0.00|0.00|0.00|0.00|0.00|0.00
FPOT|Restaurante|1|Restaurante|1|Para Aqui|1|Para Aqui|1|211760.00|21175.00|0.00|0|0.00|0|16940.00|1|3|0|0|0|0.00|0.00|0.00|0|0|0|0.00|0|0.00|0|0.00|0|249875.00|1|0.00|0|0.00|0|0.00|0|0.00|0.00|13|53|211760.00|0.00|0.00|0.00|211760.00|0.00|0.00|0.00|0.00|0.00|0.00|0.00|0.00
FPOT|Restaurante|1|Restaurante|1|Para Aqui|1|Para Aqui|1|83890.00|8389.00|0.00|0|0.00|0|6710.00|1|3|0|0|0|0.00|0.00|0.00|0|0|0|0.00|0|0.00|0|0.00|0|98989.00|1|801633.00|1|0.00|0|0.00|0|0.00|0.00|20|84|83890.00|0.00|0.00|0.00|83890.00|0.00|0.00|0.00|0.00|0.00|0.00|0.00|0.00
FPOT|Domicilios|20|Domicilios|20|Para Aqui|1|Para Aqui|1|79086.00|0.00|0.00|0|0.00|0|7914.00|6|0|0|0|0|0.00|0.00|0.00|0|0|0|0.00|0|0.00|0|101500.00|1|87000.00|6|87000.00|6|0.00|0|0.00|0|0.00|0.00|16|67|98886.00|-19800.00|0.00|0.00|79086.00|0.00|0.00|0.00|0.00|0.00|0.00|0.00|0.00
FPOT|Domicilios|20|Domicilios|20|Para Llevar|2|Para Llevar|2|91112.00|0.00|0.00|0|0.00|0|7288.00|1|0|0|0|0|0.00|0.00|0.00|0|0|0|0.00|0|0.00|0|0.00|0|98400.00|1|98400.00|1|0.00|0|0.00|0|0.00|0.00|12|51|91112.00|0.00|0.00|0.00|91112.00|0.00|0.00|0.00|0.00|0.00|0.00|0.00|0.00
FPOT|Plataformas|21|Plataformas|21|Para Aqui|1|Para Aqui|1|0.00|0.00|0.00|0|0.00|0|0.00|0|0|0|0|0|0.00|0.00|0.00|0|0|0|0.00|0|0.00|0|0.00|1|0.00|0|0.00|0|0.00|0|0.00|0|0.00|0.00|15|62|0.00|0.00|0.00|0.00|0.00|0.00|0.00|0.00|0.00|0.00|0.00|0.00|0.00
FPOT|Plataformas|21|Plataformas|21|Domicilios|7|Domicilios|7|39629.00|0.00|0.00|0|0.00|0|3171.00|1|0|0|0|0|0.00|0.00|0.00|0|0|0|0.00|0|0.00|0|0.00|0|42800.00|1|42800.00|1|0.00|0|0.00|0|0.00|0.00|13|53|39629.00|0.00|0.00|0.00|39629.00|0.00|0.00|0.00|0.00|0.00|0.00|0.00|0.00
FPOT|Restaurante|1|Restaurante|1|Para Aqui|1|Para Aqui|1|96204.00|9620.00|0.00|0|0.00|0|7696.00|1|3|0|0|0|0.00|0.00|0.00|0|0|0|0.00|0|0.00|0|0.00|0|113517.00|1|564320.00|1|0.00|0|0.00|0|0.00|0.00|17|70|96204.00|0.00|0.00|0.00|96204.00|0.00|0.00|0.00|0.00|0.00|0.00|0.00|0.00
FPOT|Restaurante|1|Restaurante|1|Para Aqui|1|Para Aqui|1|170279.00|17028.00|0.00|0|0.00|0|13621.00|2|6|0|0|0|0.00|0.00|0.00|0|0|0|0.00|0|0.00|0|0.00|1|200928.00|2|0.00|0|0.00|0|0.00|0|0.00|0.00|17|72|170279.00|0.00|0.00|0.00|170279.00|0.00|0.00|0.00|0.00|0.00|0.00|0.00|0.00
FPOT|Restaurante|1|Restaurante|1|Para Aqui|1|Para Aqui|1|0.00|0.00|0.00|0|0.00|0|0.00|0|0|0|0|0|0.00|0.00|0.00|0|0|0|0.00|0|0.00|0|0.00|0|0.00|0|128052.00|1|0.00|0|0.00|0|0.00|0.00|21|86|0.00|0.00|0.00|0.00|0.00|0.00|0.00|0.00|0.00|0.00|0.00|0.00|0.00
FPOT|Restaurante|1|Restaurante|1|Para Aqui|1|Para Aqui|1|53240.00|5324.00|0.00|0|0.00|0|4260.00|0|0|0|0|0|0.00|0.00|0.00|0|0|0|0.00|0|0.00|0|0.00|1|62824.00|0|387432.00|2|0.00|0|0.00|0|0.00|0.00|14|58|53240.00|0.00|0.00|0.00|53240.00|0.00|0.00|0.00|0.00|0.00|0.00|0.00|0.00
FPOT|Restaurante|1|Restaurante|1|Para Aqui|1|Para Aqui|1|396114.00|39610.00|0.00|0|0.00|0|31686.00|1|10|0|0|0|0.00|0.00|0.00|0|0|0|0.00|0|0.00|0|0.00|0|467410.00|1|0.00|0|0.00|0|0.00|0|0.00|0.00|19|79|396114.00|0.00|0.00|0.00|396114.00|0.00|0.00|0.00|0.00|0.00|0.00|0.00|0.00
FPOT|Domicilios|20|Domicilios|20|Para Aqui|1|Para Aqui|1|9260.00|0.00|0.00|0|0.00|0|740.00|2|0|0|0|0|0.00|0.00|0.00|0|0|0|0.00|0|0.00|0|0.00|0|10000.00|2|10000.00|2|0.00|0|0.00|0|0.00|0.00|17|69|9260.00|0.00|0.00|0.00|9260.00|0.00|0.00|0.00|0.00|0.00|0.00|0.00|0.00
FPOT|Plataformas|21|Plataformas|21|Domicilios|7|Domicilios|7|74074.00|0.00|0.00|0|0.00|0|5926.00|1|0|0|0|0|0.00|0.00|0.00|0|0|0|125600.00|4|0.00|0|0.00|0|80000.00|1|80000.00|1|0.00|0|0.00|0|0.00|0.00|15|62|74074.00|0.00|0.00|0.00|74074.00|0.00|0.00|0.00|0.00|0.00|0.00|0.00|0.00
FPOT|Restaurante|1|Restaurante|1|Para Aqui|1|Para Aqui|1|232408.00|23240.00|0.00|0|0.00|0|18592.00|2|2|0|0|0|0.00|0.00|0.00|0|0|0|0.00|0|0.00|0|53755.00|1|274241.00|2|426330.00|3|0.00|0|0.00|0|0.00|0.00|16|65|232408.00|0.00|0.00|0.00|232408.00|0.00|0.00|0.00|0.00|0.00|0.00|0.00|0.00
FPOT|Restaurante|1|Restaurante|1|Para Aqui|1|Para Aqui|1|306851.00|30685.00|0.00|0|0.00|0|24549.00|1|3|0|0|0|0.00|0.00|0.00|0|0|0|87500.00|3|0.00|0|85659.00|1|362080.00|1|-5.00|0|0.00|0|0.00|0|0.00|0.00|19|77|306851.00|0.00|0.00|0.00|306851.00|0.00|0.00|0.00|0.00|0.00|0.00|0.00|0.00
FPOT|Restaurante|1|Restaurante|1|Para Aqui|1|Para Aqui|1|2221.00|222.00|-34835.00|8|0.00|0|179.00|1|-1|0|0|0|0.00|0.00|0.00|0|0|0|0.00|0|0.00|0|0.00|0|2617.00|1|-5.00|3|0.00|0|0.00|0|0.00|-2532.00|20|83|2221.00|0.00|0.00|0.00|2221.00|0.00|0.00|0.00|0.00|0.00|0.00|0.00|0.00
FPOT|Restaurante|1|Restaurante|1|Para Aqui|1|Para Aqui|1|142871.00|14286.00|0.00|0|0.00|0|11429.00|0|0|0|0|0|0.00|0.00|0.00|0|0|0|0.00|0|0.00|0|0.00|0|168586.00|0|166074.00|1|0.00|0|0.00|0|0.00|0.00|18|76|142871.00|0.00|0.00|0.00|142871.00|0.00|0.00|0.00|0.00|0.00|0.00|0.00|0.00
FPOT|Restaurante|1|Restaurante|1|Para Aqui|1|Para Aqui|1|146759.00|14676.00|0.00|0|0.00|0|11741.00|1|0|0|0|0|0.00|0.00|0.00|0|0|0|0.00|0|0.00|0|0.00|0|173176.00|1|323734.00|2|0.00|0|0.00|0|0.00|0.00|20|81|146759.00|0.00|0.00|0.00|146759.00|0.00|0.00|0.00|0.00|0.00|0.00|0.00|0.00
FPOT|Restaurante|1|Restaurante|1|Para Aqui|1|Para Aqui|1|142223.00|14222.00|0.00|0|0.00|0|11377.00|2|3|0|0|0|0.00|0.00|0.00|0|0|0|0.00|0|0.00|0|0.00|0|167822.00|2|453425.00|1|0.00|0|0.00|0|0.00|0.00|15|61|142223.00|0.00|0.00|0.00|142223.00|0.00|0.00|0.00|0.00|0.00|0.00|0.00|0.00
FPOT|Restaurante|1|Restaurante|1|Para Aqui|1|Para Aqui|1|0.00|-5435.00|0.00|0|0.00|0|0.00|0|0|0|0|0|0.00|0.00|0.00|0|0|0|0.00|0|0.00|0|0.00|0|-5430.00|0|-5430.00|0|0.00|0|0.00|0|0.00|-5435.00|21|87|0.00|0.00|0.00|0.00|0.00|0.00|0.00|0.00|0.00|0.00|0.00|0.00|0.00
FPOT|Restaurante|1|Restaurante|1|Para Aqui|1|Para Aqui|1|93427.00|9342.00|0.00|0|0.00|0|7473.00|2|6|0|0|0|0.00|0.00|0.00|0|0|0|10900.00|1|0.00|0|0.00|0|110242.00|2|0.00|0|0.00|0|0.00|0|0.00|0.00|18|75|93427.00|0.00|0.00|0.00|93427.00|0.00|0.00|0.00|0.00|0.00|0.00|0.00|0.00
FPOT|Plataformas|21|Plataformas|21|Para Aqui|1|Para Aqui|1|0.00|0.00|0.00|0|0.00|0|0.00|0|0|0|0|0|0.00|0.00|0.00|0|0|0|0.00|0|0.00|0|39100.00|1|0.00|0|0.00|0|0.00|0|0.00|0|0.00|0.00|12|51|0.00|0.00|0.00|0.00|0.00|0.00|0.00|0.00|0.00|0.00|0.00|0.00|0.00
FPOT|Plataformas|21|Plataformas|21|Domicilios|7|Domicilios|7|146944.00|0.00|0.00|0|0.00|0|11756.00|2|0|0|0|0|0.00|0.00|0.00|0|0|0|0.00|0|0.00|0|0.00|0|158700.00|2|158700.00|2|0.00|0|0.00|0|0.00|0.00|18|73|146944.00|0.00|0.00|0.00|146944.00|0.00|0.00|0.00|0.00|0.00|0.00|0.00|0.00
FPOT|Restaurante|1|Restaurante|1|Para Aqui|1|Para Aqui|1|53889.00|5389.00|0.00|0|0.00|0|4311.00|0|0|0|0|0|0.00|0.00|0.00|0|0|0|0.00|0|0.00|0|0.00|1|63589.00|0|53318.00|1|0.00|0|0.00|0|0.00|0.00|14|60|53889.00|0.00|0.00|0.00|53889.00|0.00|0.00|0.00|0.00|0.00|0.00|0.00|0.00
FPOT|Restaurante|1|Restaurante|1|Para Aqui|1|Para Aqui|1|71018.00|7101.00|0.00|0|0.00|0|5682.00|1|2|0|0|0|0.00|0.00|0.00|0|0|0|0.00|0|0.00|0|0.00|0|83801.00|1|0.00|0|0.00|0|0.00|0|0.00|0.00|15|64|71018.00|0.00|0.00|0.00|71018.00|0.00|0.00|0.00|0.00|0.00|0.00|0.00|0.00
FPOT|Restaurante|1|Restaurante|1|Para Aqui|1|Para Aqui|1|98334.00|9833.00|0.00|0|0.00|0|7866.00|1|2|0|0|0|0.00|0.00|0.00|0|0|0|0.00|0|0.00|0|0.00|0|116033.00|1|0.00|0|0.00|0|0.00|0|0.00|0.00|12|50|98334.00|0.00|0.00|0.00|98334.00|0.00|0.00|0.00|0.00|0.00|0.00|0.00|0.00
FPOT|Restaurante|1|Restaurante|1|Para Aqui|1|Para Aqui|1|169446.00|16944.00|0.00|0|0.00|0|13554.00|0|0|0|0|0|0.00|0.00|0.00|0|0|0|0.00|0|0.00|0|0.00|0|199948.00|0|379460.00|2|0.00|0|0.00|0|0.00|0.00|20|82|169446.00|0.00|0.00|0.00|169446.00|0.00|0.00|0.00|0.00|0.00|0.00|0.00|0.00
FPOT|Restaurante|1|Restaurante|1|Para Aqui|1|Para Aqui|1|0.00|0.00|0.00|0|0.00|0|0.00|0|0|0|0|0|0.00|0.00|0.00|0|0|0|0.00|0|0.00|0|0.00|0|-4.00|0|69485.00|2|0.00|0|0.00|0|0.00|-5435.00|16|67|0.00|0.00|0.00|0.00|0.00|0.00|0.00|0.00|0.00|0.00|0.00|0.00|0.00
FPOT|Restaurante|1|Restaurante|1|Para Aqui|1|Para Aqui|1|132777.00|13277.00|0.00|0|0.00|0|10623.00|1|3|0|0|0|0.00|0.00|0.00|0|0|0|0.00|0|0.00|0|0.00|0|156674.00|1|116030.00|1|0.00|0|0.00|0|0.00|0.00|12|52|132777.00|0.00|0.00|0.00|132777.00|0.00|0.00|0.00|0.00|0.00|0.00|0.00|0.00
FPOT|Restaurante|1|Restaurante|1|Para Aqui|1|Para Aqui|1|91574.00|9157.00|0.00|0|0.00|0|7326.00|1|3|0|0|0|0.00|0.00|0.00|0|0|0|0.00|0|0.00|0|0.00|0|108057.00|1|113520.00|1|0.00|0|0.00|0|0.00|0.00|18|74|91574.00|0.00|0.00|0.00|91574.00|0.00|0.00|0.00|0.00|0.00|0.00|0.00|0.00
FPOT|Domicilios|20|Domicilios|20|Para Aqui|1|Para Aqui|1|30992.00|0.00|0.00|0|0.00|0|3008.00|2|0|0|0|0|0.00|0.00|0.00|0|0|0|0.00|0|0.00|0|0.00|0|34000.00|2|34000.00|2|0.00|0|0.00|0|0.00|0.00|19|80|37592.00|-6600.00|0.00|0.00|30992.00|0.00|0.00|0.00|0.00|0.00|0.00|0.00|0.00
FPOT|Restaurante|1|Restaurante|1|Para Aqui|1|Para Aqui|1|661854.00|66184.00|0.00|0|0.00|0|52946.00|4|9|0|0|0|0.00|0.00|0.00|0|0|0|93800.00|2|0.00|0|0.00|0|780984.00|4|0.00|0|0.00|0|0.00|0|0.00|0.00|13|55|661854.00|0.00|0.00|0.00|661854.00|0.00|0.00|0.00|0.00|0.00|0.00|0.00|0.00
FPOT|Restaurante|1|Restaurante|1|Para Aqui|1|Para Aqui|1|0.00|0.00|0.00|0|0.00|0|0.00|0|0|0|0|0|0.00|0.00|0.00|0|0|0|0.00|0|0.00|0|0.00|1|0.00|0|0.00|0|0.00|0|0.00|0|0.00|0.00|12|51|0.00|0.00|0.00|0.00|0.00|0.00|0.00|0.00|0.00|0.00|0.00|0.00|0.00
FPOT|Domicilios|20|Domicilios|20|Para Aqui|1|Para Aqui|1|4630.00|0.00|0.00|0|0.00|0|370.00|1|0|0|0|0|0.00|0.00|0.00|0|0|0|0.00|0|0.00|0|0.00|0|5000.00|1|5000.00|1|0.00|0|0.00|0|0.00|0.00|15|61|4630.00|0.00|0.00|0.00|4630.00|0.00|0.00|0.00|0.00|0.00|0.00|0.00|0.00
FPOT|Domicilios|20|Domicilios|20|Para Aqui|1|Para Aqui|1|0.00|0.00|0.00|0|0.00|0|0.00|0|0|0|0|0|0.00|0.00|0.00|0|0|0|0.00|0|0.00|0|0.00|0|0.00|0|0.00|0|0.00|0|0.00|0|0.00|0.00|20|81|0.00|0.00|0.00|0.00|0.00|0.00|0.00|0.00|0.00|0.00|0.00|0.00|0.00
FPOT|Domicilios|20|Domicilios|20|Para Aqui|1|Para Aqui|1|9260.00|0.00|0.00|0|0.00|0|740.00|2|0|0|0|0|0.00|0.00|0.00|0|0|0|0.00|0|0.00|0|0.00|0|10000.00|2|10000.00|2|0.00|0|0.00|0|0.00|0.00|17|72|9260.00|0.00|0.00|0.00|9260.00|0.00|0.00|0.00|0.00|0.00|0.00|0.00|0.00
FPOT|Domicilios|20|Domicilios|20|Para Aqui|1|Para Aqui|1|35622.00|0.00|0.00|0|0.00|0|3378.00|1|0|0|0|0|0.00|0.00|0.00|0|0|0|5000.00|1|0.00|0|0.00|0|39000.00|1|39000.00|1|0.00|0|0.00|0|0.00|0.00|18|73|42222.00|-6600.00|0.00|0.00|35622.00|0.00|0.00|0.00|0.00|0.00|0.00|0.00|0.00
FPOT|Plataformas|21|Plataformas|21|Para Aqui|1|Para Aqui|1|0.00|0.00|0.00|0|0.00|0|0.00|0|0|0|0|0|0.00|0.00|0.00|0|0|0|0.00|0|0.00|0|85800.00|2|0.00|0|0.00|0|0.00|0|0.00|0|0.00|0.00|12|52|0.00|0.00|0.00|0.00|0.00|0.00|0.00|0.00|0.00|0.00|0.00|0.00|0.00
FPOT|Restaurante|1|Restaurante|1|Para Aqui|1|Para Aqui|1|23889.00|2388.00|0.00|0|0.00|0|1911.00|0|0|0|0|0|0.00|0.00|0.00|0|0|0|10900.00|1|0.00|0|0.00|0|28188.00|0|0.00|0|0.00|0|0.00|0|0.00|0.00|18|73|23889.00|0.00|0.00|0.00|23889.00|0.00|0.00|0.00|0.00|0.00|0.00|0.00|0.00
FPOT|Restaurante|1|Restaurante|1|Para Aqui|1|Para Aqui|1|175094.00|17508.00|0.00|0|0.00|0|14006.00|3|3|0|0|0|0.00|0.00|0.00|0|0|0|0.00|0|0.00|0|0.00|0|206608.00|3|193279.00|2|0.00|0|0.00|0|0.00|0.00|13|56|175094.00|0.00|0.00|0.00|175094.00|0.00|0.00|0.00|0.00|0.00|0.00|0.00|0.00
FPOT|Restaurante|1|Restaurante|1|Para Aqui|1|Para Aqui|1|24630.00|2463.00|0.00|0|0.00|0|1970.00|0|0|0|0|0|0.00|0.00|0.00|0|0|0|0.00|0|0.00|0|0.00|0|29063.00|0|39989.00|1|0.00|0|0.00|0|0.00|0.00|21|85|24630.00|0.00|0.00|0.00|24630.00|0.00|0.00|0.00|0.00|0.00|0.00|0.00|0.00
FPOT|Domicilios|20|Domicilios|20|Para Aqui|1|Para Aqui|1|9260.00|0.00|0.00|0|0.00|0|740.00|2|0|0|0|0|0.00|0.00|0.00|0|0|0|0.00|0|0.00|0|0.00|0|10000.00|2|10000.00|2|0.00|0|0.00|0|0.00|0.00|16|65|9260.00|0.00|0.00|0.00|9260.00|0.00|0.00|0.00|0.00|0.00|0.00|0.00|0.00
FPOT|Domicilios|20|Domicilios|20|Para Aqui|1|Para Aqui|1|0.00|0.00|0.00|0|0.00|0|0.00|0|0|0|0|0|0.00|0.00|0.00|0|0|0|0.00|0|0.00|0|0.00|0|0.00|0|0.00|0|0.00|0|0.00|0|0.00|0.00|19|78|0.00|0.00|0.00|0.00|0.00|0.00|0.00|0.00|0.00|0.00|0.00|0.00|0.00
FPOT|Domicilios|20|Domicilios|20|Para Aqui|1|Para Aqui|1|4630.00|0.00|0.00|0|0.00|0|370.00|1|0|0|0|0|0.00|0.00|0.00|0|0|0|0.00|0|0.00|0|0.00|0|5000.00|1|5000.00|1|0.00|0|0.00|0|0.00|0.00|19|79|4630.00|0.00|0.00|0.00|4630.00|0.00|0.00|0.00|0.00|0.00|0.00|0.00|0.00
FPOT|Plataformas|21|Plataformas|21|Domicilios|7|Domicilios|7|65093.00|0.00|0.00|0|0.00|0|5207.00|1|0|0|0|0|0.00|0.00|0.00|0|0|0|69700.00|2|0.00|0|0.00|0|70300.00|1|70300.00|1|0.00|0|0.00|0|0.00|0.00|13|54|65093.00|0.00|0.00|0.00|65093.00|0.00|0.00|0.00|0.00|0.00|0.00|0.00|0.00
FPOT|Restaurante|1|Restaurante|1|Para Aqui|1|Para Aqui|1|12870.00|1287.00|0.00|0|0.00|0|1030.00|0|0|0|0|0|0.00|0.00|0.00|0|0|0|0.00|0|0.00|0|0.00|0|15192.00|0|124779.00|1|0.00|0|0.00|0|0.00|0.00|14|59|12870.00|0.00|0.00|0.00|12870.00|0.00|0.00|0.00|0.00|0.00|0.00|0.00|0.00
FPOT|Restaurante|1|Restaurante|1|Para Aqui|1|Para Aqui|1|88982.00|8898.00|0.00|0|0.00|0|7118.00|1|1|0|0|0|0.00|0.00|0.00|0|0|0|0.00|0|0.00|0|0.00|0|104998.00|1|0.00|0|0.00|0|0.00|0|0.00|0.00|14|57|88982.00|0.00|0.00|0.00|88982.00|0.00|0.00|0.00|0.00|0.00|0.00|0.00|0.00
FPOT|Domicilios|20|Domicilios|20|Para Aqui|1|Para Aqui|1|4630.00|0.00|0.00|0|0.00|0|370.00|1|0|0|0|0|0.00|0.00|0.00|0|0|0|0.00|0|0.00|0|0.00|0|5000.00|1|5000.00|1|0.00|0|0.00|0|0.00|0.00|15|62|4630.00|0.00|0.00|0.00|4630.00|0.00|0.00|0.00|0.00|0.00|0.00|0.00|0.00
FPOT|Domicilios|20|Domicilios|20|Para Llevar|2|Para Llevar|2|36019.00|0.00|0.00|0|0.00|0|2881.00|1|0|0|0|0|0.00|0.00|0.00|0|0|0|0.00|0|0.00|0|0.00|0|38900.00|1|38900.00|1|0.00|0|0.00|0|0.00|0.00|18|75|36019.00|0.00|0.00|0.00|36019.00|0.00|0.00|0.00|0.00|0.00|0.00|0.00|0.00
FPOT|Domicilios|20|Domicilios|20|Para Aqui|1|Para Aqui|1|16360.00|0.00|0.00|0|0.00|0|1540.00|2|0|0|0|0|0.00|0.00|0.00|0|0|0|20800.00|2|0.00|0|0.00|0|17900.00|2|17900.00|2|0.00|0|0.00|0|0.00|0.00|15|64|19260.00|-2900.00|0.00|0.00|16360.00|0.00|0.00|0.00|0.00|0.00|0.00|0.00|0.00
FPOT|Domicilios|20|Domicilios|20|Para Aqui|1|Para Aqui|1|-30992.00|0.00|-42222.00|4|0.00|0|-3008.00|1|0|0|0|0|0.00|0.00|0.00|0|0|0|0.00|0|0.00|0|0.00|0|-34000.00|1|-34000.00|1|0.00|0|0.00|0|0.00|-3378.00|21|88|-37592.00|6600.00|0.00|0.00|-30992.00|0.00|0.00|0.00|0.00|0.00|0.00|0.00|0.00
FPOT|Plataformas|21|Plataformas|21|Para Aqui|1|Para Aqui|1|0.00|0.00|0.00|0|0.00|0|0.00|0|0|0|0|0|0.00|0.00|0.00|0|0|0|0.00|0|0.00|0|0.00|3|0.00|0|0.00|0|0.00|0|0.00|0|0.00|0.00|17|72|0.00|0.00|0.00|0.00|0.00|0.00|0.00|0.00|0.00|0.00|0.00|0.00|0.00
FPMI|Plataformas|21|Plataformas|21|LIMONADA NATURAL| |9604060|LIMONADA NATURAL| |9604060|BEBIDAS|20|BEBIDAS|20|Jugos|2004|Jugos|2004|Domicilios|7|Domicilios|7|6759.00|0.00|6759.00|0.00|0.00|0.00|6759.00|0.00|6759.00|177|6759.00|1|0|0.00|0.00|0.00|53|13
FPMI|Restaurante|1|Restaurante|1|TINTO COLADO JUAN VALDEZ| |9602120|TINTO COLADO JUAN VALDEZ| |9602120|BEBIDAS|20|BEBIDAS|20|Cafes|2002|Cafes|2002|Para Aqui|1|Para Aqui|1|0.00|0.00|0.00|0.00|0.00|0.00|0.00|0.00|0.00|17|0.00|1|0|0.00|0.00|0.00|59|14
FPMI|Restaurante|1|Restaurante|1|AGUA MANANTIAL SIN GAS 500 ML| |9606135|AGUA MANANTIAL SIN GAS 500 ML| |9606135|BEBIDAS|20|BEBIDAS|20|Gaseosas|2003|Gaseosas|2003|Para Aqui|1|Para Aqui|1|8148.00|0.00|8148.00|0.00|0.00|0.00|8148.00|0.00|8148.00|1|8148.00|1|0|0.00|0.00|0.00|57|14
FPMI|Restaurante|1|Restaurante|1|SODA CITRICA| |9606144|SODA CITRICA| |9606144|BEBIDAS|20|BEBIDAS|20|Gaseosas|2003|Gaseosas|2003|Para Aqui|1|Para Aqui|1|22038.00|0.00|22038.00|0.00|0.00|0.00|22038.00|0.00|22038.00|1|22038.00|2|0|0.00|0.00|0.00|53|13
FPMI|Restaurante|1|Restaurante|1|JUGO DE FRESA EN AGUA 8 ONZ| |9604411|JUGO DE FRESA EN AGUA 8 ONZ| |9604411|BEBIDAS|20|BEBIDAS|20|Jugos|2004|Jugos|2004|Para Aqui|1|Para Aqui|1|3611.00|0.00|3611.00|0.00|0.00|0.00|3611.00|0.00|3611.00|1|3611.00|1|0|0.00|0.00|0.00|70|17
FPMI|Restaurante|1|Restaurante|1|ADICION DE HELADO| |9604336|ADICION DE HELADO| |9604336|BEBIDAS|20|BEBIDAS|20|Jugos|2004|Jugos|2004|Para Aqui|1|Para Aqui|1|5370.00|0.00|5370.00|0.00|0.00|0.00|5370.00|0.00|5370.00|9|5370.00|1|0|0.00|0.00|0.00|79|19
FPMI|Restaurante|1|Restaurante|1|LIMONADA HIERBABUENA| |9604066|LIMONADA HIERBABUENA| |9604066|BEBIDAS|20|BEBIDAS|20|Jugos|2004|Jugos|2004|Para Aqui|1|Para Aqui|1|8519.00|0.00|8519.00|0.00|0.00|0.00|8519.00|0.00|8519.00|1|8519.00|1|0|0.00|0.00|0.00|55|13
FPMI|Plataformas|21|Plataformas|21|ENSALADA CESAR CON POLLO| |9532004|ENSALADA CESAR CON POLLO| |9532004|ALIMENTOS|10|ALIMENTOS|10|Para Empezar|1008|Para Empezar|1008|Domicilios|7|Domicilios|7|73518.00|0.00|73518.00|0.00|0.00|0.00|73518.00|0.00|73518.00|153|73518.00|2|0|0.00|0.00|0.00|73|18
FPMI|Plataformas|21|Plataformas|21|CAZUELA DE FRIJOLES| |9520032|CAZUELA DE FRIJOLES| |9520032|ALIMENTOS|10|ALIMENTOS|10|Cocina Gourmet|1003|Cocina Gourmet|1003|Domicilios|7|Domicilios|7|29444.00|0.00|29444.00|0.00|0.00|0.00|29444.00|0.00|29444.00|177|29444.00|1|0|0.00|0.00|0.00|53|13
FPMI|Restaurante|1|Restaurante|1|Mod CocaCola Original 400ml| |980000102|Mod CocaCola Original 400ml| |980000102|ALIMENTOS|10|ALIMENTOS|10|Condimimentos|1016|Condimimentos|1016|Para Aqui|1|Para Aqui|1|0.00|0.00|0.00|0.00|0.00|0.00|0.00|0.00|0.00|1|0.00|1|0|0.00|0.00|0.00|63|15
FPMI|Restaurante|1|Restaurante|1|Mod A Punto| |980000005|Mod A Punto| |980000005|ALIMENTOS|10|ALIMENTOS|10|Condimimentos|1016|Condimimentos|1016|Para Aqui|1|Para Aqui|1|0.00|0.00|0.00|0.00|0.00|0.00|0.00|0.00|0.00|1|0.00|1|0|0.00|0.00|0.00|53|13
FPMI|Restaurante|1|Restaurante|1|EMPANADA DE QUESO| |9528030|EMPANADA DE QUESO| |9528030|ALIMENTOS|10|ALIMENTOS|10|Para Empezar|1008|Para Empezar|1008|Para Aqui|1|Para Aqui|1|6111.00|0.00|6111.00|0.00|0.00|0.00|6111.00|0.00|6111.00|1|6111.00|1|0|0.00|0.00|0.00|84|20
FPMI|Restaurante|1|Restaurante|1|CANASTA DE 4 EMPANADAS CACHACAS| |9528040|CANASTA DE 4 EMPANADAS CACHACAS| |9528040|ALIMENTOS|10|ALIMENTOS|10|Para Empezar|1008|Para Empezar|1008|Para Aqui|1|Para Aqui|1|45000.00|0.00|45000.00|0.00|0.00|0.00|45000.00|0.00|45000.00|1|45000.00|2|0|0.00|0.00|0.00|75|18
FPMI|Restaurante|1|Restaurante|1|TODO AL TIEMPO| |90000039|TODO AL TIEMPO| |90000039|ALIMENTOS|10|ALIMENTOS|10|Para Empezar|1008|Para Empezar|1008|Para Aqui|1|Para Aqui|1|0.00|0.00|0.00|0.00|0.00|0.00|0.00|0.00|0.00|25|0.00|1|0|0.00|0.00|0.00|70|17
FPMI|Restaurante|1|Restaurante|1|Mod Poco Picante| |980000101|Mod Poco Picante| |980000101|ALIMENTOS|10|ALIMENTOS|10|Condimimentos|1016|Condimimentos|1016|Para Aqui|1|Para Aqui|1|0.00|0.00|0.00|0.00|0.00|0.00|0.00|0.00|0.00|1|0.00|2|0|0.00|0.00|0.00|72|17
FPMI|Restaurante|1|Restaurante|1|TORTA DE CHOCOLATE| |9514020|TORTA DE CHOCOLATE| |9514020|ALIMENTOS|10|ALIMENTOS|10|Postres|1009|Postres|1009|Para Aqui|1|Para Aqui|1|12870.00|0.00|12870.00|0.00|0.00|0.00|12870.00|0.00|12870.00|17|12870.00|1|0|0.00|0.00|0.00|58|14
FPMI|Restaurante|1|Restaurante|1|TRES LECHES| |9514016|TRES LECHES| |9514016|ALIMENTOS|10|ALIMENTOS|10|Postres|1009|Postres|1009|Para Aqui|1|Para Aqui|1|11944.00|0.00|11944.00|0.00|0.00|0.00|11944.00|0.00|11944.00|17|11944.00|1|0|0.00|0.00|0.00|58|14
FPMI|Restaurante|1|Restaurante|1|MJE ALM| |90000037|MJE ALM| |90000037|ALIMENTOS|10|ALIMENTOS|10|Para Empezar|1008|Para Empezar|1008|Para Aqui|1|Para Aqui|1|0.00|0.00|0.00|0.00|0.00|0.00|0.00|0.00|0.00|1|0.00|1|0|0.00|0.00|0.00|58|14
FPMI|Restaurante|1|Restaurante|1|Mod CocaCola Zero 400ml| |980000103|Mod CocaCola Zero 400ml| |980000103|ALIMENTOS|10|ALIMENTOS|10|Condimimentos|1016|Condimimentos|1016|Para Aqui|1|Para Aqui|1|0.00|0.00|0.00|0.00|0.00|0.00|0.00|0.00|0.00|1|0.00|2|0|0.00|0.00|0.00|65|16
FPMI|Restaurante|1|Restaurante|1|COMO ENTRADA| |90000038|COMO ENTRADA| |90000038|ALIMENTOS|10|ALIMENTOS|10|Para Empezar|1008|Para Empezar|1008|Para Aqui|1|Para Aqui|1|0.00|0.00|0.00|0.00|0.00|0.00|0.00|0.00|0.00|41|0.00|2|0|0.00|0.00|0.00|54|13
FPMI|Restaurante|1|Restaurante|1|Mod 3/4| |980000004|Mod 3/4| |980000004|ALIMENTOS|10|ALIMENTOS|10|Condimimentos|1016|Condimimentos|1016|Para Aqui|1|Para Aqui|1|0.00|0.00|0.00|0.00|0.00|0.00|0.00|0.00|0.00|1|0.00|1|0|0.00|0.00|0.00|54|13
FPMI|Restaurante|1|Restaurante|1|AREPA DE CHOCOLO| |9506036|AREPA DE CHOCOLO| |9506036|ALIMENTOS|10|ALIMENTOS|10|Para Empezar|1008|Para Empezar|1008|Para Aqui|1|Para Aqui|1|60555.00|0.00|60555.00|0.00|0.00|0.00|60555.00|0.00|60555.00|1|60555.00|3|0|0.00|0.00|0.00|79|19
FPMI|Restaurante|1|Restaurante|1|AREPA DE HUEVO| |9528012|AREPA DE HUEVO| |9528012|ALIMENTOS|10|ALIMENTOS|10|Para Empezar|1008|Para Empezar|1008|Para Aqui|1|Para Aqui|1|31112.00|0.00|31112.00|0.00|0.00|0.00|31112.00|0.00|31112.00|1|31112.00|4|0|0.00|0.00|0.00|79|19
FPMI|Restaurante|1|Restaurante|1|MJE ALM| |90000037|MJE ALM| |90000037|ALIMENTOS|10|ALIMENTOS|10|Para Empezar|1008|Para Empezar|1008|Para Aqui|1|Para Aqui|1|0.00|0.00|0.00|0.00|0.00|0.00|0.00|0.00|0.00|1|0.00|8|0|0.00|0.00|0.00|77|19
FPMI|Restaurante|1|Restaurante|1|ENSALADA CESAR CON POLLO| |9532004|ENSALADA CESAR CON POLLO| |9532004|ALIMENTOS|10|ALIMENTOS|10|Para Empezar|1008|Para Empezar|1008|Para Aqui|1|Para Aqui|1|35093.00|0.00|35093.00|0.00|0.00|0.00|35093.00|0.00|35093.00|1|35093.00|1|0|0.00|0.00|0.00|55|13
FPMI|Restaurante|1|Restaurante|1|CHICHARRON 90 gr| |9528024|CHICHARRON 90 gr| |9528024|ALIMENTOS|10|ALIMENTOS|10|Para Empezar|1008|Para Empezar|1008|Para Aqui|1|Para Aqui|1|26667.00|0.00|26667.00|0.00|0.00|0.00|26667.00|0.00|26667.00|1|26667.00|1|0|0.00|0.00|0.00|55|13
FPMI|Restaurante|1|Restaurante|1|MJE ALM| |90000037|MJE ALM| |90000037|ALIMENTOS|10|ALIMENTOS|10|Para Empezar|1008|Para Empezar|1008|Para Aqui|1|Para Aqui|1|0.00|0.00|0.00|0.00|0.00|0.00|0.00|0.00|0.00|1|0.00|1|0|0.00|0.00|0.00|79|19
FPMI|Restaurante|1|Restaurante|1|MJE ALM| |90000037|MJE ALM| |90000037|ALIMENTOS|10|ALIMENTOS|10|Para Empezar|1008|Para Empezar|1008|Para Aqui|1|Para Aqui|1|0.00|0.00|0.00|0.00|0.00|0.00|0.00|0.00|0.00|1|0.00|1|0|0.00|0.00|0.00|75|18
FPMI|Restaurante|1|Restaurante|1|AREPA DE CHOCOLO| |9506036|AREPA DE CHOCOLO| |9506036|ALIMENTOS|10|ALIMENTOS|10|Para Empezar|1008|Para Empezar|1008|Para Aqui|1|Para Aqui|1|20185.00|0.00|20185.00|0.00|0.00|0.00|20185.00|0.00|20185.00|1|20185.00|1|0|0.00|0.00|0.00|74|18
FPMI|Restaurante|1|Restaurante|1|Mensaje Bebidas 2024| |980000095|Mensaje Bebidas 2024| |980000095|ALIMENTOS|10|ALIMENTOS|10|Condimimentos|1016|Condimimentos|1016|Para Aqui|1|Para Aqui|1|0.00|0.00|0.00|0.00|0.00|0.00|0.00|0.00|0.00|1|0.00|1|0|0.00|0.00|0.00|52|12
FPMI|Restaurante|1|Restaurante|1|AREPA DE CHOCOLO| |9506036|AREPA DE CHOCOLO| |9506036|ALIMENTOS|10|ALIMENTOS|10|Para Empezar|1008|Para Empezar|1008|Para Aqui|1|Para Aqui|1|60555.00|0.00|60555.00|0.00|0.00|0.00|60555.00|0.00|60555.00|1|60555.00|3|0|0.00|0.00|0.00|52|12
FPMI|Restaurante|1|Restaurante|1|MJE ALM| |90000037|MJE ALM| |90000037|ALIMENTOS|10|ALIMENTOS|10|Para Empezar|1008|Para Empezar|1008|Para Aqui|1|Para Aqui|1|0.00|0.00|0.00|0.00|0.00|0.00|0.00|0.00|0.00|1|0.00|1|0|0.00|0.00|0.00|52|12
FPMI|Restaurante|1|Restaurante|1|PATACON  POLLO Y MAIZ | |9524032|PATACON  POLLO Y MAIZ | |9524032|ALIMENTOS|10|ALIMENTOS|10|Para Empezar|1008|Para Empezar|1008|Para Aqui|1|Para Aqui|1|54444.00|0.00|54444.00|0.00|0.00|0.00|54444.00|0.00|54444.00|1|54444.00|3|0|0.00|0.00|0.00|77|19
FPMI|Restaurante|1|Restaurante|1|LOMO 330 gr CRIOLLA| |9502405|LOMO 330 gr CRIOLLA| |9502405|ALIMENTOS|10|ALIMENTOS|10|Carnes|1002|Carnes|1002|Para Aqui|1|Para Aqui|1|72037.00|0.00|72037.00|0.00|0.00|0.00|72037.00|0.00|72037.00|1|72037.00|1|0|0.00|0.00|0.00|81|20
FPMI|Domicilios|20|Domicilios|20|HAMBURGUESA 125 gr PERSONAL | |9540233|HAMBURGUESA 125 gr PERSONAL | |9540233|ALIMENTOS|10|ALIMENTOS|10|FavoritosDeSiempre|1014|FavoritosDeSiempre|1014|Para Aqui|1|Para Aqui|1|4630.00|0.00|4630.00|0.00|0.00|0.00|4630.00|0.00|4630.00|73|4630.00|1|0|0.00|0.00|0.00|88|21
FPMI|Domicilios|20|Domicilios|20|HAMBURGUESA 125 gr PERSONAL | |9540233|HAMBURGUESA 125 gr PERSONAL | |9540233|ALIMENTOS|10|ALIMENTOS|10|FavoritosDeSiempre|1014|FavoritosDeSiempre|1014|Para Aqui|1|Para Aqui|1|9260.00|0.00|9260.00|0.00|0.00|0.00|9260.00|0.00|9260.00|73|9260.00|2|0|0.00|0.00|0.00|73|18
FPMI|Domicilios|20|Domicilios|20|CHEESECAKE DE FRUTOS ROJOS| |9514161|CHEESECAKE DE FRUTOS ROJOS| |9514161|ALIMENTOS|10|ALIMENTOS|10|Postres|1009|Postres|1009|Para Aqui|1|Para Aqui|1|-32962.00|6600.00|-26362.00|0.00|0.00|0.00|-32962.00|6600.00|-26362.00|73|-32962.00|-2|0|0.00|0.00|0.00|88|21
FPMI|Restaurante|1|Restaurante|1|MOJITO  LULO BACARDI 2x1| |9626216|MOJITO  LULO BACARDI 2x1| |9626216|LICORES|30|LICORES|30|Cocteles|3036|Cocteles|3036|Para Aqui|1|Para Aqui|1|23889.00|0.00|23889.00|0.00|0.00|0.00|23889.00|0.00|23889.00|1|23889.00|1|0|0.00|0.00|0.00|79|19
FPMI|Restaurante|1|Restaurante|1|GASEOSA 400 ml| |9606131|GASEOSA 400 ml| |9606131|BEBIDAS|20|BEBIDAS|20|Gaseosas|2003|Gaseosas|2003|Para Aqui|1|Para Aqui|1|7593.00|0.00|7593.00|0.00|0.00|0.00|7593.00|0.00|7593.00|1|7593.00|1|0|0.00|0.00|0.00|63|15
FPMI|Restaurante|1|Restaurante|1|TINTO COLADO JUAN VALDEZ| |9602120|TINTO COLADO JUAN VALDEZ| |9602120|BEBIDAS|20|BEBIDAS|20|Cafes|2002|Cafes|2002|Para Aqui|1|Para Aqui|1|4537.00|0.00|4537.00|0.00|0.00|0.00|4537.00|0.00|4537.00|1|4537.00|1|0|0.00|0.00|0.00|62|15
FPMI|Restaurante|1|Restaurante|1|JUGO DE MARACUYA EN AGUA| |9604116|JUGO DE MARACUYA EN AGUA| |9604116|BEBIDAS|20|BEBIDAS|20|Jugos|2004|Jugos|2004|Para Aqui|1|Para Aqui|1|20186.00|0.00|20186.00|0.00|0.00|0.00|20186.00|0.00|20186.00|1|20186.00|2|0|0.00|0.00|0.00|55|13
FPMI|Restaurante|1|Restaurante|1|LIMONADA DE COCO| |9604062|LIMONADA DE COCO| |9604062|BEBIDAS|20|BEBIDAS|20|Jugos|2004|Jugos|2004|Para Aqui|1|Para Aqui|1|34260.00|0.00|34260.00|0.00|0.00|0.00|34260.00|0.00|34260.00|1|34260.00|2|0|0.00|0.00|0.00|54|13
FPMI|Restaurante|1|Restaurante|1|JUGO DE MANDARINA| |9604044|JUGO DE MANDARINA| |9604044|BEBIDAS|20|BEBIDAS|20|Jugos|2004|Jugos|2004|Para Aqui|1|Para Aqui|1|28148.00|0.00|28148.00|0.00|0.00|0.00|28148.00|0.00|28148.00|1|28148.00|2|0|0.00|0.00|0.00|50|12
FPMI|Restaurante|1|Restaurante|1|AGUA MANANTIAL SIN GAS 500 ML| |9606135|AGUA MANANTIAL SIN GAS 500 ML| |9606135|BEBIDAS|20|BEBIDAS|20|Gaseosas|2003|Gaseosas|2003|Para Aqui|1|Para Aqui|1|8148.00|0.00|8148.00|0.00|0.00|0.00|8148.00|0.00|8148.00|1|8148.00|1|0|0.00|0.00|0.00|75|18
FPMI|Restaurante|1|Restaurante|1|AROMATICA| |9602088|AROMATICA| |9602088|BEBIDAS|20|BEBIDAS|20|Cafes|2002|Cafes|2002|Para Aqui|1|Para Aqui|1|0.00|0.00|0.00|0.00|0.00|0.00|0.00|0.00|0.00|17|0.00|1|0|0.00|0.00|0.00|79|19
FPMI|Restaurante|1|Restaurante|1|AROMATICA| |9602088|AROMATICA| |9602088|BEBIDAS|20|BEBIDAS|20|Cafes|2002|Cafes|2002|Para Aqui|1|Para Aqui|1|4537.00|0.00|4537.00|0.00|0.00|0.00|4537.00|0.00|4537.00|1|4537.00|1|0|0.00|0.00|0.00|79|19
FPMI|Domicilios|20|Domicilios|20|JUGO DE MORA EN AGUA| |9604108|JUGO DE MORA EN AGUA| |9604108|BEBIDAS|20|BEBIDAS|20|Jugos|2004|Jugos|2004|Para Llevar|2|Para Llevar|2|10093.00|0.00|10093.00|0.00|0.00|0.00|10093.00|0.00|10093.00|73|10093.00|1|0|0.00|0.00|0.00|51|12
FPMI|Plataformas|21|Plataformas|21|LOMO PROVENZAL| |9502013|LOMO PROVENZAL| |9502013|ALIMENTOS|10|ALIMENTOS|10|Carnes|1002|Carnes|1002|Domicilios|7|Domicilios|7|24074.00|0.00|24074.00|0.00|0.00|0.00|24074.00|0.00|24074.00|161|24074.00|1|0|0.00|0.00|0.00|54|13
FPMI|Restaurante|1|Restaurante|1|COMBO HAMBURGUESA CAMPESINA 125 gr| |9508031|COMBO HAMBURGUESA CAMPESINA 125 gr| |9508031|ALIMENTOS|10|ALIMENTOS|10|Cocina Gourmet|1003|Cocina Gourmet|1003|Para Aqui|1|Para Aqui|1|29259.00|0.00|29259.00|0.00|0.00|0.00|29259.00|0.00|29259.00|1|29259.00|1|0|0.00|0.00|0.00|64|15
FPMI|Restaurante|1|Restaurante|1|AREPA DE CHOCOLO| |9506036|AREPA DE CHOCOLO| |9506036|ALIMENTOS|10|ALIMENTOS|10|Para Empezar|1008|Para Empezar|1008|Para Aqui|1|Para Aqui|1|20185.00|0.00|20185.00|0.00|0.00|0.00|20185.00|0.00|20185.00|1|20185.00|1|0|0.00|0.00|0.00|84|20
FPMI|Restaurante|1|Restaurante|1|SANCOCHO TRIFASICO| |9520004|SANCOCHO TRIFASICO| |9520004|ALIMENTOS|10|ALIMENTOS|10|Cocina Gourmet|1003|Cocina Gourmet|1003|Para Aqui|1|Para Aqui|1|88518.00|0.00|88518.00|0.00|0.00|0.00|88518.00|0.00|88518.00|1|88518.00|2|0|0.00|0.00|0.00|65|16
FPMI|Restaurante|1|Restaurante|1|CREMA DE TOMATE DE LA PLAZA| |9520028|CREMA DE TOMATE DE LA PLAZA| |9520028|ALIMENTOS|10|ALIMENTOS|10|Cocina Gourmet|1003|Cocina Gourmet|1003|Para Aqui|1|Para Aqui|1|17037.00|0.00|17037.00|0.00|0.00|0.00|17037.00|0.00|17037.00|1|17037.00|1|0|0.00|0.00|0.00|54|13
FPMI|Restaurante|1|Restaurante|1|CHORIZO ANTIOQUENO 100 gr| |9502084|CHORIZO ANTIOQUENO 100 gr| |9502084|ALIMENTOS|10|ALIMENTOS|10|Carnes|1002|Carnes|1002|Para Aqui|1|Para Aqui|1|13519.00|0.00|13519.00|0.00|0.00|0.00|13519.00|0.00|13519.00|1|13519.00|1|0|0.00|0.00|0.00|79|19
FPMI|Restaurante|1|Restaurante|1|CALENTADO ANDRES| |9518004|CALENTADO ANDRES| |9518004|ALIMENTOS|10|ALIMENTOS|10|Cocina Gourmet|1003|Cocina Gourmet|1003|Para Aqui|1|Para Aqui|1|35093.00|0.00|35093.00|0.00|0.00|0.00|35093.00|0.00|35093.00|1|35093.00|1|0|0.00|0.00|0.00|50|12
FPMI|Restaurante|1|Restaurante|1|CALENTADO DE CARNES| |9518011|CALENTADO DE CARNES| |9518011|ALIMENTOS|10|ALIMENTOS|10|Cocina Gourmet|1003|Cocina Gourmet|1003|Para Aqui|1|Para Aqui|1|35093.00|0.00|35093.00|0.00|0.00|0.00|35093.00|0.00|35093.00|1|35093.00|1|0|0.00|0.00|0.00|50|12
FPMI|Restaurante|1|Restaurante|1|Mensaje Bebidas 2024| |980000095|Mensaje Bebidas 2024| |980000095|ALIMENTOS|10|ALIMENTOS|10|Condimimentos|1016|Condimimentos|1016|Para Aqui|1|Para Aqui|1|0.00|0.00|0.00|0.00|0.00|0.00|0.00|0.00|0.00|1|0.00|1|0|0.00|0.00|0.00|55|13
FPMI|Restaurante|1|Restaurante|1|LONGANIZA 100 gr| |9502092|LONGANIZA 100 gr| |9502092|ALIMENTOS|10|ALIMENTOS|10|Carnes|1002|Carnes|1002|Para Aqui|1|Para Aqui|1|12593.00|0.00|12593.00|0.00|0.00|0.00|12593.00|0.00|12593.00|1|12593.00|1|0|0.00|0.00|0.00|82|20
FPMI|Restaurante|1|Restaurante|1|CHICHARRON 90 gr| |9528024|CHICHARRON 90 gr| |9528024|ALIMENTOS|10|ALIMENTOS|10|Para Empezar|1008|Para Empezar|1008|Para Aqui|1|Para Aqui|1|26667.00|0.00|26667.00|0.00|0.00|0.00|26667.00|0.00|26667.00|1|26667.00|1|0|0.00|0.00|0.00|82|20
FPMI|Restaurante|1|Restaurante|1|SANCOCHO TRIFASICO| |9520004|SANCOCHO TRIFASICO| |9520004|ALIMENTOS|10|ALIMENTOS|10|Cocina Gourmet|1003|Cocina Gourmet|1003|Para Aqui|1|Para Aqui|1|44259.00|0.00|44259.00|0.00|0.00|0.00|44259.00|0.00|44259.00|1|44259.00|1|0|0.00|0.00|0.00|55|13
FPMI|Restaurante|1|Restaurante|1|COSTILLAS DE CERDO 410 gr  CRIOLLA| |9502361|COSTILLAS DE CERDO 410 gr  CRIOLLA| |9502361|ALIMENTOS|10|ALIMENTOS|10|Carnes|1002|Carnes|1002|Para Aqui|1|Para Aqui|1|51667.00|0.00|51667.00|0.00|0.00|0.00|51667.00|0.00|51667.00|1|51667.00|1|0|0.00|0.00|0.00|76|18
FPMI|Restaurante|1|Restaurante|1|AREPA BOYACENSE| |9528020|AREPA BOYACENSE| |9528020|ALIMENTOS|10|ALIMENTOS|10|Para Empezar|1008|Para Empezar|1008|Para Aqui|1|Para Aqui|1|13704.00|0.00|13704.00|0.00|0.00|0.00|13704.00|0.00|13704.00|1|13704.00|2|0|0.00|0.00|0.00|75|18
FPMI|Restaurante|1|Restaurante|1|AREPA DE HUEVO Y CARNE DESMECHADA| |9528059|AREPA DE HUEVO Y CARNE DESMECHADA| |9528059|ALIMENTOS|10|ALIMENTOS|10|Para Empezar|1008|Para Empezar|1008|Para Aqui|1|Para Aqui|1|13519.00|0.00|13519.00|0.00|0.00|0.00|13519.00|0.00|13519.00|1|13519.00|1|0|0.00|0.00|0.00|77|19
FPMI|Domicilios|20|Domicilios|20|HAMBURGUESA 125 gr PERSONAL | |9540233|HAMBURGUESA 125 gr PERSONAL | |9540233|ALIMENTOS|10|ALIMENTOS|10|FavoritosDeSiempre|1014|FavoritosDeSiempre|1014|Para Aqui|1|Para Aqui|1|4630.00|0.00|4630.00|0.00|0.00|0.00|4630.00|0.00|4630.00|73|4630.00|1|0|0.00|0.00|0.00|62|15
FPMI|Domicilios|20|Domicilios|20|HAMBURGUESA 125 gr PERSONAL | |9540233|HAMBURGUESA 125 gr PERSONAL | |9540233|ALIMENTOS|10|ALIMENTOS|10|FavoritosDeSiempre|1014|FavoritosDeSiempre|1014|Para Aqui|1|Para Aqui|1|9260.00|0.00|9260.00|0.00|0.00|0.00|9260.00|0.00|9260.00|73|9260.00|2|0|0.00|0.00|0.00|65|16
FPMI|Domicilios|20|Domicilios|20|HAMBURGUESA 125 gr PERSONAL | |9540233|HAMBURGUESA 125 gr PERSONAL | |9540233|ALIMENTOS|10|ALIMENTOS|10|FavoritosDeSiempre|1014|FavoritosDeSiempre|1014|Para Aqui|1|Para Aqui|1|9260.00|0.00|9260.00|0.00|0.00|0.00|9260.00|0.00|9260.00|73|9260.00|2|0|0.00|0.00|0.00|68|16
FPMI|Restaurante|1|Restaurante|1|CERVEZA CORONA| |9608012|CERVEZA CORONA| |9608012|LICORES|30|LICORES|30|Cerveza Nac|3009|Cerveza Nac|3009|Para Aqui|1|Para Aqui|1|25556.00|0.00|25556.00|0.00|0.00|0.00|25556.00|0.00|25556.00|1|25556.00|2|0|0.00|0.00|0.00|60|14
FPMI|Restaurante|1|Restaurante|1|MOJITO  LULO BACARDI 2x1| |9626216|MOJITO  LULO BACARDI 2x1| |9626216|LICORES|30|LICORES|30|Cocteles|3036|Cocteles|3036|Para Aqui|1|Para Aqui|1|23889.00|0.00|23889.00|0.00|0.00|0.00|23889.00|0.00|23889.00|1|23889.00|1|0|0.00|0.00|0.00|73|18
FPMI|Restaurante|1|Restaurante|1|MOJITO  LULO BACARDI 2x1| |9626216|MOJITO  LULO BACARDI 2x1| |9626216|LICORES|30|LICORES|30|Cocteles|3036|Cocteles|3036|Para Aqui|1|Para Aqui|1|47778.00|0.00|47778.00|0.00|0.00|0.00|47778.00|0.00|47778.00|1|47778.00|2|0|0.00|0.00|0.00|72|17
FPMI|Restaurante|1|Restaurante|1|AGUARDIENTE ANTIOQUENO SIN AZUCAR BOT.| |9612006|AGUARDIENTE ANTIOQUENO SIN AZUCAR BOT.| |9612006|LICORES|30|LICORES|30|Aguardiente BT|3002|Aguardiente BT|3002|Para Aqui|1|Para Aqui|1|128704.00|0.00|128704.00|0.00|0.00|0.00|128704.00|0.00|128704.00|1|128704.00|1|0|0.00|0.00|0.00|65|16
FPMI|Restaurante|1|Restaurante|1|PONCHE GUANABANA - FRESA EN LECHE| |9604356|PONCHE GUANABANA - FRESA EN LECHE| |9604356|BEBIDAS|20|BEBIDAS|20|Jugos|2004|Jugos|2004|Para Aqui|1|Para Aqui|1|14630.00|0.00|14630.00|0.00|0.00|0.00|14630.00|0.00|14630.00|1|14630.00|1|0|0.00|0.00|0.00|63|15
FPMI|Restaurante|1|Restaurante|1|LIMONADA DE COCO| |9604062|LIMONADA DE COCO| |9604062|BEBIDAS|20|BEBIDAS|20|Jugos|2004|Jugos|2004|Para Aqui|1|Para Aqui|1|17130.00|0.00|17130.00|0.00|0.00|0.00|17130.00|0.00|17130.00|1|17130.00|1|0|0.00|0.00|0.00|84|20
FPMI|Restaurante|1|Restaurante|1|AROMATICA| |9602088|AROMATICA| |9602088|BEBIDAS|20|BEBIDAS|20|Cafes|2002|Cafes|2002|Para Aqui|1|Para Aqui|1|0.00|0.00|0.00|0.00|0.00|0.00|0.00|0.00|0.00|17|0.00|1|0|0.00|0.00|0.00|58|14
FPMI|Restaurante|1|Restaurante|1|JUGO DE MANDARINA| |9604044|JUGO DE MANDARINA| |9604044|BEBIDAS|20|BEBIDAS|20|Jugos|2004|Jugos|2004|Para Aqui|1|Para Aqui|1|14074.00|0.00|14074.00|0.00|0.00|0.00|14074.00|0.00|14074.00|1|14074.00|1|0|0.00|0.00|0.00|79|19
FPMI|Restaurante|1|Restaurante|1|CHOLAO| |9604268|CHOLAO| |9604268|BEBIDAS|20|BEBIDAS|20|Jugos|2004|Jugos|2004|Para Aqui|1|Para Aqui|1|16574.00|0.00|16574.00|0.00|0.00|0.00|16574.00|0.00|16574.00|1|16574.00|1|0|0.00|0.00|0.00|79|19
FPMI|Restaurante|1|Restaurante|1|JUGO DE MANDARINA| |9604044|JUGO DE MANDARINA| |9604044|BEBIDAS|20|BEBIDAS|20|Jugos|2004|Jugos|2004|Para Aqui|1|Para Aqui|1|14074.00|0.00|14074.00|0.00|0.00|0.00|14074.00|0.00|14074.00|1|14074.00|1|0|0.00|0.00|0.00|56|13
FPMI|Restaurante|1|Restaurante|1|TINTO COLADO JUAN VALDEZ| |9602120|TINTO COLADO JUAN VALDEZ| |9602120|BEBIDAS|20|BEBIDAS|20|Cafes|2002|Cafes|2002|Para Aqui|1|Para Aqui|1|4537.00|0.00|4537.00|0.00|0.00|0.00|4537.00|0.00|4537.00|1|4537.00|1|0|0.00|0.00|0.00|60|14
FPMI|Plataformas|21|Plataformas|21|MADURITOS| |9500252|MADURITOS| |9500252|ALIMENTOS|10|ALIMENTOS|10|Para Empezar|1008|Para Empezar|1008|Domicilios|7|Domicilios|7|3426.00|0.00|3426.00|0.00|0.00|0.00|3426.00|0.00|3426.00|153|3426.00|1|0|0.00|0.00|0.00|53|13
FPMI|Restaurante|1|Restaurante|1|Mod CocaCola Original 400ml| |980000102|Mod CocaCola Original 400ml| |980000102|ALIMENTOS|10|ALIMENTOS|10|Condimimentos|1016|Condimimentos|1016|Para Aqui|1|Para Aqui|1|0.00|0.00|0.00|0.00|0.00|0.00|0.00|0.00|0.00|1|0.00|1|0|0.00|0.00|0.00|61|15
FPMI|Restaurante|1|Restaurante|1|BANDEJA PAISA| |9520036|BANDEJA PAISA| |9520036|ALIMENTOS|10|ALIMENTOS|10|Cocina Gourmet|1003|Cocina Gourmet|1003|Para Aqui|1|Para Aqui|1|42500.00|0.00|42500.00|0.00|0.00|0.00|42500.00|0.00|42500.00|1|42500.00|1|0|0.00|0.00|0.00|63|15
FPMI|Restaurante|1|Restaurante|1|FUSILLI POMODORO| |9516150|FUSILLI POMODORO| |9516150|ALIMENTOS|10|ALIMENTOS|10|Cocina Gourmet|1003|Cocina Gourmet|1003|Para Aqui|1|Para Aqui|1|24444.00|0.00|24444.00|0.00|0.00|0.00|24444.00|0.00|24444.00|1|24444.00|1|0|0.00|0.00|0.00|63|15
FPMI|Restaurante|1|Restaurante|1|PORCION POLLO DESMECHADO| |9500328|PORCION POLLO DESMECHADO| |9500328|ALIMENTOS|10|ALIMENTOS|10|Para Empezar|1008|Para Empezar|1008|Para Aqui|1|Para Aqui|1|8241.00|0.00|8241.00|0.00|0.00|0.00|8241.00|0.00|8241.00|1|8241.00|1|0|0.00|0.00|0.00|63|15
FPMI|Restaurante|1|Restaurante|1|PORCION DE ARROZ COCO| |9500068|PORCION DE ARROZ COCO| |9500068|ALIMENTOS|10|ALIMENTOS|10|Para Empezar|1008|Para Empezar|1008|Para Aqui|1|Para Aqui|1|6944.00|0.00|6944.00|0.00|0.00|0.00|6944.00|0.00|6944.00|1|6944.00|1|0|0.00|0.00|0.00|62|15
FPMI|Restaurante|1|Restaurante|1|AREPA DE CHOCOLO| |9506036|AREPA DE CHOCOLO| |9506036|ALIMENTOS|10|ALIMENTOS|10|Para Empezar|1008|Para Empezar|1008|Para Aqui|1|Para Aqui|1|20185.00|0.00|20185.00|0.00|0.00|0.00|20185.00|0.00|20185.00|1|20185.00|1|0|0.00|0.00|0.00|53|13
FPMI|Restaurante|1|Restaurante|1|COMO ENTRADA| |90000038|COMO ENTRADA| |90000038|ALIMENTOS|10|ALIMENTOS|10|Para Empezar|1008|Para Empezar|1008|Para Aqui|1|Para Aqui|1|0.00|0.00|0.00|0.00|0.00|0.00|0.00|0.00|0.00|1|0.00|1|0|0.00|0.00|0.00|53|13
FPMI|Restaurante|1|Restaurante|1|LOMO 220 gr PAPA FRANCESA| |9502511|LOMO 220 gr PAPA FRANCESA| |9502511|ALIMENTOS|10|ALIMENTOS|10|Carnes|1002|Carnes|1002|Para Aqui|1|Para Aqui|1|108888.00|0.00|108888.00|0.00|0.00|0.00|108888.00|0.00|108888.00|1|108888.00|2|0|0.00|0.00|0.00|55|13
FPMI|Restaurante|1|Restaurante|1|CocaColaOriginal 16oz| |980000096|CocaColaOriginal 16oz| |980000096|ALIMENTOS|10|ALIMENTOS|10|Condimimentos|1016|Condimimentos|1016|Para Aqui|1|Para Aqui|1|0.00|0.00|0.00|0.00|0.00|0.00|0.00|0.00|0.00|9|0.00|1|0|0.00|0.00|0.00|64|15
FPMI|Restaurante|1|Restaurante|1|AJIACO NINOS| |9542004|AJIACO NINOS| |9542004|ALIMENTOS|10|ALIMENTOS|10|Para Empezar|1008|Para Empezar|1008|Para Aqui|1|Para Aqui|1|19444.00|0.00|19444.00|0.00|0.00|0.00|19444.00|0.00|19444.00|1|19444.00|1|0|0.00|0.00|0.00|70|17
FPMI|Restaurante|1|Restaurante|1|SOPA DE LA ABUELA | |9504120|SOPA DE LA ABUELA | |9504120|ALIMENTOS|10|ALIMENTOS|10|Del Rio Del Mar|1004|Del Rio Del Mar|1004|Para Aqui|1|Para Aqui|1|31112.00|0.00|31112.00|0.00|0.00|0.00|31112.00|0.00|31112.00|1|31112.00|2|0|0.00|0.00|0.00|72|17
FPMI|Restaurante|1|Restaurante|1|CALENTADO ANDRES| |9518004|CALENTADO ANDRES| |9518004|ALIMENTOS|10|ALIMENTOS|10|Cocina Gourmet|1003|Cocina Gourmet|1003|Para Aqui|1|Para Aqui|1|35093.00|0.00|35093.00|0.00|0.00|0.00|35093.00|0.00|35093.00|1|35093.00|1|0|0.00|0.00|0.00|56|13
FPMI|Restaurante|1|Restaurante|1|MJE ALM| |90000037|MJE ALM| |90000037|ALIMENTOS|10|ALIMENTOS|10|Para Empezar|1008|Para Empezar|1008|Para Aqui|1|Para Aqui|1|0.00|0.00|0.00|0.00|0.00|0.00|0.00|0.00|0.00|1|0.00|2|0|0.00|0.00|0.00|65|16
FPMI|Restaurante|1|Restaurante|1|LOMO PROVENZAL| |9502013|LOMO PROVENZAL| |9502013|ALIMENTOS|10|ALIMENTOS|10|Carnes|1002|Carnes|1002|Para Aqui|1|Para Aqui|1|35741.00|0.00|35741.00|0.00|0.00|0.00|35741.00|0.00|35741.00|1|35741.00|1|0|0.00|0.00|0.00|54|13
FPMI|Restaurante|1|Restaurante|1|CHUNCHULLO x 200 gr| |9502072|CHUNCHULLO x 200 gr| |9502072|ALIMENTOS|10|ALIMENTOS|10|Carnes|1002|Carnes|1002|Para Aqui|1|Para Aqui|1|23056.00|0.00|23056.00|0.00|0.00|0.00|23056.00|0.00|23056.00|1|23056.00|1|0|0.00|0.00|0.00|79|19
FPMI|Restaurante|1|Restaurante|1|LONGANIZA 100 gr| |9502092|LONGANIZA 100 gr| |9502092|ALIMENTOS|10|ALIMENTOS|10|Carnes|1002|Carnes|1002|Para Aqui|1|Para Aqui|1|12593.00|0.00|12593.00|0.00|0.00|0.00|12593.00|0.00|12593.00|1|12593.00|1|0|0.00|0.00|0.00|79|19
FPMI|Restaurante|1|Restaurante|1|CANASTA DE 4 EMPANADAS CACHACAS| |9528040|CANASTA DE 4 EMPANADAS CACHACAS| |9528040|ALIMENTOS|10|ALIMENTOS|10|Para Empezar|1008|Para Empezar|1008|Para Aqui|1|Para Aqui|1|22500.00|0.00|22500.00|0.00|0.00|0.00|22500.00|0.00|22500.00|1|22500.00|1|0|0.00|0.00|0.00|53|13
FPMI|Restaurante|1|Restaurante|1|PICADA PERSONAL 400 gr CASCO| |9502448|PICADA PERSONAL 400 gr CASCO| |9502448|ALIMENTOS|10|ALIMENTOS|10|Carnes|1002|Carnes|1002|Para Aqui|1|Para Aqui|1|50741.00|0.00|50741.00|0.00|0.00|0.00|50741.00|0.00|50741.00|1|50741.00|1|0|0.00|0.00|0.00|77|19
FPMI|Restaurante|1|Restaurante|1|PATACON CARNE DESMECHADA| |9524028|PATACON CARNE DESMECHADA| |9524028|ALIMENTOS|10|ALIMENTOS|10|Para Empezar|1008|Para Empezar|1008|Para Aqui|1|Para Aqui|1|24630.00|0.00|24630.00|0.00|0.00|0.00|24630.00|0.00|24630.00|1|24630.00|1|0|0.00|0.00|0.00|85|21
FPMI|Restaurante|1|Restaurante|1|SALMON EN SALSA NUQUI 200 gr ARROZ COCO| |9504180|SALMON EN SALSA NUQUI 200 gr ARROZ COCO| |9504180|ALIMENTOS|10|ALIMENTOS|10|Del Rio Del Mar|1004|Del Rio Del Mar|1004|Para Aqui|1|Para Aqui|1|50833.00|0.00|50833.00|0.00|0.00|0.00|50833.00|0.00|50833.00|1|50833.00|1|0|0.00|0.00|0.00|56|13
FPMI|Restaurante|1|Restaurante|1|HAMBURGUESA MILAGROSA 180 gr| |9508038|HAMBURGUESA MILAGROSA 180 gr| |9508038|ALIMENTOS|10|ALIMENTOS|10|Cocina Gourmet|1003|Cocina Gourmet|1003|Para Aqui|1|Para Aqui|1|23889.00|0.00|23889.00|0.00|0.00|0.00|23889.00|0.00|23889.00|1|23889.00|1|0|0.00|0.00|0.00|77|19
FPMI|Restaurante|1|Restaurante|1|PAELLA| |9518028|PAELLA| |9518028|ALIMENTOS|10|ALIMENTOS|10|Cocina Gourmet|1003|Cocina Gourmet|1003|Para Aqui|1|Para Aqui|1|46204.00|0.00|46204.00|0.00|0.00|0.00|46204.00|0.00|46204.00|1|46204.00|1|0|0.00|0.00|0.00|55|13
FPMI|Restaurante|1|Restaurante|1|Mod 3/4| |980000004|Mod 3/4| |980000004|ALIMENTOS|10|ALIMENTOS|10|Condimimentos|1016|Condimimentos|1016|Para Aqui|1|Para Aqui|1|0.00|0.00|0.00|0.00|0.00|0.00|0.00|0.00|0.00|1|0.00|1|0|0.00|0.00|0.00|81|20
FPMI|Domicilios|20|Domicilios|20|HAMBURGUESA 125 gr PERSONAL | |9540233|HAMBURGUESA 125 gr PERSONAL | |9540233|ALIMENTOS|10|ALIMENTOS|10|FavoritosDeSiempre|1014|FavoritosDeSiempre|1014|Para Aqui|1|Para Aqui|1|9260.00|0.00|9260.00|0.00|0.00|0.00|9260.00|0.00|9260.00|73|9260.00|2|0|0.00|0.00|0.00|72|17
FPMI|Domicilios|20|Domicilios|20|HAMBURGUESA 125 gr PERSONAL | |9540233|HAMBURGUESA 125 gr PERSONAL | |9540233|ALIMENTOS|10|ALIMENTOS|10|FavoritosDeSiempre|1014|FavoritosDeSiempre|1014|Para Aqui|1|Para Aqui|1|-9260.00|0.00|-9260.00|0.00|0.00|0.00|-9260.00|0.00|-9260.00|73|-9260.00|-2|0|0.00|0.00|0.00|88|21
FPMI|Domicilios|20|Domicilios|20|Mensaje Bebidas 2024| |980000095|Mensaje Bebidas 2024| |980000095|ALIMENTOS|10|ALIMENTOS|10|Condimimentos|1016|Condimimentos|1016|Para Llevar|2|Para Llevar|2|0.00|0.00|0.00|0.00|0.00|0.00|0.00|0.00|0.00|1|0.00|1|0|0.00|0.00|0.00|51|12
FPMI|Restaurante|1|Restaurante|1|MOJITO  FRUTOS ROJOS BACARDI 2x1 | |9626215|MOJITO  FRUTOS ROJOS BACARDI 2x1 | |9626215|LICORES|30|LICORES|30|Cocteles|3036|Cocteles|3036|Para Aqui|1|Para Aqui|1|23889.00|0.00|23889.00|0.00|0.00|0.00|23889.00|0.00|23889.00|1|23889.00|1|0|0.00|0.00|0.00|79|19
FPMI|Restaurante|1|Restaurante|1|MOJITO BACARDI 2x1| |9626031|MOJITO BACARDI 2x1| |9626031|LICORES|30|LICORES|30|Cocteles|3036|Cocteles|3036|Para Aqui|1|Para Aqui|1|47778.00|0.00|47778.00|0.00|0.00|0.00|47778.00|0.00|47778.00|1|47778.00|2|0|0.00|0.00|0.00|82|20
FPMI|Plataformas|21|Plataformas|21|GASEOSA 400 ml| |9606131|GASEOSA 400 ml| |9606131|BEBIDAS|20|BEBIDAS|20|Gaseosas|2003|Gaseosas|2003|Domicilios|7|Domicilios|7|15926.00|0.00|15926.00|0.00|0.00|0.00|15926.00|0.00|15926.00|153|15926.00|2|0|0.00|0.00|0.00|62|15
FPMI|Restaurante|1|Restaurante|1|JUGO DE MANGO EN AGUA| |9604156|JUGO DE MANGO EN AGUA| |9604156|BEBIDAS|20|BEBIDAS|20|Jugos|2004|Jugos|2004|Para Aqui|1|Para Aqui|1|10093.00|0.00|10093.00|0.00|0.00|0.00|10093.00|0.00|10093.00|1|10093.00|1|0|0.00|0.00|0.00|62|15
FPMI|Restaurante|1|Restaurante|1|JUGO DE MORA EN AGUA| |9604108|JUGO DE MORA EN AGUA| |9604108|BEBIDAS|20|BEBIDAS|20|Jugos|2004|Jugos|2004|Para Aqui|1|Para Aqui|1|10093.00|0.00|10093.00|0.00|0.00|0.00|10093.00|0.00|10093.00|1|10093.00|1|0|0.00|0.00|0.00|79|19
FPMI|Restaurante|1|Restaurante|1|JUGO DE MANDARINA| |9604044|JUGO DE MANDARINA| |9604044|BEBIDAS|20|BEBIDAS|20|Jugos|2004|Jugos|2004|Para Aqui|1|Para Aqui|1|14074.00|0.00|14074.00|0.00|0.00|0.00|14074.00|0.00|14074.00|1|14074.00|1|0|0.00|0.00|0.00|55|13
FPMI|Restaurante|1|Restaurante|1|AROMATICA| |9602088|AROMATICA| |9602088|BEBIDAS|20|BEBIDAS|20|Cafes|2002|Cafes|2002|Para Aqui|1|Para Aqui|1|4537.00|0.00|4537.00|0.00|0.00|0.00|4537.00|0.00|4537.00|1|4537.00|1|0|0.00|0.00|0.00|75|18
FPMI|Restaurante|1|Restaurante|1|JUGO DE MARACUYA EN AGUA| |9604116|JUGO DE MARACUYA EN AGUA| |9604116|BEBIDAS|20|BEBIDAS|20|Jugos|2004|Jugos|2004|Para Aqui|1|Para Aqui|1|10093.00|0.00|10093.00|0.00|0.00|0.00|10093.00|0.00|10093.00|1|10093.00|1|0|0.00|0.00|0.00|77|19
FPMI|Plataformas|21|Plataformas|21|Mod CocaCola Original 400ml| |980000102|Mod CocaCola Original 400ml| |980000102|ALIMENTOS|10|ALIMENTOS|10|Condimimentos|1016|Condimimentos|1016|Domicilios|7|Domicilios|7|0.00|0.00|0.00|0.00|0.00|0.00|0.00|0.00|0.00|1|0.00|1|0|0.00|0.00|0.00|62|15
FPMI|Plataformas|21|Plataformas|21|GALLETAS DE OJITOS| |9514100|GALLETAS DE OJITOS| |9514100|ALIMENTOS|10|ALIMENTOS|10|Postres|1009|Postres|1009|Domicilios|7|Domicilios|7|3426.00|0.00|3426.00|0.00|0.00|0.00|3426.00|0.00|3426.00|153|3426.00|1|0|0.00|0.00|0.00|62|15
FPMI|Restaurante|1|Restaurante|1|CHULETA DE CERDO 300 gr FRANCESA| |9502583|CHULETA DE CERDO 300 gr FRANCESA| |9502583|ALIMENTOS|10|ALIMENTOS|10|Carnes|1002|Carnes|1002|Para Aqui|1|Para Aqui|1|35000.00|0.00|35000.00|0.00|0.00|0.00|35000.00|0.00|35000.00|1|35000.00|1|0|0.00|0.00|0.00|62|15
FPMI|Restaurante|1|Restaurante|1|SALMON A LA PLANCHA 200 gr ARROZ COCO| |9504170|SALMON A LA PLANCHA 200 gr ARROZ COCO| |9504170|ALIMENTOS|10|ALIMENTOS|10|Del Rio Del Mar|1004|Del Rio Del Mar|1004|Para Aqui|1|Para Aqui|1|48056.00|0.00|48056.00|0.00|0.00|0.00|48056.00|0.00|48056.00|1|48056.00|1|0|0.00|0.00|0.00|57|14
FPMI|Restaurante|1|Restaurante|1|RED VELVET| |9514160|RED VELVET| |9514160|ALIMENTOS|10|ALIMENTOS|10|Postres|1009|Postres|1009|Para Aqui|1|Para Aqui|1|12870.00|0.00|12870.00|0.00|0.00|0.00|12870.00|0.00|12870.00|17|12870.00|1|0|0.00|0.00|0.00|59|14
FPMI|Restaurante|1|Restaurante|1|MJE ALM| |90000037|MJE ALM| |90000037|ALIMENTOS|10|ALIMENTOS|10|Para Empezar|1008|Para Empezar|1008|Para Aqui|1|Para Aqui|1|0.00|0.00|0.00|0.00|0.00|0.00|0.00|0.00|0.00|1|0.00|1|0|0.00|0.00|0.00|59|14
FPMI|Restaurante|1|Restaurante|1|PATACON CON HOGAO| |9524044|PATACON CON HOGAO| |9524044|ALIMENTOS|10|ALIMENTOS|10|Para Empezar|1008|Para Empezar|1008|Para Aqui|1|Para Aqui|1|10000.00|0.00|10000.00|0.00|0.00|0.00|10000.00|0.00|10000.00|1|10000.00|1|0|0.00|0.00|0.00|55|13
FPMI|Restaurante|1|Restaurante|1|EMPANADA DE CARNE | |9528004|EMPANADA DE CARNE | |9528004|ALIMENTOS|10|ALIMENTOS|10|Para Empezar|1008|Para Empezar|1008|Para Aqui|1|Para Aqui|1|6111.00|0.00|6111.00|0.00|0.00|0.00|6111.00|0.00|6111.00|1|6111.00|1|0|0.00|0.00|0.00|76|18
FPMI|Restaurante|1|Restaurante|1|AREPA DE CHOCOLO| |9506036|AREPA DE CHOCOLO| |9506036|ALIMENTOS|10|ALIMENTOS|10|Para Empezar|1008|Para Empezar|1008|Para Aqui|1|Para Aqui|1|20185.00|0.00|20185.00|0.00|0.00|0.00|20185.00|0.00|20185.00|1|20185.00|1|0|0.00|0.00|0.00|70|17
FPMI|Restaurante|1|Restaurante|1|MJE ALM| |90000037|MJE ALM| |90000037|ALIMENTOS|10|ALIMENTOS|10|Para Empezar|1008|Para Empezar|1008|Para Aqui|1|Para Aqui|1|0.00|0.00|0.00|0.00|0.00|0.00|0.00|0.00|0.00|1|0.00|1|0|0.00|0.00|0.00|56|13
FPMI|Restaurante|1|Restaurante|1|SALMON EN SALSA NUQUI 200 gr PATACON| |9504198|SALMON EN SALSA NUQUI 200 gr PATACON| |9504198|ALIMENTOS|10|ALIMENTOS|10|Del Rio Del Mar|1004|Del Rio Del Mar|1004|Para Aqui|1|Para Aqui|1|50833.00|0.00|50833.00|0.00|0.00|0.00|50833.00|0.00|50833.00|1|50833.00|1|0|0.00|0.00|0.00|54|13
FPMI|Restaurante|1|Restaurante|1|AREPA DE HUEVO| |9528012|AREPA DE HUEVO| |9528012|ALIMENTOS|10|ALIMENTOS|10|Para Empezar|1008|Para Empezar|1008|Para Aqui|1|Para Aqui|1|-15556.00|0.00|-15556.00|0.00|0.00|0.00|-15556.00|0.00|-15556.00|1|-15556.00|-2|0|0.00|0.00|0.00|83|20
FPMI|Restaurante|1|Restaurante|1|COMO ENTRADA| |90000038|COMO ENTRADA| |90000038|ALIMENTOS|10|ALIMENTOS|10|Para Empezar|1008|Para Empezar|1008|Para Aqui|1|Para Aqui|1|0.00|0.00|0.00|0.00|0.00|0.00|0.00|0.00|0.00|9|0.00|1|0|0.00|0.00|0.00|75|18
FPMI|Restaurante|1|Restaurante|1|CHORIZO ANTIOQUENO 100 gr| |9502084|CHORIZO ANTIOQUENO 100 gr| |9502084|ALIMENTOS|10|ALIMENTOS|10|Carnes|1002|Carnes|1002|Para Aqui|1|Para Aqui|1|13519.00|0.00|13519.00|0.00|0.00|0.00|13519.00|0.00|13519.00|1|13519.00|1|0|0.00|0.00|0.00|82|20
FPMI|Restaurante|1|Restaurante|1|EMPANADA DE CARNE | |9528004|EMPANADA DE CARNE | |9528004|ALIMENTOS|10|ALIMENTOS|10|Para Empezar|1008|Para Empezar|1008|Para Aqui|1|Para Aqui|1|6111.00|0.00|6111.00|0.00|0.00|0.00|6111.00|0.00|6111.00|1|6111.00|1|0|0.00|0.00|0.00|74|18
FPMI|Restaurante|1|Restaurante|1|PATACON CARNE DESMECHADA| |9524028|PATACON CARNE DESMECHADA| |9524028|ALIMENTOS|10|ALIMENTOS|10|Para Empezar|1008|Para Empezar|1008|Para Aqui|1|Para Aqui|1|24630.00|0.00|24630.00|0.00|0.00|0.00|24630.00|0.00|24630.00|1|24630.00|1|0|0.00|0.00|0.00|77|19
FPMI|Restaurante|1|Restaurante|1|MJE ALM| |90000037|MJE ALM| |90000037|ALIMENTOS|10|ALIMENTOS|10|Para Empezar|1008|Para Empezar|1008|Para Aqui|1|Para Aqui|1|0.00|0.00|0.00|0.00|0.00|0.00|0.00|0.00|0.00|1|0.00|1|0|0.00|0.00|0.00|81|20
FPMI|Domicilios|20|Domicilios|20|CHEESECAKE DE FRUTOS ROJOS| |9514161|CHEESECAKE DE FRUTOS ROJOS| |9514161|ALIMENTOS|10|ALIMENTOS|10|Postres|1009|Postres|1009|Para Aqui|1|Para Aqui|1|98886.00|-19800.00|79086.00|0.00|0.00|0.00|98886.00|-19800.00|79086.00|73|98886.00|6|0|0.00|0.00|0.00|67|16
FPMI|Domicilios|20|Domicilios|20|HAMBURGUESA 125 gr PERSONAL | |9540233|HAMBURGUESA 125 gr PERSONAL | |9540233|ALIMENTOS|10|ALIMENTOS|10|FavoritosDeSiempre|1014|FavoritosDeSiempre|1014|Para Aqui|1|Para Aqui|1|4630.00|0.00|4630.00|0.00|0.00|0.00|4630.00|0.00|4630.00|73|4630.00|1|0|0.00|0.00|0.00|64|15
FPMI|Restaurante|1|Restaurante|1|CERVEZA CORONA| |9608012|CERVEZA CORONA| |9608012|LICORES|30|LICORES|30|Cerveza Nac|3009|Cerveza Nac|3009|Para Aqui|1|Para Aqui|1|25556.00|0.00|25556.00|0.00|0.00|0.00|25556.00|0.00|25556.00|1|25556.00|2|0|0.00|0.00|0.00|57|14
FPMI|Restaurante|1|Restaurante|1|MOJITO BACARDI 2x1| |9626031|MOJITO BACARDI 2x1| |9626031|LICORES|30|LICORES|30|Cocteles|3036|Cocteles|3036|Para Aqui|1|Para Aqui|1|23889.00|0.00|23889.00|0.00|0.00|0.00|23889.00|0.00|23889.00|1|23889.00|1|0|0.00|0.00|0.00|79|19
FPMI|Restaurante|1|Restaurante|1|CERVEZA CLUB COLOMBIA| |9608004|CERVEZA CLUB COLOMBIA| |9608004|LICORES|30|LICORES|30|Cerveza Nac|3009|Cerveza Nac|3009|Para Aqui|1|Para Aqui|1|11296.00|0.00|11296.00|0.00|0.00|0.00|11296.00|0.00|11296.00|1|11296.00|1|0|0.00|0.00|0.00|77|19
FPMI|Restaurante|1|Restaurante|1|MIMOSA| |9626088|MIMOSA| |9626088|LICORES|30|LICORES|30|Cocteles|3036|Cocteles|3036|Para Aqui|1|Para Aqui|1|15648.00|0.00|15648.00|0.00|0.00|0.00|15648.00|0.00|15648.00|1|15648.00|1|0|0.00|0.00|0.00|60|14
FPMI|Restaurante|1|Restaurante|1|SODA CON LIMON| |9606141|SODA CON LIMON| |9606141|BEBIDAS|20|BEBIDAS|20|Gaseosas|2003|Gaseosas|2003|Para Aqui|1|Para Aqui|1|7222.00|0.00|7222.00|0.00|0.00|0.00|7222.00|0.00|7222.00|1|7222.00|1|0|0.00|0.00|0.00|57|14
FPMI|Restaurante|1|Restaurante|1|LULADA CON LECHE CONDENSADA| |9604393|LULADA CON LECHE CONDENSADA| |9604393|BEBIDAS|20|BEBIDAS|20|Jugos|2004|Jugos|2004|Para Aqui|1|Para Aqui|1|14722.00|0.00|14722.00|0.00|0.00|0.00|14722.00|0.00|14722.00|1|14722.00|1|0|0.00|0.00|0.00|61|15
FPMI|Restaurante|1|Restaurante|1|JUGO DE MORA EN AGUA| |9604108|JUGO DE MORA EN AGUA| |9604108|BEBIDAS|20|BEBIDAS|20|Jugos|2004|Jugos|2004|Para Aqui|1|Para Aqui|1|10093.00|0.00|10093.00|0.00|0.00|0.00|10093.00|0.00|10093.00|1|10093.00|1|0|0.00|0.00|0.00|55|13
FPMI|Restaurante|1|Restaurante|1|TINTO COLADO JUAN VALDEZ| |9602120|TINTO COLADO JUAN VALDEZ| |9602120|BEBIDAS|20|BEBIDAS|20|Cafes|2002|Cafes|2002|Para Aqui|1|Para Aqui|1|9074.00|0.00|9074.00|0.00|0.00|0.00|9074.00|0.00|9074.00|1|9074.00|2|0|0.00|0.00|0.00|64|15
FPMI|Restaurante|1|Restaurante|1|CHOLAO| |9604268|CHOLAO| |9604268|BEBIDAS|20|BEBIDAS|20|Jugos|2004|Jugos|2004|Para Aqui|1|Para Aqui|1|16574.00|0.00|16574.00|0.00|0.00|0.00|16574.00|0.00|16574.00|1|16574.00|1|0|0.00|0.00|0.00|72|17
FPMI|Restaurante|1|Restaurante|1|TINTO COLADO JUAN VALDEZ| |9602120|TINTO COLADO JUAN VALDEZ| |9602120|BEBIDAS|20|BEBIDAS|20|Cafes|2002|Cafes|2002|Para Aqui|1|Para Aqui|1|0.00|0.00|0.00|0.00|0.00|0.00|0.00|0.00|0.00|17|0.00|3|0|0.00|0.00|0.00|58|14
FPMI|Restaurante|1|Restaurante|1|JUGO DE LULO EN AGUA| |9604216|JUGO DE LULO EN AGUA| |9604216|BEBIDAS|20|BEBIDAS|20|Jugos|2004|Jugos|2004|Para Aqui|1|Para Aqui|1|10093.00|0.00|10093.00|0.00|0.00|0.00|10093.00|0.00|10093.00|1|10093.00|1|0|0.00|0.00|0.00|56|13
FPMI|Restaurante|1|Restaurante|1|LIMONADA HIERBABUENA| |9604066|LIMONADA HIERBABUENA| |9604066|BEBIDAS|20|BEBIDAS|20|Jugos|2004|Jugos|2004|Para Aqui|1|Para Aqui|1|17038.00|0.00|17038.00|0.00|0.00|0.00|17038.00|0.00|17038.00|1|17038.00|2|0|0.00|0.00|0.00|54|13
FPMI|Restaurante|1|Restaurante|1|JUGO DE LULO EN AGUA| |9604216|JUGO DE LULO EN AGUA| |9604216|BEBIDAS|20|BEBIDAS|20|Jugos|2004|Jugos|2004|Para Aqui|1|Para Aqui|1|10093.00|0.00|10093.00|0.00|0.00|0.00|10093.00|0.00|10093.00|1|10093.00|1|0|0.00|0.00|0.00|79|19
FPMI|Domicilios|20|Domicilios|20|PONCHE GULUPA - MANGO EN LECHE| |9604360|PONCHE GULUPA - MANGO EN LECHE| |9604360|BEBIDAS|20|BEBIDAS|20|Jugos|2004|Jugos|2004|Para Aqui|1|Para Aqui|1|14630.00|-2900.00|11730.00|0.00|0.00|0.00|14630.00|-2900.00|11730.00|73|14630.00|1|0|0.00|0.00|0.00|64|15
FPMI|Plataformas|21|Plataformas|21|CHICHARRON 90 gr| |9528024|CHICHARRON 90 gr| |9528024|ALIMENTOS|10|ALIMENTOS|10|Para Empezar|1008|Para Empezar|1008|Domicilios|7|Domicilios|7|27963.00|0.00|27963.00|0.00|0.00|0.00|27963.00|0.00|27963.00|153|27963.00|1|0|0.00|0.00|0.00|73|18
FPMI|Plataformas|21|Plataformas|21|CUAJADA CON MELAO| |9514012|CUAJADA CON MELAO| |9514012|ALIMENTOS|10|ALIMENTOS|10|Postres|1009|Postres|1009|Domicilios|7|Domicilios|7|13056.00|0.00|13056.00|0.00|0.00|0.00|13056.00|0.00|13056.00|153|13056.00|1|0|0.00|0.00|0.00|54|13
FPMI|Restaurante|1|Restaurante|1|BAGRE EN SALSA NUQUI PATACON| |9504210|BAGRE EN SALSA NUQUI PATACON| |9504210|ALIMENTOS|10|ALIMENTOS|10|Del Rio Del Mar|1004|Del Rio Del Mar|1004|Para Aqui|1|Para Aqui|1|36667.00|0.00|36667.00|0.00|0.00|0.00|36667.00|0.00|36667.00|1|36667.00|1|0|0.00|0.00|0.00|61|15
FPMI|Restaurante|1|Restaurante|1|SANCOCHO TRIFASICO| |9520004|SANCOCHO TRIFASICO| |9520004|ALIMENTOS|10|ALIMENTOS|10|Cocina Gourmet|1003|Cocina Gourmet|1003|Para Aqui|1|Para Aqui|1|44259.00|0.00|44259.00|0.00|0.00|0.00|44259.00|0.00|44259.00|1|44259.00|1|0|0.00|0.00|0.00|63|15
FPMI|Restaurante|1|Restaurante|1|PORCION DE ARROZ COCO| |9500068|PORCION DE ARROZ COCO| |9500068|ALIMENTOS|10|ALIMENTOS|10|Para Empezar|1008|Para Empezar|1008|Para Aqui|1|Para Aqui|1|6944.00|0.00|6944.00|0.00|0.00|0.00|6944.00|0.00|6944.00|1|6944.00|1|0|0.00|0.00|0.00|53|13
FPMI|Restaurante|1|Restaurante|1|MJE ALM| |90000037|MJE ALM| |90000037|ALIMENTOS|10|ALIMENTOS|10|Para Empezar|1008|Para Empezar|1008|Para Aqui|1|Para Aqui|1|0.00|0.00|0.00|0.00|0.00|0.00|0.00|0.00|0.00|1|0.00|1|0|0.00|0.00|0.00|72|17
FPMI|Restaurante|1|Restaurante|1|CHEESECAKE DE FRUTOS ROJOS| |9514161|CHEESECAKE DE FRUTOS ROJOS| |9514161|ALIMENTOS|10|ALIMENTOS|10|Postres|1009|Postres|1009|Para Aqui|1|Para Aqui|1|15556.00|0.00|15556.00|0.00|0.00|0.00|15556.00|0.00|15556.00|17|15556.00|1|0|0.00|0.00|0.00|58|14
FPMI|Restaurante|1|Restaurante|1|CHICHARRON 90 gr| |9528024|CHICHARRON 90 gr| |9528024|ALIMENTOS|10|ALIMENTOS|10|Para Empezar|1008|Para Empezar|1008|Para Aqui|1|Para Aqui|1|53334.00|0.00|53334.00|0.00|0.00|0.00|53334.00|0.00|53334.00|1|53334.00|2|0|0.00|0.00|0.00|79|19
FPMI|Restaurante|1|Restaurante|1|Mensaje Bebidas 2024| |980000095|Mensaje Bebidas 2024| |980000095|ALIMENTOS|10|ALIMENTOS|10|Condimimentos|1016|Condimimentos|1016|Para Aqui|1|Para Aqui|1|0.00|0.00|0.00|0.00|0.00|0.00|0.00|0.00|0.00|1|0.00|1|0|0.00|0.00|0.00|50|12
FPMI|Restaurante|1|Restaurante|1|POLLO ROSTIZADO PERSONAL CRIOLLA| |9506077|POLLO ROSTIZADO PERSONAL CRIOLLA| |9506077|ALIMENTOS|10|ALIMENTOS|10|Carnes|1002|Carnes|1002|Para Aqui|1|Para Aqui|1|19259.00|0.00|19259.00|0.00|0.00|0.00|19259.00|0.00|19259.00|1|19259.00|1|0|0.00|0.00|0.00|55|13
FPMI|Restaurante|1|Restaurante|1|AREPA CON HOGAO| |9524092|AREPA CON HOGAO| |9524092|ALIMENTOS|10|ALIMENTOS|10|Para Empezar|1008|Para Empezar|1008|Para Aqui|1|Para Aqui|1|6852.00|0.00|6852.00|0.00|0.00|0.00|6852.00|0.00|6852.00|1|6852.00|1|0|0.00|0.00|0.00|56|13
FPMI|Restaurante|1|Restaurante|1|SALMON EN SALSA NUQUI 200 gr ENSALADA| |9504177|SALMON EN SALSA NUQUI 200 gr ENSALADA| |9504177|ALIMENTOS|10|ALIMENTOS|10|Del Rio Del Mar|1004|Del Rio Del Mar|1004|Para Aqui|1|Para Aqui|1|50833.00|0.00|50833.00|0.00|0.00|0.00|50833.00|0.00|50833.00|1|50833.00|1|0|0.00|0.00|0.00|76|18
FPMI|Restaurante|1|Restaurante|1|CANASTA DE 4 EMPANADAS CACHACAS| |9528040|CANASTA DE 4 EMPANADAS CACHACAS| |9528040|ALIMENTOS|10|ALIMENTOS|10|Para Empezar|1008|Para Empezar|1008|Para Aqui|1|Para Aqui|1|22500.00|0.00|22500.00|0.00|0.00|0.00|22500.00|0.00|22500.00|1|22500.00|1|0|0.00|0.00|0.00|52|12
FPMI|Domicilios|20|Domicilios|20|HAMBURGUESA 125 gr PERSONAL | |9540233|HAMBURGUESA 125 gr PERSONAL | |9540233|ALIMENTOS|10|ALIMENTOS|10|FavoritosDeSiempre|1014|FavoritosDeSiempre|1014|Para Aqui|1|Para Aqui|1|4630.00|0.00|4630.00|0.00|0.00|0.00|4630.00|0.00|4630.00|73|4630.00|1|0|0.00|0.00|0.00|79|19
FPMI|Domicilios|20|Domicilios|20|CANASTA DE 4 EMPANADAS DE CARNE| |9528034|CANASTA DE 4 EMPANADAS DE CARNE| |9528034|ALIMENTOS|10|ALIMENTOS|10|Para Empezar|1008|Para Empezar|1008|Para Llevar|2|Para Llevar|2|22500.00|0.00|22500.00|0.00|0.00|0.00|22500.00|0.00|22500.00|73|22500.00|1|0|0.00|0.00|0.00|75|18
FPMI|Domicilios|20|Domicilios|20|AREPA DE CHOCOLO| |9506036|AREPA DE CHOCOLO| |9506036|ALIMENTOS|10|ALIMENTOS|10|Para Empezar|1008|Para Empezar|1008|Para Llevar|2|Para Llevar|2|20185.00|0.00|20185.00|0.00|0.00|0.00|20185.00|0.00|20185.00|73|20185.00|1|0|0.00|0.00|0.00|51|12
FPMI|Restaurante|1|Restaurante|1|GASEOSA 400 ml| |9606131|GASEOSA 400 ml| |9606131|BEBIDAS|20|BEBIDAS|20|Gaseosas|2003|Gaseosas|2003|Para Aqui|1|Para Aqui|1|7593.00|0.00|7593.00|0.00|0.00|0.00|7593.00|0.00|7593.00|1|7593.00|1|0|0.00|0.00|0.00|61|15
FPMI|Restaurante|1|Restaurante|1|TINTO COLADO JUAN VALDEZ| |9602120|TINTO COLADO JUAN VALDEZ| |9602120|BEBIDAS|20|BEBIDAS|20|Cafes|2002|Cafes|2002|Para Aqui|1|Para Aqui|1|4537.00|0.00|4537.00|0.00|0.00|0.00|4537.00|0.00|4537.00|1|4537.00|1|0|0.00|0.00|0.00|63|15
FPMI|Restaurante|1|Restaurante|1|LIMONADA NATURAL| |9604060|LIMONADA NATURAL| |9604060|BEBIDAS|20|BEBIDAS|20|Jugos|2004|Jugos|2004|Para Aqui|1|Para Aqui|1|8519.00|0.00|8519.00|0.00|0.00|0.00|8519.00|0.00|8519.00|1|8519.00|1|0|0.00|0.00|0.00|84|20
FPMI|Restaurante|1|Restaurante|1|SALPICON| |9604040|SALPICON| |9604040|BEBIDAS|20|BEBIDAS|20|Jugos|2004|Jugos|2004|Para Aqui|1|Para Aqui|1|12593.00|0.00|12593.00|0.00|0.00|0.00|12593.00|0.00|12593.00|1|12593.00|1|0|0.00|0.00|0.00|70|17
FPMI|Restaurante|1|Restaurante|1|AROMATICA| |9602088|AROMATICA| |9602088|BEBIDAS|20|BEBIDAS|20|Cafes|2002|Cafes|2002|Para Aqui|1|Para Aqui|1|0.00|0.00|0.00|0.00|0.00|0.00|0.00|0.00|0.00|17|0.00|1|0|0.00|0.00|0.00|77|19
FPMI|Restaurante|1|Restaurante|1|GASEOSA 400 ml| |9606131|GASEOSA 400 ml| |9606131|BEBIDAS|20|BEBIDAS|20|Gaseosas|2003|Gaseosas|2003|Para Aqui|1|Para Aqui|1|-7593.00|0.00|-7593.00|0.00|0.00|0.00|-7593.00|0.00|-7593.00|1|-7593.00|-1|0|0.00|0.00|0.00|83|20
FPMI|Plataformas|21|Plataformas|21|Mod CocaCola Zero 400ml| |980000103|Mod CocaCola Zero 400ml| |980000103|ALIMENTOS|10|ALIMENTOS|10|Condimimentos|1016|Condimimentos|1016|Domicilios|7|Domicilios|7|0.00|0.00|0.00|0.00|0.00|0.00|0.00|0.00|0.00|1|0.00|1|0|0.00|0.00|0.00|62|15
FPMI|Plataformas|21|Plataformas|21|LOMO PROVENZAL| |9502013|LOMO PROVENZAL| |9502013|ALIMENTOS|10|ALIMENTOS|10|Carnes|1002|Carnes|1002|Domicilios|7|Domicilios|7|24074.00|0.00|24074.00|0.00|0.00|0.00|24074.00|0.00|24074.00|161|24074.00|1|0|0.00|0.00|0.00|62|15
FPMI|Plataformas|21|Plataformas|21|CHICHARRON 90 gr| |9528024|CHICHARRON 90 gr| |9528024|ALIMENTOS|10|ALIMENTOS|10|Para Empezar|1008|Para Empezar|1008|Domicilios|7|Domicilios|7|27963.00|0.00|27963.00|0.00|0.00|0.00|27963.00|0.00|27963.00|153|27963.00|1|0|0.00|0.00|0.00|54|13
FPMI|Restaurante|1|Restaurante|1|CHICHARRON 90 gr| |9528024|CHICHARRON 90 gr| |9528024|ALIMENTOS|10|ALIMENTOS|10|Para Empezar|1008|Para Empezar|1008|Para Aqui|1|Para Aqui|1|26667.00|0.00|26667.00|0.00|0.00|0.00|26667.00|0.00|26667.00|1|26667.00|1|0|0.00|0.00|0.00|63|15
FPMI|Restaurante|1|Restaurante|1|MJE ALM| |90000037|MJE ALM| |90000037|ALIMENTOS|10|ALIMENTOS|10|Para Empezar|1008|Para Empezar|1008|Para Aqui|1|Para Aqui|1|0.00|0.00|0.00|0.00|0.00|0.00|0.00|0.00|0.00|1|0.00|2|0|0.00|0.00|0.00|63|15
FPMI|Restaurante|1|Restaurante|1|FETUCINNI POMODORO| |9516156|FETUCINNI POMODORO| |9516156|ALIMENTOS|10|ALIMENTOS|10|Cocina Gourmet|1003|Cocina Gourmet|1003|Para Aqui|1|Para Aqui|1|24444.00|0.00|24444.00|0.00|0.00|0.00|24444.00|0.00|24444.00|1|24444.00|1|0|0.00|0.00|0.00|61|15
FPMI|Restaurante|1|Restaurante|1|CAZUELA DE FRIJOLES| |9520032|CAZUELA DE FRIJOLES| |9520032|ALIMENTOS|10|ALIMENTOS|10|Cocina Gourmet|1003|Cocina Gourmet|1003|Para Aqui|1|Para Aqui|1|73704.00|0.00|73704.00|0.00|0.00|0.00|73704.00|0.00|73704.00|1|73704.00|2|0|0.00|0.00|0.00|53|13
FPMI|Restaurante|1|Restaurante|1|Mod 3/4| |980000004|Mod 3/4| |980000004|ALIMENTOS|10|ALIMENTOS|10|Condimimentos|1016|Condimimentos|1016|Para Aqui|1|Para Aqui|1|0.00|0.00|0.00|0.00|0.00|0.00|0.00|0.00|0.00|1|0.00|2|0|0.00|0.00|0.00|55|13
FPMI|Restaurante|1|Restaurante|1|CHICHARRON 90 gr| |9528024|CHICHARRON 90 gr| |9528024|ALIMENTOS|10|ALIMENTOS|10|Para Empezar|1008|Para Empezar|1008|Para Aqui|1|Para Aqui|1|26667.00|0.00|26667.00|0.00|0.00|0.00|26667.00|0.00|26667.00|1|26667.00|1|0|0.00|0.00|0.00|70|17
FPMI|Restaurante|1|Restaurante|1|MAZORCA ASADA UND| |9500264|MAZORCA ASADA UND| |9500264|ALIMENTOS|10|ALIMENTOS|10|Para Empezar|1008|Para Empezar|1008|Para Aqui|1|Para Aqui|1|13704.00|0.00|13704.00|0.00|0.00|0.00|13704.00|0.00|13704.00|1|13704.00|1|0|0.00|0.00|0.00|70|17
FPMI|Restaurante|1|Restaurante|1|MADURITOS| |9500252|MADURITOS| |9500252|ALIMENTOS|10|ALIMENTOS|10|Para Empezar|1008|Para Empezar|1008|Para Aqui|1|Para Aqui|1|3426.00|0.00|3426.00|0.00|0.00|0.00|3426.00|0.00|3426.00|1|3426.00|1|0|0.00|0.00|0.00|72|17
FPMI|Restaurante|1|Restaurante|1|RED VELVET| |9514160|RED VELVET| |9514160|ALIMENTOS|10|ALIMENTOS|10|Postres|1009|Postres|1009|Para Aqui|1|Para Aqui|1|12870.00|0.00|12870.00|0.00|0.00|0.00|12870.00|0.00|12870.00|17|12870.00|1|0|0.00|0.00|0.00|58|14
FPMI|Restaurante|1|Restaurante|1|SALMON A LA PLANCHA 200 gr ARROZ COCO| |9504170|SALMON A LA PLANCHA 200 gr ARROZ COCO| |9504170|ALIMENTOS|10|ALIMENTOS|10|Del Rio Del Mar|1004|Del Rio Del Mar|1004|Para Aqui|1|Para Aqui|1|48056.00|0.00|48056.00|0.00|0.00|0.00|48056.00|0.00|48056.00|1|48056.00|1|0|0.00|0.00|0.00|54|13
FPMI|Restaurante|1|Restaurante|1|SALMON A LA PLANCHA 200 gr ENSALADA| |9504162|SALMON A LA PLANCHA 200 gr ENSALADA| |9504162|ALIMENTOS|10|ALIMENTOS|10|Del Rio Del Mar|1004|Del Rio Del Mar|1004|Para Aqui|1|Para Aqui|1|48056.00|0.00|48056.00|0.00|0.00|0.00|48056.00|0.00|48056.00|1|48056.00|1|0|0.00|0.00|0.00|55|13
FPMI|Restaurante|1|Restaurante|1|MJE ALM| |90000037|MJE ALM| |90000037|ALIMENTOS|10|ALIMENTOS|10|Para Empezar|1008|Para Empezar|1008|Para Aqui|1|Para Aqui|1|0.00|0.00|0.00|0.00|0.00|0.00|0.00|0.00|0.00|1|0.00|1|0|0.00|0.00|0.00|55|13
FPMI|Restaurante|1|Restaurante|1|SALMON A LA PLANCHA 200 gr ARROZ COCO| |9504170|SALMON A LA PLANCHA 200 gr ARROZ COCO| |9504170|ALIMENTOS|10|ALIMENTOS|10|Del Rio Del Mar|1004|Del Rio Del Mar|1004|Para Aqui|1|Para Aqui|1|48056.00|0.00|48056.00|0.00|0.00|0.00|48056.00|0.00|48056.00|1|48056.00|1|0|0.00|0.00|0.00|56|13
FPMI|Restaurante|1|Restaurante|1|Mensaje Bebidas 2024| |980000095|Mensaje Bebidas 2024| |980000095|ALIMENTOS|10|ALIMENTOS|10|Condimimentos|1016|Condimimentos|1016|Para Aqui|1|Para Aqui|1|0.00|0.00|0.00|0.00|0.00|0.00|0.00|0.00|0.00|1|0.00|1|0|0.00|0.00|0.00|75|18
FPMI|Restaurante|1|Restaurante|1|PATACON CON POLLO Y SALSA DE CHAMPINONES| |9524012|PATACON CON POLLO Y SALSA DE CHAMPINONES| |9524012|ALIMENTOS|10|ALIMENTOS|10|Para Empezar|1008|Para Empezar|1008|Para Aqui|1|Para Aqui|1|18148.00|0.00|18148.00|0.00|0.00|0.00|18148.00|0.00|18148.00|1|18148.00|1|0|0.00|0.00|0.00|77|19
FPMI|Restaurante|1|Restaurante|1|AJIACO NINOS| |9542004|AJIACO NINOS| |9542004|ALIMENTOS|10|ALIMENTOS|10|Para Empezar|1008|Para Empezar|1008|Para Aqui|1|Para Aqui|1|19444.00|0.00|19444.00|0.00|0.00|0.00|19444.00|0.00|19444.00|1|19444.00|1|0|0.00|0.00|0.00|81|20
FPMI|Domicilios|20|Domicilios|20|HAMBURGUESA 125 gr PERSONAL | |9540233|HAMBURGUESA 125 gr PERSONAL | |9540233|ALIMENTOS|10|ALIMENTOS|10|FavoritosDeSiempre|1014|FavoritosDeSiempre|1014|Para Aqui|1|Para Aqui|1|4630.00|0.00|4630.00|0.00|0.00|0.00|4630.00|0.00|4630.00|73|4630.00|1|0|0.00|0.00|0.00|61|15
FPMI|Domicilios|20|Domicilios|20|CHEESECAKE DE FRUTOS ROJOS| |9514161|CHEESECAKE DE FRUTOS ROJOS| |9514161|ALIMENTOS|10|ALIMENTOS|10|Postres|1009|Postres|1009|Para Aqui|1|Para Aqui|1|32962.00|-6600.00|26362.00|0.00|0.00|0.00|32962.00|-6600.00|26362.00|73|32962.00|2|0|0.00|0.00|0.00|80|19
FPMI|Domicilios|20|Domicilios|20|MILHOJA MIXTA| |9514079|MILHOJA MIXTA| |9514079|ALIMENTOS|10|ALIMENTOS|10|Postres|1009|Postres|1009|Para Aqui|1|Para Aqui|1|12500.00|0.00|12500.00|0.00|0.00|0.00|12500.00|0.00|12500.00|73|12500.00|1|0|0.00|0.00|0.00|70|17
FPMI|Domicilios|20|Domicilios|20|POLLO ROSTIZADO FAMILIAR CASCO| |9506052|POLLO ROSTIZADO FAMILIAR CASCO| |9506052|ALIMENTOS|10|ALIMENTOS|10|Carnes|1002|Carnes|1002|Para Llevar|2|Para Llevar|2|50741.00|0.00|50741.00|0.00|0.00|0.00|50741.00|0.00|50741.00|73|50741.00|1|0|0.00|0.00|0.00|51|12
FPMI|Restaurante|1|Restaurante|1|CERVEZA HEINEKEN CHELADA| |9608078|CERVEZA HEINEKEN CHELADA| |9608078|LICORES|30|LICORES|30|Cerveza Nac|3009|Cerveza Nac|3009|Para Aqui|1|Para Aqui|1|13704.00|0.00|13704.00|0.00|0.00|0.00|13704.00|0.00|13704.00|1|13704.00|1|0|0.00|0.00|0.00|83|20
FPMI|Restaurante|1|Restaurante|1|MOJITO  FRUTOS ROJOS BACARDI 2x1 | |9626215|MOJITO  FRUTOS ROJOS BACARDI 2x1 | |9626215|LICORES|30|LICORES|30|Cocteles|3036|Cocteles|3036|Para Aqui|1|Para Aqui|1|23889.00|0.00|23889.00|0.00|0.00|0.00|23889.00|0.00|23889.00|1|23889.00|1|0|0.00|0.00|0.00|82|20
FPMI|Restaurante|1|Restaurante|1|CERVEZA CORONA| |9608012|CERVEZA CORONA| |9608012|LICORES|30|LICORES|30|Cerveza Nac|3009|Cerveza Nac|3009|Para Aqui|1|Para Aqui|1|25556.00|0.00|25556.00|0.00|0.00|0.00|25556.00|0.00|25556.00|1|25556.00|2|0|0.00|0.00|0.00|54|13
FPMI|Restaurante|1|Restaurante|1|JUGO DE PAPAYA EN AGUA| |9604076|JUGO DE PAPAYA EN AGUA| |9604076|BEBIDAS|20|BEBIDAS|20|Jugos|2004|Jugos|2004|Para Aqui|1|Para Aqui|1|10093.00|0.00|10093.00|0.00|0.00|0.00|10093.00|0.00|10093.00|1|10093.00|1|0|0.00|0.00|0.00|61|15
FPMI|Restaurante|1|Restaurante|1|LIMONADA DE PANELA| |9604067|LIMONADA DE PANELA| |9604067|BEBIDAS|20|BEBIDAS|20|Jugos|2004|Jugos|2004|Para Aqui|1|Para Aqui|1|18148.00|0.00|18148.00|0.00|0.00|0.00|18148.00|0.00|18148.00|1|18148.00|2|0|0.00|0.00|0.00|55|13
FPMI|Restaurante|1|Restaurante|1|GASEOSA 16 ONZ| |9606008|GASEOSA 16 ONZ| |9606008|BEBIDAS|20|BEBIDAS|20|Gaseosas|2003|Gaseosas|2003|Para Aqui|1|Para Aqui|1|6759.00|0.00|6759.00|0.00|0.00|0.00|6759.00|0.00|6759.00|1|6759.00|1|0|0.00|0.00|0.00|64|15
FPMI|Restaurante|1|Restaurante|1|LULADA CON LECHE CONDENSADA| |9604393|LULADA CON LECHE CONDENSADA| |9604393|BEBIDAS|20|BEBIDAS|20|Jugos|2004|Jugos|2004|Para Aqui|1|Para Aqui|1|14722.00|0.00|14722.00|0.00|0.00|0.00|14722.00|0.00|14722.00|1|14722.00|1|0|0.00|0.00|0.00|53|13
FPMI|Restaurante|1|Restaurante|1|JUGO DE NARANJA| |9604048|JUGO DE NARANJA| |9604048|BEBIDAS|20|BEBIDAS|20|Jugos|2004|Jugos|2004|Para Aqui|1|Para Aqui|1|11667.00|0.00|11667.00|0.00|0.00|0.00|11667.00|0.00|11667.00|1|11667.00|1|0|0.00|0.00|0.00|72|17
FPMI|Restaurante|1|Restaurante|1|GASEOSA 400 ml| |9606131|GASEOSA 400 ml| |9606131|BEBIDAS|20|BEBIDAS|20|Gaseosas|2003|Gaseosas|2003|Para Aqui|1|Para Aqui|1|15186.00|0.00|15186.00|0.00|0.00|0.00|15186.00|0.00|15186.00|1|15186.00|2|0|0.00|0.00|0.00|65|16
FPMI|Restaurante|1|Restaurante|1|LIMONADA DE PANELA| |9604067|LIMONADA DE PANELA| |9604067|BEBIDAS|20|BEBIDAS|20|Jugos|2004|Jugos|2004|Para Aqui|1|Para Aqui|1|9074.00|0.00|9074.00|0.00|0.00|0.00|9074.00|0.00|9074.00|1|9074.00|1|0|0.00|0.00|0.00|54|13
FPMI|Restaurante|1|Restaurante|1|LIMONADA HIERBABUENA| |9604066|LIMONADA HIERBABUENA| |9604066|BEBIDAS|20|BEBIDAS|20|Jugos|2004|Jugos|2004|Para Aqui|1|Para Aqui|1|-8519.00|0.00|-8519.00|0.00|0.00|0.00|-8519.00|0.00|-8519.00|1|-8519.00|-1|0|0.00|0.00|0.00|83|20
FPMI|Restaurante|1|Restaurante|1|SODA DE LYCHES| |9606145|SODA DE LYCHES| |9606145|BEBIDAS|20|BEBIDAS|20|Gaseosas|2003|Gaseosas|2003|Para Aqui|1|Para Aqui|1|22038.00|0.00|22038.00|0.00|0.00|0.00|22038.00|0.00|22038.00|1|22038.00|2|0|0.00|0.00|0.00|75|18
FPMI|Restaurante|1|Restaurante|1|JUGO DE UVA EN AGUA| |9604056|JUGO DE UVA EN AGUA| |9604056|BEBIDAS|20|BEBIDAS|20|Jugos|2004|Jugos|2004|Para Aqui|1|Para Aqui|1|10093.00|0.00|10093.00|0.00|0.00|0.00|10093.00|0.00|10093.00|1|10093.00|1|0|0.00|0.00|0.00|56|13
FPMI|Plataformas|21|Plataformas|21|ARROZ CON POLLO 2X1| |9518045|ARROZ CON POLLO 2X1| |9518045|ALIMENTOS|10|ALIMENTOS|10|Cocina Gourmet|1003|Cocina Gourmet|1003|Domicilios|7|Domicilios|7|30648.00|0.00|30648.00|0.00|0.00|0.00|30648.00|0.00|30648.00|153|30648.00|1|0|0.00|0.00|0.00|62|15
FPMI|Plataformas|21|Plataformas|21|HOGAO| |9500200|HOGAO| |9500200|ALIMENTOS|10|ALIMENTOS|10|Para Empezar|1008|Para Empezar|1008|Domicilios|7|Domicilios|7|3241.00|0.00|3241.00|0.00|0.00|0.00|3241.00|0.00|3241.00|153|3241.00|1|0|0.00|0.00|0.00|73|18
FPMI|Restaurante|1|Restaurante|1|AREPA DE CHOCOLO SIN QUESO| |9506038|AREPA DE CHOCOLO SIN QUESO| |9506038|ALIMENTOS|10|ALIMENTOS|10|Para Empezar|1008|Para Empezar|1008|Para Aqui|1|Para Aqui|1|14630.00|0.00|14630.00|0.00|0.00|0.00|14630.00|0.00|14630.00|1|14630.00|1|0|0.00|0.00|0.00|61|15
FPMI|Restaurante|1|Restaurante|1|AREPA DE CHOCOLO| |9506036|AREPA DE CHOCOLO| |9506036|ALIMENTOS|10|ALIMENTOS|10|Para Empezar|1008|Para Empezar|1008|Para Aqui|1|Para Aqui|1|20185.00|0.00|20185.00|0.00|0.00|0.00|20185.00|0.00|20185.00|1|20185.00|1|0|0.00|0.00|0.00|63|15
FPMI|Restaurante|1|Restaurante|1|COMO ENTRADA| |90000038|COMO ENTRADA| |90000038|ALIMENTOS|10|ALIMENTOS|10|Para Empezar|1008|Para Empezar|1008|Para Aqui|1|Para Aqui|1|0.00|0.00|0.00|0.00|0.00|0.00|0.00|0.00|0.00|41|0.00|2|0|0.00|0.00|0.00|63|15
FPMI|Restaurante|1|Restaurante|1|CocaColaOriginal 16oz| |980000096|CocaColaOriginal 16oz| |980000096|ALIMENTOS|10|ALIMENTOS|10|Condimimentos|1016|Condimimentos|1016|Para Aqui|1|Para Aqui|1|0.00|0.00|0.00|0.00|0.00|0.00|0.00|0.00|0.00|1|0.00|1|0|0.00|0.00|0.00|64|15
FPMI|Restaurante|1|Restaurante|1|HAMBURGUESA CAMPESINA 125 gr| |9508008|HAMBURGUESA CAMPESINA 125 gr| |9508008|ALIMENTOS|10|ALIMENTOS|10|Cocina Gourmet|1003|Cocina Gourmet|1003|Para Aqui|1|Para Aqui|1|18333.00|0.00|18333.00|0.00|0.00|0.00|18333.00|0.00|18333.00|1|18333.00|1|0|0.00|0.00|0.00|64|15
FPMI|Restaurante|1|Restaurante|1|COMO ENTRADA| |90000038|COMO ENTRADA| |90000038|ALIMENTOS|10|ALIMENTOS|10|Para Empezar|1008|Para Empezar|1008|Para Aqui|1|Para Aqui|1|0.00|0.00|0.00|0.00|0.00|0.00|0.00|0.00|0.00|17|0.00|1|0|0.00|0.00|0.00|55|13
FPMI|Restaurante|1|Restaurante|1|PUNTA DE ANCA 250 gr FRANCESA| |9502236|PUNTA DE ANCA 250 gr FRANCESA| |9502236|ALIMENTOS|10|ALIMENTOS|10|Carnes|1002|Carnes|1002|Para Aqui|1|Para Aqui|1|54444.00|0.00|54444.00|0.00|0.00|0.00|54444.00|0.00|54444.00|1|54444.00|1|0|0.00|0.00|0.00|55|13
FPMI|Restaurante|1|Restaurante|1|CALENTADO ANDRES| |9518004|CALENTADO ANDRES| |9518004|ALIMENTOS|10|ALIMENTOS|10|Cocina Gourmet|1003|Cocina Gourmet|1003|Para Aqui|1|Para Aqui|1|35093.00|0.00|35093.00|0.00|0.00|0.00|35093.00|0.00|35093.00|1|35093.00|1|0|0.00|0.00|0.00|72|17
FPMI|Restaurante|1|Restaurante|1|CHURRASCO 250 gr PURE PAPA| |9502560|CHURRASCO 250 gr PURE PAPA| |9502560|ALIMENTOS|10|ALIMENTOS|10|Carnes|1002|Carnes|1002|Para Aqui|1|Para Aqui|1|51667.00|0.00|51667.00|0.00|0.00|0.00|51667.00|0.00|51667.00|1|51667.00|1|0|0.00|0.00|0.00|54|13
FPMI|Restaurante|1|Restaurante|1|TRES LECHES| |9514016|TRES LECHES| |9514016|ALIMENTOS|10|ALIMENTOS|10|Postres|1009|Postres|1009|Para Aqui|1|Para Aqui|1|11944.00|0.00|11944.00|0.00|0.00|0.00|11944.00|0.00|11944.00|17|11944.00|1|0|0.00|0.00|0.00|77|19
FPMI|Restaurante|1|Restaurante|1|Mod CocaCola Original 400ml| |980000102|Mod CocaCola Original 400ml| |980000102|ALIMENTOS|10|ALIMENTOS|10|Condimimentos|1016|Condimimentos|1016|Para Aqui|1|Para Aqui|1|0.00|0.00|0.00|0.00|0.00|0.00|0.00|0.00|0.00|1|0.00|-1|0|0.00|0.00|0.00|83|20
FPMI|Restaurante|1|Restaurante|1|CANASTA DE 4 EMPANADAS CACHACAS| |9528040|CANASTA DE 4 EMPANADAS CACHACAS| |9528040|ALIMENTOS|10|ALIMENTOS|10|Para Empezar|1008|Para Empezar|1008|Para Aqui|1|Para Aqui|1|45000.00|0.00|45000.00|0.00|0.00|0.00|45000.00|0.00|45000.00|1|45000.00|2|0|0.00|0.00|0.00|82|20
FPMI|Restaurante|1|Restaurante|1|Mod 1/2| |980000002|Mod 1/2| |980000002|ALIMENTOS|10|ALIMENTOS|10|Condimimentos|1016|Condimimentos|1016|Para Aqui|1|Para Aqui|1|0.00|0.00|0.00|0.00|0.00|0.00|0.00|0.00|0.00|1|0.00|1|0|0.00|0.00|0.00|55|13
FPMI|Restaurante|1|Restaurante|1|RED VELVET| |9514160|RED VELVET| |9514160|ALIMENTOS|10|ALIMENTOS|10|Postres|1009|Postres|1009|Para Aqui|1|Para Aqui|1|12870.00|0.00|12870.00|0.00|0.00|0.00|12870.00|0.00|12870.00|17|12870.00|1|0|0.00|0.00|0.00|79|19
FPMI|Restaurante|1|Restaurante|1|Mensaje Bebidas 2024| |980000095|Mensaje Bebidas 2024| |980000095|ALIMENTOS|10|ALIMENTOS|10|Condimimentos|1016|Condimimentos|1016|Para Aqui|1|Para Aqui|1|0.00|0.00|0.00|0.00|0.00|0.00|0.00|0.00|0.00|1|0.00|1|0|0.00|0.00|0.00|79|19
FPMI|Restaurante|1|Restaurante|1|VINAGRE DE ALBAHACA| |980000462|VINAGRE DE ALBAHACA| |980000462|ALIMENTOS|10|ALIMENTOS|10|Condimimentos|1016|Condimimentos|1016|Para Aqui|1|Para Aqui|1|0.00|0.00|0.00|0.00|0.00|0.00|0.00|0.00|0.00|233|0.00|1|0|0.00|0.00|0.00|77|19
FPMI|Domicilios|20|Domicilios|20|HAMBURGUESA 125 gr PERSONAL | |9540233|HAMBURGUESA 125 gr PERSONAL | |9540233|ALIMENTOS|10|ALIMENTOS|10|FavoritosDeSiempre|1014|FavoritosDeSiempre|1014|Para Aqui|1|Para Aqui|1|9260.00|0.00|9260.00|0.00|0.00|0.00|9260.00|0.00|9260.00|73|9260.00|2|0|0.00|0.00|0.00|69|17
FPMI|Domicilios|20|Domicilios|20|HAMBURGUESA 125 gr PERSONAL | |9540233|HAMBURGUESA 125 gr PERSONAL | |9540233|ALIMENTOS|10|ALIMENTOS|10|FavoritosDeSiempre|1014|FavoritosDeSiempre|1014|Para Aqui|1|Para Aqui|1|4630.00|0.00|4630.00|0.00|0.00|0.00|4630.00|0.00|4630.00|73|4630.00|1|0|0.00|0.00|0.00|80|19
FPMI|Domicilios|20|Domicilios|20|CHORIZO ANTIOQUENO 100 gr| |9502084|CHORIZO ANTIOQUENO 100 gr| |9502084|ALIMENTOS|10|ALIMENTOS|10|Carnes|1002|Carnes|1002|Para Llevar|2|Para Llevar|2|13519.00|0.00|13519.00|0.00|0.00|0.00|13519.00|0.00|13519.00|73|13519.00|1|0|0.00|0.00|0.00|75|18
FPMI|Restaurante|1|Restaurante|1|MARGARITA CAZADORES| |9626046|MARGARITA CAZADORES| |9626046|LICORES|30|LICORES|30|Cocteles|3036|Cocteles|3036|Para Aqui|1|Para Aqui|1|34167.00|0.00|34167.00|0.00|0.00|0.00|34167.00|0.00|34167.00|1|34167.00|1|0|0.00|0.00|0.00|55|13
FPMI|Restaurante|1|Restaurante|1|GASEOSA 400 ml| |9606131|GASEOSA 400 ml| |9606131|BEBIDAS|20|BEBIDAS|20|Gaseosas|2003|Gaseosas|2003|Para Aqui|1|Para Aqui|1|7593.00|0.00|7593.00|0.00|0.00|0.00|7593.00|0.00|7593.00|1|7593.00|1|0|0.00|0.00|0.00|64|15
FPMI|Restaurante|1|Restaurante|1|CAFE LATTE JUAN VALDEZ| |9602128|CAFE LATTE JUAN VALDEZ| |9602128|BEBIDAS|20|BEBIDAS|20|Cafes|2002|Cafes|2002|Para Aqui|1|Para Aqui|1|7315.00|0.00|7315.00|0.00|0.00|0.00|7315.00|0.00|7315.00|1|7315.00|1|0|0.00|0.00|0.00|84|20
FPMI|Restaurante|1|Restaurante|1|ADICION DE HELADO| |9604336|ADICION DE HELADO| |9604336|BEBIDAS|20|BEBIDAS|20|Jugos|2004|Jugos|2004|Para Aqui|1|Para Aqui|1|5370.00|0.00|5370.00|0.00|0.00|0.00|5370.00|0.00|5370.00|9|5370.00|1|0|0.00|0.00|0.00|72|17
FPMI|Restaurante|1|Restaurante|1|PONCHE GULUPA - MANGO EN AGUA| |9604358|PONCHE GULUPA - MANGO EN AGUA| |9604358|BEBIDAS|20|BEBIDAS|20|Jugos|2004|Jugos|2004|Para Aqui|1|Para Aqui|1|11667.00|0.00|11667.00|0.00|0.00|0.00|11667.00|0.00|11667.00|1|11667.00|1|0|0.00|0.00|0.00|79|19
FPMI|Restaurante|1|Restaurante|1|LIMONADA DE COCO| |9604062|LIMONADA DE COCO| |9604062|BEBIDAS|20|BEBIDAS|20|Jugos|2004|Jugos|2004|Para Aqui|1|Para Aqui|1|34260.00|0.00|34260.00|0.00|0.00|0.00|34260.00|0.00|34260.00|1|34260.00|2|0|0.00|0.00|0.00|76|18
FPMI|Restaurante|1|Restaurante|1|JUGO DE MANDARINA| |9604044|JUGO DE MANDARINA| |9604044|BEBIDAS|20|BEBIDAS|20|Jugos|2004|Jugos|2004|Para Aqui|1|Para Aqui|1|42222.00|0.00|42222.00|0.00|0.00|0.00|42222.00|0.00|42222.00|1|42222.00|3|0|0.00|0.00|0.00|74|18
FPMI|Restaurante|1|Restaurante|1|CHOLAO| |9604268|CHOLAO| |9604268|BEBIDAS|20|BEBIDAS|20|Jugos|2004|Jugos|2004|Para Aqui|1|Para Aqui|1|49722.00|0.00|49722.00|0.00|0.00|0.00|49722.00|0.00|49722.00|1|49722.00|3|0|0.00|0.00|0.00|52|12
FPMI|Restaurante|1|Restaurante|1|JUGO DE LULO EN AGUA 8 ONZ| |9604409|JUGO DE LULO EN AGUA 8 ONZ| |9604409|BEBIDAS|20|BEBIDAS|20|Jugos|2004|Jugos|2004|Para Aqui|1|Para Aqui|1|3611.00|0.00|3611.00|0.00|0.00|0.00|3611.00|0.00|3611.00|1|3611.00|1|0|0.00|0.00|0.00|81|20
FPMI|Restaurante|1|Restaurante|1|AGUA MANANTIAL SIN GAS 500 ML| |9606135|AGUA MANANTIAL SIN GAS 500 ML| |9606135|BEBIDAS|20|BEBIDAS|20|Gaseosas|2003|Gaseosas|2003|Para Aqui|1|Para Aqui|1|8148.00|0.00|8148.00|0.00|0.00|0.00|8148.00|0.00|8148.00|1|8148.00|1|0|0.00|0.00|0.00|60|14
FPMI|Domicilios|20|Domicilios|20|JUGO DE MANGO EN AGUA| |9604156|JUGO DE MANGO EN AGUA| |9604156|BEBIDAS|20|BEBIDAS|20|Jugos|2004|Jugos|2004|Para Llevar|2|Para Llevar|2|10093.00|0.00|10093.00|0.00|0.00|0.00|10093.00|0.00|10093.00|73|10093.00|1|0|0.00|0.00|0.00|51|12
FPMI|Plataformas|21|Plataformas|21|AREPA DE CHOCOLO| |9506036|AREPA DE CHOCOLO| |9506036|ALIMENTOS|10|ALIMENTOS|10|Para Empezar|1008|Para Empezar|1008|Domicilios|7|Domicilios|7|42222.00|0.00|42222.00|0.00|0.00|0.00|42222.00|0.00|42222.00|153|42222.00|2|0|0.00|0.00|0.00|73|18
FPMI|Restaurante|1|Restaurante|1|AJIACO  POLLO| |9520008|AJIACO  POLLO| |9520008|ALIMENTOS|10|ALIMENTOS|10|Cocina Gourmet|1003|Cocina Gourmet|1003|Para Aqui|1|Para Aqui|1|34074.00|0.00|34074.00|0.00|0.00|0.00|34074.00|0.00|34074.00|1|34074.00|1|0|0.00|0.00|0.00|61|15
FPMI|Restaurante|1|Restaurante|1|Mod CocaCola Original 400ml| |980000102|Mod CocaCola Original 400ml| |980000102|ALIMENTOS|10|ALIMENTOS|10|Condimimentos|1016|Condimimentos|1016|Para Aqui|1|Para Aqui|1|0.00|0.00|0.00|0.00|0.00|0.00|0.00|0.00|0.00|1|0.00|1|0|0.00|0.00|0.00|64|15
FPMI|Restaurante|1|Restaurante|1|CHURRASCO 250 gr CASCO| |9502106|CHURRASCO 250 gr CASCO| |9502106|ALIMENTOS|10|ALIMENTOS|10|Carnes|1002|Carnes|1002|Para Aqui|1|Para Aqui|1|51667.00|0.00|51667.00|0.00|0.00|0.00|51667.00|0.00|51667.00|1|51667.00|1|0|0.00|0.00|0.00|53|13
FPMI|Restaurante|1|Restaurante|1|PATACON CARNE DESMECHADA| |9524028|PATACON CARNE DESMECHADA| |9524028|ALIMENTOS|10|ALIMENTOS|10|Para Empezar|1008|Para Empezar|1008|Para Aqui|1|Para Aqui|1|24630.00|0.00|24630.00|0.00|0.00|0.00|24630.00|0.00|24630.00|1|24630.00|1|0|0.00|0.00|0.00|84|20
FPMI|Restaurante|1|Restaurante|1|POLLO ROSTIZADO PERSONAL CASCO| |9506072|POLLO ROSTIZADO PERSONAL CASCO| |9506072|ALIMENTOS|10|ALIMENTOS|10|Carnes|1002|Carnes|1002|Para Aqui|1|Para Aqui|1|19259.00|0.00|19259.00|0.00|0.00|0.00|19259.00|0.00|19259.00|1|19259.00|1|0|0.00|0.00|0.00|72|17
FPMI|Restaurante|1|Restaurante|1|AREPA DE CHOCOLO| |9506036|AREPA DE CHOCOLO| |9506036|ALIMENTOS|10|ALIMENTOS|10|Para Empezar|1008|Para Empezar|1008|Para Aqui|1|Para Aqui|1|20185.00|0.00|20185.00|0.00|0.00|0.00|20185.00|0.00|20185.00|1|20185.00|1|0|0.00|0.00|0.00|83|20
FPMI|Restaurante|1|Restaurante|1|CHICHARRON 90 gr| |9528024|CHICHARRON 90 gr| |9528024|ALIMENTOS|10|ALIMENTOS|10|Para Empezar|1008|Para Empezar|1008|Para Aqui|1|Para Aqui|1|53334.00|0.00|53334.00|0.00|0.00|0.00|53334.00|0.00|53334.00|1|53334.00|2|0|0.00|0.00|0.00|54|13
FPMI|Restaurante|1|Restaurante|1|CANASTA DE 4 EMPANADAS CACHACAS| |9528040|CANASTA DE 4 EMPANADAS CACHACAS| |9528040|ALIMENTOS|10|ALIMENTOS|10|Para Empezar|1008|Para Empezar|1008|Para Aqui|1|Para Aqui|1|45000.00|0.00|45000.00|0.00|0.00|0.00|45000.00|0.00|45000.00|1|45000.00|2|0|0.00|0.00|0.00|79|19
FPMI|Restaurante|1|Restaurante|1|COMO ENTRADA| |90000038|COMO ENTRADA| |90000038|ALIMENTOS|10|ALIMENTOS|10|Para Empezar|1008|Para Empezar|1008|Para Aqui|1|Para Aqui|1|0.00|0.00|0.00|0.00|0.00|0.00|0.00|0.00|0.00|41|0.00|1|0|0.00|0.00|0.00|55|13
FPMI|Restaurante|1|Restaurante|1|Mod 3/4| |980000004|Mod 3/4| |980000004|ALIMENTOS|10|ALIMENTOS|10|Condimimentos|1016|Condimimentos|1016|Para Aqui|1|Para Aqui|1|0.00|0.00|0.00|0.00|0.00|0.00|0.00|0.00|0.00|1|0.00|1|0|0.00|0.00|0.00|77|19
FPMI|Restaurante|1|Restaurante|1|SPAGUETTI MARINERO| |9516158|SPAGUETTI MARINERO| |9516158|ALIMENTOS|10|ALIMENTOS|10|Cocina Gourmet|1003|Cocina Gourmet|1003|Para Aqui|1|Para Aqui|1|41481.00|0.00|41481.00|0.00|0.00|0.00|41481.00|0.00|41481.00|1|41481.00|1|0|0.00|0.00|0.00|77|19
FPMI|Restaurante|1|Restaurante|1|PAPA FRANCESA| |9500452|PAPA FRANCESA| |9500452|ALIMENTOS|10|ALIMENTOS|10|Para Empezar|1008|Para Empezar|1008|Para Aqui|1|Para Aqui|1|14444.00|0.00|14444.00|0.00|0.00|0.00|14444.00|0.00|14444.00|1|14444.00|2|0|0.00|0.00|0.00|77|19
FPMI|Restaurante|1|Restaurante|1|ENSALADA IDEAL 500 gr| |9532024|ENSALADA IDEAL 500 gr| |9532024|ALIMENTOS|10|ALIMENTOS|10|Para Empezar|1008|Para Empezar|1008|Para Aqui|1|Para Aqui|1|32222.00|0.00|32222.00|0.00|0.00|0.00|32222.00|0.00|32222.00|1|32222.00|1|0|0.00|0.00|0.00|77|19
FPMI|Restaurante|1|Restaurante|1|CALENTADO ANDRES| |9518004|CALENTADO ANDRES| |9518004|ALIMENTOS|10|ALIMENTOS|10|Cocina Gourmet|1003|Cocina Gourmet|1003|Para Aqui|1|Para Aqui|1|35093.00|0.00|35093.00|0.00|0.00|0.00|35093.00|0.00|35093.00|1|35093.00|1|0|0.00|0.00|0.00|55|13
FPMI|Restaurante|1|Restaurante|1|CHUNCHULLO x 200 gr| |9502072|CHUNCHULLO x 200 gr| |9502072|ALIMENTOS|10|ALIMENTOS|10|Carnes|1002|Carnes|1002|Para Aqui|1|Para Aqui|1|23056.00|0.00|23056.00|0.00|0.00|0.00|23056.00|0.00|23056.00|1|23056.00|1|0|0.00|0.00|0.00|74|18
FPMI|Restaurante|1|Restaurante|1|COMO ENTRADA| |90000038|COMO ENTRADA| |90000038|ALIMENTOS|10|ALIMENTOS|10|Para Empezar|1008|Para Empezar|1008|Para Aqui|1|Para Aqui|1|0.00|0.00|0.00|0.00|0.00|0.00|0.00|0.00|0.00|9|0.00|1|0|0.00|0.00|0.00|52|12
FPMI|Restaurante|1|Restaurante|1|COSTILLAS DE CERDO 410 gr  FRITAS YUCA| |9502593|COSTILLAS DE CERDO 410 gr  FRITAS YUCA| |9502593|ALIMENTOS|10|ALIMENTOS|10|Carnes|1002|Carnes|1002|Para Aqui|1|Para Aqui|1|51667.00|0.00|51667.00|0.00|0.00|0.00|51667.00|0.00|51667.00|1|51667.00|1|0|0.00|0.00|0.00|81|20
FPMI|Domicilios|20|Domicilios|20|CHEESECAKE DE FRUTOS ROJOS| |9514161|CHEESECAKE DE FRUTOS ROJOS| |9514161|ALIMENTOS|10|ALIMENTOS|10|Postres|1009|Postres|1009|Para Aqui|1|Para Aqui|1|32962.00|-6600.00|26362.00|0.00|0.00|0.00|32962.00|-6600.00|26362.00|73|32962.00|2|0|0.00|0.00|0.00|73|18
FPMI|Restaurante|1|Restaurante|1|AGUARDIENTE ANTIOQUENO SIN AZUCAR BOT.| |9612006|AGUARDIENTE ANTIOQUENO SIN AZUCAR BOT.| |9612006|LICORES|30|LICORES|30|Aguardiente BT|3002|Aguardiente BT|3002|Para Aqui|1|Para Aqui|1|128704.00|0.00|128704.00|0.00|0.00|0.00|128704.00|0.00|128704.00|1|128704.00|1|0|0.00|0.00|0.00|55|13
