FPID|AHP|Andres Hyatt Place|20241218|20241218|20250119|122928|2.00|2.00|Simphony|19.7.2
FPSUM|1-Restautante|1|1-Restautante|28|2433289.00|242653.00|0|0|0.00|0|462311.00|4|4|0|0|0|0.00|0.00|80673.00|0|0|0|69800.00|1|0.00|0|0.00|0|3138253.00|4|8000.00|1|650420.00|1|0.00|0|0.00|0.00|16|67|2433289.00|0.00|0.00|0.00|2433289.00|0.00|0.00|0.00|0.00|0.00|0.00|0.00|0.00
FPSUM|1-Restautante|1|1-Restautante|28|0.00|0.00|0|0|0.00|0|0.00|0|0|0|0|0|0.00|0.00|-44400.00|0|0|0|0.00|0|0.00|0|0.00|0|0.00|0|11776.00|2|0.00|0|0.00|0|0.00|0.00|20|83|0.00|0.00|0.00|0.00|0.00|0.00|0.00|0.00|0.00|0.00|0.00|0.00|0.00
FPSUM|1-Restautante|1|1-Restautante|28|77649.00|7765.00|0|0|0.00|0|14751.00|1|1|0|0|0|0.00|0.00|416471.00|0|0|0|0.00|0|0.00|0|0.00|0|100165.00|1|0.00|0|0.00|0|0.00|0|0.00|0.00|12|50|77649.00|0.00|0.00|0.00|77649.00|0.00|0.00|0.00|0.00|0.00|0.00|0.00|0.00
FPSUM|1-Restautante|1|1-Restautante|28|193366.00|19337.00|0|0|0.00|0|36734.00|0|0|0|0|0|0.00|0.00|205127.00|0|0|0|12900.00|1|0.00|0|0.00|0|249437.00|0|0.00|0|0.00|0|0.00|0|0.00|0.00|15|61|193366.00|0.00|0.00|0.00|193366.00|0.00|0.00|0.00|0.00|0.00|0.00|0.00|0.00
FPSUM|1-Restautante|1|1-Restautante|28|34370.00|3437.00|0|0|0.00|0|6530.00|2|2|0|0|0|0.00|0.00|0.00|0|0|0|9000.00|1|0.00|0|0.00|0|44337.00|2|90408.00|2|0.00|0|0.00|0|0.00|0.00|18|76|34370.00|0.00|0.00|0.00|34370.00|0.00|0.00|0.00|0.00|0.00|0.00|0.00|0.00
FPSUM|1-Restautante|1|1-Restautante|28|73866.00|2680.00|0|0|0.00|0|14034.00|3|3|0|0|0|0.00|0.00|99916.00|0|0|0|21900.00|2|0.00|0|0.00|0|90580.00|3|266301.00|7|0.00|0|0.00|0|0.00|0.00|18|75|73866.00|0.00|0.00|0.00|73866.00|0.00|0.00|0.00|0.00|0.00|0.00|0.00|0.00
FPSUM|1-Restautante|1|1-Restautante|28|30925.00|3092.00|0|0|0.00|0|5875.00|0|0|0|0|0|0.00|0.00|0.00|0|0|0|0.00|0|0.00|0|9756.00|1|39884.00|0|17206.00|2|0.00|0|0.00|0|0.00|0.00|16|66|30925.00|0.00|0.00|0.00|30925.00|0.00|0.00|0.00|0.00|0.00|0.00|0.00|0.00
FPSUM|1-Restautante|1|1-Restautante|28|134287.00|13429.00|0|0|0.00|0|25513.00|4|4|0|0|0|0.00|0.00|0.00|0|0|0|0.00|0|0.00|0|10000.00|1|173229.00|4|158161.00|3|0.00|0|0.00|0|0.00|0.00|18|73|134287.00|0.00|0.00|0.00|134287.00|0.00|0.00|0.00|0.00|0.00|0.00|0.00|0.00
FPSUM|1-Restautante|1|1-Restautante|28|2440929.00|19721.00|0|0|0.00|0|463771.00|4|4|0|0|0|0.00|0.00|0.00|0|0|0|0.00|0|0.00|0|230899.00|1|2924421.00|4|0.00|0|0.00|0|0.00|0|0.00|-1.00|17|69|2440929.00|0.00|0.00|0.00|2440929.00|0.00|0.00|0.00|0.00|0.00|0.00|0.00|0.00
FPSUM|1-Restautante|1|1-Restautante|28|129750.00|12303.00|0|0|0.00|0|24650.00|4|4|0|0|0|0.00|0.00|194202.00|0|0|0|9000.00|1|0.00|0|19513.00|1|166703.00|4|0.00|0|0.00|0|0.00|0|0.00|0.00|16|68|129750.00|0.00|0.00|0.00|129750.00|0.00|0.00|0.00|0.00|0.00|0.00|0.00|0.00
FPSUM|1-Restautante|1|1-Restautante|28|1211514.00|-311320.00|-360000|1|0.00|0|239526.00|6|5|0|0|0|0.00|0.00|268909.00|0|0|0|0.00|0|0.00|0|0.00|1|1139694.00|6|347926.00|14|0.00|0|0.00|0|0.00|-4916.00|19|78|1260674.00|-49160.00|0.00|0.00|1211514.00|0.00|0.00|0.00|0.00|0.00|0.00|0.00|0.00
FPSUM|1-Restautante|1|1-Restautante|28|73866.00|7387.00|0|0|0.00|0|14034.00|1|1|0|0|0|0.00|0.00|31345.00|0|0|0|0.00|0|0.00|0|0.00|0|95287.00|1|0.00|0|0.00|0|0.00|0|0.00|0.00|17|71|73866.00|0.00|0.00|0.00|73866.00|0.00|0.00|0.00|0.00|0.00|0.00|0.00|0.00
FPSUM|1-Restautante|1|1-Restautante|28|187817.00|18781.00|0|0|0.00|0|35683.00|3|3|0|0|0|0.00|0.00|1261.00|0|0|0|2100.00|1|0.00|0|0.00|0|242281.00|3|69920.00|2|0.00|0|0.00|0|0.00|0.00|16|65|187817.00|0.00|0.00|0.00|187817.00|0.00|0.00|0.00|0.00|0.00|0.00|0.00|0.00
FPSUM|1-Restautante|1|1-Restautante|28|37648.00|3765.00|0|0|0.00|0|7152.00|0|0|0|0|0|0.00|0.00|150505.00|0|0|0|0.00|0|0.00|0|0.00|0|48565.00|0|0.00|0|0.00|0|0.00|0|0.00|0.00|14|58|37648.00|0.00|0.00|0.00|37648.00|0.00|0.00|0.00|0.00|0.00|0.00|0.00|0.00
FPSUM|1-Restautante|1|1-Restautante|28|73952.00|366596.00|0|0|0.00|0|14048.00|2|2|0|0|0|0.00|0.00|307144.00|0|0|0|92400.00|2|0.00|0|0.00|0|454596.00|2|0.00|0|0.00|0|0.00|0|0.00|0.00|14|60|73952.00|0.00|0.00|0.00|73952.00|0.00|0.00|0.00|0.00|0.00|0.00|0.00|0.00
FPSUM|1-Restautante|1|1-Restautante|28|49917.00|4193.00|0|0|0.00|0|9483.00|1|1|0|0|0|0.00|0.00|28908.00|0|0|0|0.00|0|0.00|0|0.00|0|63593.00|1|0.00|0|0.00|0|0.00|0|0.00|0.00|14|59|49917.00|0.00|0.00|0.00|49917.00|0.00|0.00|0.00|0.00|0.00|0.00|0.00|0.00
FPSUM|1-Restautante|1|1-Restautante|28|46724.00|4672.00|0|0|0.00|0|8876.00|0|0|0|0|0|0.00|0.00|93025.00|0|0|0|0.00|0|0.00|0|0.00|4|60272.00|0|0.00|0|0.00|0|0.00|0|0.00|0.00|17|72|46724.00|0.00|0.00|0.00|46724.00|0.00|0.00|0.00|0.00|0.00|0.00|0.00|0.00
FPSUM|1-Restautante|1|1-Restautante|28|15126.00|1513.00|0|0|0.00|0|2874.00|0|0|0|0|0|0.00|0.00|221683.00|0|0|0|0.00|0|0.00|0|0.00|0|19513.00|0|0.00|0|0.00|0|0.00|0|0.00|0.00|13|55|15126.00|0.00|0.00|0.00|15126.00|0.00|0.00|0.00|0.00|0.00|0.00|0.00|0.00
FPSUM|1-Restautante|1|1-Restautante|28|11681.00|1168.00|0|0|0.00|0|2219.00|0|0|0|0|0|0.00|0.00|386218.00|0|0|0|0.00|0|0.00|0|0.00|0|15068.00|0|0.00|0|0.00|0|0.00|0|0.00|0.00|12|51|11681.00|0.00|0.00|0.00|11681.00|0.00|0.00|0.00|0.00|0.00|0.00|0.00|0.00
FPSUM|1-Restautante|1|1-Restautante|28|26807.00|2681.00|0|0|0.00|0|5093.00|0|0|0|0|0|0.00|0.00|76304.00|0|0|0|0.00|0|0.00|0|0.00|0|34581.00|0|0.00|0|0.00|0|0.00|0|0.00|0.00|13|54|26807.00|0.00|0.00|0.00|26807.00|0.00|0.00|0.00|0.00|0.00|0.00|0.00|0.00
FPSUM|1-Restautante|1|1-Restautante|28|355634.00|35436.00|-102975|3|0.00|0|67566.00|7|6|0|0|0|0.00|0.00|221007.00|0|0|0|23500.00|1|0.00|0|0.00|0|458636.00|7|398581.00|7|0.00|0|0.00|0|0.00|-17786.00|18|74|355634.00|0.00|0.00|0.00|355634.00|0.00|0.00|0.00|0.00|0.00|0.00|0.00|0.00
FPSUM|1-Restautante|1|1-Restautante|28|30252.00|3026.00|0|0|0.00|0|5748.00|2|1|0|0|0|0.00|0.00|236385.00|0|0|0|9000.00|1|0.00|0|0.00|0|39027.00|2|51059.00|4|0.00|0|0.00|0|0.00|0.00|19|77|30252.00|0.00|0.00|0.00|30252.00|0.00|0.00|0.00|0.00|0.00|0.00|0.00|0.00
FPSUM|1-Restautante|1|1-Restautante|28|284121.00|28412.00|0|0|0.00|0|53979.00|0|0|0|0|0|0.00|0.00|44957.00|0|0|0|192400.00|1|0.00|0|0.00|0|366512.00|0|9544287.00|1|0.00|0|0.00|0|0.00|0.00|20|81|284121.00|0.00|0.00|0.00|284121.00|0.00|0.00|0.00|0.00|0.00|0.00|0.00|0.00
FPSUM|1-Restautante|1|1-Restautante|28|178574.00|17732.00|0|0|0.00|0|33926.00|3|3|0|0|0|0.00|0.00|12101.00|0|0|0|0.00|0|0.00|0|30136.00|1|230232.00|3|60706.00|1|0.00|0|0.00|0|0.00|0.00|15|64|178574.00|0.00|0.00|0.00|178574.00|0.00|0.00|0.00|0.00|0.00|0.00|0.00|0.00
FPSUM|3-Eventos|3|3-Eventos|23|0.00|0.00|0|0|0.00|0|0.00|0|0|0|0|0|0.00|0.00|0.00|0|0|0|0.00|0|0.00|0|0.00|1|0.00|0|0.00|0|0.00|0|0.00|0|0.00|0.00|14|60|0.00|0.00|0.00|0.00|0.00|0.00|0.00|0.00|0.00|0.00|0.00|0.00|0.00
FPSUM|1-Restautante|1|1-Restautante|28|112858.00|11285.00|0|0|0.00|0|21442.00|3|3|0|0|0|0.00|0.00|-31345.00|0|0|0|0.00|0|0.00|0|0.00|0|145589.00|3|147089.00|4|0.00|0|0.00|0|0.00|0.00|19|79|112858.00|0.00|0.00|0.00|112858.00|0.00|0.00|0.00|0.00|0.00|0.00|0.00|0.00
FPSUM|1-Restautante|1|1-Restautante|28|282109.00|28209.00|0|0|0.00|0|53591.00|2|2|0|0|0|0.00|0.00|27563.00|0|0|0|43800.00|4|0.00|0|0.00|0|363909.00|2|0.00|0|0.00|0|0.00|0|0.00|0.00|13|53|282109.00|0.00|0.00|0.00|282109.00|0.00|0.00|0.00|0.00|0.00|0.00|0.00|0.00
FPSUM|1-Restautante|1|1-Restautante|28|270089.00|27008.00|0|0|0.00|0|51311.00|0|0|0|0|0|0.00|0.00|340758.00|0|0|0|417000.00|1|0.00|0|0.00|0|348408.00|0|0.00|0|0.00|0|0.00|0|0.00|0.00|13|56|270089.00|0.00|0.00|0.00|270089.00|0.00|0.00|0.00|0.00|0.00|0.00|0.00|0.00
FPSUM|1-Restautante|1|1-Restautante|28|58405.00|5840.00|0|0|0.00|0|11095.00|1|1|0|0|0|0.00|0.00|347480.00|0|0|0|0.00|0|0.00|0|0.00|0|75340.00|1|0.00|0|0.00|0|0.00|0|0.00|0.00|12|52|58405.00|0.00|0.00|0.00|58405.00|0.00|0.00|0.00|0.00|0.00|0.00|0.00|0.00
FPSUM|1-Restautante|1|1-Restautante|28|58657.00|5193.00|0|0|0.00|0|11143.00|3|3|0|0|0|0.00|0.00|0.00|0|0|0|9000.00|1|0.00|0|0.00|1|74993.00|3|0.00|0|0.00|0|0.00|0|0.00|0.00|15|62|58657.00|0.00|0.00|0.00|58657.00|0.00|0.00|0.00|0.00|0.00|0.00|0.00|0.00
FPSUM|1-Restautante|1|1-Restautante|28|11681.00|1168.00|0|0|0.00|0|2219.00|0|0|0|0|0|0.00|0.00|83950.00|0|0|0|0.00|0|0.00|0|120000.00|2|15068.00|0|0.00|0|0.00|0|0.00|0|0.00|0.00|17|70|11681.00|0.00|0.00|0.00|11681.00|0.00|0.00|0.00|0.00|0.00|0.00|0.00|0.00
FPSUM|1-Restautante|1|1-Restautante|28|65295.00|6529.00|0|0|0.00|0|12405.00|0|0|0|0|0|0.00|0.00|48991.00|0|0|0|0.00|0|0.00|0|0.00|0|84229.00|0|0.00|0|0.00|0|0.00|0|0.00|0.00|14|57|65295.00|0.00|0.00|0.00|65295.00|0.00|0.00|0.00|0.00|0.00|0.00|0.00|0.00
FPSUM|1-Restautante|1|1-Restautante|28|11008.00|1101.00|0|0|0.00|0|2092.00|0|0|0|0|0|0.00|0.00|36974.00|0|0|0|0.00|0|0.00|0|0.00|0|14201.00|0|890802.00|1|0.00|0|0.00|0|0.00|0.00|19|80|11008.00|0.00|0.00|0.00|11008.00|0.00|0.00|0.00|0.00|0.00|0.00|0.00|0.00
FPSUM|1-Restautante|1|1-Restautante|28|143952.00|14394.00|0|0|0.00|0|27348.00|1|1|0|0|0|0.00|0.00|6975.00|0|0|0|28500.00|1|0.00|0|0.00|0|185698.00|1|90499.00|4|0.00|0|0.00|0|0.00|0.00|15|63|143952.00|0.00|0.00|0.00|143952.00|0.00|0.00|0.00|0.00|0.00|0.00|0.00|0.00
FPSUM|3-Eventos|3|3-Eventos|23|504180.00|50420.00|0|0|0.00|0|95820.00|1|1|0|0|0|0.00|0.00|0.00|0|0|0|0.00|0|0.00|0|0.00|0|650420.00|1|0.00|0|0.00|0|650420.00|1|0.00|0.00|16|67|504180.00|0.00|0.00|0.00|504180.00|0.00|0.00|0.00|0.00|0.00|0.00|0.00|0.00
FPOT|3-Eventos|3|3-Eventos|23|Para Aqui|1|Para Aqui|1|504180.00|50420.00|0.00|0|0.00|0|95820.00|1|1|0|0|0|0.00|0.00|0.00|0|0|0|0.00|0|0.00|0|0.00|0|650420.00|1|0.00|0|0.00|0|650420.00|1|0.00|0.00|16|67|504180.00|0.00|0.00|0.00|504180.00|0.00|0.00|0.00|0.00|0.00|0.00|0.00|0.00
FPOT|1-Restautante|1|1-Restautante|28|Para Aqui|1|Para Aqui|1|270089.00|27008.00|0.00|0|0.00|0|51311.00|0|0|0|0|0|0.00|0.00|340758.00|0|0|0|417000.00|1|0.00|0|0.00|0|348408.00|0|0.00|0|0.00|0|0.00|0|0.00|0.00|13|56|270089.00|0.00|0.00|0.00|270089.00|0.00|0.00|0.00|0.00|0.00|0.00|0.00|0.00
FPOT|1-Restautante|1|1-Restautante|28|Para Aqui|1|Para Aqui|1|73866.00|2680.00|0.00|0|0.00|0|14034.00|3|3|0|0|0|0.00|0.00|99916.00|0|0|0|21900.00|2|0.00|0|0.00|0|90580.00|3|266301.00|7|0.00|0|0.00|0|0.00|0.00|18|75|73866.00|0.00|0.00|0.00|73866.00|0.00|0.00|0.00|0.00|0.00|0.00|0.00|0.00
FPOT|1-Restautante|1|1-Restautante|28|Para Aqui|1|Para Aqui|1|11681.00|1168.00|0.00|0|0.00|0|2219.00|0|0|0|0|0|0.00|0.00|83950.00|0|0|0|0.00|0|0.00|0|120000.00|2|15068.00|0|0.00|0|0.00|0|0.00|0|0.00|0.00|17|70|11681.00|0.00|0.00|0.00|11681.00|0.00|0.00|0.00|0.00|0.00|0.00|0.00|0.00
FPOT|1-Restautante|1|1-Restautante|28|Para Aqui|1|Para Aqui|1|26807.00|2681.00|0.00|0|0.00|0|5093.00|0|0|0|0|0|0.00|0.00|76304.00|0|0|0|0.00|0|0.00|0|0.00|0|34581.00|0|0.00|0|0.00|0|0.00|0|0.00|0.00|13|54|26807.00|0.00|0.00|0.00|26807.00|0.00|0.00|0.00|0.00|0.00|0.00|0.00|0.00
FPOT|1-Restautante|1|1-Restautante|28|Para Aqui|1|Para Aqui|1|58405.00|5840.00|0.00|0|0.00|0|11095.00|1|1|0|0|0|0.00|0.00|347480.00|0|0|0|0.00|0|0.00|0|0.00|0|75340.00|1|0.00|0|0.00|0|0.00|0|0.00|0.00|12|52|58405.00|0.00|0.00|0.00|58405.00|0.00|0.00|0.00|0.00|0.00|0.00|0.00|0.00
FPOT|1-Restautante|1|1-Restautante|28|Para Aqui|1|Para Aqui|1|34370.00|3437.00|0.00|0|0.00|0|6530.00|2|2|0|0|0|0.00|0.00|0.00|0|0|0|9000.00|1|0.00|0|0.00|0|44337.00|2|90408.00|2|0.00|0|0.00|0|0.00|0.00|18|76|34370.00|0.00|0.00|0.00|34370.00|0.00|0.00|0.00|0.00|0.00|0.00|0.00|0.00
FPOT|1-Restautante|1|1-Restautante|28|Para Aqui|1|Para Aqui|1|73866.00|7387.00|0.00|0|0.00|0|14034.00|1|1|0|0|0|0.00|0.00|31345.00|0|0|0|0.00|0|0.00|0|0.00|0|95287.00|1|0.00|0|0.00|0|0.00|0|0.00|0.00|17|71|73866.00|0.00|0.00|0.00|73866.00|0.00|0.00|0.00|0.00|0.00|0.00|0.00|0.00
FPOT|1-Restautante|1|1-Restautante|28|Para Aqui|1|Para Aqui|1|187817.00|18781.00|0.00|0|0.00|0|35683.00|3|3|0|0|0|0.00|0.00|1261.00|0|0|0|2100.00|1|0.00|0|0.00|0|242281.00|3|69920.00|2|0.00|0|0.00|0|0.00|0.00|16|65|187817.00|0.00|0.00|0.00|187817.00|0.00|0.00|0.00|0.00|0.00|0.00|0.00|0.00
FPOT|1-Restautante|1|1-Restautante|28|Para Aqui|1|Para Aqui|1|282109.00|28209.00|0.00|0|0.00|0|53591.00|2|2|0|0|0|0.00|0.00|27563.00|0|0|0|43800.00|4|0.00|0|0.00|0|363909.00|2|0.00|0|0.00|0|0.00|0|0.00|0.00|13|53|282109.00|0.00|0.00|0.00|282109.00|0.00|0.00|0.00|0.00|0.00|0.00|0.00|0.00
FPOT|1-Restautante|1|1-Restautante|28|Para Aqui|1|Para Aqui|1|355634.00|35436.00|-102975.00|3|0.00|0|67566.00|7|6|0|0|0|0.00|0.00|221007.00|0|0|0|23500.00|1|0.00|0|0.00|0|458636.00|7|398581.00|7|0.00|0|0.00|0|0.00|-17786.00|18|74|355634.00|0.00|0.00|0.00|355634.00|0.00|0.00|0.00|0.00|0.00|0.00|0.00|0.00
FPOT|1-Restautante|1|1-Restautante|28|Para Aqui|1|Para Aqui|1|129750.00|12303.00|0.00|0|0.00|0|24650.00|4|4|0|0|0|0.00|0.00|194202.00|0|0|0|9000.00|1|0.00|0|19513.00|1|166703.00|4|0.00|0|0.00|0|0.00|0|0.00|0.00|16|68|129750.00|0.00|0.00|0.00|129750.00|0.00|0.00|0.00|0.00|0.00|0.00|0.00|0.00
FPOT|1-Restautante|1|1-Restautante|28|Para Aqui|1|Para Aqui|1|58657.00|5193.00|0.00|0|0.00|0|11143.00|3|3|0|0|0|0.00|0.00|0.00|0|0|0|9000.00|1|0.00|0|0.00|1|74993.00|3|0.00|0|0.00|0|0.00|0|0.00|0.00|15|62|58657.00|0.00|0.00|0.00|58657.00|0.00|0.00|0.00|0.00|0.00|0.00|0.00|0.00
FPOT|1-Restautante|1|1-Restautante|28|Para Aqui|1|Para Aqui|1|0.00|0.00|0.00|0|0.00|0|0.00|0|0|0|0|0|0.00|0.00|-44400.00|0|0|0|0.00|0|0.00|0|0.00|0|0.00|0|11776.00|2|0.00|0|0.00|0|0.00|0.00|20|83|0.00|0.00|0.00|0.00|0.00|0.00|0.00|0.00|0.00|0.00|0.00|0.00|0.00
FPOT|1-Restautante|1|1-Restautante|28|Para Aqui|1|Para Aqui|1|30252.00|3026.00|0.00|0|0.00|0|5748.00|2|1|0|0|0|0.00|0.00|236385.00|0|0|0|9000.00|1|0.00|0|0.00|0|39027.00|2|51059.00|4|0.00|0|0.00|0|0.00|0.00|19|77|30252.00|0.00|0.00|0.00|30252.00|0.00|0.00|0.00|0.00|0.00|0.00|0.00|0.00
FPOT|1-Restautante|1|1-Restautante|28|Para Aqui|1|Para Aqui|1|49917.00|4193.00|0.00|0|0.00|0|9483.00|1|1|0|0|0|0.00|0.00|28908.00|0|0|0|0.00|0|0.00|0|0.00|0|63593.00|1|0.00|0|0.00|0|0.00|0|0.00|0.00|14|59|49917.00|0.00|0.00|0.00|49917.00|0.00|0.00|0.00|0.00|0.00|0.00|0.00|0.00
FPOT|1-Restautante|1|1-Restautante|28|Para Aqui|1|Para Aqui|1|30925.00|3092.00|0.00|0|0.00|0|5875.00|0|0|0|0|0|0.00|0.00|0.00|0|0|0|0.00|0|0.00|0|9756.00|1|39884.00|0|17206.00|2|0.00|0|0.00|0|0.00|0.00|16|66|30925.00|0.00|0.00|0.00|30925.00|0.00|0.00|0.00|0.00|0.00|0.00|0.00|0.00
FPOT|1-Restautante|1|1-Restautante|28|Para Aqui|1|Para Aqui|1|37648.00|3765.00|0.00|0|0.00|0|7152.00|0|0|0|0|0|0.00|0.00|150505.00|0|0|0|0.00|0|0.00|0|0.00|0|48565.00|0|0.00|0|0.00|0|0.00|0|0.00|0.00|14|58|37648.00|0.00|0.00|0.00|37648.00|0.00|0.00|0.00|0.00|0.00|0.00|0.00|0.00
FPOT|1-Restautante|1|1-Restautante|28|Para Aqui|1|Para Aqui|1|178574.00|17732.00|0.00|0|0.00|0|33926.00|3|3|0|0|0|0.00|0.00|12101.00|0|0|0|0.00|0|0.00|0|30136.00|1|230232.00|3|60706.00|1|0.00|0|0.00|0|0.00|0.00|15|64|178574.00|0.00|0.00|0.00|178574.00|0.00|0.00|0.00|0.00|0.00|0.00|0.00|0.00
FPOT|1-Restautante|1|1-Restautante|28|Para Aqui|1|Para Aqui|1|73952.00|366596.00|0.00|0|0.00|0|14048.00|2|2|0|0|0|0.00|0.00|307144.00|0|0|0|92400.00|2|0.00|0|0.00|0|454596.00|2|0.00|0|0.00|0|0.00|0|0.00|0.00|14|60|73952.00|0.00|0.00|0.00|73952.00|0.00|0.00|0.00|0.00|0.00|0.00|0.00|0.00
FPOT|1-Restautante|1|1-Restautante|28|Para Aqui|1|Para Aqui|1|2433289.00|242653.00|0.00|0|0.00|0|462311.00|4|4|0|0|0|0.00|0.00|80673.00|0|0|0|69800.00|1|0.00|0|0.00|0|3138253.00|4|8000.00|1|650420.00|1|0.00|0|0.00|0.00|16|67|2433289.00|0.00|0.00|0.00|2433289.00|0.00|0.00|0.00|0.00|0.00|0.00|0.00|0.00
FPOT|1-Restautante|1|1-Restautante|28|Para Aqui|1|Para Aqui|1|193366.00|19337.00|0.00|0|0.00|0|36734.00|0|0|0|0|0|0.00|0.00|205127.00|0|0|0|12900.00|1|0.00|0|0.00|0|249437.00|0|0.00|0|0.00|0|0.00|0|0.00|0.00|15|61|193366.00|0.00|0.00|0.00|193366.00|0.00|0.00|0.00|0.00|0.00|0.00|0.00|0.00
FPOT|1-Restautante|1|1-Restautante|28|Para Aqui|1|Para Aqui|1|143952.00|14394.00|0.00|0|0.00|0|27348.00|1|1|0|0|0|0.00|0.00|6975.00|0|0|0|28500.00|1|0.00|0|0.00|0|185698.00|1|90499.00|4|0.00|0|0.00|0|0.00|0.00|15|63|143952.00|0.00|0.00|0.00|143952.00|0.00|0.00|0.00|0.00|0.00|0.00|0.00|0.00
FPOT|1-Restautante|1|1-Restautante|28|Para Aqui|1|Para Aqui|1|284121.00|28412.00|0.00|0|0.00|0|53979.00|0|0|0|0|0|0.00|0.00|44957.00|0|0|0|192400.00|1|0.00|0|0.00|0|366512.00|0|9544287.00|1|0.00|0|0.00|0|0.00|0.00|20|81|284121.00|0.00|0.00|0.00|284121.00|0.00|0.00|0.00|0.00|0.00|0.00|0.00|0.00
FPOT|1-Restautante|1|1-Restautante|28|Para Aqui|1|Para Aqui|1|2440929.00|19721.00|0.00|0|0.00|0|463771.00|4|4|0|0|0|0.00|0.00|0.00|0|0|0|0.00|0|0.00|0|230899.00|1|2924421.00|4|0.00|0|0.00|0|0.00|0|0.00|-1.00|17|69|2440929.00|0.00|0.00|0.00|2440929.00|0.00|0.00|0.00|0.00|0.00|0.00|0.00|0.00
FPOT|1-Restautante|1|1-Restautante|28|Para Aqui|1|Para Aqui|1|46724.00|4672.00|0.00|0|0.00|0|8876.00|0|0|0|0|0|0.00|0.00|93025.00|0|0|0|0.00|0|0.00|0|0.00|4|60272.00|0|0.00|0|0.00|0|0.00|0|0.00|0.00|17|72|46724.00|0.00|0.00|0.00|46724.00|0.00|0.00|0.00|0.00|0.00|0.00|0.00|0.00
FPOT|1-Restautante|1|1-Restautante|28|Para Aqui|1|Para Aqui|1|112858.00|11285.00|0.00|0|0.00|0|21442.00|3|3|0|0|0|0.00|0.00|-31345.00|0|0|0|0.00|0|0.00|0|0.00|0|145589.00|3|147089.00|4|0.00|0|0.00|0|0.00|0.00|19|79|112858.00|0.00|0.00|0.00|112858.00|0.00|0.00|0.00|0.00|0.00|0.00|0.00|0.00
FPOT|1-Restautante|1|1-Restautante|28|Para Aqui|1|Para Aqui|1|15126.00|1513.00|0.00|0|0.00|0|2874.00|0|0|0|0|0|0.00|0.00|221683.00|0|0|0|0.00|0|0.00|0|0.00|0|19513.00|0|0.00|0|0.00|0|0.00|0|0.00|0.00|13|55|15126.00|0.00|0.00|0.00|15126.00|0.00|0.00|0.00|0.00|0.00|0.00|0.00|0.00
FPOT|1-Restautante|1|1-Restautante|28|Para Aqui|1|Para Aqui|1|134287.00|13429.00|0.00|0|0.00|0|25513.00|4|4|0|0|0|0.00|0.00|0.00|0|0|0|0.00|0|0.00|0|10000.00|1|173229.00|4|158161.00|3|0.00|0|0.00|0|0.00|0.00|18|73|134287.00|0.00|0.00|0.00|134287.00|0.00|0.00|0.00|0.00|0.00|0.00|0.00|0.00
FPOT|1-Restautante|1|1-Restautante|28|Para Aqui|1|Para Aqui|1|11681.00|1168.00|0.00|0|0.00|0|2219.00|0|0|0|0|0|0.00|0.00|386218.00|0|0|0|0.00|0|0.00|0|0.00|0|15068.00|0|0.00|0|0.00|0|0.00|0|0.00|0.00|12|51|11681.00|0.00|0.00|0.00|11681.00|0.00|0.00|0.00|0.00|0.00|0.00|0.00|0.00
FPOT|3-Eventos|3|3-Eventos|23|Para Aqui|1|Para Aqui|1|0.00|0.00|0.00|0|0.00|0|0.00|0|0|0|0|0|0.00|0.00|0.00|0|0|0|0.00|0|0.00|0|0.00|1|0.00|0|0.00|0|0.00|0|0.00|0|0.00|0.00|14|60|0.00|0.00|0.00|0.00|0.00|0.00|0.00|0.00|0.00|0.00|0.00|0.00|0.00
FPOT|1-Restautante|1|1-Restautante|28|Para Aqui|1|Para Aqui|1|77649.00|7765.00|0.00|0|0.00|0|14751.00|1|1|0|0|0|0.00|0.00|416471.00|0|0|0|0.00|0|0.00|0|0.00|0|100165.00|1|0.00|0|0.00|0|0.00|0|0.00|0.00|12|50|77649.00|0.00|0.00|0.00|77649.00|0.00|0.00|0.00|0.00|0.00|0.00|0.00|0.00
FPOT|1-Restautante|1|1-Restautante|28|Para Aqui|1|Para Aqui|1|11008.00|1101.00|0.00|0|0.00|0|2092.00|0|0|0|0|0|0.00|0.00|36974.00|0|0|0|0.00|0|0.00|0|0.00|0|14201.00|0|890802.00|1|0.00|0|0.00|0|0.00|0.00|19|80|11008.00|0.00|0.00|0.00|11008.00|0.00|0.00|0.00|0.00|0.00|0.00|0.00|0.00
FPOT|1-Restautante|1|1-Restautante|28|Para Aqui|1|Para Aqui|1|65295.00|6529.00|0.00|0|0.00|0|12405.00|0|0|0|0|0|0.00|0.00|48991.00|0|0|0|0.00|0|0.00|0|0.00|0|84229.00|0|0.00|0|0.00|0|0.00|0|0.00|0.00|14|57|65295.00|0.00|0.00|0.00|65295.00|0.00|0.00|0.00|0.00|0.00|0.00|0.00|0.00
FPOT|1-Restautante|1|1-Restautante|28|Para Aqui|1|Para Aqui|1|1211514.00|-311320.00|-360000.00|1|0.00|0|239526.00|6|5|0|0|0|0.00|0.00|268909.00|0|0|0|0.00|0|0.00|0|0.00|1|1139694.00|6|347926.00|14|0.00|0|0.00|0|0.00|-4916.00|19|78|1260674.00|-49160.00|0.00|0.00|1211514.00|0.00|0.00|0.00|0.00|0.00|0.00|0.00|0.00
FPMI|1-Restautante|1|1-Restautante|28|PECHUGA DE POLLO X 400 G| |9310604|PECHUGA DE POLLO X 400 GR CON FR| |9310604|ALIMENTOS|10|ALIMENTOS|10|Carnes|1002|Carnes|1002|Para Aqui|1|Para Aqui|1|41597.00|0.00|41597.00|0.00|0.00|0.00|41597.00|0.00|41597.00|1|41597.00|1|0|0.00|0.00|0.00|64|15
FPMI|1-Restautante|1|1-Restautante|28|GASEOSA COLABORADOR| |9466999|GASEOSA COLABORADOR| |9466999|ALIMENTOS|10|ALIMENTOS|10|Carnes|1002|Carnes|1002|Para Aqui|1|Para Aqui|1|1261.00|0.00|1261.00|0.00|0.00|0.00|1261.00|0.00|1261.00|1|1261.00|1|0|0.00|0.00|0.00|74|18
FPMI|1-Restautante|1|1-Restautante|28|AMERICANO| |9462158|AMERICANO| |9462158|BEBIDAS|20|BEBIDAS|20|Cafes|2002|Cafes|2002|Para Aqui|1|Para Aqui|1|14286.00|0.00|14286.00|0.00|0.00|0.00|14286.00|0.00|14286.00|1|14286.00|2|0|0.00|0.00|0.00|65|16
FPMI|1-Restautante|1|1-Restautante|28|GASEOSA COCA COLA| |9466076|GASEOSA COCA COLA| |9466076|BEBIDAS|20|BEBIDAS|20|Gaseosas|2003|Gaseosas|2003|Para Aqui|1|Para Aqui|1|7563.00|0.00|7563.00|0.00|0.00|0.00|7563.00|0.00|7563.00|1|7563.00|1|0|0.00|0.00|0.00|68|16
FPMI|1-Restautante|1|1-Restautante|28|AGUA MANANTIAL CON GAS X| |2202016|AGUA MANANTIAL CON GAS X 600 ML | |2202016|BEBIDAS|20|BEBIDAS|20|Aguas|2001|Aguas|2001|Para Aqui|1|Para Aqui|1|1765.00|0.00|1765.00|0.00|0.00|0.00|1765.00|0.00|1765.00|1|1765.00|1|0|0.00|0.00|0.00|62|15
FPMI|1-Restautante|1|1-Restautante|28|AMERICANO| |9462158|AMERICANO| |9462158|BEBIDAS|20|BEBIDAS|20|Cafes|2002|Cafes|2002|Para Aqui|1|Para Aqui|1|14286.00|0.00|14286.00|0.00|0.00|0.00|14286.00|0.00|14286.00|1|14286.00|2|0|0.00|0.00|0.00|58|14
FPMI|1-Restautante|1|1-Restautante|28|AGUA MANANTIAL CON GAS| |9466004|AGUA MANANTIAL CON GAS| |9466004|BEBIDAS|20|BEBIDAS|20|Aguas|2001|Aguas|2001|Para Aqui|1|Para Aqui|1|7563.00|0.00|7563.00|0.00|0.00|0.00|7563.00|0.00|7563.00|1|7563.00|1|0|0.00|0.00|0.00|71|17
FPMI|1-Restautante|1|1-Restautante|28|AGUA MANANTIAL SIN GAS| |9466008|AGUA MANANTIAL SIN GAS| |9466008|BEBIDAS|20|BEBIDAS|20|Aguas|2001|Aguas|2001|Para Aqui|1|Para Aqui|1|7563.00|0.00|7563.00|0.00|0.00|0.00|7563.00|0.00|7563.00|1|7563.00|1|0|0.00|0.00|0.00|67|16
FPMI|1-Restautante|1|1-Restautante|28|CERVEZA STELLA ARTOIS| |9432156|CERVEZA STELLA ARTOIS| |9432156|LICORES|30|LICORES|30|Cerveza Nac|3009|Cerveza Nac|3009|Para Aqui|1|Para Aqui|1|70086.00|0.00|70086.00|0.00|0.00|0.00|70086.00|0.00|70086.00|1|70086.00|6|0|0.00|0.00|0.00|63|15
FPMI|1-Restautante|1|1-Restautante|28|CERVEZA CLUB COLOMBIA  D| |9432016|CERVEZA CLUB COLOMBIA  DORADA| |9432016|LICORES|30|LICORES|30|Cerveza Nac|3009|Cerveza Nac|3009|Para Aqui|1|Para Aqui|1|11008.00|0.00|11008.00|0.00|0.00|0.00|11008.00|0.00|11008.00|1|11008.00|1|0|0.00|0.00|0.00|69|17
FPMI|1-Restautante|1|1-Restautante|28|TEQUILA CENTENARIO PLATA| |9444093|TEQUILA CENTENARIO PLATA BOT| |9444093|LICORES|30|LICORES|30|Tequilas BT|3028|Tequilas BT|3028|Para Aqui|1|Para Aqui|1|357984.00|0.00|357984.00|0.00|0.00|0.00|357984.00|0.00|357984.00|1|357984.00|2|0|0.00|0.00|0.00|78|19
FPMI|1-Restautante|1|1-Restautante|28|1 COPA| |40000001|1 COPA| |40000001|PREPARACION CONDIMENTOS|70|PREPARACION CONDIMENTOS|70|Cond. Bebidas|7002|Cond. Bebidas|7002|Para Aqui|1|Para Aqui|1|0.00|0.00|0.00|0.00|0.00|0.00|0.00|0.00|0.00|1|0.00|1|0|0.00|0.00|0.00|81|20
FPMI|1-Restautante|1|1-Restautante|28|Mensj Bar| |90000012|Mensj Bar| |90000012|PREPARACION CONDIMENTOS|70|PREPARACION CONDIMENTOS|70|Mensajes|7003|Mensajes|7003|Para Aqui|1|Para Aqui|1|0.00|0.00|0.00|0.00|0.00|0.00|0.00|0.00|0.00|1|0.00|1|0|0.00|0.00|0.00|67|16
FPMI|1-Restautante|1|1-Restautante|28|AJIACO-COLABORADORES| |9346252|AJIACO-COLABORADORES| |9346252|ALIMENTOS|10|ALIMENTOS|10|Cocina Gourmet|1003|Cocina Gourmet|1003|Para Aqui|1|Para Aqui|1|6723.00|0.00|6723.00|0.00|0.00|0.00|6723.00|0.00|6723.00|1|6723.00|1|0|0.00|0.00|0.00|62|15
FPMI|1-Restautante|1|1-Restautante|28|FRIJOLES-COLABORADORES| |9346253|FRIJOLES-COLABORADORES| |9346253|ALIMENTOS|10|ALIMENTOS|10|Cocina Gourmet|1003|Cocina Gourmet|1003|Para Aqui|1|Para Aqui|1|6723.00|0.00|6723.00|0.00|0.00|0.00|6723.00|0.00|6723.00|1|6723.00|1|0|0.00|0.00|0.00|59|14
FPMI|1-Restautante|1|1-Restautante|28|PECHUGA DE POLLO X 400 G| |9310604|PECHUGA DE POLLO X 400 GR CON FR| |9310604|ALIMENTOS|10|ALIMENTOS|10|Carnes|1002|Carnes|1002|Para Aqui|1|Para Aqui|1|0.00|-41597.00|-41597.00|0.00|0.00|0.00|0.00|-41597.00|-41597.00|1|0.00|0|0|0.00|0.00|0.00|78|19
FPMI|1-Restautante|1|1-Restautante|28|AGUA MANANTIAL SIN GAS| |9466008|AGUA MANANTIAL SIN GAS| |9466008|BEBIDAS|20|BEBIDAS|20|Aguas|2001|Aguas|2001|Para Aqui|1|Para Aqui|1|7563.00|0.00|7563.00|0.00|0.00|0.00|7563.00|0.00|7563.00|1|7563.00|1|0|0.00|0.00|0.00|57|14
FPMI|1-Restautante|1|1-Restautante|28|GASEOSA COCA COLA| |9466076|GASEOSA COCA COLA| |9466076|BEBIDAS|20|BEBIDAS|20|Gaseosas|2003|Gaseosas|2003|Para Aqui|1|Para Aqui|1|22689.00|0.00|22689.00|0.00|0.00|0.00|22689.00|0.00|22689.00|1|22689.00|3|0|0.00|0.00|0.00|57|14
FPMI|1-Restautante|1|1-Restautante|28|GASEOSA COCA COLA| |9466076|GASEOSA COCA COLA| |9466076|BEBIDAS|20|BEBIDAS|20|Gaseosas|2003|Gaseosas|2003|Para Aqui|1|Para Aqui|1|7563.00|0.00|7563.00|0.00|0.00|0.00|7563.00|0.00|7563.00|1|7563.00|1|0|0.00|0.00|0.00|50|12
FPMI|1-Restautante|1|1-Restautante|28|GASEOSA COCA COLA ZERO| |9466084|GASEOSA COCA COLA ZERO| |9466084|BEBIDAS|20|BEBIDAS|20|Gaseosas|2003|Gaseosas|2003|Para Aqui|1|Para Aqui|1|7563.00|0.00|7563.00|0.00|0.00|0.00|7563.00|0.00|7563.00|1|7563.00|1|0|0.00|0.00|0.00|55|13
FPMI|1-Restautante|1|1-Restautante|28|AGUA MANANTIAL SIN GAS| |9466008|AGUA MANANTIAL SIN GAS| |9466008|BEBIDAS|20|BEBIDAS|20|Aguas|2001|Aguas|2001|Para Aqui|1|Para Aqui|1|22689.00|0.00|22689.00|0.00|0.00|0.00|22689.00|0.00|22689.00|1|22689.00|3|0|0.00|0.00|0.00|76|18
FPMI|1-Restautante|1|1-Restautante|28|AMERICANO| |9462158|AMERICANO| |9462158|BEBIDAS|20|BEBIDAS|20|Cafes|2002|Cafes|2002|Para Aqui|1|Para Aqui|1|21429.00|0.00|21429.00|0.00|0.00|0.00|21429.00|0.00|21429.00|1|21429.00|3|0|0.00|0.00|0.00|73|18
FPMI|1-Restautante|1|1-Restautante|28|CERVEZA CORONA EXTRA| |9432068|CERVEZA CORONA EXTRA| |9432068|LICORES|30|LICORES|30|Cerveza Imp|3008|Cerveza Imp|3008|Para Aqui|1|Para Aqui|1|11681.00|0.00|11681.00|0.00|0.00|0.00|11681.00|0.00|11681.00|1|11681.00|1|0|0.00|0.00|0.00|51|12
FPMI|1-Restautante|1|1-Restautante|28|CERVEZA CORONA EXTRA| |9432068|CERVEZA CORONA EXTRA| |9432068|LICORES|30|LICORES|30|Cerveza Imp|3008|Cerveza Imp|3008|Para Aqui|1|Para Aqui|1|11681.00|0.00|11681.00|0.00|0.00|0.00|11681.00|0.00|11681.00|1|11681.00|1|0|0.00|0.00|0.00|59|14
FPMI|1-Restautante|1|1-Restautante|28|CERVEZA CORONA EXTRA| |9432068|CERVEZA CORONA EXTRA| |9432068|LICORES|30|LICORES|30|Cerveza Imp|3008|Cerveza Imp|3008|Para Aqui|1|Para Aqui|1|46724.00|0.00|46724.00|0.00|0.00|0.00|46724.00|0.00|46724.00|1|46724.00|4|0|0.00|0.00|0.00|69|17
FPMI|1-Restautante|1|1-Restautante|28|CERVEZA CORONA EXTRA| |9432068|CERVEZA CORONA EXTRA| |9432068|LICORES|30|LICORES|30|Cerveza Imp|3008|Cerveza Imp|3008|Para Aqui|1|Para Aqui|1|11681.00|0.00|11681.00|0.00|0.00|0.00|11681.00|0.00|11681.00|1|11681.00|1|0|0.00|0.00|0.00|52|12
FPMI|1-Restautante|1|1-Restautante|28|CERVEZA CORONA EXTRA| |9432068|CERVEZA CORONA EXTRA| |9432068|LICORES|30|LICORES|30|Cerveza Imp|3008|Cerveza Imp|3008|Para Aqui|1|Para Aqui|1|128491.00|0.00|128491.00|0.00|0.00|0.00|128491.00|0.00|128491.00|1|128491.00|11|0|0.00|0.00|0.00|53|13
FPMI|1-Restautante|1|1-Restautante|28|CERVEZA CORONA EXTRA| |9432068|CERVEZA CORONA EXTRA| |9432068|LICORES|30|LICORES|30|Cerveza Imp|3008|Cerveza Imp|3008|Para Aqui|1|Para Aqui|1|35043.00|0.00|35043.00|0.00|0.00|0.00|35043.00|0.00|35043.00|1|35043.00|3|0|0.00|0.00|0.00|60|14
FPMI|1-Restautante|1|1-Restautante|28|CERVEZA CORONA EXTRA| |9432068|CERVEZA CORONA EXTRA| |9432068|LICORES|30|LICORES|30|Cerveza Imp|3008|Cerveza Imp|3008|Para Aqui|1|Para Aqui|1|11681.00|0.00|11681.00|0.00|0.00|0.00|11681.00|0.00|11681.00|1|11681.00|1|0|0.00|0.00|0.00|73|18
FPMI|1-Restautante|1|1-Restautante|28|CERVEZA CORONA EXTRA| |9432068|CERVEZA CORONA EXTRA| |9432068|LICORES|30|LICORES|30|Cerveza Imp|3008|Cerveza Imp|3008|Para Aqui|1|Para Aqui|1|11681.00|0.00|11681.00|0.00|0.00|0.00|11681.00|0.00|11681.00|1|11681.00|1|0|0.00|0.00|0.00|63|15
FPMI|1-Restautante|1|1-Restautante|28|CERVEZA CORONA EXTRA| |9432068|CERVEZA CORONA EXTRA| |9432068|LICORES|30|LICORES|30|Cerveza Imp|3008|Cerveza Imp|3008|Para Aqui|1|Para Aqui|1|11681.00|0.00|11681.00|0.00|0.00|0.00|11681.00|0.00|11681.00|1|11681.00|1|0|0.00|0.00|0.00|75|18
FPMI|1-Restautante|1|1-Restautante|28|CERVEZA CORONA EXTRA| |9432068|CERVEZA CORONA EXTRA| |9432068|LICORES|30|LICORES|30|Cerveza Imp|3008|Cerveza Imp|3008|Para Aqui|1|Para Aqui|1|23362.00|0.00|23362.00|0.00|0.00|0.00|23362.00|0.00|23362.00|1|23362.00|2|0|0.00|0.00|0.00|68|16
FPMI|1-Restautante|1|1-Restautante|28|CERVEZA CORONA EXTRA| |9432068|CERVEZA CORONA EXTRA| |9432068|LICORES|30|LICORES|30|Cerveza Imp|3008|Cerveza Imp|3008|Para Aqui|1|Para Aqui|1|35043.00|0.00|35043.00|0.00|0.00|0.00|35043.00|0.00|35043.00|1|35043.00|3|0|0.00|0.00|0.00|72|17
FPMI|1-Restautante|1|1-Restautante|28|CERVEZA CLUB COLOMBIA RO| |9432018|CERVEZA CLUB COLOMBIA ROJA| |9432018|LICORES|30|LICORES|30|Cerveza Nac|3009|Cerveza Nac|3009|Para Aqui|1|Para Aqui|1|11008.00|0.00|11008.00|0.00|0.00|0.00|11008.00|0.00|11008.00|1|11008.00|1|0|0.00|0.00|0.00|78|19
FPMI|1-Restautante|1|1-Restautante|28|CERVEZA STELLA ARTOIS| |9432156|CERVEZA STELLA ARTOIS| |9432156|LICORES|30|LICORES|30|Cerveza Nac|3009|Cerveza Nac|3009|Para Aqui|1|Para Aqui|1|70086.00|0.00|70086.00|0.00|0.00|0.00|70086.00|0.00|70086.00|1|70086.00|6|0|0.00|0.00|0.00|78|19
FPMI|1-Restautante|1|1-Restautante|28|CERVEZA CORONA EXTRA| |9432068|CERVEZA CORONA EXTRA| |9432068|LICORES|30|LICORES|30|Cerveza Imp|3008|Cerveza Imp|3008|Para Aqui|1|Para Aqui|1|58405.00|0.00|58405.00|0.00|0.00|0.00|58405.00|0.00|58405.00|1|58405.00|5|0|0.00|0.00|0.00|74|18
FPMI|1-Restautante|1|1-Restautante|28|Mensj Bar| |90000012|Mensj Bar| |90000012|PREPARACION CONDIMENTOS|70|PREPARACION CONDIMENTOS|70|Mensajes|7003|Mensajes|7003|Para Aqui|1|Para Aqui|1|0.00|0.00|0.00|0.00|0.00|0.00|0.00|0.00|0.00|1|0.00|1|0|0.00|0.00|0.00|69|17
FPMI|1-Restautante|1|1-Restautante|28|1/4| |70010001|1/4| |70010001|PREPARACION CONDIMENTOS|70|PREPARACION CONDIMENTOS|70|Cond. Alimentos|7001|Cond. Alimentos|7001|Para Aqui|1|Para Aqui|1|0.00|0.00|0.00|0.00|0.00|0.00|0.00|0.00|0.00|1|0.00|15|0|0.00|0.00|0.00|67|16
FPMI|1-Restautante|1|1-Restautante|28|2 COPAS| |40000002|2 COPAS| |40000002|PREPARACION CONDIMENTOS|70|PREPARACION CONDIMENTOS|70|Cond. Bebidas|7002|Cond. Bebidas|7002|Para Aqui|1|Para Aqui|1|0.00|0.00|0.00|0.00|0.00|0.00|0.00|0.00|0.00|1|0.00|1|0|0.00|0.00|0.00|78|19
FPMI|1-Restautante|1|1-Restautante|28|Descorche| |900002001|Descorche| |900002001|MISCELANEOS|90|MISCELANEOS|90|Adicionales|9001|Adicionales|9001|Para Aqui|1|Para Aqui|1|724703.00|0.00|724703.00|0.00|0.00|0.00|724703.00|0.00|724703.00|1|724703.00|7|0|0.00|0.00|0.00|78|19
FPMI|1-Restautante|1|1-Restautante|28|GASEOSA COLABORADOR| |9466999|GASEOSA COLABORADOR| |9466999|ALIMENTOS|10|ALIMENTOS|10|Carnes|1002|Carnes|1002|Para Aqui|1|Para Aqui|1|1261.00|0.00|1261.00|0.00|0.00|0.00|1261.00|0.00|1261.00|1|1261.00|1|0|0.00|0.00|0.00|59|14
FPMI|1-Restautante|1|1-Restautante|28|AGUA MANANTIAL SIN GAS| |9466008|AGUA MANANTIAL SIN GAS| |9466008|BEBIDAS|20|BEBIDAS|20|Aguas|2001|Aguas|2001|Para Aqui|1|Para Aqui|1|15126.00|0.00|15126.00|0.00|0.00|0.00|15126.00|0.00|15126.00|1|15126.00|2|0|0.00|0.00|0.00|54|13
FPMI|1-Restautante|1|1-Restautante|28|GASEOSA COCA COLA| |9466076|GASEOSA COCA COLA| |9466076|BEBIDAS|20|BEBIDAS|20|Gaseosas|2003|Gaseosas|2003|Para Aqui|1|Para Aqui|1|7563.00|0.00|7563.00|0.00|0.00|0.00|7563.00|0.00|7563.00|1|7563.00|1|0|0.00|0.00|0.00|55|13
FPMI|1-Restautante|1|1-Restautante|28|AGUA MANANTIAL SIN GAS| |9466008|AGUA MANANTIAL SIN GAS| |9466008|BEBIDAS|20|BEBIDAS|20|Aguas|2001|Aguas|2001|Para Aqui|1|Para Aqui|1|22689.00|0.00|22689.00|0.00|0.00|0.00|22689.00|0.00|22689.00|1|22689.00|3|0|0.00|0.00|0.00|68|16
FPMI|1-Restautante|1|1-Restautante|28|GASEOSA SPRITE| |9466168|GASEOSA SPRITE| |9466168|BEBIDAS|20|BEBIDAS|20|Gaseosas|2003|Gaseosas|2003|Para Aqui|1|Para Aqui|1|7563.00|0.00|7563.00|0.00|0.00|0.00|7563.00|0.00|7563.00|1|7563.00|1|0|0.00|0.00|0.00|71|17
FPMI|1-Restautante|1|1-Restautante|28|AGUA MANANTIAL SIN GAS| |9466008|AGUA MANANTIAL SIN GAS| |9466008|BEBIDAS|20|BEBIDAS|20|Aguas|2001|Aguas|2001|Para Aqui|1|Para Aqui|1|7563.00|0.00|7563.00|0.00|0.00|0.00|7563.00|0.00|7563.00|1|7563.00|1|0|0.00|0.00|0.00|73|18
FPMI|1-Restautante|1|1-Restautante|28|GASEOSA COCA COLA ZERO| |9466084|GASEOSA COCA COLA ZERO| |9466084|BEBIDAS|20|BEBIDAS|20|Gaseosas|2003|Gaseosas|2003|Para Aqui|1|Para Aqui|1|15126.00|0.00|15126.00|0.00|0.00|0.00|15126.00|0.00|15126.00|1|15126.00|2|0|0.00|0.00|0.00|68|16
FPMI|1-Restautante|1|1-Restautante|28|AGUA MANANTIAL SIN GAS| |9466008|AGUA MANANTIAL SIN GAS| |9466008|BEBIDAS|20|BEBIDAS|20|Aguas|2001|Aguas|2001|Para Aqui|1|Para Aqui|1|22689.00|0.00|22689.00|0.00|0.00|0.00|22689.00|0.00|22689.00|1|22689.00|3|0|0.00|0.00|0.00|77|19
FPMI|1-Restautante|1|1-Restautante|28|AGUARDIENTE ANTIOQUEÑO S| |9448024|AGUARDIENTE ANTIOQUEÑO SIN AZUCA| |9448024|LICORES|30|LICORES|30|Aguardiente BT|3002|Aguardiente BT|3002|Para Aqui|1|Para Aqui|1|47059.00|0.00|47059.00|0.00|0.00|0.00|47059.00|0.00|47059.00|1|47059.00|1|0|0.00|0.00|0.00|64|15
FPMI|1-Restautante|1|1-Restautante|28|CERVEZA STELLA ARTOIS| |9432156|CERVEZA STELLA ARTOIS| |9432156|LICORES|30|LICORES|30|Cerveza Nac|3009|Cerveza Nac|3009|Para Aqui|1|Para Aqui|1|116810.00|0.00|116810.00|0.00|0.00|0.00|116810.00|0.00|116810.00|1|116810.00|10|0|0.00|0.00|0.00|69|17
FPMI|1-Restautante|1|1-Restautante|28|CERVEZA STELLA ARTOIS| |9432156|CERVEZA STELLA ARTOIS| |9432156|LICORES|30|LICORES|30|Cerveza Nac|3009|Cerveza Nac|3009|Para Aqui|1|Para Aqui|1|151853.00|0.00|151853.00|0.00|0.00|0.00|151853.00|0.00|151853.00|1|151853.00|13|0|0.00|0.00|0.00|53|13
FPMI|1-Restautante|1|1-Restautante|28|CERVEZA STELLA ARTOIS| |9432156|CERVEZA STELLA ARTOIS| |9432156|LICORES|30|LICORES|30|Cerveza Nac|3009|Cerveza Nac|3009|Para Aqui|1|Para Aqui|1|35043.00|0.00|35043.00|0.00|0.00|0.00|35043.00|0.00|35043.00|1|35043.00|3|0|0.00|0.00|0.00|74|18
FPMI|1-Restautante|1|1-Restautante|28|CERVEZA CORONA EXTRA| |9432068|CERVEZA CORONA EXTRA| |9432068|LICORES|30|LICORES|30|Cerveza Imp|3008|Cerveza Imp|3008|Para Aqui|1|Para Aqui|1|81767.00|0.00|81767.00|0.00|0.00|0.00|81767.00|0.00|81767.00|1|81767.00|7|0|0.00|0.00|0.00|78|19
FPMI|1-Restautante|1|1-Restautante|28|AGUARDIENTE ANTIOQUEÑO  | |9448004|AGUARDIENTE ANTIOQUEÑO  BOT| |9448004|LICORES|30|LICORES|30|Aguardiente BT|3002|Aguardiente BT|3002|Para Aqui|1|Para Aqui|1|81933.00|0.00|81933.00|0.00|0.00|0.00|81933.00|0.00|81933.00|1|81933.00|1|0|0.00|0.00|0.00|79|19
FPMI|1-Restautante|1|1-Restautante|28|CERVEZA CORONA EXTRA| |9432068|CERVEZA CORONA EXTRA| |9432068|LICORES|30|LICORES|30|Cerveza Imp|3008|Cerveza Imp|3008|Para Aqui|1|Para Aqui|1|46724.00|0.00|46724.00|0.00|0.00|0.00|46724.00|0.00|46724.00|1|46724.00|4|0|0.00|0.00|0.00|67|16
FPMI|1-Restautante|1|1-Restautante|28|CERVEZA CORONA EXTRA| |9432068|CERVEZA CORONA EXTRA| |9432068|LICORES|30|LICORES|30|Cerveza Imp|3008|Cerveza Imp|3008|Para Aqui|1|Para Aqui|1|58405.00|0.00|58405.00|0.00|0.00|0.00|58405.00|0.00|58405.00|1|58405.00|5|0|0.00|0.00|0.00|64|15
FPMI|1-Restautante|1|1-Restautante|28|Mensj Bar| |90000012|Mensj Bar| |90000012|PREPARACION CONDIMENTOS|70|PREPARACION CONDIMENTOS|70|Mensajes|7003|Mensajes|7003|Para Aqui|1|Para Aqui|1|0.00|0.00|0.00|0.00|0.00|0.00|0.00|0.00|0.00|1|0.00|2|0|0.00|0.00|0.00|74|18
FPMI|1-Restautante|1|1-Restautante|28|exclusividad| |900002010|exclusividad| |900002010|MISCELANEOS|90|MISCELANEOS|90|Adicionales|9001|Adicionales|9001|Para Aqui|1|Para Aqui|1|840336.00|0.00|840336.00|0.00|0.00|0.00|840336.00|0.00|840336.00|1|840336.00|1|0|0.00|0.00|0.00|69|17
FPMI|1-Restautante|1|1-Restautante|28|FRIJOLES-COLABORADORES| |9346253|FRIJOLES-COLABORADORES| |9346253|ALIMENTOS|10|ALIMENTOS|10|Cocina Gourmet|1003|Cocina Gourmet|1003|Para Aqui|1|Para Aqui|1|6723.00|0.00|6723.00|0.00|0.00|0.00|6723.00|0.00|6723.00|1|6723.00|1|0|0.00|0.00|0.00|60|14
FPMI|1-Restautante|1|1-Restautante|28|FRIJOLES-COLABORADORES| |9346253|FRIJOLES-COLABORADORES| |9346253|ALIMENTOS|10|ALIMENTOS|10|Cocina Gourmet|1003|Cocina Gourmet|1003|Para Aqui|1|Para Aqui|1|6723.00|0.00|6723.00|0.00|0.00|0.00|6723.00|0.00|6723.00|1|6723.00|1|0|0.00|0.00|0.00|67|16
FPMI|1-Restautante|1|1-Restautante|28|GASEOSA COLABORADOR| |9466999|GASEOSA COLABORADOR| |9466999|ALIMENTOS|10|ALIMENTOS|10|Carnes|1002|Carnes|1002|Para Aqui|1|Para Aqui|1|1261.00|0.00|1261.00|0.00|0.00|0.00|1261.00|0.00|1261.00|1|1261.00|1|0|0.00|0.00|0.00|60|14
FPMI|1-Restautante|1|1-Restautante|28|CHURRASCO X 300 GR CON P| |9311156|CHURRASCO X 300 GR CON PAPA FRAN| |9311156|ALIMENTOS|10|ALIMENTOS|10|Carnes|1002|Carnes|1002|Para Aqui|1|Para Aqui|1|879825.00|0.00|879825.00|0.00|0.00|0.00|879825.00|0.00|879825.00|1|879825.00|15|0|0.00|0.00|0.00|67|16
FPMI|1-Restautante|1|1-Restautante|28|AGUA MANANTIAL CON GAS| |9466004|AGUA MANANTIAL CON GAS| |9466004|BEBIDAS|20|BEBIDAS|20|Aguas|2001|Aguas|2001|Para Aqui|1|Para Aqui|1|7563.00|0.00|7563.00|0.00|0.00|0.00|7563.00|0.00|7563.00|1|7563.00|1|0|0.00|0.00|0.00|64|15
FPMI|1-Restautante|1|1-Restautante|28|AGUA MANANTIAL SIN GAS| |9466008|AGUA MANANTIAL SIN GAS| |9466008|BEBIDAS|20|BEBIDAS|20|Aguas|2001|Aguas|2001|Para Aqui|1|Para Aqui|1|7563.00|0.00|7563.00|0.00|0.00|0.00|7563.00|0.00|7563.00|1|7563.00|1|0|0.00|0.00|0.00|79|19
FPMI|1-Restautante|1|1-Restautante|28|GASEOSA COCA COLA ZERO| |9466084|GASEOSA COCA COLA ZERO| |9466084|BEBIDAS|20|BEBIDAS|20|Gaseosas|2003|Gaseosas|2003|Para Aqui|1|Para Aqui|1|7563.00|0.00|7563.00|0.00|0.00|0.00|7563.00|0.00|7563.00|1|7563.00|1|0|0.00|0.00|0.00|63|15
FPMI|1-Restautante|1|1-Restautante|28|GASEOSA COCA COLA| |9466076|GASEOSA COCA COLA| |9466076|BEBIDAS|20|BEBIDAS|20|Gaseosas|2003|Gaseosas|2003|Para Aqui|1|Para Aqui|1|22689.00|0.00|22689.00|0.00|0.00|0.00|22689.00|0.00|22689.00|1|22689.00|3|0|0.00|0.00|0.00|59|14
FPMI|1-Restautante|1|1-Restautante|28|GASEOSA COCA COLA| |9466076|GASEOSA COCA COLA| |9466076|BEBIDAS|20|BEBIDAS|20|Gaseosas|2003|Gaseosas|2003|Para Aqui|1|Para Aqui|1|7563.00|0.00|7563.00|0.00|0.00|0.00|7563.00|0.00|7563.00|1|7563.00|1|0|0.00|0.00|0.00|63|15
FPMI|1-Restautante|1|1-Restautante|28|AGUA MANANTIAL SIN GAS| |9466008|AGUA MANANTIAL SIN GAS| |9466008|BEBIDAS|20|BEBIDAS|20|Aguas|2001|Aguas|2001|Para Aqui|1|Para Aqui|1|15126.00|0.00|15126.00|0.00|0.00|0.00|15126.00|0.00|15126.00|1|15126.00|2|0|0.00|0.00|0.00|64|15
FPMI|1-Restautante|1|1-Restautante|28|AGUA MANANTIAL CON GAS X| |2202016|AGUA MANANTIAL CON GAS X 600 ML | |2202016|BEBIDAS|20|BEBIDAS|20|Aguas|2001|Aguas|2001|Para Aqui|1|Para Aqui|1|1765.00|0.00|1765.00|0.00|0.00|0.00|1765.00|0.00|1765.00|1|1765.00|1|0|0.00|0.00|0.00|67|16
FPMI|1-Restautante|1|1-Restautante|28|AGUA MANANTIAL CON GAS| |9466004|AGUA MANANTIAL CON GAS| |9466004|BEBIDAS|20|BEBIDAS|20|Aguas|2001|Aguas|2001|Para Aqui|1|Para Aqui|1|7563.00|0.00|7563.00|0.00|0.00|0.00|7563.00|0.00|7563.00|1|7563.00|1|0|0.00|0.00|0.00|68|16
FPMI|1-Restautante|1|1-Restautante|28|AGUA MANANTIAL CON GAS| |9466004|AGUA MANANTIAL CON GAS| |9466004|BEBIDAS|20|BEBIDAS|20|Aguas|2001|Aguas|2001|Para Aqui|1|Para Aqui|1|15126.00|0.00|15126.00|0.00|0.00|0.00|15126.00|0.00|15126.00|1|15126.00|2|0|0.00|0.00|0.00|75|18
FPMI|1-Restautante|1|1-Restautante|28|CERVEZA CORONA EXTRA| |9432068|CERVEZA CORONA EXTRA| |9432068|LICORES|30|LICORES|30|Cerveza Imp|3008|Cerveza Imp|3008|Para Aqui|1|Para Aqui|1|70086.00|0.00|70086.00|0.00|0.00|0.00|70086.00|0.00|70086.00|1|70086.00|6|0|0.00|0.00|0.00|56|13
FPMI|1-Restautante|1|1-Restautante|28|CERVEZA STELLA ARTOIS| |9432156|CERVEZA STELLA ARTOIS| |9432156|LICORES|30|LICORES|30|Cerveza Nac|3009|Cerveza Nac|3009|Para Aqui|1|Para Aqui|1|11681.00|0.00|11681.00|0.00|0.00|0.00|11681.00|0.00|11681.00|1|11681.00|1|0|0.00|0.00|0.00|57|14
FPMI|1-Restautante|1|1-Restautante|28|CERVEZA CORONA EXTRA| |9432068|CERVEZA CORONA EXTRA| |9432068|LICORES|30|LICORES|30|Cerveza Imp|3008|Cerveza Imp|3008|Para Aqui|1|Para Aqui|1|11681.00|0.00|11681.00|0.00|0.00|0.00|11681.00|0.00|11681.00|1|11681.00|1|0|0.00|0.00|0.00|54|13
FPMI|1-Restautante|1|1-Restautante|28|CERVEZA STELLA ARTOIS| |9432156|CERVEZA STELLA ARTOIS| |9432156|LICORES|30|LICORES|30|Cerveza Nac|3009|Cerveza Nac|3009|Para Aqui|1|Para Aqui|1|23362.00|0.00|23362.00|0.00|0.00|0.00|23362.00|0.00|23362.00|1|23362.00|2|0|0.00|0.00|0.00|60|14
FPMI|1-Restautante|1|1-Restautante|28|CERVEZA CLUB COLOMBIA RO| |9432018|CERVEZA CLUB COLOMBIA ROJA| |9432018|LICORES|30|LICORES|30|Cerveza Nac|3009|Cerveza Nac|3009|Para Aqui|1|Para Aqui|1|11008.00|0.00|11008.00|0.00|0.00|0.00|11008.00|0.00|11008.00|1|11008.00|1|0|0.00|0.00|0.00|80|19
FPMI|1-Restautante|1|1-Restautante|28|CERVEZA CORONA EXTRA| |9432068|CERVEZA CORONA EXTRA| |9432068|LICORES|30|LICORES|30|Cerveza Imp|3008|Cerveza Imp|3008|Para Aqui|1|Para Aqui|1|11681.00|0.00|11681.00|0.00|0.00|0.00|11681.00|0.00|11681.00|1|11681.00|1|0|0.00|0.00|0.00|71|17
FPMI|1-Restautante|1|1-Restautante|28|Mensj Bar| |90000012|Mensj Bar| |90000012|PREPARACION CONDIMENTOS|70|PREPARACION CONDIMENTOS|70|Mensajes|7003|Mensajes|7003|Para Aqui|1|Para Aqui|1|0.00|0.00|0.00|0.00|0.00|0.00|0.00|0.00|0.00|1|0.00|1|0|0.00|0.00|0.00|78|19
FPMI|3-Eventos|3|3-Eventos|23|Tres Leches| |10090006|Tres Leches| |10090006|ALIMENTOS|10|ALIMENTOS|10|Postres|1009|Postres|1009|Para Aqui|1|Para Aqui|1|504180.00|0.00|504180.00|0.00|0.00|0.00|504180.00|0.00|504180.00|1|504180.00|60|0|0.00|0.00|0.00|67|16
FPMI|1-Restautante|1|1-Restautante|28|AJIACO-COLABORADORES| |9346252|AJIACO-COLABORADORES| |9346252|ALIMENTOS|10|ALIMENTOS|10|Cocina Gourmet|1003|Cocina Gourmet|1003|Para Aqui|1|Para Aqui|1|6723.00|0.00|6723.00|0.00|0.00|0.00|6723.00|0.00|6723.00|1|6723.00|1|0|0.00|0.00|0.00|68|16
FPMI|1-Restautante|1|1-Restautante|28|AMERICANO| |9462158|AMERICANO| |9462158|BEBIDAS|20|BEBIDAS|20|Cafes|2002|Cafes|2002|Para Aqui|1|Para Aqui|1|7143.00|0.00|7143.00|0.00|0.00|0.00|7143.00|0.00|7143.00|1|7143.00|1|0|0.00|0.00|0.00|61|15
FPMI|1-Restautante|1|1-Restautante|28|GASEOSA QUATRO| |9466144|GASEOSA QUATRO| |9466144|BEBIDAS|20|BEBIDAS|20|Gaseosas|2003|Gaseosas|2003|Para Aqui|1|Para Aqui|1|7563.00|0.00|7563.00|0.00|0.00|0.00|7563.00|0.00|7563.00|1|7563.00|1|0|0.00|0.00|0.00|61|15
FPMI|1-Restautante|1|1-Restautante|28|AGUA MANANTIAL CON GAS X| |2202016|AGUA MANANTIAL CON GAS X 600 ML | |2202016|BEBIDAS|20|BEBIDAS|20|Aguas|2001|Aguas|2001|Para Aqui|1|Para Aqui|1|1765.00|0.00|1765.00|0.00|0.00|0.00|1765.00|0.00|1765.00|1|1765.00|1|0|0.00|0.00|0.00|53|13
FPMI|1-Restautante|1|1-Restautante|28|GASEOSA SCHWEPPES GINGER| |9466152|GASEOSA SCHWEPPES GINGER| |9466152|BEBIDAS|20|BEBIDAS|20|Gaseosas|2003|Gaseosas|2003|Para Aqui|1|Para Aqui|1|7563.00|0.00|7563.00|0.00|0.00|0.00|7563.00|0.00|7563.00|1|7563.00|1|0|0.00|0.00|0.00|64|15
FPMI|1-Restautante|1|1-Restautante|28|AGUA MANANTIAL SIN GAS| |9466008|AGUA MANANTIAL SIN GAS| |9466008|BEBIDAS|20|BEBIDAS|20|Aguas|2001|Aguas|2001|Para Aqui|1|Para Aqui|1|7563.00|0.00|7563.00|0.00|0.00|0.00|7563.00|0.00|7563.00|1|7563.00|1|0|0.00|0.00|0.00|59|14
FPMI|1-Restautante|1|1-Restautante|28|GASEOSA QUATRO| |9466144|GASEOSA QUATRO| |9466144|BEBIDAS|20|BEBIDAS|20|Gaseosas|2003|Gaseosas|2003|Para Aqui|1|Para Aqui|1|7563.00|0.00|7563.00|0.00|0.00|0.00|7563.00|0.00|7563.00|1|7563.00|1|0|0.00|0.00|0.00|56|13
FPMI|1-Restautante|1|1-Restautante|28|CERVEZA CORONA EXTRA| |9432068|CERVEZA CORONA EXTRA| |9432068|LICORES|30|LICORES|30|Cerveza Imp|3008|Cerveza Imp|3008|Para Aqui|1|Para Aqui|1|70086.00|0.00|70086.00|0.00|0.00|0.00|70086.00|0.00|70086.00|1|70086.00|6|0|0.00|0.00|0.00|61|15
FPMI|1-Restautante|1|1-Restautante|28|CERVEZA CORONA EXTRA| |9432068|CERVEZA CORONA EXTRA| |9432068|LICORES|30|LICORES|30|Cerveza Imp|3008|Cerveza Imp|3008|Para Aqui|1|Para Aqui|1|46724.00|0.00|46724.00|0.00|0.00|0.00|46724.00|0.00|46724.00|1|46724.00|4|0|0.00|0.00|0.00|65|16
FPMI|1-Restautante|1|1-Restautante|28|CERVEZA STELLA ARTOIS| |9432156|CERVEZA STELLA ARTOIS| |9432156|LICORES|30|LICORES|30|Cerveza Nac|3009|Cerveza Nac|3009|Para Aqui|1|Para Aqui|1|11681.00|0.00|11681.00|0.00|0.00|0.00|11681.00|0.00|11681.00|1|11681.00|1|0|0.00|0.00|0.00|73|18
FPMI|1-Restautante|1|1-Restautante|28|CERVEZA CORONA EXTRA| |9432068|CERVEZA CORONA EXTRA| |9432068|LICORES|30|LICORES|30|Cerveza Imp|3008|Cerveza Imp|3008|Para Aqui|1|Para Aqui|1|23362.00|0.00|23362.00|0.00|0.00|0.00|23362.00|0.00|23362.00|1|23362.00|2|0|0.00|0.00|0.00|57|14
FPMI|1-Restautante|1|1-Restautante|28|CERVEZA CORONA EXTRA| |9432068|CERVEZA CORONA EXTRA| |9432068|LICORES|30|LICORES|30|Cerveza Imp|3008|Cerveza Imp|3008|Para Aqui|1|Para Aqui|1|35043.00|0.00|35043.00|0.00|0.00|0.00|35043.00|0.00|35043.00|1|35043.00|3|0|0.00|0.00|0.00|62|15
FPMI|1-Restautante|1|1-Restautante|28|AGUARDIENTE ANTIOQUEÑO S| |9448024|AGUARDIENTE ANTIOQUEÑO SIN AZUCA| |9448024|LICORES|30|LICORES|30|Aguardiente BT|3002|Aguardiente BT|3002|Para Aqui|1|Para Aqui|1|47059.00|0.00|47059.00|0.00|0.00|0.00|47059.00|0.00|47059.00|1|47059.00|1|0|0.00|0.00|0.00|75|18
FPMI|1-Restautante|1|1-Restautante|28|CERVEZA STELLA ARTOIS| |9432156|CERVEZA STELLA ARTOIS| |9432156|LICORES|30|LICORES|30|Cerveza Nac|3009|Cerveza Nac|3009|Para Aqui|1|Para Aqui|1|11681.00|0.00|11681.00|0.00|0.00|0.00|11681.00|0.00|11681.00|1|11681.00|1|0|0.00|0.00|0.00|79|19
FPMI|1-Restautante|1|1-Restautante|28|CERVEZA STELLA ARTOIS| |9432156|CERVEZA STELLA ARTOIS| |9432156|LICORES|30|LICORES|30|Cerveza Nac|3009|Cerveza Nac|3009|Para Aqui|1|Para Aqui|1|46724.00|0.00|46724.00|0.00|0.00|0.00|46724.00|0.00|46724.00|1|46724.00|4|0|0.00|0.00|0.00|68|16
FPMI|1-Restautante|1|1-Restautante|28|CERVEZA CORONA EXTRA| |9432068|CERVEZA CORONA EXTRA| |9432068|LICORES|30|LICORES|30|Cerveza Imp|3008|Cerveza Imp|3008|Para Aqui|1|Para Aqui|1|11681.00|0.00|11681.00|0.00|0.00|0.00|11681.00|0.00|11681.00|1|11681.00|1|0|0.00|0.00|0.00|76|18
FPMI|1-Restautante|1|1-Restautante|28|TEQUILA CENTENARIO PLATA| |9444093|TEQUILA CENTENARIO PLATA BOT| |9444093|LICORES|30|LICORES|30|Tequilas BT|3028|Tequilas BT|3028|Para Aqui|1|Para Aqui|1|178992.00|0.00|178992.00|0.00|0.00|0.00|178992.00|0.00|178992.00|1|178992.00|1|0|0.00|0.00|0.00|74|18
FPMI|1-Restautante|1|1-Restautante|28|Banda Musical| |900002003|Banda Musical| |900002003|MISCELANEOS|90|MISCELANEOS|90|Adicionales|9001|Adicionales|9001|Para Aqui|1|Para Aqui|1|1344538.00|0.00|1344538.00|0.00|0.00|0.00|1344538.00|0.00|1344538.00|1|1344538.00|1|0|0.00|0.00|0.00|69|17
FPMI|1-Restautante|1|1-Restautante|28|PECHUGA DE POLLO X 400 G| |9310604|PECHUGA DE POLLO X 400 GR CON FR| |9310604|ALIMENTOS|10|ALIMENTOS|10|Carnes|1002|Carnes|1002|Para Aqui|1|Para Aqui|1|623955.00|0.00|623955.00|0.00|0.00|0.00|623955.00|0.00|623955.00|1|623955.00|15|0|0.00|0.00|0.00|67|16
FPMI|1-Restautante|1|1-Restautante|28|AGUA MANANTIAL CON GAS| |9466004|AGUA MANANTIAL CON GAS| |9466004|BEBIDAS|20|BEBIDAS|20|Aguas|2001|Aguas|2001|Para Aqui|1|Para Aqui|1|15126.00|0.00|15126.00|0.00|0.00|0.00|15126.00|0.00|15126.00|1|15126.00|2|0|0.00|0.00|0.00|65|16
FPMI|1-Restautante|1|1-Restautante|28|AGUA MANANTIAL CON GAS| |9466004|AGUA MANANTIAL CON GAS| |9466004|BEBIDAS|20|BEBIDAS|20|Aguas|2001|Aguas|2001|Para Aqui|1|Para Aqui|1|7563.00|0.00|7563.00|0.00|0.00|0.00|7563.00|0.00|7563.00|1|7563.00|1|0|0.00|0.00|0.00|77|19
FPMI|1-Restautante|1|1-Restautante|28|GASEOSA SPRITE| |9466168|GASEOSA SPRITE| |9466168|BEBIDAS|20|BEBIDAS|20|Gaseosas|2003|Gaseosas|2003|Para Aqui|1|Para Aqui|1|7563.00|0.00|7563.00|0.00|0.00|0.00|7563.00|0.00|7563.00|1|7563.00|1|0|0.00|0.00|0.00|69|17
FPMI|1-Restautante|1|1-Restautante|28|CERVEZA CORONA EXTRA| |9432068|CERVEZA CORONA EXTRA| |9432068|LICORES|30|LICORES|30|Cerveza Imp|3008|Cerveza Imp|3008|Para Aqui|1|Para Aqui|1|11681.00|0.00|11681.00|0.00|0.00|0.00|11681.00|0.00|11681.00|1|11681.00|1|0|0.00|0.00|0.00|66|16
FPMI|1-Restautante|1|1-Restautante|28|CERVEZA STELLA ARTOIS| |9432156|CERVEZA STELLA ARTOIS| |9432156|LICORES|30|LICORES|30|Cerveza Nac|3009|Cerveza Nac|3009|Para Aqui|1|Para Aqui|1|70086.00|0.00|70086.00|0.00|0.00|0.00|70086.00|0.00|70086.00|1|70086.00|6|0|0.00|0.00|0.00|50|12
FPMI|1-Restautante|1|1-Restautante|28|CERVEZA STELLA ARTOIS| |9432156|CERVEZA STELLA ARTOIS| |9432156|LICORES|30|LICORES|30|Cerveza Nac|3009|Cerveza Nac|3009|Para Aqui|1|Para Aqui|1|116810.00|0.00|116810.00|0.00|0.00|0.00|116810.00|0.00|116810.00|1|116810.00|10|0|0.00|0.00|0.00|56|13
FPMI|1-Restautante|1|1-Restautante|28|AGUARDIENTE ANTIOQUEÑO S| |9448024|AGUARDIENTE ANTIOQUEÑO SIN AZUCA| |9448024|LICORES|30|LICORES|30|Aguardiente BT|3002|Aguardiente BT|3002|Para Aqui|1|Para Aqui|1|47059.00|0.00|47059.00|0.00|0.00|0.00|47059.00|0.00|47059.00|1|47059.00|1|0|0.00|0.00|0.00|65|16
FPMI|1-Restautante|1|1-Restautante|28|TEQUILA CENTENARIO PLATA| |9444093|TEQUILA CENTENARIO PLATA BOT| |9444093|LICORES|30|LICORES|30|Tequilas BT|3028|Tequilas BT|3028|Para Aqui|1|Para Aqui|1|178992.00|0.00|178992.00|0.00|0.00|0.00|178992.00|0.00|178992.00|1|178992.00|1|0|0.00|0.00|0.00|81|20
FPMI|1-Restautante|1|1-Restautante|28|CERVEZA CORONA EXTRA| |9432068|CERVEZA CORONA EXTRA| |9432068|LICORES|30|LICORES|30|Cerveza Imp|3008|Cerveza Imp|3008|Para Aqui|1|Para Aqui|1|105129.00|0.00|105129.00|0.00|0.00|0.00|105129.00|0.00|105129.00|1|105129.00|9|0|0.00|0.00|0.00|81|20
FPMI|1-Restautante|1|1-Restautante|28|CERVEZA STELLA ARTOIS| |9432156|CERVEZA STELLA ARTOIS| |9432156|LICORES|30|LICORES|30|Cerveza Nac|3009|Cerveza Nac|3009|Para Aqui|1|Para Aqui|1|11681.00|0.00|11681.00|0.00|0.00|0.00|11681.00|0.00|11681.00|1|11681.00|1|0|0.00|0.00|0.00|66|16
FPMI|1-Restautante|1|1-Restautante|28|AGUARDIENTE ANTIOQUEÑO  | |9448004|AGUARDIENTE ANTIOQUEÑO  BOT| |9448004|LICORES|30|LICORES|30|Aguardiente BT|3002|Aguardiente BT|3002|Para Aqui|1|Para Aqui|1|163866.00|0.00|163866.00|0.00|0.00|0.00|163866.00|0.00|163866.00|1|163866.00|2|0|0.00|0.00|0.00|74|18
FPMI|1-Restautante|1|1-Restautante|28|Mensj Bar| |90000012|Mensj Bar| |90000012|PREPARACION CONDIMENTOS|70|PREPARACION CONDIMENTOS|70|Mensajes|7003|Mensajes|7003|Para Aqui|1|Para Aqui|1|0.00|0.00|0.00|0.00|0.00|0.00|0.00|0.00|0.00|1|0.00|1|0|0.00|0.00|0.00|64|15
FPMI|1-Restautante|1|1-Restautante|28|Mensj Bar| |90000012|Mensj Bar| |90000012|PREPARACION CONDIMENTOS|70|PREPARACION CONDIMENTOS|70|Mensajes|7003|Mensajes|7003|Para Aqui|1|Para Aqui|1|0.00|0.00|0.00|0.00|0.00|0.00|0.00|0.00|0.00|1|0.00|1|0|0.00|0.00|0.00|56|13
FPMI|1-Restautante|1|1-Restautante|28|1 COPA| |40000001|1 COPA| |40000001|PREPARACION CONDIMENTOS|70|PREPARACION CONDIMENTOS|70|Cond. Bebidas|7002|Cond. Bebidas|7002|Para Aqui|1|Para Aqui|1|0.00|0.00|0.00|0.00|0.00|0.00|0.00|0.00|0.00|1|0.00|1|0|0.00|0.00|0.00|78|19
FPMI|1-Restautante|1|1-Restautante|28|1 COPA| |40000001|1 COPA| |40000001|PREPARACION CONDIMENTOS|70|PREPARACION CONDIMENTOS|70|Cond. Bebidas|7002|Cond. Bebidas|7002|Para Aqui|1|Para Aqui|1|0.00|0.00|0.00|0.00|0.00|0.00|0.00|0.00|0.00|1|0.00|1|0|0.00|0.00|0.00|74|18
FPMI|1-Restautante|1|1-Restautante|28|GASEOSA COLABORADOR| |9466999|GASEOSA COLABORADOR| |9466999|ALIMENTOS|10|ALIMENTOS|10|Carnes|1002|Carnes|1002|Para Aqui|1|Para Aqui|1|1261.00|0.00|1261.00|0.00|0.00|0.00|1261.00|0.00|1261.00|1|1261.00|1|0|0.00|0.00|0.00|64|15
FPMI|1-Restautante|1|1-Restautante|28|AGUA MANANTIAL SIN GAS| |9466008|AGUA MANANTIAL SIN GAS| |9466008|BEBIDAS|20|BEBIDAS|20|Aguas|2001|Aguas|2001|Para Aqui|1|Para Aqui|1|15126.00|0.00|15126.00|0.00|0.00|0.00|15126.00|0.00|15126.00|1|15126.00|2|0|0.00|0.00|0.00|69|17
FPMI|1-Restautante|1|1-Restautante|28|AGUA MANANTIAL SIN GAS| |9466008|AGUA MANANTIAL SIN GAS| |9466008|BEBIDAS|20|BEBIDAS|20|Aguas|2001|Aguas|2001|Para Aqui|1|Para Aqui|1|15126.00|0.00|15126.00|0.00|0.00|0.00|15126.00|0.00|15126.00|1|15126.00|2|0|0.00|0.00|0.00|62|15
FPMI|1-Restautante|1|1-Restautante|28|GASEOSA COCA COLA| |9466076|GASEOSA COCA COLA| |9466076|BEBIDAS|20|BEBIDAS|20|Gaseosas|2003|Gaseosas|2003|Para Aqui|1|Para Aqui|1|52941.00|0.00|52941.00|0.00|0.00|0.00|52941.00|0.00|52941.00|1|52941.00|7|0|0.00|0.00|0.00|56|13
FPMI|1-Restautante|1|1-Restautante|28|GASEOSA COCA COLA ZERO| |9466084|GASEOSA COCA COLA ZERO| |9466084|BEBIDAS|20|BEBIDAS|20|Gaseosas|2003|Gaseosas|2003|Para Aqui|1|Para Aqui|1|7563.00|0.00|7563.00|0.00|0.00|0.00|7563.00|0.00|7563.00|1|7563.00|1|0|0.00|0.00|0.00|56|13
FPMI|1-Restautante|1|1-Restautante|28|GASEOSA COCA COLA| |9466076|GASEOSA COCA COLA| |9466076|BEBIDAS|20|BEBIDAS|20|Gaseosas|2003|Gaseosas|2003|Para Aqui|1|Para Aqui|1|15126.00|0.00|15126.00|0.00|0.00|0.00|15126.00|0.00|15126.00|1|15126.00|2|0|0.00|0.00|0.00|65|16
FPMI|1-Restautante|1|1-Restautante|28|AGUARDIENTE ANTIOQUEÑO S| |9448024|AGUARDIENTE ANTIOQUEÑO SIN AZUCA| |9448024|LICORES|30|LICORES|30|Aguardiente BT|3002|Aguardiente BT|3002|Para Aqui|1|Para Aqui|1|47059.00|0.00|47059.00|0.00|0.00|0.00|47059.00|0.00|47059.00|1|47059.00|1|0|0.00|0.00|0.00|63|15
FPMI|1-Restautante|1|1-Restautante|28|CERVEZA STELLA ARTOIS| |9432156|CERVEZA STELLA ARTOIS| |9432156|LICORES|30|LICORES|30|Cerveza Nac|3009|Cerveza Nac|3009|Para Aqui|1|Para Aqui|1|46724.00|0.00|46724.00|0.00|0.00|0.00|46724.00|0.00|46724.00|1|46724.00|4|0|0.00|0.00|0.00|52|12
FPMI|1-Restautante|1|1-Restautante|28|AGUARDIENTE ANTIOQUEÑO S| |9448016|AGUARDIENTE ANTIOQUEÑO SIN AZUCA| |9448016|LICORES|30|LICORES|30|Aguardiente BT|3002|Aguardiente BT|3002|Para Aqui|1|Para Aqui|1|-81933.00|0.00|-81933.00|0.00|0.00|0.00|-81933.00|0.00|-81933.00|1|-81933.00|-1|0|0.00|0.00|0.00|74|18
FPMI|1-Restautante|1|1-Restautante|28|CERVEZA STELLA ARTOIS| |9432156|CERVEZA STELLA ARTOIS| |9432156|LICORES|30|LICORES|30|Cerveza Nac|3009|Cerveza Nac|3009|Para Aqui|1|Para Aqui|1|23362.00|0.00|23362.00|0.00|0.00|0.00|23362.00|0.00|23362.00|1|23362.00|2|0|0.00|0.00|0.00|58|14
FPMI|1-Restautante|1|1-Restautante|28|CERVEZA STELLA ARTOIS| |9432156|CERVEZA STELLA ARTOIS| |9432156|LICORES|30|LICORES|30|Cerveza Nac|3009|Cerveza Nac|3009|Para Aqui|1|Para Aqui|1|93448.00|0.00|93448.00|0.00|0.00|0.00|93448.00|0.00|93448.00|1|93448.00|8|0|0.00|0.00|0.00|61|15
FPMI|1-Restautante|1|1-Restautante|28|AGUARDIENTE ANTIOQUEÑO S| |9448024|AGUARDIENTE ANTIOQUEÑO SIN AZUCA| |9448024|LICORES|30|LICORES|30|Aguardiente BT|3002|Aguardiente BT|3002|Para Aqui|1|Para Aqui|1|47059.00|0.00|47059.00|0.00|0.00|0.00|47059.00|0.00|47059.00|1|47059.00|1|0|0.00|0.00|0.00|71|17
FPMI|1-Restautante|1|1-Restautante|28|CERVEZA STELLA ARTOIS| |9432156|CERVEZA STELLA ARTOIS| |9432156|LICORES|30|LICORES|30|Cerveza Nac|3009|Cerveza Nac|3009|Para Aqui|1|Para Aqui|1|11681.00|0.00|11681.00|0.00|0.00|0.00|11681.00|0.00|11681.00|1|11681.00|1|0|0.00|0.00|0.00|72|17
FPMI|1-Restautante|1|1-Restautante|28|CERVEZA CORONA EXTRA| |9432068|CERVEZA CORONA EXTRA| |9432068|LICORES|30|LICORES|30|Cerveza Imp|3008|Cerveza Imp|3008|Para Aqui|1|Para Aqui|1|11681.00|0.00|11681.00|0.00|0.00|0.00|11681.00|0.00|11681.00|1|11681.00|1|0|0.00|0.00|0.00|79|19
FPMI|1-Restautante|1|1-Restautante|28|Mensj Bar| |90000012|Mensj Bar| |90000012|PREPARACION CONDIMENTOS|70|PREPARACION CONDIMENTOS|70|Mensajes|7003|Mensajes|7003|Para Aqui|1|Para Aqui|1|0.00|0.00|0.00|0.00|0.00|0.00|0.00|0.00|0.00|1|0.00|1|0|0.00|0.00|0.00|66|16
FPMI|1-Restautante|1|1-Restautante|28|AREPA DE CHOCOLO CON QUE| |9302012|AREPA DE CHOCOLO CON QUESO| |9302012|ALIMENTOS|10|ALIMENTOS|10|Para Empezar|1008|Para Empezar|1008|Para Aqui|1|Para Aqui|1|327740.00|0.00|327740.00|0.00|0.00|0.00|327740.00|0.00|327740.00|1|327740.00|20|0|0.00|0.00|0.00|67|16
FPMI|1-Restautante|1|1-Restautante|28|CHICHARRONES 110 GR CON | |9302413|CHICHARRONES 110 GR CON GUACAMOL| |9302413|ALIMENTOS|10|ALIMENTOS|10|Para Empezar|1008|Para Empezar|1008|Para Aqui|1|Para Aqui|1|445380.00|0.00|445380.00|0.00|0.00|0.00|445380.00|0.00|445380.00|1|445380.00|20|0|0.00|0.00|0.00|67|16
FPMI|1-Restautante|1|1-Restautante|28|GASEOSA COCA COLA| |9466076|GASEOSA COCA COLA| |9466076|BEBIDAS|20|BEBIDAS|20|Gaseosas|2003|Gaseosas|2003|Para Aqui|1|Para Aqui|1|15126.00|0.00|15126.00|0.00|0.00|0.00|15126.00|0.00|15126.00|1|15126.00|2|0|0.00|0.00|0.00|61|15
FPMI|1-Restautante|1|1-Restautante|28|GASEOSA COCA COLA ZERO| |9466084|GASEOSA COCA COLA ZERO| |9466084|BEBIDAS|20|BEBIDAS|20|Gaseosas|2003|Gaseosas|2003|Para Aqui|1|Para Aqui|1|7563.00|0.00|7563.00|0.00|0.00|0.00|7563.00|0.00|7563.00|1|7563.00|1|0|0.00|0.00|0.00|60|14
FPMI|1-Restautante|1|1-Restautante|28|GASEOSA SCHWEPPES GINGER| |9466152|GASEOSA SCHWEPPES GINGER| |9466152|BEBIDAS|20|BEBIDAS|20|Gaseosas|2003|Gaseosas|2003|Para Aqui|1|Para Aqui|1|15126.00|0.00|15126.00|0.00|0.00|0.00|15126.00|0.00|15126.00|1|15126.00|2|0|0.00|0.00|0.00|56|13
FPMI|1-Restautante|1|1-Restautante|28|AGUA MANANTIAL SIN GAS| |9466008|AGUA MANANTIAL SIN GAS| |9466008|BEBIDAS|20|BEBIDAS|20|Aguas|2001|Aguas|2001|Para Aqui|1|Para Aqui|1|37815.00|0.00|37815.00|0.00|0.00|0.00|37815.00|0.00|37815.00|1|37815.00|5|0|0.00|0.00|0.00|65|16
FPMI|1-Restautante|1|1-Restautante|28|AGUA MANANTIAL SIN GAS| |9466008|AGUA MANANTIAL SIN GAS| |9466008|BEBIDAS|20|BEBIDAS|20|Aguas|2001|Aguas|2001|Para Aqui|1|Para Aqui|1|7563.00|0.00|7563.00|0.00|0.00|0.00|7563.00|0.00|7563.00|1|7563.00|1|0|0.00|0.00|0.00|66|16
FPMI|1-Restautante|1|1-Restautante|28|AGUA MANANTIAL SIN GAS| |9466008|AGUA MANANTIAL SIN GAS| |9466008|BEBIDAS|20|BEBIDAS|20|Aguas|2001|Aguas|2001|Para Aqui|1|Para Aqui|1|15126.00|-7563.00|7563.00|0.00|0.00|0.00|15126.00|-7563.00|7563.00|1|15126.00|2|0|0.00|0.00|0.00|78|19
FPMI|1-Restautante|1|1-Restautante|28|CERVEZA STELLA ARTOIS| |9432156|CERVEZA STELLA ARTOIS| |9432156|LICORES|30|LICORES|30|Cerveza Nac|3009|Cerveza Nac|3009|Para Aqui|1|Para Aqui|1|11681.00|0.00|11681.00|0.00|0.00|0.00|11681.00|0.00|11681.00|1|11681.00|1|0|0.00|0.00|0.00|65|16
FPMI|1-Restautante|1|1-Restautante|28|AGUARDIENTE ANTIOQUEÑO S| |9448016|AGUARDIENTE ANTIOQUEÑO SIN AZUCA| |9448016|LICORES|30|LICORES|30|Aguardiente BT|3002|Aguardiente BT|3002|Para Aqui|1|Para Aqui|1|81933.00|0.00|81933.00|0.00|0.00|0.00|81933.00|0.00|81933.00|1|81933.00|1|0|0.00|0.00|0.00|73|18
FPMI|1-Restautante|1|1-Restautante|28|AGUARDIENTE ANTIOQUEÑO S| |9448016|AGUARDIENTE ANTIOQUEÑO SIN AZUCA| |9448016|LICORES|30|LICORES|30|Aguardiente BT|3002|Aguardiente BT|3002|Para Aqui|1|Para Aqui|1|81933.00|0.00|81933.00|0.00|0.00|0.00|81933.00|0.00|81933.00|1|81933.00|1|0|0.00|0.00|0.00|67|16
FPMI|1-Restautante|1|1-Restautante|28|CERVEZA STELLA ARTOIS| |9432156|CERVEZA STELLA ARTOIS| |9432156|LICORES|30|LICORES|30|Cerveza Nac|3009|Cerveza Nac|3009|Para Aqui|1|Para Aqui|1|11681.00|0.00|11681.00|0.00|0.00|0.00|11681.00|0.00|11681.00|1|11681.00|1|0|0.00|0.00|0.00|67|16
FPMI|1-Restautante|1|1-Restautante|28|CERVEZA STELLA ARTOIS| |9432156|CERVEZA STELLA ARTOIS| |9432156|LICORES|30|LICORES|30|Cerveza Nac|3009|Cerveza Nac|3009|Para Aqui|1|Para Aqui|1|11681.00|0.00|11681.00|0.00|0.00|0.00|11681.00|0.00|11681.00|1|11681.00|1|0|0.00|0.00|0.00|70|17
FPMI|1-Restautante|1|1-Restautante|28|Coordinación Logistica| |900002004|Coordinación Logistica| |900002004|MISCELANEOS|90|MISCELANEOS|90|Adicionales|9001|Adicionales|9001|Para Aqui|1|Para Aqui|1|58824.00|0.00|58824.00|0.00|0.00|0.00|58824.00|0.00|58824.00|1|58824.00|1|0|0.00|0.00|0.00|69|17
