FPID|Expr123|Expres Chia|20250109|20250109|20250110|122954|2.00|2.00|Simphony|19.7.2
FPSUM|Plataformas|21|Plataformas|21|0.00|0.00|0|0|0.00|0|0.00|0|0|0|0|0|0.00|0.00|0.00|0|0|0|0.00|0|0.00|0|23200.00|1|0.00|0|0.00|0|0.00|0|0.00|0|0.00|0.00|16|65|0.00|0.00|0.00|0.00|0.00|0.00|0.00|0.00|0.00|0.00|0.00|0.00|0.00
FPSUM|Restaurante|1|Restaurante|1|81111.00|8111.00|0|0|0.00|0|6489.00|1|0|0|0|0|0.00|0.00|0.00|0|0|0|0.00|0|0.00|0|0.00|0|95711.00|1|0.00|0|0.00|0|0.00|0|0.00|0.00|12|49|81111.00|0.00|0.00|0.00|81111.00|308.67|308.67|0.00|0.17|0.00|1852.00|308.67|308.67
FPSUM|Restaurante|1|Restaurante|1|158241.00|15824.00|0|0|0.00|0|12659.00|1|0|0|0|0|0.00|0.00|0.00|0|0|0|0.00|0|0.00|0|0.00|0|186724.00|1|0.00|0|0.00|0|0.00|0|0.00|0.00|13|53|158241.00|0.00|0.00|0.00|158241.00|43025.00|43025.00|0.00|0.50|0.00|86050.00|43025.00|43025.00
FPSUM|Restaurante|1|Restaurante|1|87686.00|8768.00|0|0|0.00|0|7014.00|2|0|0|0|0|0.00|0.00|0.00|0|0|0|0.00|0|0.00|0|0.00|1|103468.00|2|0.00|0|0.00|0|0.00|0|0.00|0.00|17|72|87686.00|0.00|0.00|0.00|87686.00|8996.83|8996.83|0.00|0.33|0.00|26990.53|8996.83|8996.83
FPSUM|Domicilios|20|Domicilios|20|6093.00|0.00|0|0|0.00|0|607.00|1|0|0|0|0|0.00|0.00|0.00|0|0|0|0.00|0|0.00|0|0.00|0|6700.00|1|6700.00|1|0.00|0|0.00|0|0.00|0.00|19|78|7593.00|-1500.00|0.00|0.00|6093.00|2253.17|1803.17|-450.00|0.17|0.00|10818.98|2253.17|1803.17
FPSUM|Domicilios|20|Domicilios|20|43241.00|0.00|0|0|0.00|0|3459.00|1|0|0|0|0|0.00|0.00|0.00|0|0|0|0.00|0|0.00|0|0.00|0|46700.00|1|46700.00|1|0.00|0|0.00|0|0.00|0.00|19|77|43241.00|0.00|0.00|0.00|43241.00|6527.83|6311.17|-216.67|0.33|0.00|18933.52|6527.83|6311.17
FPSUM|Restaurante|1|Restaurante|1|68426.00|6842.00|0|0|0.00|0|5474.00|1|0|0|0|0|0.00|0.00|0.00|0|0|0|0.00|0|0.00|0|0.00|0|80742.00|1|0.00|0|0.00|0|0.00|0|0.00|0.00|10|41|68426.00|0.00|0.00|0.00|68426.00|20941.50|20941.50|0.00|0.33|0.00|62824.56|20941.50|20941.50
FPSUM|Restaurante|1|Restaurante|1|0.00|0.00|0|0|0.00|0|0.00|0|0|0|0|0|0.00|0.00|0.00|0|0|0|0.00|0|0.00|0|0.00|0|0.00|0|0.00|0|0.00|0|0.00|0|0.00|0.00|18|75|0.00|0.00|0.00|0.00|0.00|55972.50|55972.50|0.00|0.67|0.00|83958.71|55972.50|55972.50
FPSUM|Restaurante|1|Restaurante|1|37778.00|3778.00|0|0|0.00|0|3022.00|0|0|0|0|0|0.00|0.00|0.00|0|0|0|0.00|0|0.00|0|0.00|0|44578.00|0|0.00|0|0.00|0|0.00|0|0.00|0.00|18|73|37778.00|0.00|0.00|0.00|37778.00|4706.83|3773.50|-933.33|0.17|0.00|22640.95|4706.83|3773.50
FPSUM|Restaurante|1|Restaurante|1|6111.00|611.00|0|0|0.00|0|489.00|0|0|0|0|0|0.00|0.00|0.00|0|0|0|0.00|0|0.00|0|0.00|0|7211.00|0|0.00|0|0.00|0|0.00|0|0.00|0.00|19|77|6111.00|0.00|0.00|0.00|6111.00|-2901.17|-2901.17|0.00|0.00|0.00|0.00|-2901.17|-2901.17
FPSUM|Restaurante|1|Restaurante|1|50371.00|5037.00|0|0|0.00|0|4029.00|1|0|0|0|0|0.00|0.00|0.00|0|0|0|21800.00|1|0.00|0|0.00|1|59437.00|1|137448.00|1|0.00|0|0.00|0|0.00|0.00|11|46|50371.00|0.00|0.00|0.00|50371.00|15432.50|15432.50|0.00|0.17|0.00|92594.81|15432.50|15432.50
FPSUM|Restaurante|1|Restaurante|1|48611.00|4861.00|0|0|0.00|0|3889.00|1|0|0|0|0|0.00|0.00|0.00|0|0|0|0.00|0|0.00|0|0.00|0|57361.00|1|0.00|0|0.00|0|0.00|0|0.00|0.00|18|76|48611.00|0.00|0.00|0.00|48611.00|0.00|0.00|0.00|0.00|0.00|0.00|0.00|0.00
FPSUM|Restaurante|1|Restaurante|1|116482.00|11648.00|0|0|0.00|0|9318.00|1|0|0|0|0|0.00|0.00|0.00|0|0|0|0.00|0|0.00|0|0.00|0|137452.00|1|205630.00|2|0.00|0|0.00|0|0.00|0.00|10|43|116482.00|0.00|0.00|0.00|116482.00|3518.50|3518.50|0.00|0.17|0.00|21110.96|3518.50|3518.50
FPSUM|Restaurante|1|Restaurante|1|-10000.00|0.00|0|0|0.00|0|0.00|0|0|0|0|0|0.00|0.00|0.00|0|0|0|0.00|0|0.00|0|0.00|0|-10000.00|0|138046.00|2|0.00|0|0.00|0|0.00|0.00|18|74|0.00|-10000.00|0.00|0.00|-10000.00|2685.17|735.17|-1950.00|0.17|0.00|4410.99|2685.17|735.17
FPSUM|Restaurante|1|Restaurante|1|150186.00|15018.00|0|0|0.00|0|12014.00|1|0|0|0|0|0.00|0.00|0.00|0|0|0|0.00|1|0.00|0|0.00|0|177218.00|1|0.00|0|0.00|0|0.00|0|0.00|0.00|13|55|150186.00|0.00|0.00|0.00|150186.00|60756.33|60106.33|-650.00|0.50|0.00|120212.67|60756.33|60106.33
FPSUM|Plataformas|21|Plataformas|21|84537.00|0.00|0|0|0.00|0|6763.00|1|0|0|0|0|0.00|0.00|0.00|0|0|0|162400.00|22|0.00|0|0.00|0|91300.00|1|91300.00|1|0.00|0|0.00|0|0.00|0.00|11|47|84537.00|0.00|0.00|0.00|84537.00|0.00|0.00|0.00|0.00|0.00|0.00|0.00|0.00
FPSUM|Restaurante|1|Restaurante|1|108983.00|10898.00|0|0|0.00|0|8718.00|1|0|0|0|0|0.00|0.00|0.00|0|0|0|0.00|0|0.00|0|0.00|0|128599.00|1|0.00|0|0.00|0|0.00|0|0.00|0.00|9|38|108983.00|0.00|0.00|0.00|108983.00|0.00|0.00|0.00|0.00|0.00|0.00|0.00|0.00
FPSUM|Domicilios|20|Domicilios|20|5089.00|0.00|0|0|0.00|0|511.00|1|0|0|0|0|0.00|0.00|0.00|0|0|0|0.00|0|0.00|0|0.00|0|5600.00|1|5600.00|1|0.00|0|0.00|0|0.00|0.00|12|52|6389.00|-1300.00|0.00|0.00|5089.00|3719.17|2969.17|-750.00|0.17|0.00|17814.96|3719.17|2969.17
FPSUM|Restaurante|1|Restaurante|1|33890.00|3389.00|0|0|0.00|0|2710.00|0|0|0|0|0|0.00|0.00|0.00|0|0|0|0.00|0|0.00|0|0.00|0|39989.00|0|0.00|0|0.00|0|0.00|0|0.00|0.00|16|66|33890.00|0.00|0.00|0.00|33890.00|4537.17|3870.50|-666.67|0.17|0.00|23222.95|4537.17|3870.50
FPSUM|Restaurante|1|Restaurante|1|138575.00|15657.00|0|0|0.00|0|12525.00|1|0|0|0|0|0.00|0.00|0.00|0|0|0|0.00|0|0.00|0|0.00|0|166757.00|1|87981.00|1|0.00|0|0.00|0|0.00|0.00|15|64|156575.00|-18000.00|0.00|0.00|138575.00|43070.83|43070.83|0.00|0.33|0.00|129212.63|43070.83|43070.83
FPSUM|Restaurante|1|Restaurante|1|0.00|0.00|0|0|0.00|0|0.00|0|0|0|0|0|0.00|0.00|0.00|0|0|0|0.00|0|0.00|0|0.00|0|2.00|0|171757.00|2|0.00|0|0.00|0|0.00|0.00|12|52|0.00|0.00|0.00|0.00|0.00|30139.00|30139.00|0.00|0.83|0.00|36166.81|30139.00|30139.00
FPSUM|Restaurante|1|Restaurante|1|27315.00|2731.00|0|0|0.00|0|2185.00|0|0|0|0|0|0.00|0.00|0.00|0|0|0|8400.00|1|0.00|0|0.00|0|32231.00|0|41300.00|1|0.00|0|0.00|0|0.00|0.00|10|42|27315.00|0.00|0.00|0.00|27315.00|15632.67|15632.67|0.00|0.33|0.00|46898.05|15632.67|15632.67
FPSUM|Restaurante|1|Restaurante|1|89816.00|8981.00|0|0|0.00|0|7184.00|1|0|0|0|0|0.00|0.00|0.00|0|0|0|83600.00|2|0.00|0|0.00|0|105981.00|1|0.00|0|0.00|0|0.00|0|0.00|0.00|14|60|89816.00|0.00|0.00|0.00|89816.00|68148.33|68148.33|0.00|0.50|0.00|136296.67|68148.33|68148.33
FPSUM|Restaurante|1|Restaurante|1|0.00|0.00|0|0|0.00|0|0.00|0|0|0|0|0|0.00|0.00|0.00|0|0|0|0.00|0|0.00|0|0.00|0|0.00|0|64572.00|1|0.00|0|0.00|0|0.00|0.00|19|78|0.00|0.00|0.00|0.00|0.00|11651.17|11651.17|0.00|0.17|0.00|69906.86|11651.17|11651.17
FPSUM|Restaurante|1|Restaurante|1|-13519.00|-1352.00|-14871|2|0.00|0|-1081.00|0|0|0|0|0|0.00|0.00|0.00|0|0|0|0.00|0|0.00|0|0.00|0|-15952.00|0|0.00|1|0.00|0|0.00|0|0.00|-1081.00|19|80|-13519.00|0.00|0.00|0.00|-13519.00|29305.67|29305.67|0.00|0.33|0.00|87917.09|29305.67|29305.67
FPSUM|Restaurante|1|Restaurante|1|34167.00|3417.00|0|0|0.00|0|2733.00|0|0|0|0|0|0.00|0.00|0.00|0|0|0|0.00|0|0.00|0|0.00|0|40317.00|0|396937.00|3|0.00|0|0.00|0|0.00|0.00|14|57|34167.00|0.00|0.00|0.00|34167.00|61605.17|55405.17|-6200.00|0.50|0.00|110810.33|61605.17|55405.17
FPSUM|Domicilios|20|Domicilios|20|6093.00|0.00|0|0|0.00|0|607.00|1|0|0|0|0|0.00|0.00|0.00|0|0|0|0.00|0|0.00|0|0.00|0|6700.00|1|6700.00|1|0.00|0|0.00|0|0.00|0.00|15|61|7593.00|-1500.00|0.00|0.00|6093.00|4737.67|3787.67|-950.00|0.17|0.00|22725.95|4737.67|3787.67
FPSUM|Restaurante|1|Restaurante|1|0.00|0.00|0|0|0.00|0|0.00|0|0|0|0|0|0.00|0.00|0.00|0|0|0|0.00|0|0.00|0|0.00|0|0.00|0|217535.00|1|0.00|0|0.00|0|0.00|0.00|14|59|0.00|0.00|0.00|0.00|0.00|35246.83|35246.83|0.00|0.17|0.00|211480.58|35246.83|35246.83
FPSUM|Restaurante|1|Restaurante|1|76389.00|7638.00|0|0|0.00|0|6111.00|2|0|0|0|0|0.00|0.00|0.00|0|0|0|7300.00|1|0.00|0|0.00|0|90138.00|2|0.00|0|0.00|0|0.00|0|0.00|0.00|13|56|76389.00|0.00|0.00|0.00|76389.00|68025.00|68025.00|0.00|0.83|0.00|81630.03|68025.00|68025.00
FPSUM|Restaurante|1|Restaurante|1|0.00|0.00|0|0|0.00|0|0.00|0|0|0|0|0|0.00|0.00|0.00|0|0|0|0.00|0|0.00|0|0.00|0|-5.00|0|-5.00|0|0.00|0|0.00|0|0.00|0.00|14|58|0.00|0.00|0.00|0.00|0.00|35787.17|35337.17|-450.00|0.50|0.00|70674.33|35787.17|35337.17
FPSUM|Restaurante|1|Restaurante|1|115279.00|11527.00|0|0|0.00|0|9221.00|1|0|0|0|0|0.00|0.00|0.00|0|0|0|0.00|0|0.00|0|0.00|0|136027.00|1|0.00|0|0.00|0|0.00|0|0.00|0.00|13|54|115279.00|0.00|0.00|0.00|115279.00|38395.17|38395.17|0.00|0.33|0.00|115185.62|38395.17|38395.17
FPSUM|Restaurante|1|Restaurante|1|0.00|0.00|0|0|0.00|0|0.00|0|0|0|0|0|0.00|0.00|0.00|0|0|0|0.00|0|0.00|0|0.00|0|-2.00|0|57140.00|1|0.00|0|0.00|0|0.00|0.00|10|44|0.00|0.00|0.00|0.00|0.00|3626.67|3626.67|0.00|0.17|0.00|21759.96|3626.67|3626.67
FPSUM|Restaurante|1|Restaurante|1|36455.00|4555.00|-61213|5|0.00|0|3645.00|2|0|0|0|0|0.00|0.00|0.00|0|0|0|0.00|0|0.00|0|0.00|0|44655.00|2|44655.00|2|0.00|0|0.00|0|0.00|-4452.00|19|79|45555.00|-9100.00|0.00|0.00|36455.00|28240.50|27207.17|-1033.33|0.50|0.00|54414.33|28240.50|27207.17
FPSUM|Restaurante|1|Restaurante|1|0.00|0.00|0|0|0.00|0|0.00|0|0|0|0|0|0.00|0.00|0.00|0|0|0|0.00|0|0.00|0|0.00|0|0.00|0|224746.00|1|0.00|0|0.00|0|0.00|0.00|16|67|0.00|0.00|0.00|0.00|0.00|17854.83|17854.83|0.00|0.00|0.00|0.00|17854.83|17854.83
FPSUM|Restaurante|1|Restaurante|1|52964.00|5296.00|0|0|0.00|0|4236.00|2|0|0|0|0|0.00|0.00|0.00|0|0|0|0.00|0|0.00|0|0.00|0|62496.00|2|0.00|0|0.00|0|0.00|0|0.00|0.00|9|40|52964.00|0.00|0.00|0.00|52964.00|0.00|0.00|0.00|0.00|0.00|0.00|0.00|0.00
FPSUM|Restaurante|1|Restaurante|1|14074.00|1407.00|0|0|0.00|0|1126.00|0|0|0|0|0|0.00|0.00|0.00|0|0|0|0.00|0|0.00|0|0.00|0|16607.00|0|0.00|0|0.00|0|0.00|0|0.00|0.00|12|50|14074.00|0.00|0.00|0.00|14074.00|25617.50|25617.50|0.00|0.50|0.00|51235.00|25617.50|25617.50
FPSUM|Plataformas|21|Plataformas|21|0.00|0.00|0|0|0.00|0|0.00|0|0|0|0|0|0.00|0.00|0.00|0|0|0|0.00|0|0.00|0|61800.00|1|0.00|0|0.00|0|0.00|0|0.00|0|0.00|0.00|19|79|0.00|0.00|0.00|0.00|0.00|0.00|0.00|0.00|0.00|0.00|0.00|0.00|0.00
FPSUM|Plataformas|21|Plataformas|21|0.00|0.00|0|0|0.00|0|0.00|0|0|0|0|0|0.00|0.00|0.00|0|0|0|0.00|0|0.00|0|75800.00|1|0.00|0|0.00|0|0.00|0|0.00|0|0.00|0.00|11|48|0.00|0.00|0.00|0.00|0.00|0.00|0.00|0.00|0.00|0.00|0.00|0.00|0.00
FPSUM|Almacen|2|Almacen|2|32773.00|0.00|0|0|0.00|0|6227.00|1|0|0|0|0|0.00|0.00|0.00|0|0|0|0.00|0|0.00|0|0.00|0|39000.00|1|39000.00|1|0.00|0|0.00|0|0.00|0.00|19|78|32773.00|0.00|0.00|0.00|32773.00|0.00|0.00|0.00|0.00|0.00|0.00|0.00|0.00
FPSUM|Plataformas|21|Plataformas|21|21436.00|0.00|0|0|0.00|0|1714.00|1|0|0|0|0|0.00|0.00|0.00|0|0|0|11800.00|1|0.00|0|48900.00|1|23150.00|1|23150.00|1|0.00|0|0.00|0|0.00|0.00|19|80|21436.00|0.00|0.00|0.00|21436.00|0.00|0.00|0.00|0.00|0.00|0.00|0.00|0.00
FPSUM|Plataformas|21|Plataformas|21|0.00|0.00|0|0|0.00|0|0.00|0|0|0|0|0|0.00|0.00|0.00|0|0|0|0.00|0|0.00|0|61800.00|1|0.00|0|0.00|0|0.00|0|0.00|0|0.00|0.00|16|67|0.00|0.00|0.00|0.00|0.00|0.00|0.00|0.00|0.00|0.00|0.00|0.00|0.00
FPSUM|Plataformas|21|Plataformas|21|38334.00|0.00|0|0|0.00|0|3066.00|1|0|0|0|0|0.00|0.00|0.00|0|0|0|0.00|0|0.00|0|0.00|0|41400.00|1|41400.00|1|0.00|0|0.00|0|0.00|0.00|19|78|38334.00|0.00|0.00|0.00|38334.00|0.00|0.00|0.00|0.00|0.00|0.00|0.00|0.00
FPOT|Restaurante|1|Restaurante|1|OT1|1|Order Type Master 1|1|81111.00|8111.00|0.00|0|0.00|0|6489.00|1|0|0|0|0|0.00|0.00|0.00|0|0|0|0.00|0|0.00|0|0.00|0|95711.00|1|0.00|0|0.00|0|0.00|0|0.00|0.00|12|49|81111.00|0.00|0.00|0.00|81111.00|308.67|308.67|0.00|0.17|0.00|1852.00|308.67|308.67
FPOT|Restaurante|1|Restaurante|1|OT1|1|Order Type Master 1|1|-13519.00|-1352.00|-14871.00|2|0.00|0|-1081.00|0|0|0|0|0|0.00|0.00|0.00|0|0|0|0.00|0|0.00|0|0.00|0|-15952.00|0|0.00|1|0.00|0|0.00|0|0.00|-1081.00|19|80|-13519.00|0.00|0.00|0.00|-13519.00|29305.67|29305.67|0.00|0.33|0.00|87917.09|29305.67|29305.67
FPOT|Domicilios|20|Domicilios|20|OT2|2|Order Type Master 2|2|5089.00|0.00|0.00|0|0.00|0|511.00|1|0|0|0|0|0.00|0.00|0.00|0|0|0|0.00|0|0.00|0|0.00|0|5600.00|1|5600.00|1|0.00|0|0.00|0|0.00|0.00|12|52|6389.00|-1300.00|0.00|0.00|5089.00|3719.17|2969.17|-750.00|0.17|0.00|17814.96|3719.17|2969.17
FPOT|Almacen|2|Almacen|2|OT2|2|Order Type Master 2|2|32773.00|0.00|0.00|0|0.00|0|6227.00|1|0|0|0|0|0.00|0.00|0.00|0|0|0|0.00|0|0.00|0|0.00|0|39000.00|1|39000.00|1|0.00|0|0.00|0|0.00|0.00|19|78|32773.00|0.00|0.00|0.00|32773.00|0.00|0.00|0.00|0.00|0.00|0.00|0.00|0.00
FPOT|Restaurante|1|Restaurante|1|OT1|1|Order Type Master 1|1|0.00|0.00|0.00|0|0.00|0|0.00|0|0|0|0|0|0.00|0.00|0.00|0|0|0|0.00|0|0.00|0|0.00|0|0.00|0|0.00|0|0.00|0|0.00|0|0.00|0.00|18|75|0.00|0.00|0.00|0.00|0.00|55972.50|55972.50|0.00|0.67|0.00|83958.71|55972.50|55972.50
FPOT|Restaurante|1|Restaurante|1|OT1|1|Order Type Master 1|1|108983.00|10898.00|0.00|0|0.00|0|8718.00|1|0|0|0|0|0.00|0.00|0.00|0|0|0|0.00|0|0.00|0|0.00|0|128599.00|1|0.00|0|0.00|0|0.00|0|0.00|0.00|9|38|108983.00|0.00|0.00|0.00|108983.00|0.00|0.00|0.00|0.00|0.00|0.00|0.00|0.00
FPOT|Restaurante|1|Restaurante|1|OT1|1|Order Type Master 1|1|116482.00|11648.00|0.00|0|0.00|0|9318.00|1|0|0|0|0|0.00|0.00|0.00|0|0|0|0.00|0|0.00|0|0.00|0|137452.00|1|205630.00|2|0.00|0|0.00|0|0.00|0.00|10|43|116482.00|0.00|0.00|0.00|116482.00|3518.50|3518.50|0.00|0.17|0.00|21110.96|3518.50|3518.50
FPOT|Plataformas|21|Plataformas|21|OT7|7|Order Type Master 7|7|0.00|0.00|0.00|0|0.00|0|0.00|0|0|0|0|0|0.00|0.00|0.00|0|0|0|0.00|0|0.00|0|61800.00|1|0.00|0|0.00|0|0.00|0|0.00|0|0.00|0.00|16|67|0.00|0.00|0.00|0.00|0.00|0.00|0.00|0.00|0.00|0.00|0.00|0.00|0.00
FPOT|Plataformas|21|Plataformas|21|OT7|7|Order Type Master 7|7|0.00|0.00|0.00|0|0.00|0|0.00|0|0|0|0|0|0.00|0.00|0.00|0|0|0|0.00|0|0.00|0|75800.00|1|0.00|0|0.00|0|0.00|0|0.00|0|0.00|0.00|11|48|0.00|0.00|0.00|0.00|0.00|0.00|0.00|0.00|0.00|0.00|0.00|0.00|0.00
FPOT|Restaurante|1|Restaurante|1|OT1|1|Order Type Master 1|1|0.00|0.00|0.00|0|0.00|0|0.00|0|0|0|0|0|0.00|0.00|0.00|0|0|0|0.00|0|0.00|0|0.00|0|-5.00|0|-5.00|0|0.00|0|0.00|0|0.00|0.00|14|58|0.00|0.00|0.00|0.00|0.00|35787.17|35337.17|-450.00|0.50|0.00|70674.33|35787.17|35337.17
FPOT|Restaurante|1|Restaurante|1|OT1|1|Order Type Master 1|1|36455.00|4555.00|-61213.00|5|0.00|0|3645.00|2|0|0|0|0|0.00|0.00|0.00|0|0|0|0.00|0|0.00|0|0.00|0|44655.00|2|44655.00|2|0.00|0|0.00|0|0.00|-4452.00|19|79|45555.00|-9100.00|0.00|0.00|36455.00|28240.50|27207.17|-1033.33|0.50|0.00|54414.33|28240.50|27207.17
FPOT|Restaurante|1|Restaurante|1|OT1|1|Order Type Master 1|1|0.00|0.00|0.00|0|0.00|0|0.00|0|0|0|0|0|0.00|0.00|0.00|0|0|0|0.00|0|0.00|0|0.00|0|0.00|0|217535.00|1|0.00|0|0.00|0|0.00|0.00|14|59|0.00|0.00|0.00|0.00|0.00|35246.83|35246.83|0.00|0.17|0.00|211480.58|35246.83|35246.83
FPOT|Restaurante|1|Restaurante|1|OT1|1|Order Type Master 1|1|76389.00|7638.00|0.00|0|0.00|0|6111.00|2|0|0|0|0|0.00|0.00|0.00|0|0|0|7300.00|1|0.00|0|0.00|0|90138.00|2|0.00|0|0.00|0|0.00|0|0.00|0.00|13|56|76389.00|0.00|0.00|0.00|76389.00|68025.00|68025.00|0.00|0.83|0.00|81630.03|68025.00|68025.00
FPOT|Restaurante|1|Restaurante|1|OT1|1|Order Type Master 1|1|115279.00|11527.00|0.00|0|0.00|0|9221.00|1|0|0|0|0|0.00|0.00|0.00|0|0|0|0.00|0|0.00|0|0.00|0|136027.00|1|0.00|0|0.00|0|0.00|0|0.00|0.00|13|54|115279.00|0.00|0.00|0.00|115279.00|38395.17|38395.17|0.00|0.33|0.00|115185.62|38395.17|38395.17
FPOT|Restaurante|1|Restaurante|1|OT1|1|Order Type Master 1|1|0.00|0.00|0.00|0|0.00|0|0.00|0|0|0|0|0|0.00|0.00|0.00|0|0|0|0.00|0|0.00|0|0.00|0|0.00|0|64572.00|1|0.00|0|0.00|0|0.00|0.00|19|78|0.00|0.00|0.00|0.00|0.00|11651.17|11651.17|0.00|0.17|0.00|69906.86|11651.17|11651.17
FPOT|Restaurante|1|Restaurante|1|OT1|1|Order Type Master 1|1|34167.00|3417.00|0.00|0|0.00|0|2733.00|0|0|0|0|0|0.00|0.00|0.00|0|0|0|0.00|0|0.00|0|0.00|0|40317.00|0|396937.00|3|0.00|0|0.00|0|0.00|0.00|14|57|34167.00|0.00|0.00|0.00|34167.00|61605.17|55405.17|-6200.00|0.50|0.00|110810.33|61605.17|55405.17
FPOT|Restaurante|1|Restaurante|1|OT1|1|Order Type Master 1|1|27315.00|2731.00|0.00|0|0.00|0|2185.00|0|0|0|0|0|0.00|0.00|0.00|0|0|0|8400.00|1|0.00|0|0.00|0|32231.00|0|41300.00|1|0.00|0|0.00|0|0.00|0.00|10|42|27315.00|0.00|0.00|0.00|27315.00|15632.67|15632.67|0.00|0.33|0.00|46898.05|15632.67|15632.67
FPOT|Plataformas|21|Plataformas|21|OT7|7|Order Type Master 7|7|0.00|0.00|0.00|0|0.00|0|0.00|0|0|0|0|0|0.00|0.00|0.00|0|0|0|0.00|0|0.00|0|61800.00|1|0.00|0|0.00|0|0.00|0|0.00|0|0.00|0.00|19|79|0.00|0.00|0.00|0.00|0.00|0.00|0.00|0.00|0.00|0.00|0.00|0.00|0.00
FPOT|Plataformas|21|Plataformas|21|OT7|7|Order Type Master 7|7|21436.00|0.00|0.00|0|0.00|0|1714.00|1|0|0|0|0|0.00|0.00|0.00|0|0|0|11800.00|1|0.00|0|48900.00|1|23150.00|1|23150.00|1|0.00|0|0.00|0|0.00|0.00|19|80|21436.00|0.00|0.00|0.00|21436.00|0.00|0.00|0.00|0.00|0.00|0.00|0.00|0.00
FPOT|Restaurante|1|Restaurante|1|OT1|1|Order Type Master 1|1|68426.00|6842.00|0.00|0|0.00|0|5474.00|1|0|0|0|0|0.00|0.00|0.00|0|0|0|0.00|0|0.00|0|0.00|0|80742.00|1|0.00|0|0.00|0|0.00|0|0.00|0.00|10|41|68426.00|0.00|0.00|0.00|68426.00|20941.50|20941.50|0.00|0.33|0.00|62824.56|20941.50|20941.50
FPOT|Restaurante|1|Restaurante|1|OT1|1|Order Type Master 1|1|138575.00|15657.00|0.00|0|0.00|0|12525.00|1|0|0|0|0|0.00|0.00|0.00|0|0|0|0.00|0|0.00|0|0.00|0|166757.00|1|87981.00|1|0.00|0|0.00|0|0.00|0.00|15|64|156575.00|-18000.00|0.00|0.00|138575.00|43070.83|43070.83|0.00|0.33|0.00|129212.63|43070.83|43070.83
FPOT|Restaurante|1|Restaurante|1|OT1|1|Order Type Master 1|1|52964.00|5296.00|0.00|0|0.00|0|4236.00|2|0|0|0|0|0.00|0.00|0.00|0|0|0|0.00|0|0.00|0|0.00|0|62496.00|2|0.00|0|0.00|0|0.00|0|0.00|0.00|9|40|52964.00|0.00|0.00|0.00|52964.00|0.00|0.00|0.00|0.00|0.00|0.00|0.00|0.00
FPOT|Restaurante|1|Restaurante|1|OT1|1|Order Type Master 1|1|89816.00|8981.00|0.00|0|0.00|0|7184.00|1|0|0|0|0|0.00|0.00|0.00|0|0|0|83600.00|2|0.00|0|0.00|0|105981.00|1|0.00|0|0.00|0|0.00|0|0.00|0.00|14|60|89816.00|0.00|0.00|0.00|89816.00|68148.33|68148.33|0.00|0.50|0.00|136296.67|68148.33|68148.33
FPOT|Restaurante|1|Restaurante|1|OT1|1|Order Type Master 1|1|-10000.00|0.00|0.00|0|0.00|0|0.00|0|0|0|0|0|0.00|0.00|0.00|0|0|0|0.00|0|0.00|0|0.00|0|-10000.00|0|138046.00|2|0.00|0|0.00|0|0.00|0.00|18|74|0.00|-10000.00|0.00|0.00|-10000.00|2685.17|735.17|-1950.00|0.17|0.00|4410.99|2685.17|735.17
FPOT|Plataformas|21|Plataformas|21|OT7|7|Order Type Master 7|7|84537.00|0.00|0.00|0|0.00|0|6763.00|1|0|0|0|0|0.00|0.00|0.00|0|0|0|162400.00|22|0.00|0|0.00|0|91300.00|1|91300.00|1|0.00|0|0.00|0|0.00|0.00|11|47|84537.00|0.00|0.00|0.00|84537.00|0.00|0.00|0.00|0.00|0.00|0.00|0.00|0.00
FPOT|Plataformas|21|Plataformas|21|OT7|7|Order Type Master 7|7|38334.00|0.00|0.00|0|0.00|0|3066.00|1|0|0|0|0|0.00|0.00|0.00|0|0|0|0.00|0|0.00|0|0.00|0|41400.00|1|41400.00|1|0.00|0|0.00|0|0.00|0.00|19|78|38334.00|0.00|0.00|0.00|38334.00|0.00|0.00|0.00|0.00|0.00|0.00|0.00|0.00
FPOT|Restaurante|1|Restaurante|1|OT1|1|Order Type Master 1|1|0.00|0.00|0.00|0|0.00|0|0.00|0|0|0|0|0|0.00|0.00|0.00|0|0|0|0.00|0|0.00|0|0.00|0|2.00|0|171757.00|2|0.00|0|0.00|0|0.00|0.00|12|52|0.00|0.00|0.00|0.00|0.00|30139.00|30139.00|0.00|0.83|0.00|36166.81|30139.00|30139.00
FPOT|Restaurante|1|Restaurante|1|OT1|1|Order Type Master 1|1|150186.00|15018.00|0.00|0|0.00|0|12014.00|1|0|0|0|0|0.00|0.00|0.00|0|0|0|0.00|1|0.00|0|0.00|0|177218.00|1|0.00|0|0.00|0|0.00|0|0.00|0.00|13|55|150186.00|0.00|0.00|0.00|150186.00|60756.33|60106.33|-650.00|0.50|0.00|120212.67|60756.33|60106.33
FPOT|Restaurante|1|Restaurante|1|OT1|1|Order Type Master 1|1|14074.00|1407.00|0.00|0|0.00|0|1126.00|0|0|0|0|0|0.00|0.00|0.00|0|0|0|0.00|0|0.00|0|0.00|0|16607.00|0|0.00|0|0.00|0|0.00|0|0.00|0.00|12|50|14074.00|0.00|0.00|0.00|14074.00|25617.50|25617.50|0.00|0.50|0.00|51235.00|25617.50|25617.50
FPOT|Restaurante|1|Restaurante|1|OT1|1|Order Type Master 1|1|48611.00|4861.00|0.00|0|0.00|0|3889.00|1|0|0|0|0|0.00|0.00|0.00|0|0|0|0.00|0|0.00|0|0.00|0|57361.00|1|0.00|0|0.00|0|0.00|0|0.00|0.00|18|76|48611.00|0.00|0.00|0.00|48611.00|0.00|0.00|0.00|0.00|0.00|0.00|0.00|0.00
FPOT|Restaurante|1|Restaurante|1|OT1|1|Order Type Master 1|1|0.00|0.00|0.00|0|0.00|0|0.00|0|0|0|0|0|0.00|0.00|0.00|0|0|0|0.00|0|0.00|0|0.00|0|-2.00|0|57140.00|1|0.00|0|0.00|0|0.00|0.00|10|44|0.00|0.00|0.00|0.00|0.00|3626.67|3626.67|0.00|0.17|0.00|21759.96|3626.67|3626.67
FPOT|Domicilios|20|Domicilios|20|OT2|2|Order Type Master 2|2|6093.00|0.00|0.00|0|0.00|0|607.00|1|0|0|0|0|0.00|0.00|0.00|0|0|0|0.00|0|0.00|0|0.00|0|6700.00|1|6700.00|1|0.00|0|0.00|0|0.00|0.00|15|61|7593.00|-1500.00|0.00|0.00|6093.00|4737.67|3787.67|-950.00|0.17|0.00|22725.95|4737.67|3787.67
FPOT|Plataformas|21|Plataformas|21|OT7|7|Order Type Master 7|7|0.00|0.00|0.00|0|0.00|0|0.00|0|0|0|0|0|0.00|0.00|0.00|0|0|0|0.00|0|0.00|0|23200.00|1|0.00|0|0.00|0|0.00|0|0.00|0|0.00|0.00|16|65|0.00|0.00|0.00|0.00|0.00|0.00|0.00|0.00|0.00|0.00|0.00|0.00|0.00
FPOT|Restaurante|1|Restaurante|1|OT1|1|Order Type Master 1|1|6111.00|611.00|0.00|0|0.00|0|489.00|0|0|0|0|0|0.00|0.00|0.00|0|0|0|0.00|0|0.00|0|0.00|0|7211.00|0|0.00|0|0.00|0|0.00|0|0.00|0.00|19|77|6111.00|0.00|0.00|0.00|6111.00|-2901.17|-2901.17|0.00|0.00|0.00|0.00|-2901.17|-2901.17
FPOT|Restaurante|1|Restaurante|1|OT1|1|Order Type Master 1|1|0.00|0.00|0.00|0|0.00|0|0.00|0|0|0|0|0|0.00|0.00|0.00|0|0|0|0.00|0|0.00|0|0.00|0|0.00|0|224746.00|1|0.00|0|0.00|0|0.00|0.00|16|67|0.00|0.00|0.00|0.00|0.00|17854.83|17854.83|0.00|0.00|0.00|0.00|17854.83|17854.83
FPOT|Restaurante|1|Restaurante|1|OT1|1|Order Type Master 1|1|33890.00|3389.00|0.00|0|0.00|0|2710.00|0|0|0|0|0|0.00|0.00|0.00|0|0|0|0.00|0|0.00|0|0.00|0|39989.00|0|0.00|0|0.00|0|0.00|0|0.00|0.00|16|66|33890.00|0.00|0.00|0.00|33890.00|4537.17|3870.50|-666.67|0.17|0.00|23222.95|4537.17|3870.50
FPOT|Restaurante|1|Restaurante|1|OT1|1|Order Type Master 1|1|50371.00|5037.00|0.00|0|0.00|0|4029.00|1|0|0|0|0|0.00|0.00|0.00|0|0|0|21800.00|1|0.00|0|0.00|1|59437.00|1|137448.00|1|0.00|0|0.00|0|0.00|0.00|11|46|50371.00|0.00|0.00|0.00|50371.00|15432.50|15432.50|0.00|0.17|0.00|92594.81|15432.50|15432.50
FPOT|Restaurante|1|Restaurante|1|OT1|1|Order Type Master 1|1|37778.00|3778.00|0.00|0|0.00|0|3022.00|0|0|0|0|0|0.00|0.00|0.00|0|0|0|0.00|0|0.00|0|0.00|0|44578.00|0|0.00|0|0.00|0|0.00|0|0.00|0.00|18|73|37778.00|0.00|0.00|0.00|37778.00|4706.83|3773.50|-933.33|0.17|0.00|22640.95|4706.83|3773.50
FPOT|Restaurante|1|Restaurante|1|OT1|1|Order Type Master 1|1|87686.00|8768.00|0.00|0|0.00|0|7014.00|2|0|0|0|0|0.00|0.00|0.00|0|0|0|0.00|0|0.00|0|0.00|1|103468.00|2|0.00|0|0.00|0|0.00|0|0.00|0.00|17|72|87686.00|0.00|0.00|0.00|87686.00|8996.83|8996.83|0.00|0.33|0.00|26990.53|8996.83|8996.83
FPOT|Restaurante|1|Restaurante|1|OT1|1|Order Type Master 1|1|158241.00|15824.00|0.00|0|0.00|0|12659.00|1|0|0|0|0|0.00|0.00|0.00|0|0|0|0.00|0|0.00|0|0.00|0|186724.00|1|0.00|0|0.00|0|0.00|0|0.00|0.00|13|53|158241.00|0.00|0.00|0.00|158241.00|43025.00|43025.00|0.00|0.50|0.00|86050.00|43025.00|43025.00
FPOT|Domicilios|20|Domicilios|20|OT2|2|Order Type Master 2|2|43241.00|0.00|0.00|0|0.00|0|3459.00|1|0|0|0|0|0.00|0.00|0.00|0|0|0|0.00|0|0.00|0|0.00|0|46700.00|1|46700.00|1|0.00|0|0.00|0|0.00|0.00|19|77|43241.00|0.00|0.00|0.00|43241.00|6527.83|6311.17|-216.67|0.33|0.00|18933.52|6527.83|6311.17
FPOT|Domicilios|20|Domicilios|20|OT2|2|Order Type Master 2|2|6093.00|0.00|0.00|0|0.00|0|607.00|1|0|0|0|0|0.00|0.00|0.00|0|0|0|0.00|0|0.00|0|0.00|0|6700.00|1|6700.00|1|0.00|0|0.00|0|0.00|0.00|19|78|7593.00|-1500.00|0.00|0.00|6093.00|2253.17|1803.17|-450.00|0.17|0.00|10818.98|2253.17|1803.17
FPMI|Restaurante|1|Restaurante|1|TINTO COLADO AEX| |9602121|TINTO COLADO AEX| |9602121|BEBIDAS|20|BEBIDAS|20|Bebidas Sin Alcohol|3000|Bebidas Sin Alcohol|3000|OT1|1|Order Type Master 1|1|4537.00|0.00|4537.00|0.00|0.00|0.00|4537.00|0.00|4537.00|1|4537.00|1|0|0.00|0.00|0.00|41|10
FPMI|Restaurante|1|Restaurante|1|AROMATICA| |9602088|AROMATICA| |9602088|BEBIDAS|20|BEBIDAS|20|Bebidas Sin Alcohol|3000|Bebidas Sin Alcohol|3000|OT1|1|Order Type Master 1|1|4537.00|0.00|4537.00|0.00|0.00|0.00|4537.00|0.00|4537.00|1|4537.00|1|0|0.00|0.00|0.00|72|17
FPMI|Restaurante|1|Restaurante|1|LIMONADA NATURAL| |9604060|LIMONADA NATURAL| |9604060|BEBIDAS|20|BEBIDAS|20|Bebidas Sin Alcohol|3000|Bebidas Sin Alcohol|3000|OT1|1|Order Type Master 1|1|8519.00|0.00|8519.00|0.00|0.00|0.00|8519.00|0.00|8519.00|1|8519.00|1|0|0.00|0.00|0.00|54|13
FPMI|Restaurante|1|Restaurante|1|Mod CocaCola Zero 400ml| |980000103|Mod CocaCola Zero 400ml| |980000103|ALIMENTOS|10|ALIMENTOS|10|Para Empezar|1008|Para Empezar|1008|OT1|1|Order Type Master 1|1|0.00|0.00|0.00|0.00|0.00|0.00|0.00|0.00|0.00|1|0.00|1|0|0.00|0.00|0.00|76|18
FPMI|Restaurante|1|Restaurante|1|MJE ALM| |90000037|MJE ALM| |90000037|ALIMENTOS|10|ALIMENTOS|10|Para Empezar|1008|Para Empezar|1008|OT1|1|Order Type Master 1|1|0.00|0.00|0.00|0.00|0.00|0.00|0.00|0.00|0.00|1|0.00|1|0|0.00|0.00|0.00|42|10
FPMI|Restaurante|1|Restaurante|1|AREPA DE MAIZ CON CARNE DESMECHADA| |9524076|AREPA DE MAIZ CON CARNE DESMECHADA| |9524076|ALIMENTOS|10|ALIMENTOS|10|Para Empezar|1008|Para Empezar|1008|OT1|1|Order Type Master 1|1|0.00|-4052.00|-4052.00|0.00|0.00|0.00|0.00|-4052.00|-4052.00|1|0.00|0|0|0.00|0.00|0.00|74|18
FPMI|Restaurante|1|Restaurante|1|AREPA DE CHOCOLO| |9506036|AREPA DE CHOCOLO| |9506036|ALIMENTOS|10|ALIMENTOS|10|Para Empezar|1008|Para Empezar|1008|OT1|1|Order Type Master 1|1|40370.00|0.00|40370.00|0.00|0.00|0.00|40370.00|0.00|40370.00|1|40370.00|2|0|0.00|0.00|0.00|43|10
FPMI|Restaurante|1|Restaurante|1|LOMO 220 gr ENSALADA| |9502516|LOMO 220 gr ENSALADA| |9502516|ALIMENTOS|10|ALIMENTOS|10|Para Empezar|1008|Para Empezar|1008|OT1|1|Order Type Master 1|1|54444.00|0.00|54444.00|0.00|0.00|0.00|54444.00|0.00|54444.00|1|54444.00|1|0|0.00|0.00|0.00|53|13
FPMI|Domicilios|20|Domicilios|20|Mod CocaCola Original 400ml| |980000102|Mod CocaCola Original 400ml| |980000102|ALIMENTOS|10|ALIMENTOS|10|Para Empezar|1008|Para Empezar|1008|OT2|2|Order Type Master 2|2|0.00|0.00|0.00|0.00|0.00|0.00|0.00|0.00|0.00|1|0.00|1|0|0.00|0.00|0.00|78|19
FPMI|Restaurante|1|Restaurante|1|JUGO DE MANDARINA| |9604044|JUGO DE MANDARINA| |9604044|BEBIDAS|20|BEBIDAS|20|Bebidas Sin Alcohol|3000|Bebidas Sin Alcohol|3000|OT1|1|Order Type Master 1|1|14074.00|0.00|14074.00|0.00|0.00|0.00|14074.00|0.00|14074.00|1|14074.00|1|0|0.00|0.00|0.00|50|12
FPMI|Restaurante|1|Restaurante|1|REFAJO| |9608024|REFAJO| |9608024|BEBIDAS|20|BEBIDAS|20|Bebidas Sin Alcohol|3000|Bebidas Sin Alcohol|3000|OT1|1|Order Type Master 1|1|12870.00|0.00|12870.00|0.00|0.00|0.00|12870.00|0.00|12870.00|1|12870.00|1|0|0.00|0.00|0.00|55|13
FPMI|Restaurante|1|Restaurante|1|GASEOSA 400 ml| |9606131|GASEOSA 400 ml| |9606131|BEBIDAS|20|BEBIDAS|20|Bebidas Sin Alcohol|3000|Bebidas Sin Alcohol|3000|OT1|1|Order Type Master 1|1|0.00|-1522.00|-1522.00|0.00|0.00|0.00|0.00|-1522.00|-1522.00|1|0.00|0|0|0.00|0.00|0.00|64|15
FPMI|Restaurante|1|Restaurante|1|JUGO DE MORA EN AGUA| |9604108|JUGO DE MORA EN AGUA| |9604108|BEBIDAS|20|BEBIDAS|20|Bebidas Sin Alcohol|3000|Bebidas Sin Alcohol|3000|OT1|1|Order Type Master 1|1|10093.00|0.00|10093.00|0.00|0.00|0.00|10093.00|0.00|10093.00|1|10093.00|1|0|0.00|0.00|0.00|46|11
FPMI|Restaurante|1|Restaurante|1|LULADA CON LECHE CONDENSADA| |9604393|LULADA CON LECHE CONDENSADA| |9604393|BEBIDAS|20|BEBIDAS|20|Bebidas Sin Alcohol|3000|Bebidas Sin Alcohol|3000|OT1|1|Order Type Master 1|1|14722.00|0.00|14722.00|0.00|0.00|0.00|14722.00|0.00|14722.00|1|14722.00|1|0|0.00|0.00|0.00|41|10
FPMI|Restaurante|1|Restaurante|1|LIMONADA NATURAL| |9604060|LIMONADA NATURAL| |9604060|BEBIDAS|20|BEBIDAS|20|Bebidas Sin Alcohol|3000|Bebidas Sin Alcohol|3000|OT1|1|Order Type Master 1|1|8519.00|0.00|8519.00|0.00|0.00|0.00|8519.00|0.00|8519.00|1|8519.00|1|0|0.00|0.00|0.00|60|14
FPMI|Restaurante|1|Restaurante|1|CAFE AMERICANO NESPRESSO| |9262158|CAFE AMERICANO NESPRESSO| |9262158|BEBIDAS|20|BEBIDAS|20|Bebidas Sin Alcohol|3000|Bebidas Sin Alcohol|3000|OT1|1|Order Type Master 1|1|6759.00|0.00|6759.00|0.00|0.00|0.00|6759.00|0.00|6759.00|1|6759.00|1|0|0.00|0.00|0.00|49|12
FPMI|Restaurante|1|Restaurante|1|GASEOSA 400 ml| |9606131|GASEOSA 400 ml| |9606131|BEBIDAS|20|BEBIDAS|20|Bebidas Sin Alcohol|3000|Bebidas Sin Alcohol|3000|OT1|1|Order Type Master 1|1|7593.00|0.00|7593.00|0.00|0.00|0.00|7593.00|0.00|7593.00|1|7593.00|1|0|0.00|0.00|0.00|40|9
FPMI|Restaurante|1|Restaurante|1|Mod 3/4| |980000004|Mod 3/4| |980000004|ALIMENTOS|10|ALIMENTOS|10|Para Empezar|1008|Para Empezar|1008|OT1|1|Order Type Master 1|1|0.00|0.00|0.00|0.00|0.00|0.00|0.00|0.00|0.00|1|0.00|1|0|0.00|0.00|0.00|55|13
FPMI|Restaurante|1|Restaurante|1|ADICION DE AGUACATE 100 gr| |9500032|ADICION DE AGUACATE 100 gr| |9500032|ALIMENTOS|10|ALIMENTOS|10|Para Empezar|1008|Para Empezar|1008|OT1|1|Order Type Master 1|1|5648.00|0.00|5648.00|0.00|0.00|0.00|5648.00|0.00|5648.00|1|5648.00|1|0|0.00|0.00|0.00|55|13
FPMI|Restaurante|1|Restaurante|1|Mensaje Bebidas 2024| |980000095|Mensaje Bebidas 2024| |980000095|ALIMENTOS|10|ALIMENTOS|10|Para Empezar|1008|Para Empezar|1008|OT1|1|Order Type Master 1|1|0.00|0.00|0.00|0.00|0.00|0.00|0.00|0.00|0.00|1|0.00|1|0|0.00|0.00|0.00|72|17
FPMI|Restaurante|1|Restaurante|1|ENTRECOT 180 gr  ENSALADA| |9502509|ENTRECOT 180 gr  ENSALADA| |9502509|ALIMENTOS|10|ALIMENTOS|10|Para Empezar|1008|Para Empezar|1008|OT1|1|Order Type Master 1|1|0.00|-7385.00|-7385.00|0.00|0.00|0.00|0.00|-7385.00|-7385.00|1|0.00|0|0|0.00|0.00|0.00|64|15
FPMI|Restaurante|1|Restaurante|1|SOPA DE VERDURAS| |9520050|SOPA DE VERDURAS| |9520050|ALIMENTOS|10|ALIMENTOS|10|Para Empezar|1008|Para Empezar|1008|OT1|1|Order Type Master 1|1|13148.00|0.00|13148.00|0.00|0.00|0.00|13148.00|0.00|13148.00|1|13148.00|1|0|0.00|0.00|0.00|72|17
FPMI|Restaurante|1|Restaurante|1|AREPA DE HUEVO| |9528012|AREPA DE HUEVO| |9528012|ALIMENTOS|10|ALIMENTOS|10|Para Empezar|1008|Para Empezar|1008|OT1|1|Order Type Master 1|1|7778.00|0.00|7778.00|0.00|0.00|0.00|7778.00|0.00|7778.00|1|7778.00|1|0|0.00|0.00|0.00|40|9
FPMI|Restaurante|1|Restaurante|1|AREPA DE HUEVO Y CARNE DESMECHADA| |9528059|AREPA DE HUEVO Y CARNE DESMECHADA| |9528059|ALIMENTOS|10|ALIMENTOS|10|Para Empezar|1008|Para Empezar|1008|OT1|1|Order Type Master 1|1|13519.00|0.00|13519.00|0.00|0.00|0.00|13519.00|0.00|13519.00|1|13519.00|1|0|0.00|0.00|0.00|41|10
FPMI|Restaurante|1|Restaurante|1|AREPA DE CHOCOLO| |9506036|AREPA DE CHOCOLO| |9506036|ALIMENTOS|10|ALIMENTOS|10|Para Empezar|1008|Para Empezar|1008|OT1|1|Order Type Master 1|1|20185.00|0.00|20185.00|0.00|0.00|0.00|20185.00|0.00|20185.00|1|20185.00|1|0|0.00|0.00|0.00|54|13
FPMI|Restaurante|1|Restaurante|1|COMO ENTRADA| |90000038|COMO ENTRADA| |90000038|ALIMENTOS|10|ALIMENTOS|10|Para Empezar|1008|Para Empezar|1008|OT1|1|Order Type Master 1|1|0.00|0.00|0.00|0.00|0.00|0.00|0.00|0.00|0.00|1|0.00|1|0|0.00|0.00|0.00|43|10
FPMI|Restaurante|1|Restaurante|1|BISTEC ENTRECOT 180 gr  ENSALADA| |9502523|BISTEC ENTRECOT 180 gr  ENSALADA| |9502523|ALIMENTOS|10|ALIMENTOS|10|Para Empezar|1008|Para Empezar|1008|OT1|1|Order Type Master 1|1|38704.00|0.00|38704.00|0.00|0.00|0.00|38704.00|0.00|38704.00|1|38704.00|1|0|0.00|0.00|0.00|43|10
FPMI|Restaurante|1|Restaurante|1|Mod BienAsado| |980000006|Mod BienAsado| |980000006|ALIMENTOS|10|ALIMENTOS|10|Para Empezar|1008|Para Empezar|1008|OT1|1|Order Type Master 1|1|0.00|0.00|0.00|0.00|0.00|0.00|0.00|0.00|0.00|1|0.00|1|0|0.00|0.00|0.00|53|13
FPMI|Restaurante|1|Restaurante|1|ADICION DE AGUACATE 100 gr| |9500032|ADICION DE AGUACATE 100 gr| |9500032|ALIMENTOS|10|ALIMENTOS|10|Para Empezar|1008|Para Empezar|1008|OT1|1|Order Type Master 1|1|5648.00|0.00|5648.00|0.00|0.00|0.00|5648.00|0.00|5648.00|1|5648.00|1|0|0.00|0.00|0.00|53|13
FPMI|Restaurante|1|Restaurante|1|AREPA DE CHOCOLO| |9506036|AREPA DE CHOCOLO| |9506036|ALIMENTOS|10|ALIMENTOS|10|Para Empezar|1008|Para Empezar|1008|OT1|1|Order Type Master 1|1|40370.00|0.00|40370.00|0.00|0.00|0.00|40370.00|0.00|40370.00|1|40370.00|2|0|0.00|0.00|0.00|49|12
FPMI|Restaurante|1|Restaurante|1|CHICHARRON 90 gr| |9528024|CHICHARRON 90 gr| |9528024|ALIMENTOS|10|ALIMENTOS|10|Para Empezar|1008|Para Empezar|1008|OT1|1|Order Type Master 1|1|26667.00|0.00|26667.00|0.00|0.00|0.00|26667.00|0.00|26667.00|1|26667.00|1|0|0.00|0.00|0.00|49|12
FPMI|Restaurante|1|Restaurante|1|Mod CocaCola Original 400ml| |980000102|Mod CocaCola Original 400ml| |980000102|ALIMENTOS|10|ALIMENTOS|10|Para Empezar|1008|Para Empezar|1008|OT1|1|Order Type Master 1|1|0.00|0.00|0.00|0.00|0.00|0.00|0.00|0.00|0.00|1|0.00|1|0|0.00|0.00|0.00|40|9
FPMI|Restaurante|1|Restaurante|1|PUNTA DE ANCA 250 gr CASCO| |9502232|PUNTA DE ANCA 250 gr CASCO| |9502232|ALIMENTOS|10|ALIMENTOS|10|Para Empezar|1008|Para Empezar|1008|OT1|1|Order Type Master 1|1|54444.00|0.00|54444.00|0.00|0.00|0.00|54444.00|0.00|54444.00|1|54444.00|1|0|0.00|0.00|0.00|64|15
FPMI|Domicilios|20|Domicilios|20|CHUNCHULLO x 200 gr| |9502072|CHUNCHULLO x 200 gr| |9502072|ALIMENTOS|10|ALIMENTOS|10|Para Empezar|1008|Para Empezar|1008|OT2|2|Order Type Master 2|2|23056.00|0.00|23056.00|0.00|0.00|0.00|23056.00|0.00|23056.00|73|23056.00|1|0|0.00|0.00|0.00|77|19
FPMI|Domicilios|20|Domicilios|20|Mod CocaCola Original 400ml| |980000102|Mod CocaCola Original 400ml| |980000102|ALIMENTOS|10|ALIMENTOS|10|Para Empezar|1008|Para Empezar|1008|OT2|2|Order Type Master 2|2|0.00|0.00|0.00|0.00|0.00|0.00|0.00|0.00|0.00|1|0.00|1|0|0.00|0.00|0.00|61|15
FPMI|Almacen|2|Almacen|2|POCILLO CORAZON LUNA | |6210086|POCILLO CORAZON LUNA | |6210086|ALIMENTOS|10|ALIMENTOS|10|Para Empezar|1008|Para Empezar|1008|OT2|2|Order Type Master 2|2|14286.00|0.00|14286.00|0.00|0.00|0.00|14286.00|0.00|14286.00|1|14286.00|1|0|0.00|0.00|0.00|78|19
FPMI|Restaurante|1|Restaurante|1|LULADA CON LECHE CONDENSADA| |9604393|LULADA CON LECHE CONDENSADA| |9604393|BEBIDAS|20|BEBIDAS|20|Bebidas Sin Alcohol|3000|Bebidas Sin Alcohol|3000|OT1|1|Order Type Master 1|1|14722.00|0.00|14722.00|0.00|0.00|0.00|14722.00|0.00|14722.00|1|14722.00|1|0|0.00|0.00|0.00|76|18
FPMI|Restaurante|1|Restaurante|1|SODA| |9606112|SODA| |9606112|BEBIDAS|20|BEBIDAS|20|Bebidas Sin Alcohol|3000|Bebidas Sin Alcohol|3000|OT1|1|Order Type Master 1|1|6852.00|0.00|6852.00|0.00|0.00|0.00|6852.00|0.00|6852.00|1|6852.00|1|0|0.00|0.00|0.00|56|13
FPMI|Restaurante|1|Restaurante|1|GASEOSA 400 ml| |9606131|GASEOSA 400 ml| |9606131|BEBIDAS|20|BEBIDAS|20|Bebidas Sin Alcohol|3000|Bebidas Sin Alcohol|3000|OT1|1|Order Type Master 1|1|7593.00|0.00|7593.00|0.00|0.00|0.00|7593.00|0.00|7593.00|1|7593.00|1|0|0.00|0.00|0.00|72|17
FPMI|Restaurante|1|Restaurante|1|LIMONADA NATURAL| |9604060|LIMONADA NATURAL| |9604060|BEBIDAS|20|BEBIDAS|20|Bebidas Sin Alcohol|3000|Bebidas Sin Alcohol|3000|OT1|1|Order Type Master 1|1|25557.00|0.00|25557.00|0.00|0.00|0.00|25557.00|0.00|25557.00|1|25557.00|3|0|0.00|0.00|0.00|55|13
FPMI|Restaurante|1|Restaurante|1|AGUA DE PANELA| |9602084|AGUA DE PANELA| |9602084|BEBIDAS|20|BEBIDAS|20|Bebidas Sin Alcohol|3000|Bebidas Sin Alcohol|3000|OT1|1|Order Type Master 1|1|5370.00|0.00|5370.00|0.00|0.00|0.00|5370.00|0.00|5370.00|1|5370.00|1|0|0.00|0.00|0.00|40|9
FPMI|Restaurante|1|Restaurante|1|JUGO DE MORA EN AGUA| |9604108|JUGO DE MORA EN AGUA| |9604108|BEBIDAS|20|BEBIDAS|20|Bebidas Sin Alcohol|3000|Bebidas Sin Alcohol|3000|OT1|1|Order Type Master 1|1|0.00|0.00|0.00|0.00|0.00|0.00|0.00|0.00|0.00|1|0.00|0|0|0.00|0.00|0.00|79|19
FPMI|Restaurante|1|Restaurante|1|AGUA MANANTIAL CON GAS 300 ML CON LIMON| |9606138|AGUA MANANTIAL CON GAS 300 ML CON LIMON| |9606138|BEBIDAS|20|BEBIDAS|20|Bebidas Sin Alcohol|3000|Bebidas Sin Alcohol|3000|OT1|1|Order Type Master 1|1|13704.00|0.00|13704.00|0.00|0.00|0.00|13704.00|0.00|13704.00|1|13704.00|2|0|0.00|0.00|0.00|64|15
FPMI|Restaurante|1|Restaurante|1|MJE ALM| |90000037|MJE ALM| |90000037|ALIMENTOS|10|ALIMENTOS|10|Para Empezar|1008|Para Empezar|1008|OT1|1|Order Type Master 1|1|0.00|0.00|0.00|0.00|0.00|0.00|0.00|0.00|0.00|1|0.00|1|0|0.00|0.00|0.00|55|13
FPMI|Restaurante|1|Restaurante|1|AJI CASERO| |9500480|AJI CASERO| |9500480|ALIMENTOS|10|ALIMENTOS|10|Para Empezar|1008|Para Empezar|1008|OT1|1|Order Type Master 1|1|0.00|0.00|0.00|0.00|0.00|0.00|0.00|0.00|0.00|1|0.00|1|0|0.00|0.00|0.00|58|14
FPMI|Restaurante|1|Restaurante|1|ADICION QUESO ANTIOQUENO 100 gr| |9500332|ADICION QUESO ANTIOQUENO 100 gr| |9500332|ALIMENTOS|10|ALIMENTOS|10|Para Empezar|1008|Para Empezar|1008|OT1|1|Order Type Master 1|1|4815.00|0.00|4815.00|0.00|0.00|0.00|4815.00|0.00|4815.00|1|4815.00|1|0|0.00|0.00|0.00|40|9
FPMI|Restaurante|1|Restaurante|1|SOPA DE VERDURAS| |9520050|SOPA DE VERDURAS| |9520050|ALIMENTOS|10|ALIMENTOS|10|Para Empezar|1008|Para Empezar|1008|OT1|1|Order Type Master 1|1|13148.00|0.00|13148.00|0.00|0.00|0.00|13148.00|0.00|13148.00|1|13148.00|1|0|0.00|0.00|0.00|73|18
FPMI|Restaurante|1|Restaurante|1|LOMO 220 gr PAPA CRIOLLA| |9502513|LOMO 220 gr PAPA CRIOLLA| |9502513|ALIMENTOS|10|ALIMENTOS|10|Para Empezar|1008|Para Empezar|1008|OT1|1|Order Type Master 1|1|54444.00|0.00|54444.00|0.00|0.00|0.00|54444.00|0.00|54444.00|1|54444.00|1|0|0.00|0.00|0.00|53|13
FPMI|Restaurante|1|Restaurante|1|CHOCOLATE| |9602076|CHOCOLATE| |9602076|ALIMENTOS|10|ALIMENTOS|10|Para Empezar|1008|Para Empezar|1008|OT1|1|Order Type Master 1|1|7315.00|0.00|7315.00|0.00|0.00|0.00|7315.00|0.00|7315.00|1|7315.00|1|0|0.00|0.00|0.00|49|12
FPMI|Restaurante|1|Restaurante|1|COMO ENTRADA| |90000038|COMO ENTRADA| |90000038|ALIMENTOS|10|ALIMENTOS|10|Para Empezar|1008|Para Empezar|1008|OT1|1|Order Type Master 1|1|0.00|0.00|0.00|0.00|0.00|0.00|0.00|0.00|0.00|1|0.00|1|0|0.00|0.00|0.00|64|15
FPMI|Domicilios|20|Domicilios|20|AREPA DE CHOCOLO| |9506036|AREPA DE CHOCOLO| |9506036|ALIMENTOS|10|ALIMENTOS|10|Para Empezar|1008|Para Empezar|1008|OT2|2|Order Type Master 2|2|20185.00|0.00|20185.00|0.00|0.00|0.00|20185.00|0.00|20185.00|73|20185.00|1|0|0.00|0.00|0.00|77|19
FPMI|Plataformas|21|Plataformas|21|CANASTA DE 4 EMPANADAS DE CARNE| |9528034|CANASTA DE 4 EMPANADAS DE CARNE| |9528034|ALIMENTOS|10|ALIMENTOS|10|Para Empezar|1008|Para Empezar|1008|OT7|7|Order Type Master 7|7|23611.00|0.00|23611.00|0.00|0.00|0.00|23611.00|0.00|23611.00|153|23611.00|1|0|0.00|0.00|0.00|47|11
FPMI|Plataformas|21|Plataformas|21|TORTA MILKYWAY| |9514163|TORTA MILKYWAY| |9514163|ALIMENTOS|10|ALIMENTOS|10|Para Empezar|1008|Para Empezar|1008|OT7|7|Order Type Master 7|7|21436.00|0.00|21436.00|0.00|0.00|0.00|21436.00|0.00|21436.00|169|21436.00|2|0|0.00|0.00|0.00|80|19
FPMI|Restaurante|1|Restaurante|1|CAFE AMERICANO NESPRESSO| |9262158|CAFE AMERICANO NESPRESSO| |9262158|BEBIDAS|20|BEBIDAS|20|Bebidas Sin Alcohol|3000|Bebidas Sin Alcohol|3000|OT1|1|Order Type Master 1|1|13518.00|0.00|13518.00|0.00|0.00|0.00|13518.00|0.00|13518.00|1|13518.00|2|0|0.00|0.00|0.00|56|13
FPMI|Restaurante|1|Restaurante|1|JUGO DE MANDARINA| |9604044|JUGO DE MANDARINA| |9604044|BEBIDAS|20|BEBIDAS|20|Bebidas Sin Alcohol|3000|Bebidas Sin Alcohol|3000|OT1|1|Order Type Master 1|1|56296.00|0.00|56296.00|0.00|0.00|0.00|56296.00|0.00|56296.00|1|56296.00|4|0|0.00|0.00|0.00|38|9
FPMI|Restaurante|1|Restaurante|1|LIMONADA NATURAL| |9604060|LIMONADA NATURAL| |9604060|BEBIDAS|20|BEBIDAS|20|Bebidas Sin Alcohol|3000|Bebidas Sin Alcohol|3000|OT1|1|Order Type Master 1|1|0.00|-1710.00|-1710.00|0.00|0.00|0.00|0.00|-1710.00|-1710.00|1|0.00|0|0|0.00|0.00|0.00|74|18
FPMI|Restaurante|1|Restaurante|1|COSTILLAS DE CERDO 410 gr  FRANCESA| |9502180|COSTILLAS DE CERDO 410 gr  FRANCESA| |9502180|ALIMENTOS|10|ALIMENTOS|10|Para Empezar|1008|Para Empezar|1008|OT1|1|Order Type Master 1|1|51667.00|0.00|51667.00|0.00|0.00|0.00|51667.00|0.00|51667.00|1|51667.00|1|0|0.00|0.00|0.00|55|13
FPMI|Restaurante|1|Restaurante|1|AREPA DE HUEVO Y CARNE DESMECHADA| |9528059|AREPA DE HUEVO Y CARNE DESMECHADA| |9528059|ALIMENTOS|10|ALIMENTOS|10|Para Empezar|1008|Para Empezar|1008|OT1|1|Order Type Master 1|1|13519.00|0.00|13519.00|0.00|0.00|0.00|13519.00|0.00|13519.00|1|13519.00|1|0|0.00|0.00|0.00|72|17
FPMI|Restaurante|1|Restaurante|1|AREPA DE CHOCOLO| |9506036|AREPA DE CHOCOLO| |9506036|ALIMENTOS|10|ALIMENTOS|10|Para Empezar|1008|Para Empezar|1008|OT1|1|Order Type Master 1|1|20185.00|0.00|20185.00|0.00|0.00|0.00|20185.00|0.00|20185.00|1|20185.00|1|0|0.00|0.00|0.00|46|11
FPMI|Restaurante|1|Restaurante|1|CANASTA DE 4 EMPANADAS CACHACAS| |9528040|CANASTA DE 4 EMPANADAS CACHACAS| |9528040|ALIMENTOS|10|ALIMENTOS|10|Para Empezar|1008|Para Empezar|1008|OT1|1|Order Type Master 1|1|22500.00|0.00|22500.00|0.00|0.00|0.00|22500.00|0.00|22500.00|1|22500.00|1|0|0.00|0.00|0.00|42|10
FPMI|Restaurante|1|Restaurante|1|ADICION QUESO ANTIOQUENO 100 gr| |9500332|ADICION QUESO ANTIOQUENO 100 gr| |9500332|ALIMENTOS|10|ALIMENTOS|10|Para Empezar|1008|Para Empezar|1008|OT1|1|Order Type Master 1|1|4815.00|0.00|4815.00|0.00|0.00|0.00|4815.00|0.00|4815.00|1|4815.00|1|0|0.00|0.00|0.00|42|10
FPMI|Restaurante|1|Restaurante|1|TORTA DE CHOCOLATE | |9514022|TORTA DE CHOCOLATE | |9514022|ALIMENTOS|10|ALIMENTOS|10|Para Empezar|1008|Para Empezar|1008|OT1|1|Order Type Master 1|1|27038.00|0.00|27038.00|0.00|0.00|0.00|27038.00|0.00|27038.00|1|27038.00|2|0|0.00|0.00|0.00|66|16
FPMI|Restaurante|1|Restaurante|1|COMO ENTRADA| |90000038|COMO ENTRADA| |90000038|ALIMENTOS|10|ALIMENTOS|10|Para Empezar|1008|Para Empezar|1008|OT1|1|Order Type Master 1|1|0.00|0.00|0.00|0.00|0.00|0.00|0.00|0.00|0.00|1|0.00|1|0|0.00|0.00|0.00|54|13
FPMI|Restaurante|1|Restaurante|1|COSTILLAS DE CERDO 410 gr  CASCO| |9502176|COSTILLAS DE CERDO 410 gr  CASCO| |9502176|ALIMENTOS|10|ALIMENTOS|10|Para Empezar|1008|Para Empezar|1008|OT1|1|Order Type Master 1|1|51667.00|0.00|51667.00|0.00|0.00|0.00|51667.00|0.00|51667.00|1|51667.00|1|0|0.00|0.00|0.00|54|13
FPMI|Restaurante|1|Restaurante|1|CHANGUA CON HUEVO PAN Y QUESO| |9522008|CHANGUA CON HUEVO PAN Y QUESO| |9522008|ALIMENTOS|10|ALIMENTOS|10|Para Empezar|1008|Para Empezar|1008|OT1|1|Order Type Master 1|1|10093.00|0.00|10093.00|0.00|0.00|0.00|10093.00|0.00|10093.00|1|10093.00|1|0|0.00|0.00|0.00|41|10
FPMI|Restaurante|1|Restaurante|1|SALSA BABY| |9500376|SALSA BABY| |9500376|ALIMENTOS|10|ALIMENTOS|10|Para Empezar|1008|Para Empezar|1008|OT1|1|Order Type Master 1|1|0.00|0.00|0.00|0.00|0.00|0.00|0.00|0.00|0.00|1|0.00|1|0|0.00|0.00|0.00|55|13
FPMI|Restaurante|1|Restaurante|1|MJE ALM| |90000037|MJE ALM| |90000037|ALIMENTOS|10|ALIMENTOS|10|Para Empezar|1008|Para Empezar|1008|OT1|1|Order Type Master 1|1|0.00|0.00|0.00|0.00|0.00|0.00|0.00|0.00|0.00|1|0.00|1|0|0.00|0.00|0.00|53|13
FPMI|Restaurante|1|Restaurante|1|PATACON GRATINADO| |9524040|PATACON GRATINADO| |9524040|ALIMENTOS|10|ALIMENTOS|10|Para Empezar|1008|Para Empezar|1008|OT1|1|Order Type Master 1|1|12593.00|0.00|12593.00|0.00|0.00|0.00|12593.00|0.00|12593.00|1|12593.00|1|0|0.00|0.00|0.00|64|15
FPMI|Restaurante|1|Restaurante|1|HOGAO| |9500200|HOGAO| |9500200|ALIMENTOS|10|ALIMENTOS|10|Para Empezar|1008|Para Empezar|1008|OT1|1|Order Type Master 1|1|0.00|0.00|0.00|0.00|0.00|0.00|0.00|0.00|0.00|1|0.00|1|0|0.00|0.00|0.00|64|15
FPMI|Domicilios|20|Domicilios|20|HUEVO FRITO| |9500212|HUEVO FRITO| |9500212|ALIMENTOS|10|ALIMENTOS|10|Para Empezar|1008|Para Empezar|1008|OT2|2|Order Type Master 2|2|2963.00|-603.00|2360.00|0.00|0.00|0.00|2963.00|-603.00|2360.00|73|2963.00|1|0|0.00|0.00|0.00|52|12
FPMI|Almacen|2|Almacen|2|TAZA AGUITAS CALIENTES N° 10 PLAZA| |6210016|TAZA AGUITAS CALIENTES N° 10 PLAZA| |6210016|ALIMENTOS|10|ALIMENTOS|10|Para Empezar|1008|Para Empezar|1008|OT2|2|Order Type Master 2|2|18487.00|0.00|18487.00|0.00|0.00|0.00|18487.00|0.00|18487.00|1|18487.00|1|0|0.00|0.00|0.00|78|19
FPMI|Plataformas|21|Plataformas|21|CALENTADO PAISA| |9518008|CALENTADO PAISA| |9518008|ALIMENTOS|10|ALIMENTOS|10|Para Empezar|1008|Para Empezar|1008|OT7|7|Order Type Master 7|7|36759.00|0.00|36759.00|0.00|0.00|0.00|36759.00|0.00|36759.00|153|36759.00|1|0|0.00|0.00|0.00|47|11
FPMI|Restaurante|1|Restaurante|1|LIMONADA NATURAL| |9604060|LIMONADA NATURAL| |9604060|BEBIDAS|20|BEBIDAS|20|Bebidas Sin Alcohol|3000|Bebidas Sin Alcohol|3000|OT1|1|Order Type Master 1|1|8519.00|0.00|8519.00|0.00|0.00|0.00|8519.00|0.00|8519.00|1|8519.00|1|0|0.00|0.00|0.00|72|17
FPMI|Restaurante|1|Restaurante|1|JUGO DE LULO EN AGUA| |9604216|JUGO DE LULO EN AGUA| |9604216|BEBIDAS|20|BEBIDAS|20|Bebidas Sin Alcohol|3000|Bebidas Sin Alcohol|3000|OT1|1|Order Type Master 1|1|10093.00|0.00|10093.00|0.00|0.00|0.00|10093.00|0.00|10093.00|1|10093.00|1|0|0.00|0.00|0.00|46|11
FPMI|Restaurante|1|Restaurante|1|AGUA MANANTIAL CON GAS 300 ML CON LIMON| |9606138|AGUA MANANTIAL CON GAS 300 ML CON LIMON| |9606138|BEBIDAS|20|BEBIDAS|20|Bebidas Sin Alcohol|3000|Bebidas Sin Alcohol|3000|OT1|1|Order Type Master 1|1|6852.00|0.00|6852.00|0.00|0.00|0.00|6852.00|0.00|6852.00|1|6852.00|1|0|0.00|0.00|0.00|66|16
FPMI|Restaurante|1|Restaurante|1|JUGO DE LULO EN AGUA| |9604216|JUGO DE LULO EN AGUA| |9604216|BEBIDAS|20|BEBIDAS|20|Bebidas Sin Alcohol|3000|Bebidas Sin Alcohol|3000|OT1|1|Order Type Master 1|1|10093.00|0.00|10093.00|0.00|0.00|0.00|10093.00|0.00|10093.00|1|10093.00|1|0|0.00|0.00|0.00|54|13
FPMI|Domicilios|20|Domicilios|20|GASEOSA 400 ml| |9606131|GASEOSA 400 ml| |9606131|BEBIDAS|20|BEBIDAS|20|Bebidas Sin Alcohol|3000|Bebidas Sin Alcohol|3000|OT2|2|Order Type Master 2|2|7593.00|-1500.00|6093.00|0.00|0.00|0.00|7593.00|-1500.00|6093.00|73|7593.00|1|0|0.00|0.00|0.00|61|15
FPMI|Restaurante|1|Restaurante|1|EMPANADA DE QUESO| |9528030|EMPANADA DE QUESO| |9528030|ALIMENTOS|10|ALIMENTOS|10|Para Empezar|1008|Para Empezar|1008|OT1|1|Order Type Master 1|1|6111.00|0.00|6111.00|0.00|0.00|0.00|6111.00|0.00|6111.00|1|6111.00|1|0|0.00|0.00|0.00|76|18
FPMI|Restaurante|1|Restaurante|1|AREPA CON QUESO ANTIOQUENO| |9528016|AREPA CON QUESO ANTIOQUENO| |9528016|ALIMENTOS|10|ALIMENTOS|10|Para Empezar|1008|Para Empezar|1008|OT1|1|Order Type Master 1|1|7778.00|0.00|7778.00|0.00|0.00|0.00|7778.00|0.00|7778.00|1|7778.00|1|0|0.00|0.00|0.00|38|9
FPMI|Restaurante|1|Restaurante|1|TORTA DE CHOCOLATE | |9514022|TORTA DE CHOCOLATE | |9514022|ALIMENTOS|10|ALIMENTOS|10|Para Empezar|1008|Para Empezar|1008|OT1|1|Order Type Master 1|1|13519.00|0.00|13519.00|0.00|0.00|0.00|13519.00|0.00|13519.00|1|13519.00|1|0|0.00|0.00|0.00|56|13
FPMI|Restaurante|1|Restaurante|1|Mod CocaCola Zero 400ml| |980000103|Mod CocaCola Zero 400ml| |980000103|ALIMENTOS|10|ALIMENTOS|10|Para Empezar|1008|Para Empezar|1008|OT1|1|Order Type Master 1|1|0.00|0.00|0.00|0.00|0.00|0.00|0.00|0.00|0.00|1|0.00|1|0|0.00|0.00|0.00|72|17
FPMI|Restaurante|1|Restaurante|1|COMO ENTRADA| |90000038|COMO ENTRADA| |90000038|ALIMENTOS|10|ALIMENTOS|10|Para Empezar|1008|Para Empezar|1008|OT1|1|Order Type Master 1|1|0.00|0.00|0.00|0.00|0.00|0.00|0.00|0.00|0.00|1|0.00|1|0|0.00|0.00|0.00|72|17
FPMI|Restaurante|1|Restaurante|1|AREPA DE HUEVO Y CARNE DESMECHADA| |9528059|AREPA DE HUEVO Y CARNE DESMECHADA| |9528059|ALIMENTOS|10|ALIMENTOS|10|Para Empezar|1008|Para Empezar|1008|OT1|1|Order Type Master 1|1|0.00|-2714.00|-2714.00|0.00|0.00|0.00|0.00|-2714.00|-2714.00|1|0.00|0|0|0.00|0.00|0.00|74|18
FPMI|Restaurante|1|Restaurante|1|Mod 3/4| |980000004|Mod 3/4| |980000004|ALIMENTOS|10|ALIMENTOS|10|Para Empezar|1008|Para Empezar|1008|OT1|1|Order Type Master 1|1|0.00|0.00|0.00|0.00|0.00|0.00|0.00|0.00|0.00|1|0.00|1|0|0.00|0.00|0.00|43|10
FPMI|Restaurante|1|Restaurante|1|MJE ALM| |90000037|MJE ALM| |90000037|ALIMENTOS|10|ALIMENTOS|10|Para Empezar|1008|Para Empezar|1008|OT1|1|Order Type Master 1|1|0.00|0.00|0.00|0.00|0.00|0.00|0.00|0.00|0.00|1|0.00|2|0|0.00|0.00|0.00|43|10
FPMI|Restaurante|1|Restaurante|1|Mod CocaCola Original 400ml| |980000102|Mod CocaCola Original 400ml| |980000102|ALIMENTOS|10|ALIMENTOS|10|Para Empezar|1008|Para Empezar|1008|OT1|1|Order Type Master 1|1|0.00|0.00|0.00|0.00|0.00|0.00|0.00|0.00|0.00|1|0.00|2|0|0.00|0.00|0.00|43|10
FPMI|Restaurante|1|Restaurante|1|SALSA CHIMICHURRI| |9500388|SALSA CHIMICHURRI| |9500388|ALIMENTOS|10|ALIMENTOS|10|Para Empezar|1008|Para Empezar|1008|OT1|1|Order Type Master 1|1|0.00|0.00|0.00|0.00|0.00|0.00|0.00|0.00|0.00|1|0.00|1|0|0.00|0.00|0.00|55|13
FPMI|Restaurante|1|Restaurante|1|Mod 3/4| |980000004|Mod 3/4| |980000004|ALIMENTOS|10|ALIMENTOS|10|Para Empezar|1008|Para Empezar|1008|OT1|1|Order Type Master 1|1|0.00|0.00|0.00|0.00|0.00|0.00|0.00|0.00|0.00|1|0.00|1|0|0.00|0.00|0.00|53|13
FPMI|Restaurante|1|Restaurante|1|TAMAL TOLIMENSE| |9522052|TAMAL TOLIMENSE| |9522052|ALIMENTOS|10|ALIMENTOS|10|Para Empezar|1008|Para Empezar|1008|OT1|1|Order Type Master 1|1|11852.00|0.00|11852.00|0.00|0.00|0.00|11852.00|0.00|11852.00|1|11852.00|1|0|0.00|0.00|0.00|40|9
FPMI|Restaurante|1|Restaurante|1|BANDEJA PAISA| |9520036|BANDEJA PAISA| |9520036|ALIMENTOS|10|ALIMENTOS|10|Para Empezar|1008|Para Empezar|1008|OT1|1|Order Type Master 1|1|42500.00|0.00|42500.00|0.00|0.00|0.00|42500.00|0.00|42500.00|1|42500.00|1|0|0.00|0.00|0.00|64|15
FPMI|Domicilios|20|Domicilios|20|PORCION DE ARROZ BLANCO| |9500064|PORCION DE ARROZ BLANCO| |9500064|ALIMENTOS|10|ALIMENTOS|10|Para Empezar|1008|Para Empezar|1008|OT2|2|Order Type Master 2|2|3426.00|-697.00|2729.00|0.00|0.00|0.00|3426.00|-697.00|2729.00|73|3426.00|1|0|0.00|0.00|0.00|52|12
FPMI|Plataformas|21|Plataformas|21|MJE ALM| |90000037|MJE ALM| |90000037|ALIMENTOS|10|ALIMENTOS|10|Para Empezar|1008|Para Empezar|1008|OT7|7|Order Type Master 7|7|0.00|0.00|0.00|0.00|0.00|0.00|0.00|0.00|0.00|1|0.00|1|0|0.00|0.00|0.00|47|11
FPMI|Restaurante|1|Restaurante|1|LIMONADA NATURAL| |9604060|LIMONADA NATURAL| |9604060|BEBIDAS|20|BEBIDAS|20|Bebidas Sin Alcohol|3000|Bebidas Sin Alcohol|3000|OT1|1|Order Type Master 1|1|17038.00|0.00|17038.00|0.00|0.00|0.00|17038.00|0.00|17038.00|1|17038.00|2|0|0.00|0.00|0.00|53|13
FPMI|Restaurante|1|Restaurante|1|JUGO DE MORA EN LECHE| |9604104|JUGO DE MORA EN LECHE| |9604104|BEBIDAS|20|BEBIDAS|20|Bebidas Sin Alcohol|3000|Bebidas Sin Alcohol|3000|OT1|1|Order Type Master 1|1|12870.00|-2571.00|10299.00|0.00|0.00|0.00|12870.00|-2571.00|10299.00|1|12870.00|1|0|0.00|0.00|0.00|79|19
FPMI|Restaurante|1|Restaurante|1|AGUA DE PANELA| |9602084|AGUA DE PANELA| |9602084|BEBIDAS|20|BEBIDAS|20|Bebidas Sin Alcohol|3000|Bebidas Sin Alcohol|3000|OT1|1|Order Type Master 1|1|5370.00|0.00|5370.00|0.00|0.00|0.00|5370.00|0.00|5370.00|1|5370.00|1|0|0.00|0.00|0.00|41|10
FPMI|Restaurante|1|Restaurante|1|JUGO DE MANGO EN AGUA| |9604156|JUGO DE MANGO EN AGUA| |9604156|BEBIDAS|20|BEBIDAS|20|Bebidas Sin Alcohol|3000|Bebidas Sin Alcohol|3000|OT1|1|Order Type Master 1|1|10093.00|0.00|10093.00|0.00|0.00|0.00|10093.00|0.00|10093.00|1|10093.00|1|0|0.00|0.00|0.00|64|15
FPMI|Restaurante|1|Restaurante|1|BANDEJA PAISA| |9520036|BANDEJA PAISA| |9520036|ALIMENTOS|10|ALIMENTOS|10|Para Empezar|1008|Para Empezar|1008|OT1|1|Order Type Master 1|1|42500.00|0.00|42500.00|0.00|0.00|0.00|42500.00|0.00|42500.00|1|42500.00|1|0|0.00|0.00|0.00|56|13
FPMI|Restaurante|1|Restaurante|1|PATACON CON HOGAO| |9524044|PATACON CON HOGAO| |9524044|ALIMENTOS|10|ALIMENTOS|10|Para Empezar|1008|Para Empezar|1008|OT1|1|Order Type Master 1|1|10000.00|0.00|10000.00|0.00|0.00|0.00|10000.00|0.00|10000.00|1|10000.00|1|0|0.00|0.00|0.00|46|11
FPMI|Restaurante|1|Restaurante|1|COMO ENTRADA| |90000038|COMO ENTRADA| |90000038|ALIMENTOS|10|ALIMENTOS|10|Para Empezar|1008|Para Empezar|1008|OT1|1|Order Type Master 1|1|0.00|0.00|0.00|0.00|0.00|0.00|0.00|0.00|0.00|41|0.00|1|0|0.00|0.00|0.00|53|13
FPMI|Restaurante|1|Restaurante|1|AREPA DE CHOCOLO| |9506036|AREPA DE CHOCOLO| |9506036|ALIMENTOS|10|ALIMENTOS|10|Para Empezar|1008|Para Empezar|1008|OT1|1|Order Type Master 1|1|20185.00|0.00|20185.00|0.00|0.00|0.00|20185.00|0.00|20185.00|1|20185.00|1|0|0.00|0.00|0.00|41|10
FPMI|Restaurante|1|Restaurante|1|HOGAO| |9500200|HOGAO| |9500200|ALIMENTOS|10|ALIMENTOS|10|Para Empezar|1008|Para Empezar|1008|OT1|1|Order Type Master 1|1|0.00|0.00|0.00|0.00|0.00|0.00|0.00|0.00|0.00|1|0.00|1|0|0.00|0.00|0.00|41|10
FPMI|Restaurante|1|Restaurante|1|Mod CocaCola Zero 400ml| |980000103|Mod CocaCola Zero 400ml| |980000103|ALIMENTOS|10|ALIMENTOS|10|Para Empezar|1008|Para Empezar|1008|OT1|1|Order Type Master 1|1|0.00|0.00|0.00|0.00|0.00|0.00|0.00|0.00|0.00|1|0.00|1|0|0.00|0.00|0.00|60|14
FPMI|Restaurante|1|Restaurante|1|ENTRECOT 180 gr  ENSALADA| |9502509|ENTRECOT 180 gr  ENSALADA| |9502509|ALIMENTOS|10|ALIMENTOS|10|Para Empezar|1008|Para Empezar|1008|OT1|1|Order Type Master 1|1|36852.00|0.00|36852.00|0.00|0.00|0.00|36852.00|0.00|36852.00|1|36852.00|1|0|0.00|0.00|0.00|60|14
FPMI|Restaurante|1|Restaurante|1|AREPA DE CHOCOLO| |9506036|AREPA DE CHOCOLO| |9506036|ALIMENTOS|10|ALIMENTOS|10|Para Empezar|1008|Para Empezar|1008|OT1|1|Order Type Master 1|1|20185.00|-4032.00|16153.00|0.00|0.00|0.00|20185.00|-4032.00|16153.00|1|20185.00|1|0|0.00|0.00|0.00|79|19
FPMI|Restaurante|1|Restaurante|1|Mod BienAsado| |980000006|Mod BienAsado| |980000006|ALIMENTOS|10|ALIMENTOS|10|Para Empezar|1008|Para Empezar|1008|OT1|1|Order Type Master 1|1|0.00|0.00|0.00|0.00|0.00|0.00|0.00|0.00|0.00|1|0.00|1|0|0.00|0.00|0.00|64|15
FPMI|Domicilios|20|Domicilios|20|GASEOSA 400 ml| |9606131|GASEOSA 400 ml| |9606131|BEBIDAS|20|BEBIDAS|20|Bebidas Sin Alcohol|3000|Bebidas Sin Alcohol|3000|OT2|2|Order Type Master 2|2|7593.00|-1500.00|6093.00|0.00|0.00|0.00|7593.00|-1500.00|6093.00|73|7593.00|1|0|0.00|0.00|0.00|78|19
FPMI|Restaurante|1|Restaurante|1|AREPA DE HUEVO| |9528012|AREPA DE HUEVO| |9528012|ALIMENTOS|10|ALIMENTOS|10|Para Empezar|1008|Para Empezar|1008|OT1|1|Order Type Master 1|1|23334.00|0.00|23334.00|0.00|0.00|0.00|23334.00|0.00|23334.00|1|23334.00|3|0|0.00|0.00|0.00|38|9
FPMI|Restaurante|1|Restaurante|1|AREPA DE MAIZ CON CARNE DESMECHADA| |9524076|AREPA DE MAIZ CON CARNE DESMECHADA| |9524076|ALIMENTOS|10|ALIMENTOS|10|Para Empezar|1008|Para Empezar|1008|OT1|1|Order Type Master 1|1|20185.00|0.00|20185.00|0.00|0.00|0.00|20185.00|0.00|20185.00|1|20185.00|1|0|0.00|0.00|0.00|72|17
FPMI|Restaurante|1|Restaurante|1|CUCHUCO CON ESPINAZO| |9520020|CUCHUCO CON ESPINAZO| |9520020|ALIMENTOS|10|ALIMENTOS|10|Para Empezar|1008|Para Empezar|1008|OT1|1|Order Type Master 1|1|34167.00|0.00|34167.00|0.00|0.00|0.00|34167.00|0.00|34167.00|1|34167.00|1|0|0.00|0.00|0.00|57|14
FPMI|Restaurante|1|Restaurante|1|CHICHARRON 90 gr| |9528024|CHICHARRON 90 gr| |9528024|ALIMENTOS|10|ALIMENTOS|10|Para Empezar|1008|Para Empezar|1008|OT1|1|Order Type Master 1|1|26667.00|0.00|26667.00|0.00|0.00|0.00|26667.00|0.00|26667.00|1|26667.00|1|0|0.00|0.00|0.00|53|13
FPMI|Restaurante|1|Restaurante|1|PATACON CARNE DESMECHADA| |9524028|PATACON CARNE DESMECHADA| |9524028|ALIMENTOS|10|ALIMENTOS|10|Para Empezar|1008|Para Empezar|1008|OT1|1|Order Type Master 1|1|24630.00|0.00|24630.00|0.00|0.00|0.00|24630.00|0.00|24630.00|1|24630.00|1|0|0.00|0.00|0.00|73|18
FPMI|Restaurante|1|Restaurante|1|PECHUGA A LA PARRILLA 230 gr CRIOLLA| |9506118|PECHUGA A LA PARRILLA 230 gr CRIOLLA| |9506118|ALIMENTOS|10|ALIMENTOS|10|Para Empezar|1008|Para Empezar|1008|OT1|1|Order Type Master 1|1|24815.00|0.00|24815.00|0.00|0.00|0.00|24815.00|0.00|24815.00|1|24815.00|1|0|0.00|0.00|0.00|54|13
FPMI|Restaurante|1|Restaurante|1|Mod 3/4| |980000004|Mod 3/4| |980000004|ALIMENTOS|10|ALIMENTOS|10|Para Empezar|1008|Para Empezar|1008|OT1|1|Order Type Master 1|1|0.00|0.00|0.00|0.00|0.00|0.00|0.00|0.00|0.00|1|0.00|2|0|0.00|0.00|0.00|60|14
FPMI|Restaurante|1|Restaurante|1|ADICION DE AGUACATE 100 gr| |9500032|ADICION DE AGUACATE 100 gr| |9500032|ALIMENTOS|10|ALIMENTOS|10|Para Empezar|1008|Para Empezar|1008|OT1|1|Order Type Master 1|1|5648.00|0.00|5648.00|0.00|0.00|0.00|5648.00|0.00|5648.00|1|5648.00|1|0|0.00|0.00|0.00|43|10
FPMI|Restaurante|1|Restaurante|1|CALDO DE COSTILLA| |9522004|CALDO DE COSTILLA| |9522004|ALIMENTOS|10|ALIMENTOS|10|Para Empezar|1008|Para Empezar|1008|OT1|1|Order Type Master 1|1|15556.00|0.00|15556.00|0.00|0.00|0.00|15556.00|0.00|15556.00|1|15556.00|1|0|0.00|0.00|0.00|40|9
FPMI|Restaurante|1|Restaurante|1|PINCHO DE POLLO X 100 GRS| |9502527|PINCHO DE POLLO X 100 GRS| |9502527|ALIMENTOS|10|ALIMENTOS|10|Para Empezar|1008|Para Empezar|1008|OT1|1|Order Type Master 1|1|14722.00|0.00|14722.00|0.00|0.00|0.00|14722.00|0.00|14722.00|1|14722.00|1|0|0.00|0.00|0.00|64|15
FPMI|Plataformas|21|Plataformas|21|CUBIERTOS Y SERVILLETAS| |980000100|CUBIERTOS Y SERVILLETAS| |980000100|ALIMENTOS|10|ALIMENTOS|10|Para Empezar|1008|Para Empezar|1008|OT7|7|Order Type Master 7|7|0.00|0.00|0.00|0.00|0.00|0.00|0.00|0.00|0.00|153|0.00|1|0|0.00|0.00|0.00|47|11
FPMI|Plataformas|21|Plataformas|21|CHORIPAN 100 gr| |9502076|CHORIPAN 100 gr| |9502076|ALIMENTOS|10|ALIMENTOS|10|Para Empezar|1008|Para Empezar|1008|OT7|7|Order Type Master 7|7|24167.00|0.00|24167.00|0.00|0.00|0.00|24167.00|0.00|24167.00|153|24167.00|1|0|0.00|0.00|0.00|47|11
FPMI|Restaurante|1|Restaurante|1|GASEOSA 400 ml| |9606131|GASEOSA 400 ml| |9606131|BEBIDAS|20|BEBIDAS|20|Bebidas Sin Alcohol|3000|Bebidas Sin Alcohol|3000|OT1|1|Order Type Master 1|1|7593.00|0.00|7593.00|0.00|0.00|0.00|7593.00|0.00|7593.00|1|7593.00|1|0|0.00|0.00|0.00|76|18
FPMI|Restaurante|1|Restaurante|1|LIMONADA NATURAL| |9604060|LIMONADA NATURAL| |9604060|BEBIDAS|20|BEBIDAS|20|Bebidas Sin Alcohol|3000|Bebidas Sin Alcohol|3000|OT1|1|Order Type Master 1|1|8519.00|-1707.00|6812.00|0.00|0.00|0.00|8519.00|-1707.00|6812.00|1|8519.00|1|0|0.00|0.00|0.00|64|15
FPMI|Restaurante|1|Restaurante|1|GASEOSA 400 ml| |9606131|GASEOSA 400 ml| |9606131|BEBIDAS|20|BEBIDAS|20|Bebidas Sin Alcohol|3000|Bebidas Sin Alcohol|3000|OT1|1|Order Type Master 1|1|0.00|-1524.00|-1524.00|0.00|0.00|0.00|0.00|-1524.00|-1524.00|1|0.00|0|0|0.00|0.00|0.00|74|18
FPMI|Restaurante|1|Restaurante|1|GASEOSA 400 ml| |9606131|GASEOSA 400 ml| |9606131|BEBIDAS|20|BEBIDAS|20|Bebidas Sin Alcohol|3000|Bebidas Sin Alcohol|3000|OT1|1|Order Type Master 1|1|7593.00|0.00|7593.00|0.00|0.00|0.00|7593.00|0.00|7593.00|1|7593.00|1|0|0.00|0.00|0.00|60|14
FPMI|Restaurante|1|Restaurante|1|GASEOSA 400 ml| |9606131|GASEOSA 400 ml| |9606131|BEBIDAS|20|BEBIDAS|20|Bebidas Sin Alcohol|3000|Bebidas Sin Alcohol|3000|OT1|1|Order Type Master 1|1|15186.00|0.00|15186.00|0.00|0.00|0.00|15186.00|0.00|15186.00|1|15186.00|2|0|0.00|0.00|0.00|43|10
FPMI|Restaurante|1|Restaurante|1|AREPA DE CHOCOLO| |9506036|AREPA DE CHOCOLO| |9506036|ALIMENTOS|10|ALIMENTOS|10|Para Empezar|1008|Para Empezar|1008|OT1|1|Order Type Master 1|1|20185.00|0.00|20185.00|0.00|0.00|0.00|20185.00|0.00|20185.00|1|20185.00|1|0|0.00|0.00|0.00|76|18
FPMI|Restaurante|1|Restaurante|1|LOMO 220 gr ENSALADA| |9502516|LOMO 220 gr ENSALADA| |9502516|ALIMENTOS|10|ALIMENTOS|10|Para Empezar|1008|Para Empezar|1008|OT1|1|Order Type Master 1|1|54444.00|0.00|54444.00|0.00|0.00|0.00|54444.00|0.00|54444.00|1|54444.00|1|0|0.00|0.00|0.00|55|13
FPMI|Restaurante|1|Restaurante|1|CACEROLA DE HUEVOS PERICOS| |9522032|CACEROLA DE HUEVOS PERICOS| |9522032|ALIMENTOS|10|ALIMENTOS|10|Para Empezar|1008|Para Empezar|1008|OT1|1|Order Type Master 1|1|6019.00|0.00|6019.00|0.00|0.00|0.00|6019.00|0.00|6019.00|1|6019.00|1|0|0.00|0.00|0.00|38|9
FPMI|Restaurante|1|Restaurante|1|MJE ALM| |90000037|MJE ALM| |90000037|ALIMENTOS|10|ALIMENTOS|10|Para Empezar|1008|Para Empezar|1008|OT1|1|Order Type Master 1|1|0.00|0.00|0.00|0.00|0.00|0.00|0.00|0.00|0.00|1|0.00|1|0|0.00|0.00|0.00|38|9
FPMI|Restaurante|1|Restaurante|1|CALDO DE COSTILLA| |9522004|CALDO DE COSTILLA| |9522004|ALIMENTOS|10|ALIMENTOS|10|Para Empezar|1008|Para Empezar|1008|OT1|1|Order Type Master 1|1|15556.00|0.00|15556.00|0.00|0.00|0.00|15556.00|0.00|15556.00|1|15556.00|1|0|0.00|0.00|0.00|38|9
FPMI|Restaurante|1|Restaurante|1|ENTRECOT 180 gr  CHIPS| |9502507|ENTRECOT 180 gr  CHIPS| |9502507|ALIMENTOS|10|ALIMENTOS|10|Para Empezar|1008|Para Empezar|1008|OT1|1|Order Type Master 1|1|0.00|-7386.00|-7386.00|0.00|0.00|0.00|0.00|-7386.00|-7386.00|1|0.00|0|0|0.00|0.00|0.00|64|15
FPMI|Restaurante|1|Restaurante|1|TORTA DE CHOCOLATE | |9514022|TORTA DE CHOCOLATE | |9514022|ALIMENTOS|10|ALIMENTOS|10|Para Empezar|1008|Para Empezar|1008|OT1|1|Order Type Master 1|1|-13519.00|0.00|-13519.00|0.00|0.00|0.00|-13519.00|0.00|-13519.00|1|-13519.00|-1|0|0.00|0.00|0.00|80|19
FPMI|Restaurante|1|Restaurante|1|Mensaje Bebidas 2024| |980000095|Mensaje Bebidas 2024| |980000095|ALIMENTOS|10|ALIMENTOS|10|Para Empezar|1008|Para Empezar|1008|OT1|1|Order Type Master 1|1|0.00|0.00|0.00|0.00|0.00|0.00|0.00|0.00|0.00|1|0.00|3|0|0.00|0.00|0.00|53|13
FPMI|Restaurante|1|Restaurante|1|AREPA DE CHOCOLO| |9506036|AREPA DE CHOCOLO| |9506036|ALIMENTOS|10|ALIMENTOS|10|Para Empezar|1008|Para Empezar|1008|OT1|1|Order Type Master 1|1|20185.00|0.00|20185.00|0.00|0.00|0.00|20185.00|0.00|20185.00|1|20185.00|1|0|0.00|0.00|0.00|72|17
FPMI|Restaurante|1|Restaurante|1|ENTRECOT 180 gr  CHIPS| |9502507|ENTRECOT 180 gr  CHIPS| |9502507|ALIMENTOS|10|ALIMENTOS|10|Para Empezar|1008|Para Empezar|1008|OT1|1|Order Type Master 1|1|36852.00|0.00|36852.00|0.00|0.00|0.00|36852.00|0.00|36852.00|1|36852.00|1|0|0.00|0.00|0.00|60|14
FPMI|Restaurante|1|Restaurante|1|TRES LECHES| |9514016|TRES LECHES| |9514016|ALIMENTOS|10|ALIMENTOS|10|Para Empezar|1008|Para Empezar|1008|OT1|1|Order Type Master 1|1|12500.00|-2497.00|10003.00|0.00|0.00|0.00|12500.00|-2497.00|10003.00|1|12500.00|1|0|0.00|0.00|0.00|79|19
FPMI|Restaurante|1|Restaurante|1|CALENTAO PAISA MEDIO| |9518010|CALENTAO PAISA MEDIO| |9518010|ALIMENTOS|10|ALIMENTOS|10|Para Empezar|1008|Para Empezar|1008|OT1|1|Order Type Master 1|1|16574.00|0.00|16574.00|0.00|0.00|0.00|16574.00|0.00|16574.00|1|16574.00|1|0|0.00|0.00|0.00|43|10
FPMI|Restaurante|1|Restaurante|1|EMPANADA CACHACA| |9528008|EMPANADA CACHACA| |9528008|ALIMENTOS|10|ALIMENTOS|10|Para Empezar|1008|Para Empezar|1008|OT1|1|Order Type Master 1|1|6111.00|0.00|6111.00|0.00|0.00|0.00|6111.00|0.00|6111.00|1|6111.00|1|0|0.00|0.00|0.00|77|19
FPMI|Plataformas|21|Plataformas|21|HAMBURGUESA CAMPESINA 125 gr| |9508008|HAMBURGUESA CAMPESINA 125 gr| |9508008|ALIMENTOS|10|ALIMENTOS|10|Para Empezar|1008|Para Empezar|1008|OT7|7|Order Type Master 7|7|38334.00|0.00|38334.00|0.00|0.00|0.00|38334.00|0.00|38334.00|153|38334.00|2|0|0.00|0.00|0.00|78|19
FPMI|Plataformas|21|Plataformas|21|MJE ALM| |90000037|MJE ALM| |90000037|ALIMENTOS|10|ALIMENTOS|10|Para Empezar|1008|Para Empezar|1008|OT7|7|Order Type Master 7|7|0.00|0.00|0.00|0.00|0.00|0.00|0.00|0.00|0.00|1|0.00|2|0|0.00|0.00|0.00|78|19
