FPID|Expr|Expres Cafam|20241229|20241229|20241230|211416|2.00|2.00|Simphony|19.7.2
FPSUM|Restaurante|1|Restaurante|1|175000.00|17500.00|0|0|0.00|0|14000.00|1|0|0|0|0|0.00|0.00|0.00|0|0|0|0.00|0|0.00|0|0.00|0|206500.00|1|0.00|0|0.00|0|0.00|0|0.00|0.00|13|56|175000.00|0.00|0.00|0.00|175000.00|42099.00|42099.00|0.00|0.50|0.00|84198.00|42099.00|42099.00
FPSUM|Restaurante|1|Restaurante|1|23888.00|2388.00|0|0|0.00|0|1912.00|0|0|0|0|0|0.00|0.00|0.00|0|0|0|0.00|0|0.00|0|0.00|0|28188.00|0|0.00|0|0.00|0|0.00|0|0.00|0.00|14|58|23888.00|0.00|0.00|0.00|23888.00|144460.17|144460.17|0.00|1.17|0.00|123822.96|144460.17|144460.17
FPSUM|Restaurante|1|Restaurante|1|145556.00|14555.00|0|0|0.00|0|11644.00|1|0|0|0|0|0.00|0.00|0.00|0|0|0|41800.00|1|0.00|0|0.00|0|171755.00|1|0.00|0|0.00|0|0.00|0|0.00|0.00|15|63|145556.00|0.00|0.00|0.00|145556.00|53549.83|53549.83|0.00|0.67|0.00|80324.71|53549.83|53549.83
FPSUM|Restaurante|1|Restaurante|1|0.00|0.00|0|0|0.00|0|0.00|0|0|0|0|0|0.00|0.00|0.00|0|0|0|0.00|0|0.00|0|0.00|0|-5.00|0|-5.00|0|0.00|0|0.00|0|0.00|0.00|16|66|0.00|0.00|0.00|0.00|0.00|6821.00|6154.33|-666.67|0.17|0.00|36925.93|6821.00|6154.33
FPSUM|Restaurante|1|Restaurante|1|69166.00|6916.00|0|0|0.00|0|5534.00|1|0|0|0|0|0.00|0.00|0.00|0|0|0|0.00|0|0.00|0|0.00|0|81616.00|1|0.00|0|0.00|0|0.00|0|0.00|0.00|19|79|69166.00|0.00|0.00|0.00|69166.00|9012.50|9012.50|0.00|0.17|0.00|54074.89|9012.50|9012.50
FPSUM|Restaurante|1|Restaurante|1|13148.00|0.00|0|0|0.00|0|1052.00|1|0|0|0|0|0.00|0.00|0.00|0|0|0|0.00|0|0.00|0|0.00|0|14200.00|1|14200.00|1|0.00|0|0.00|0|0.00|-1315.00|13|54|13148.00|0.00|0.00|0.00|13148.00|70154.50|70154.50|0.00|0.33|0.00|210463.71|70154.50|70154.50
FPSUM|Restaurante|1|Restaurante|1|87693.00|10759.00|0|0|0.00|0|8607.00|1|0|0|0|0|0.00|0.00|0.00|0|0|0|0.00|0|0.00|0|0.00|0|107059.00|1|268434.00|2|0.00|0|0.00|0|0.00|0.00|14|60|107593.00|-19900.00|0.00|0.00|87693.00|96250.67|96250.67|0.00|0.67|0.00|144375.93|96250.67|96250.67
FPSUM|Restaurante|1|Restaurante|1|45463.00|4546.00|0|0|0.00|0|3637.00|1|0|0|0|0|0.00|0.00|0.00|0|0|0|0.00|0|0.00|0|0.00|0|53646.00|1|73204.00|1|0.00|0|0.00|0|0.00|0.00|14|57|45463.00|0.00|0.00|0.00|45463.00|52346.00|52346.00|0.00|0.50|0.00|104692.00|52346.00|52346.00
FPSUM|Restaurante|1|Restaurante|1|172131.00|17212.00|0|0|0.00|0|13769.00|1|0|0|0|0|0.00|0.00|0.00|0|0|0|0.00|0|0.00|0|0.00|0|203112.00|1|0.00|0|0.00|0|0.00|0|0.00|0.00|17|71|172131.00|0.00|0.00|0.00|172131.00|53117.33|53117.33|0.00|0.50|0.00|106234.67|53117.33|53117.33
FPSUM|Domicilios|20|Domicilios|20|26667.00|0.00|0|0|0.00|0|2133.00|1|0|0|0|0|0.00|0.00|0.00|0|0|0|0.00|0|0.00|0|0.00|0|28800.00|1|28800.00|1|0.00|0|0.00|0|0.00|0.00|12|49|26667.00|0.00|0.00|0.00|26667.00|14568.00|14568.00|0.00|0.33|0.00|43704.04|14568.00|14568.00
FPSUM|Restaurante|1|Restaurante|1|0.00|0.00|0|0|0.00|0|0.00|0|0|0|0|0|0.00|0.00|0.00|0|0|0|0.00|0|0.00|0|0.00|0|0.00|0|0.00|0|0.00|0|0.00|0|0.00|0.00|19|77|0.00|0.00|0.00|0.00|0.00|5509.17|4675.83|-833.33|0.17|0.00|28054.94|5509.17|4675.83
FPSUM|Restaurante|1|Restaurante|1|24260.00|2426.00|0|0|0.00|0|1940.00|1|0|0|0|0|0.00|0.00|0.00|0|0|0|0.00|0|0.00|0|0.00|0|28626.00|1|28626.00|1|0.00|0|0.00|0|0.00|0.00|12|52|24260.00|0.00|0.00|0.00|24260.00|23148.17|23148.17|0.00|0.17|0.00|138888.72|23148.17|23148.17
FPSUM|Restaurante|1|Restaurante|1|0.00|0.00|0|0|0.00|0|0.00|0|0|0|0|0|0.00|0.00|0.00|0|0|0|0.00|0|0.00|0|0.00|0|2.00|0|250314.00|1|0.00|0|0.00|0|0.00|0.00|15|62|0.00|0.00|0.00|0.00|0.00|12068.00|8901.33|-3166.67|0.17|0.00|53407.89|12068.00|8901.33
FPSUM|Restaurante|1|Restaurante|1|0.00|0.00|0|0|0.00|0|0.00|0|0|0|0|0|0.00|0.00|0.00|0|0|0|0.00|0|0.00|0|0.00|0|-1.00|0|171754.00|1|0.00|0|0.00|0|0.00|0.00|16|65|0.00|0.00|0.00|0.00|0.00|23302.50|23302.50|0.00|0.33|0.00|69907.57|23302.50|23302.50
FPSUM|Restaurante|1|Restaurante|1|18333.00|1833.00|0|0|0.00|0|1467.00|0|0|0|0|0|0.00|0.00|0.00|0|0|0|0.00|0|0.00|0|0.00|0|21633.00|0|81398.00|1|0.00|0|0.00|0|0.00|0.00|18|75|18333.00|0.00|0.00|0.00|18333.00|3364.17|3364.17|0.00|0.17|0.00|20184.96|3364.17|3364.17
FPSUM|Restaurante|1|Restaurante|1|58981.00|5898.00|0|0|0.00|0|4719.00|1|0|0|0|0|0.00|0.00|0.00|0|0|0|0.00|0|0.00|0|0.00|0|69598.00|1|211635.00|1|0.00|0|0.00|0|0.00|0.00|18|74|58981.00|0.00|0.00|0.00|58981.00|8889.00|8889.00|0.00|0.00|0.00|0.00|8889.00|8889.00
FPSUM|Restaurante|1|Restaurante|1|38704.00|3870.00|0|0|0.00|0|3096.00|0|0|0|0|0|0.00|0.00|0.00|0|0|0|0.00|0|0.00|0|0.00|0|45670.00|0|0.00|0|0.00|0|0.00|0|0.00|0.00|18|73|38704.00|0.00|0.00|0.00|38704.00|108.17|-891.83|-1000.00|0.00|0.00|0.00|108.17|-891.83
FPSUM|Restaurante|1|Restaurante|1|82407.00|8241.00|0|0|0.00|0|6593.00|1|0|0|0|0|0.00|0.00|0.00|0|0|0|0.00|0|0.00|0|0.00|0|97241.00|1|96257.00|1|0.00|0|0.00|0|0.00|0.00|15|61|82407.00|0.00|0.00|0.00|82407.00|756.17|-927.17|-1683.33|0.17|0.00|-5562.99|756.17|-927.17
FPSUM|Restaurante|1|Restaurante|1|0.00|0.00|0|0|0.00|0|0.00|0|0|0|0|0|0.00|0.00|0.00|0|0|0|0.00|0|0.00|0|0.00|0|0.00|0|91231.00|1|0.00|0|0.00|0|0.00|0.00|18|76|0.00|0.00|0.00|0.00|0.00|13364.33|13364.33|0.00|0.33|0.00|40093.04|13364.33|13364.33
FPSUM|Restaurante|1|Restaurante|1|37500.00|3751.00|0|0|0.00|0|3000.00|1|0|0|0|0|0.00|0.00|0.00|0|0|0|14600.00|1|0.00|0|0.00|0|44251.00|1|0.00|0|0.00|0|0.00|0|0.00|0.00|17|72|37500.00|0.00|0.00|0.00|37500.00|35771.83|35771.83|0.00|0.33|0.00|107315.61|35771.83|35771.83
FPSUM|Restaurante|1|Restaurante|1|293705.00|29369.00|0|0|0.00|0|23495.00|2|0|0|0|0|0.00|0.00|0.00|0|0|0|0.00|0|0.00|0|0.00|0|346569.00|2|0.00|0|0.00|0|0.00|0|0.00|0.00|14|59|293705.00|0.00|0.00|0.00|293705.00|27592.67|25076.00|-2516.67|0.33|0.00|75228.08|27592.67|25076.00
FPSUM|Plataformas|21|Plataformas|21|0.00|0.00|0|0|0.00|0|0.00|0|0|0|0|0|0.00|0.00|0.00|0|0|0|0.00|0|0.00|0|0.00|0|0.00|0|87200.00|1|0.00|0|0.00|0|0.00|0.00|12|52|0.00|0.00|0.00|0.00|0.00|34984.50|34984.50|0.00|0.50|0.00|69969.00|34984.50|34984.50
FPSUM|Restaurante|1|Restaurante|1|62037.00|6204.00|0|0|0.00|0|4963.00|1|0|0|0|0|0.00|0.00|0.00|0|0|0|0.00|0|0.00|0|0.00|0|73204.00|1|0.00|0|0.00|0|0.00|0|0.00|0.00|13|55|62037.00|0.00|0.00|0.00|62037.00|95957.17|95957.17|0.00|0.33|0.00|287871.79|95957.17|95957.17
FPSUM|Domicilios|20|Domicilios|20|9544.00|0.00|0|0|0.00|0|956.00|1|0|0|0|0|0.00|0.00|0.00|0|0|0|12900.00|1|0.00|0|0.00|0|10500.00|1|10500.00|1|0.00|0|0.00|0|0.00|0.00|18|74|11944.00|-2400.00|0.00|0.00|9544.00|3364.17|3364.17|0.00|0.17|0.00|20184.96|3364.17|3364.17
FPSUM|Restaurante|1|Restaurante|1|0.00|0.00|0|0|0.00|0|0.00|0|0|0|0|0|0.00|0.00|0.00|0|0|0|0.00|0|0.00|0|0.00|0|4.00|0|81620.00|1|0.00|0|0.00|0|0.00|0.00|19|80|0.00|0.00|0.00|0.00|0.00|0.00|0.00|0.00|0.00|0.00|0.00|0.00|0.00
FPSUM|Restaurante|1|Restaurante|1|-8200.00|-5459.00|-33259|3|0.00|0|0.00|0|0|0|0|0|0.00|0.00|0.00|0|0|0|0.00|0|0.00|0|0.00|0|-13659.00|0|210541.00|2|0.00|0|0.00|0|0.00|0.00|15|64|0.00|-8200.00|0.00|0.00|-8200.00|26867.50|26867.50|0.00|0.17|0.00|161204.68|26867.50|26867.50
FPSUM|Domicilios|20|Domicilios|20|0.00|0.00|0|0|0.00|0|0.00|0|0|0|0|0|0.00|0.00|0.00|0|0|0|0.00|0|0.00|0|64900.00|1|0.00|0|14200.00|1|0.00|0|0.00|0|0.00|0.00|19|78|0.00|0.00|0.00|0.00|0.00|0.00|0.00|0.00|0.00|0.00|0.00|0.00|0.00
FPSUM|Plataformas|21|Plataformas|21|177869.00|0.00|0|0|0.00|0|14231.00|2|0|0|0|0|0.00|0.00|0.00|0|0|0|0.00|0|0.00|0|0.00|0|192100.00|2|209100.00|2|0.00|0|0.00|0|0.00|0.00|12|51|177869.00|0.00|0.00|0.00|177869.00|0.00|0.00|0.00|0.00|0.00|0.00|0.00|0.00
FPSUM|Plataformas|21|Plataformas|21|114537.00|0.00|0|0|0.00|0|9163.00|1|0|0|0|0|0.00|0.00|0.00|0|0|0|0.00|0|0.00|0|0.00|0|123700.00|1|123700.00|1|0.00|0|0.00|0|0.00|0.00|16|66|114537.00|0.00|0.00|0.00|114537.00|0.00|0.00|0.00|0.00|0.00|0.00|0.00|0.00
FPSUM|Plataformas|21|Plataformas|21|156204.00|0.00|0|0|0.00|0|12496.00|1|0|0|0|0|0.00|0.00|0.00|0|0|0|62700.00|1|0.00|0|0.00|0|168700.00|1|168700.00|1|0.00|0|0.00|0|0.00|0.00|16|65|156204.00|0.00|0.00|0.00|156204.00|0.00|0.00|0.00|0.00|0.00|0.00|0.00|0.00
FPSUM|Domicilios|20|Domicilios|20|0.00|0.00|0|0|0.00|0|0.00|0|0|0|0|0|0.00|0.00|0.00|0|0|0|0.00|0|0.00|0|0.00|0|0.00|0|0.00|0|0.00|0|0.00|0|0.00|0.00|19|80|0.00|0.00|0.00|0.00|0.00|0.00|0.00|0.00|0.00|0.00|0.00|0.00|0.00
FPSUM|Domicilios|20|Domicilios|20|18520.00|0.00|0|0|0.00|0|1480.00|1|0|0|0|0|0.00|0.00|0.00|0|0|0|0.00|0|0.00|0|0.00|0|20000.00|1|20000.00|1|0.00|0|0.00|0|0.00|0.00|20|81|18520.00|0.00|0.00|0.00|18520.00|0.00|0.00|0.00|0.00|0.00|0.00|0.00|0.00
FPSUM|Domicilios|20|Domicilios|20|13148.00|0.00|0|0|0.00|0|1052.00|1|0|0|0|0|0.00|0.00|0.00|0|0|0|0.00|0|0.00|0|0.00|0|14200.00|1|0.00|0|0.00|0|0.00|0|0.00|0.00|19|77|13148.00|0.00|0.00|0.00|13148.00|0.00|0.00|0.00|0.00|0.00|0.00|0.00|0.00
FPSUM|Domicilios|20|Domicilios|20|68518.00|0.00|0|0|0.00|0|5482.00|1|0|0|0|0|0.00|0.00|0.00|0|0|0|15200.00|1|0.00|0|0.00|0|74000.00|1|74000.00|1|0.00|0|0.00|0|0.00|0.00|15|62|68518.00|0.00|0.00|0.00|68518.00|0.00|0.00|0.00|0.00|0.00|0.00|0.00|0.00
FPSUM|Plataformas|21|Plataformas|21|96481.00|0.00|0|0|0.00|0|7719.00|1|0|0|0|0|0.00|0.00|0.00|0|0|0|42800.00|1|0.00|0|0.00|1|104200.00|1|0.00|0|0.00|0|0.00|0|0.00|0.00|12|50|96481.00|0.00|0.00|0.00|96481.00|0.00|0.00|0.00|0.00|0.00|0.00|0.00|0.00
FPOT|Restaurante|1|Restaurante|1|OT1|1|Order Type Master 1|1|293705.00|29369.00|0.00|0|0.00|0|23495.00|2|0|0|0|0|0.00|0.00|0.00|0|0|0|0.00|0|0.00|0|0.00|0|346569.00|2|0.00|0|0.00|0|0.00|0|0.00|0.00|14|59|293705.00|0.00|0.00|0.00|293705.00|27592.67|25076.00|-2516.67|0.33|0.00|75228.08|27592.67|25076.00
FPOT|Restaurante|1|Restaurante|1|OT1|1|Order Type Master 1|1|172131.00|17212.00|0.00|0|0.00|0|13769.00|1|0|0|0|0|0.00|0.00|0.00|0|0|0|0.00|0|0.00|0|0.00|0|203112.00|1|0.00|0|0.00|0|0.00|0|0.00|0.00|17|71|172131.00|0.00|0.00|0.00|172131.00|53117.33|53117.33|0.00|0.50|0.00|106234.67|53117.33|53117.33
FPOT|Restaurante|1|Restaurante|1|OT1|1|Order Type Master 1|1|18333.00|1833.00|0.00|0|0.00|0|1467.00|0|0|0|0|0|0.00|0.00|0.00|0|0|0|0.00|0|0.00|0|0.00|0|21633.00|0|81398.00|1|0.00|0|0.00|0|0.00|0.00|18|75|18333.00|0.00|0.00|0.00|18333.00|3364.17|3364.17|0.00|0.17|0.00|20184.96|3364.17|3364.17
FPOT|Restaurante|1|Restaurante|1|OT1|1|Order Type Master 1|1|23888.00|2388.00|0.00|0|0.00|0|1912.00|0|0|0|0|0|0.00|0.00|0.00|0|0|0|0.00|0|0.00|0|0.00|0|28188.00|0|0.00|0|0.00|0|0.00|0|0.00|0.00|14|58|23888.00|0.00|0.00|0.00|23888.00|144460.17|144460.17|0.00|1.17|0.00|123822.96|144460.17|144460.17
FPOT|Restaurante|1|Restaurante|1|OT1|1|Order Type Master 1|1|0.00|0.00|0.00|0|0.00|0|0.00|0|0|0|0|0|0.00|0.00|0.00|0|0|0|0.00|0|0.00|0|0.00|0|-1.00|0|171754.00|1|0.00|0|0.00|0|0.00|0.00|16|65|0.00|0.00|0.00|0.00|0.00|23302.50|23302.50|0.00|0.33|0.00|69907.57|23302.50|23302.50
FPOT|Restaurante|1|Restaurante|1|OT1|1|Order Type Master 1|1|82407.00|8241.00|0.00|0|0.00|0|6593.00|1|0|0|0|0|0.00|0.00|0.00|0|0|0|0.00|0|0.00|0|0.00|0|97241.00|1|96257.00|1|0.00|0|0.00|0|0.00|0.00|15|61|82407.00|0.00|0.00|0.00|82407.00|756.17|-927.17|-1683.33|0.17|0.00|-5562.99|756.17|-927.17
FPOT|Restaurante|1|Restaurante|1|OT1|1|Order Type Master 1|1|38704.00|3870.00|0.00|0|0.00|0|3096.00|0|0|0|0|0|0.00|0.00|0.00|0|0|0|0.00|0|0.00|0|0.00|0|45670.00|0|0.00|0|0.00|0|0.00|0|0.00|0.00|18|73|38704.00|0.00|0.00|0.00|38704.00|108.17|-891.83|-1000.00|0.00|0.00|0.00|108.17|-891.83
FPOT|Restaurante|1|Restaurante|1|OT1|1|Order Type Master 1|1|-8200.00|-5459.00|-33259.00|3|0.00|0|0.00|0|0|0|0|0|0.00|0.00|0.00|0|0|0|0.00|0|0.00|0|0.00|0|-13659.00|0|210541.00|2|0.00|0|0.00|0|0.00|0.00|15|64|0.00|-8200.00|0.00|0.00|-8200.00|26867.50|26867.50|0.00|0.17|0.00|161204.68|26867.50|26867.50
FPOT|Restaurante|1|Restaurante|1|OT1|1|Order Type Master 1|1|37500.00|3751.00|0.00|0|0.00|0|3000.00|1|0|0|0|0|0.00|0.00|0.00|0|0|0|14600.00|1|0.00|0|0.00|0|44251.00|1|0.00|0|0.00|0|0.00|0|0.00|0.00|17|72|37500.00|0.00|0.00|0.00|37500.00|35771.83|35771.83|0.00|0.33|0.00|107315.61|35771.83|35771.83
FPOT|Plataformas|21|Plataformas|21|OT7|7|Order Type Master 7|7|156204.00|0.00|0.00|0|0.00|0|12496.00|1|0|0|0|0|0.00|0.00|0.00|0|0|0|62700.00|1|0.00|0|0.00|0|168700.00|1|168700.00|1|0.00|0|0.00|0|0.00|0.00|16|65|156204.00|0.00|0.00|0.00|156204.00|0.00|0.00|0.00|0.00|0.00|0.00|0.00|0.00
FPOT|Plataformas|21|Plataformas|21|OT7|7|Order Type Master 7|7|114537.00|0.00|0.00|0|0.00|0|9163.00|1|0|0|0|0|0.00|0.00|0.00|0|0|0|0.00|0|0.00|0|0.00|0|123700.00|1|123700.00|1|0.00|0|0.00|0|0.00|0.00|16|66|114537.00|0.00|0.00|0.00|114537.00|0.00|0.00|0.00|0.00|0.00|0.00|0.00|0.00
FPOT|Restaurante|1|Restaurante|1|OT1|1|Order Type Master 1|1|0.00|0.00|0.00|0|0.00|0|0.00|0|0|0|0|0|0.00|0.00|0.00|0|0|0|0.00|0|0.00|0|0.00|0|0.00|0|91231.00|1|0.00|0|0.00|0|0.00|0.00|18|76|0.00|0.00|0.00|0.00|0.00|13364.33|13364.33|0.00|0.33|0.00|40093.04|13364.33|13364.33
FPOT|Domicilios|20|Domicilios|20|OT2|2|Order Type Master 2|2|18520.00|0.00|0.00|0|0.00|0|1480.00|1|0|0|0|0|0.00|0.00|0.00|0|0|0|0.00|0|0.00|0|0.00|0|20000.00|1|20000.00|1|0.00|0|0.00|0|0.00|0.00|20|81|18520.00|0.00|0.00|0.00|18520.00|0.00|0.00|0.00|0.00|0.00|0.00|0.00|0.00
FPOT|Plataformas|21|Plataformas|21|OT7|7|Order Type Master 7|7|0.00|0.00|0.00|0|0.00|0|0.00|0|0|0|0|0|0.00|0.00|0.00|0|0|0|0.00|0|0.00|0|0.00|0|0.00|0|87200.00|1|0.00|0|0.00|0|0.00|0.00|12|52|0.00|0.00|0.00|0.00|0.00|34984.50|34984.50|0.00|0.50|0.00|69969.00|34984.50|34984.50
FPOT|Restaurante|1|Restaurante|1|OT1|1|Order Type Master 1|1|58981.00|5898.00|0.00|0|0.00|0|4719.00|1|0|0|0|0|0.00|0.00|0.00|0|0|0|0.00|0|0.00|0|0.00|0|69598.00|1|211635.00|1|0.00|0|0.00|0|0.00|0.00|18|74|58981.00|0.00|0.00|0.00|58981.00|8889.00|8889.00|0.00|0.00|0.00|0.00|8889.00|8889.00
FPOT|Domicilios|20|Domicilios|20|OT2|2|Order Type Master 2|2|0.00|0.00|0.00|0|0.00|0|0.00|0|0|0|0|0|0.00|0.00|0.00|0|0|0|0.00|0|0.00|0|64900.00|1|0.00|0|14200.00|1|0.00|0|0.00|0|0.00|0.00|19|78|0.00|0.00|0.00|0.00|0.00|0.00|0.00|0.00|0.00|0.00|0.00|0.00|0.00
FPOT|Restaurante|1|Restaurante|1|OT1|1|Order Type Master 1|1|24260.00|2426.00|0.00|0|0.00|0|1940.00|1|0|0|0|0|0.00|0.00|0.00|0|0|0|0.00|0|0.00|0|0.00|0|28626.00|1|28626.00|1|0.00|0|0.00|0|0.00|0.00|12|52|24260.00|0.00|0.00|0.00|24260.00|23148.17|23148.17|0.00|0.17|0.00|138888.72|23148.17|23148.17
FPOT|Restaurante|1|Restaurante|1|OT1|1|Order Type Master 1|1|0.00|0.00|0.00|0|0.00|0|0.00|0|0|0|0|0|0.00|0.00|0.00|0|0|0|0.00|0|0.00|0|0.00|0|0.00|0|0.00|0|0.00|0|0.00|0|0.00|0.00|19|77|0.00|0.00|0.00|0.00|0.00|5509.17|4675.83|-833.33|0.17|0.00|28054.94|5509.17|4675.83
FPOT|Restaurante|1|Restaurante|1|OT1|1|Order Type Master 1|1|45463.00|4546.00|0.00|0|0.00|0|3637.00|1|0|0|0|0|0.00|0.00|0.00|0|0|0|0.00|0|0.00|0|0.00|0|53646.00|1|73204.00|1|0.00|0|0.00|0|0.00|0.00|14|57|45463.00|0.00|0.00|0.00|45463.00|52346.00|52346.00|0.00|0.50|0.00|104692.00|52346.00|52346.00
FPOT|Domicilios|20|Domicilios|20|OT2|2|Order Type Master 2|2|26667.00|0.00|0.00|0|0.00|0|2133.00|1|0|0|0|0|0.00|0.00|0.00|0|0|0|0.00|0|0.00|0|0.00|0|28800.00|1|28800.00|1|0.00|0|0.00|0|0.00|0.00|12|49|26667.00|0.00|0.00|0.00|26667.00|14568.00|14568.00|0.00|0.33|0.00|43704.04|14568.00|14568.00
FPOT|Domicilios|20|Domicilios|20|OT2|2|Order Type Master 2|2|9544.00|0.00|0.00|0|0.00|0|956.00|1|0|0|0|0|0.00|0.00|0.00|0|0|0|12900.00|1|0.00|0|0.00|0|10500.00|1|10500.00|1|0.00|0|0.00|0|0.00|0.00|18|74|11944.00|-2400.00|0.00|0.00|9544.00|3364.17|3364.17|0.00|0.17|0.00|20184.96|3364.17|3364.17
FPOT|Domicilios|20|Domicilios|20|OT2|2|Order Type Master 2|2|0.00|0.00|0.00|0|0.00|0|0.00|0|0|0|0|0|0.00|0.00|0.00|0|0|0|0.00|0|0.00|0|0.00|0|0.00|0|0.00|0|0.00|0|0.00|0|0.00|0.00|19|80|0.00|0.00|0.00|0.00|0.00|0.00|0.00|0.00|0.00|0.00|0.00|0.00|0.00
FPOT|Plataformas|21|Plataformas|21|OT7|7|Order Type Master 7|7|177869.00|0.00|0.00|0|0.00|0|14231.00|2|0|0|0|0|0.00|0.00|0.00|0|0|0|0.00|0|0.00|0|0.00|0|192100.00|2|209100.00|2|0.00|0|0.00|0|0.00|0.00|12|51|177869.00|0.00|0.00|0.00|177869.00|0.00|0.00|0.00|0.00|0.00|0.00|0.00|0.00
FPOT|Restaurante|1|Restaurante|1|OT1|1|Order Type Master 1|1|87693.00|10759.00|0.00|0|0.00|0|8607.00|1|0|0|0|0|0.00|0.00|0.00|0|0|0|0.00|0|0.00|0|0.00|0|107059.00|1|268434.00|2|0.00|0|0.00|0|0.00|0.00|14|60|107593.00|-19900.00|0.00|0.00|87693.00|96250.67|96250.67|0.00|0.67|0.00|144375.93|96250.67|96250.67
FPOT|Restaurante|1|Restaurante|1|OT1|1|Order Type Master 1|1|62037.00|6204.00|0.00|0|0.00|0|4963.00|1|0|0|0|0|0.00|0.00|0.00|0|0|0|0.00|0|0.00|0|0.00|0|73204.00|1|0.00|0|0.00|0|0.00|0|0.00|0.00|13|55|62037.00|0.00|0.00|0.00|62037.00|95957.17|95957.17|0.00|0.33|0.00|287871.79|95957.17|95957.17
FPOT|Restaurante|1|Restaurante|1|OT1|1|Order Type Master 1|1|145556.00|14555.00|0.00|0|0.00|0|11644.00|1|0|0|0|0|0.00|0.00|0.00|0|0|0|41800.00|1|0.00|0|0.00|0|171755.00|1|0.00|0|0.00|0|0.00|0|0.00|0.00|15|63|145556.00|0.00|0.00|0.00|145556.00|53549.83|53549.83|0.00|0.67|0.00|80324.71|53549.83|53549.83
FPOT|Restaurante|1|Restaurante|1|OT1|1|Order Type Master 1|1|175000.00|17500.00|0.00|0|0.00|0|14000.00|1|0|0|0|0|0.00|0.00|0.00|0|0|0|0.00|0|0.00|0|0.00|0|206500.00|1|0.00|0|0.00|0|0.00|0|0.00|0.00|13|56|175000.00|0.00|0.00|0.00|175000.00|42099.00|42099.00|0.00|0.50|0.00|84198.00|42099.00|42099.00
FPOT|Restaurante|1|Restaurante|1|OT1|1|Order Type Master 1|1|0.00|0.00|0.00|0|0.00|0|0.00|0|0|0|0|0|0.00|0.00|0.00|0|0|0|0.00|0|0.00|0|0.00|0|4.00|0|81620.00|1|0.00|0|0.00|0|0.00|0.00|19|80|0.00|0.00|0.00|0.00|0.00|0.00|0.00|0.00|0.00|0.00|0.00|0.00|0.00
FPOT|Restaurante|1|Restaurante|1|OT1|1|Order Type Master 1|1|69166.00|6916.00|0.00|0|0.00|0|5534.00|1|0|0|0|0|0.00|0.00|0.00|0|0|0|0.00|0|0.00|0|0.00|0|81616.00|1|0.00|0|0.00|0|0.00|0|0.00|0.00|19|79|69166.00|0.00|0.00|0.00|69166.00|9012.50|9012.50|0.00|0.17|0.00|54074.89|9012.50|9012.50
FPOT|Restaurante|1|Restaurante|1|OT1|1|Order Type Master 1|1|0.00|0.00|0.00|0|0.00|0|0.00|0|0|0|0|0|0.00|0.00|0.00|0|0|0|0.00|0|0.00|0|0.00|0|-5.00|0|-5.00|0|0.00|0|0.00|0|0.00|0.00|16|66|0.00|0.00|0.00|0.00|0.00|6821.00|6154.33|-666.67|0.17|0.00|36925.93|6821.00|6154.33
FPOT|Domicilios|20|Domicilios|20|OT2|2|Order Type Master 2|2|68518.00|0.00|0.00|0|0.00|0|5482.00|1|0|0|0|0|0.00|0.00|0.00|0|0|0|15200.00|1|0.00|0|0.00|0|74000.00|1|74000.00|1|0.00|0|0.00|0|0.00|0.00|15|62|68518.00|0.00|0.00|0.00|68518.00|0.00|0.00|0.00|0.00|0.00|0.00|0.00|0.00
FPOT|Restaurante|1|Restaurante|1|OT1|1|Order Type Master 1|1|0.00|0.00|0.00|0|0.00|0|0.00|0|0|0|0|0|0.00|0.00|0.00|0|0|0|0.00|0|0.00|0|0.00|0|2.00|0|250314.00|1|0.00|0|0.00|0|0.00|0.00|15|62|0.00|0.00|0.00|0.00|0.00|12068.00|8901.33|-3166.67|0.17|0.00|53407.89|12068.00|8901.33
FPOT|Restaurante|1|Restaurante|1|OT1|1|Order Type Master 1|1|13148.00|0.00|0.00|0|0.00|0|1052.00|1|0|0|0|0|0.00|0.00|0.00|0|0|0|0.00|0|0.00|0|0.00|0|14200.00|1|14200.00|1|0.00|0|0.00|0|0.00|-1315.00|13|54|13148.00|0.00|0.00|0.00|13148.00|70154.50|70154.50|0.00|0.33|0.00|210463.71|70154.50|70154.50
FPOT|Domicilios|20|Domicilios|20|OT2|2|Order Type Master 2|2|13148.00|0.00|0.00|0|0.00|0|1052.00|1|0|0|0|0|0.00|0.00|0.00|0|0|0|0.00|0|0.00|0|0.00|0|14200.00|1|0.00|0|0.00|0|0.00|0|0.00|0.00|19|77|13148.00|0.00|0.00|0.00|13148.00|0.00|0.00|0.00|0.00|0.00|0.00|0.00|0.00
FPOT|Plataformas|21|Plataformas|21|OT7|7|Order Type Master 7|7|96481.00|0.00|0.00|0|0.00|0|7719.00|1|0|0|0|0|0.00|0.00|0.00|0|0|0|42800.00|1|0.00|0|0.00|1|104200.00|1|0.00|0|0.00|0|0.00|0|0.00|0.00|12|50|96481.00|0.00|0.00|0.00|96481.00|0.00|0.00|0.00|0.00|0.00|0.00|0.00|0.00
FPMI|Restaurante|1|Restaurante|1|GASEOSA 400 ml| |9606131|GASEOSA 400 ml| |9606131|Major Group 20|20|Major Group 20|20|Family Group 3000|3000|Family Group 3000|3000|OT1|1|Order Type Master 1|1|7593.00|0.00|7593.00|0.00|0.00|0.00|7593.00|0.00|7593.00|1|7593.00|1|0|0.00|0.00|0.00|59|14
FPMI|Restaurante|1|Restaurante|1|CHORIZO ANTIOQUENO 100 gr| |9502084|CHORIZO ANTIOQUENO 100 gr| |9502084|Major Group 10|10|Major Group 10|10|Family Group 1008|1008|Family Group 1008|1008|OT1|1|Order Type Master 1|1|13519.00|0.00|13519.00|0.00|0.00|0.00|13519.00|0.00|13519.00|1|13519.00|1|0|0.00|0.00|0.00|52|12
FPMI|Restaurante|1|Restaurante|1|Mod CocaCola Original 400ml| |980000102|Mod CocaCola Original 400ml| |980000102|Major Group 10|10|Major Group 10|10|Family Group 1008|1008|Family Group 1008|1008|OT1|1|Order Type Master 1|1|0.00|0.00|0.00|0.00|0.00|0.00|0.00|0.00|0.00|1|0.00|1|0|0.00|0.00|0.00|55|13
FPMI|Restaurante|1|Restaurante|1|AJIACO  POLLO| |9520008|AJIACO  POLLO| |9520008|Major Group 10|10|Major Group 10|10|Family Group 1008|1008|Family Group 1008|1008|OT1|1|Order Type Master 1|1|34074.00|0.00|34074.00|0.00|0.00|0.00|34074.00|0.00|34074.00|1|34074.00|1|0|0.00|0.00|0.00|60|14
FPMI|Restaurante|1|Restaurante|1|MJE ALM| |90000037|MJE ALM| |90000037|Major Group 10|10|Major Group 10|10|Family Group 1008|1008|Family Group 1008|1008|OT1|1|Order Type Master 1|1|0.00|0.00|0.00|0.00|0.00|0.00|0.00|0.00|0.00|1|0.00|1|0|0.00|0.00|0.00|58|14
FPMI|Restaurante|1|Restaurante|1|CANASTA DE 4 EMPANADAS DE CARNE| |9528034|CANASTA DE 4 EMPANADAS DE CARNE| |9528034|Major Group 10|10|Major Group 10|10|Family Group 1008|1008|Family Group 1008|1008|OT1|1|Order Type Master 1|1|22500.00|0.00|22500.00|0.00|0.00|0.00|22500.00|0.00|22500.00|1|22500.00|1|0|0.00|0.00|0.00|64|15
FPMI|Restaurante|1|Restaurante|1|Mod 3/4| |980000004|Mod 3/4| |980000004|Major Group 10|10|Major Group 10|10|Family Group 1008|1008|Family Group 1008|1008|OT1|1|Order Type Master 1|1|0.00|0.00|0.00|0.00|0.00|0.00|0.00|0.00|0.00|1|0.00|1|0|0.00|0.00|0.00|74|18
FPMI|Restaurante|1|Restaurante|1|SALSA CHIMICHURRI| |9500388|SALSA CHIMICHURRI| |9500388|Major Group 10|10|Major Group 10|10|Family Group 1008|1008|Family Group 1008|1008|OT1|1|Order Type Master 1|1|0.00|0.00|0.00|0.00|0.00|0.00|0.00|0.00|0.00|1|0.00|2|0|0.00|0.00|0.00|64|15
FPMI|Restaurante|1|Restaurante|1|ADICION DE AGUACATE 100 gr| |9500032|ADICION DE AGUACATE 100 gr| |9500032|Major Group 10|10|Major Group 10|10|Family Group 1008|1008|Family Group 1008|1008|OT1|1|Order Type Master 1|1|5648.00|0.00|5648.00|0.00|0.00|0.00|5648.00|0.00|5648.00|1|5648.00|1|0|0.00|0.00|0.00|61|15
FPMI|Restaurante|1|Restaurante|1|ADICION DE AGUACATE 100 gr| |9500032|ADICION DE AGUACATE 100 gr| |9500032|Major Group 10|10|Major Group 10|10|Family Group 1008|1008|Family Group 1008|1008|OT1|1|Order Type Master 1|1|0.00|-562.00|-562.00|0.00|0.00|0.00|0.00|-562.00|-562.00|1|0.00|0|0|0.00|0.00|0.00|64|15
FPMI|Restaurante|1|Restaurante|1|Mod CocaCola Zero 400ml| |980000103|Mod CocaCola Zero 400ml| |980000103|Major Group 10|10|Major Group 10|10|Family Group 1008|1008|Family Group 1008|1008|OT1|1|Order Type Master 1|1|0.00|0.00|0.00|0.00|0.00|0.00|0.00|0.00|0.00|1|0.00|1|0|0.00|0.00|0.00|59|14
FPMI|Domicilios|20|Domicilios|20|LOMO 220 gr PAPA CRIOLLA| |9502513|LOMO 220 gr PAPA CRIOLLA| |9502513|Major Group 10|10|Major Group 10|10|Family Group 1008|1008|Family Group 1008|1008|OT2|2|Order Type Master 2|2|54444.00|0.00|54444.00|0.00|0.00|0.00|54444.00|0.00|54444.00|73|54444.00|1|0|0.00|0.00|0.00|62|15
FPMI|Domicilios|20|Domicilios|20|MJE ALM| |90000037|MJE ALM| |90000037|Major Group 10|10|Major Group 10|10|Family Group 1008|1008|Family Group 1008|1008|OT2|2|Order Type Master 2|2|0.00|0.00|0.00|0.00|0.00|0.00|0.00|0.00|0.00|1|0.00|1|0|0.00|0.00|0.00|62|15
FPMI|Plataformas|21|Plataformas|21|ENTRECOT 180 gr  ENSALADA| |9502509|ENTRECOT 180 gr  ENSALADA| |9502509|Major Group 10|10|Major Group 10|10|Family Group 1008|1008|Family Group 1008|1008|OT7|7|Order Type Master 7|7|38611.00|0.00|38611.00|0.00|0.00|0.00|38611.00|0.00|38611.00|153|38611.00|1|0|0.00|0.00|0.00|66|16
FPMI|Plataformas|21|Plataformas|21|MJE ALM| |90000037|MJE ALM| |90000037|Major Group 10|10|Major Group 10|10|Family Group 1008|1008|Family Group 1008|1008|OT7|7|Order Type Master 7|7|0.00|0.00|0.00|0.00|0.00|0.00|0.00|0.00|0.00|1|0.00|1|0|0.00|0.00|0.00|51|12
FPMI|Plataformas|21|Plataformas|21|CANASTA DE 4 EMPANADAS CACHACAS| |9528040|CANASTA DE 4 EMPANADAS CACHACAS| |9528040|Major Group 10|10|Major Group 10|10|Family Group 1008|1008|Family Group 1008|1008|OT7|7|Order Type Master 7|7|23611.00|0.00|23611.00|0.00|0.00|0.00|23611.00|0.00|23611.00|153|23611.00|1|0|0.00|0.00|0.00|51|12
FPMI|Restaurante|1|Restaurante|1|LIMONADA DE PANELA| |9604067|LIMONADA DE PANELA| |9604067|Major Group 20|20|Major Group 20|20|Family Group 3000|3000|Family Group 3000|3000|OT1|1|Order Type Master 1|1|9074.00|0.00|9074.00|0.00|0.00|0.00|9074.00|0.00|9074.00|1|9074.00|1|0|0.00|0.00|0.00|71|17
FPMI|Restaurante|1|Restaurante|1|MANDARINO BOLS 2X1| |9626126|MANDARINO BOLS 2X1| |9626126|Major Group 20|20|Major Group 20|20|Family Group 3000|3000|Family Group 3000|3000|OT1|1|Order Type Master 1|1|31296.00|0.00|31296.00|0.00|0.00|0.00|31296.00|0.00|31296.00|1|31296.00|1|0|0.00|0.00|0.00|63|15
FPMI|Restaurante|1|Restaurante|1|LIMONADA DE PANELA| |9604067|LIMONADA DE PANELA| |9604067|Major Group 20|20|Major Group 20|20|Family Group 3000|3000|Family Group 3000|3000|OT1|1|Order Type Master 1|1|9074.00|0.00|9074.00|0.00|0.00|0.00|9074.00|0.00|9074.00|1|9074.00|1|0|0.00|0.00|0.00|63|15
FPMI|Restaurante|1|Restaurante|1|CERVEZA CLUB COLOMBIA| |9608004|CERVEZA CLUB COLOMBIA| |9608004|Major Group 20|20|Major Group 20|20|Family Group 3000|3000|Family Group 3000|3000|OT1|1|Order Type Master 1|1|0.00|-2248.00|-2248.00|0.00|0.00|0.00|0.00|-2248.00|-2248.00|1|0.00|0|0|0.00|0.00|0.00|64|15
FPMI|Restaurante|1|Restaurante|1|GASEOSA 400 ml| |9606131|GASEOSA 400 ml| |9606131|Major Group 20|20|Major Group 20|20|Family Group 3000|3000|Family Group 3000|3000|OT1|1|Order Type Master 1|1|7593.00|0.00|7593.00|0.00|0.00|0.00|7593.00|0.00|7593.00|1|7593.00|1|0|0.00|0.00|0.00|71|17
FPMI|Restaurante|1|Restaurante|1|MJE ALM| |90000037|MJE ALM| |90000037|Major Group 10|10|Major Group 10|10|Family Group 1008|1008|Family Group 1008|1008|OT1|1|Order Type Master 1|1|0.00|0.00|0.00|0.00|0.00|0.00|0.00|0.00|0.00|1|0.00|1|0|0.00|0.00|0.00|60|14
FPMI|Restaurante|1|Restaurante|1|AREPA DE CHOCOLO| |9506036|AREPA DE CHOCOLO| |9506036|Major Group 10|10|Major Group 10|10|Family Group 1008|1008|Family Group 1008|1008|OT1|1|Order Type Master 1|1|0.00|-2020.00|-2020.00|0.00|0.00|0.00|0.00|-2020.00|-2020.00|1|0.00|0|0|0.00|0.00|0.00|60|14
FPMI|Restaurante|1|Restaurante|1|TRUCHA A LA PLANCHA 350 gr ARROZ| |9504165|TRUCHA A LA PLANCHA 350 gr ARROZ| |9504165|Major Group 10|10|Major Group 10|10|Family Group 1008|1008|Family Group 1008|1008|OT1|1|Order Type Master 1|1|0.00|-3576.00|-3576.00|0.00|0.00|0.00|0.00|-3576.00|-3576.00|1|0.00|0|0|0.00|0.00|0.00|60|14
FPMI|Restaurante|1|Restaurante|1|TORTA MILKYWAY| |9514163|TORTA MILKYWAY| |9514163|Major Group 10|10|Major Group 10|10|Family Group 1008|1008|Family Group 1008|1008|OT1|1|Order Type Master 1|1|0.00|-2390.00|-2390.00|0.00|0.00|0.00|0.00|-2390.00|-2390.00|17|0.00|0|0|0.00|0.00|0.00|60|14
FPMI|Restaurante|1|Restaurante|1|SALSA BABY| |9500376|SALSA BABY| |9500376|Major Group 10|10|Major Group 10|10|Family Group 1008|1008|Family Group 1008|1008|OT1|1|Order Type Master 1|1|0.00|0.00|0.00|0.00|0.00|0.00|0.00|0.00|0.00|1|0.00|1|0|0.00|0.00|0.00|57|14
FPMI|Restaurante|1|Restaurante|1|TORTA MILKYWAY| |9514163|TORTA MILKYWAY| |9514163|Major Group 10|10|Major Group 10|10|Family Group 1008|1008|Family Group 1008|1008|OT1|1|Order Type Master 1|1|23888.00|0.00|23888.00|0.00|0.00|0.00|23888.00|0.00|23888.00|17|23888.00|2|0|0.00|0.00|0.00|58|14
FPMI|Restaurante|1|Restaurante|1|LOMO 220 gr ENSALADA| |9502516|LOMO 220 gr ENSALADA| |9502516|Major Group 10|10|Major Group 10|10|Family Group 1008|1008|Family Group 1008|1008|OT1|1|Order Type Master 1|1|54444.00|0.00|54444.00|0.00|0.00|0.00|54444.00|0.00|54444.00|1|54444.00|1|0|0.00|0.00|0.00|79|19
FPMI|Restaurante|1|Restaurante|1|MJE ALM| |90000037|MJE ALM| |90000037|Major Group 10|10|Major Group 10|10|Family Group 1008|1008|Family Group 1008|1008|OT1|1|Order Type Master 1|1|0.00|0.00|0.00|0.00|0.00|0.00|0.00|0.00|0.00|1|0.00|1|0|0.00|0.00|0.00|73|18
FPMI|Restaurante|1|Restaurante|1|ENTRECOT 180 gr  CASCO| |9502505|ENTRECOT 180 gr  CASCO| |9502505|Major Group 10|10|Major Group 10|10|Family Group 1008|1008|Family Group 1008|1008|OT1|1|Order Type Master 1|1|35093.00|0.00|35093.00|0.00|0.00|0.00|35093.00|0.00|35093.00|1|35093.00|1|0|0.00|0.00|0.00|63|15
FPMI|Restaurante|1|Restaurante|1|Mod A Punto| |980000005|Mod A Punto| |980000005|Major Group 10|10|Major Group 10|10|Family Group 1008|1008|Family Group 1008|1008|OT1|1|Order Type Master 1|1|0.00|0.00|0.00|0.00|0.00|0.00|0.00|0.00|0.00|1|0.00|2|0|0.00|0.00|0.00|63|15
FPMI|Restaurante|1|Restaurante|1|CHURRASCO 250 gr CASCO| |9502106|CHURRASCO 250 gr CASCO| |9502106|Major Group 10|10|Major Group 10|10|Family Group 1008|1008|Family Group 1008|1008|OT1|1|Order Type Master 1|1|49815.00|0.00|49815.00|0.00|0.00|0.00|49815.00|0.00|49815.00|1|49815.00|1|0|0.00|0.00|0.00|71|17
FPMI|Restaurante|1|Restaurante|1|Mod CocaCola Zero 400ml| |980000103|Mod CocaCola Zero 400ml| |980000103|Major Group 10|10|Major Group 10|10|Family Group 1008|1008|Family Group 1008|1008|OT1|1|Order Type Master 1|1|0.00|0.00|0.00|0.00|0.00|0.00|0.00|0.00|0.00|1|0.00|1|0|0.00|0.00|0.00|71|17
FPMI|Restaurante|1|Restaurante|1|PAPA FRANCESA| |9500452|PAPA FRANCESA| |9500452|Major Group 10|10|Major Group 10|10|Family Group 1008|1008|Family Group 1008|1008|OT1|1|Order Type Master 1|1|7222.00|0.00|7222.00|0.00|0.00|0.00|7222.00|0.00|7222.00|1|7222.00|1|0|0.00|0.00|0.00|59|14
FPMI|Restaurante|1|Restaurante|1|MJE ALM| |90000037|MJE ALM| |90000037|Major Group 10|10|Major Group 10|10|Family Group 1008|1008|Family Group 1008|1008|OT1|1|Order Type Master 1|1|0.00|0.00|0.00|0.00|0.00|0.00|0.00|0.00|0.00|1|0.00|1|0|0.00|0.00|0.00|59|14
FPMI|Domicilios|20|Domicilios|20|TORTA MILKYWAY| |9514163|TORTA MILKYWAY| |9514163|Major Group 10|10|Major Group 10|10|Family Group 1008|1008|Family Group 1008|1008|OT2|2|Order Type Master 2|2|11944.00|-2400.00|9544.00|0.00|0.00|0.00|11944.00|-2400.00|9544.00|73|11944.00|1|0|0.00|0.00|0.00|74|18
FPMI|Plataformas|21|Plataformas|21|MORCILLA 100 gr| |9502080|MORCILLA 100 gr| |9502080|Major Group 10|10|Major Group 10|10|Family Group 1008|1008|Family Group 1008|1008|OT7|7|Order Type Master 7|7|11204.00|0.00|11204.00|0.00|0.00|0.00|11204.00|0.00|11204.00|153|11204.00|1|0|0.00|0.00|0.00|66|16
FPMI|Restaurante|1|Restaurante|1|CERVEZA CLUB COLOMBIA| |9608004|CERVEZA CLUB COLOMBIA| |9608004|Major Group 20|20|Major Group 20|20|Family Group 3000|3000|Family Group 3000|3000|OT1|1|Order Type Master 1|1|11296.00|0.00|11296.00|0.00|0.00|0.00|11296.00|0.00|11296.00|1|11296.00|1|0|0.00|0.00|0.00|57|14
FPMI|Restaurante|1|Restaurante|1|GASEOSA 400 ml| |9606131|GASEOSA 400 ml| |9606131|Major Group 20|20|Major Group 20|20|Family Group 3000|3000|Family Group 3000|3000|OT1|1|Order Type Master 1|1|7593.00|0.00|7593.00|0.00|0.00|0.00|7593.00|0.00|7593.00|1|7593.00|1|0|0.00|0.00|0.00|55|13
FPMI|Restaurante|1|Restaurante|1|CUCHUCO CON ESPINAZO| |9520020|CUCHUCO CON ESPINAZO| |9520020|Major Group 10|10|Major Group 10|10|Family Group 1008|1008|Family Group 1008|1008|OT1|1|Order Type Master 1|1|34167.00|0.00|34167.00|0.00|0.00|0.00|34167.00|0.00|34167.00|1|34167.00|1|0|0.00|0.00|0.00|57|14
FPMI|Restaurante|1|Restaurante|1|LOMO 220 gr PAPA FRANCESA| |9502511|LOMO 220 gr PAPA FRANCESA| |9502511|Major Group 10|10|Major Group 10|10|Family Group 1008|1008|Family Group 1008|1008|OT1|1|Order Type Master 1|1|54444.00|0.00|54444.00|0.00|0.00|0.00|54444.00|0.00|54444.00|1|54444.00|1|0|0.00|0.00|0.00|59|14
FPMI|Restaurante|1|Restaurante|1|SALMON A LA PLANCHA 200 gr ARROZ BLANCO| |9504092|SALMON A LA PLANCHA 200 gr ARROZ BLANCO| |9504092|Major Group 10|10|Major Group 10|10|Family Group 1008|1008|Family Group 1008|1008|OT1|1|Order Type Master 1|1|49815.00|0.00|49815.00|0.00|0.00|0.00|49815.00|0.00|49815.00|1|49815.00|1|0|0.00|0.00|0.00|59|14
FPMI|Restaurante|1|Restaurante|1|ENSALADA FRESCA ACOMPANAMIENTO| |9500164|ENSALADA FRESCA ACOMPANAMIENTO| |9500164|Major Group 10|10|Major Group 10|10|Family Group 1008|1008|Family Group 1008|1008|OT1|1|Order Type Master 1|1|7222.00|0.00|7222.00|0.00|0.00|0.00|7222.00|0.00|7222.00|1|7222.00|1|0|0.00|0.00|0.00|72|17
FPMI|Restaurante|1|Restaurante|1|Mod BienAsado| |980000006|Mod BienAsado| |980000006|Major Group 10|10|Major Group 10|10|Family Group 1008|1008|Family Group 1008|1008|OT1|1|Order Type Master 1|1|0.00|0.00|0.00|0.00|0.00|0.00|0.00|0.00|0.00|1|0.00|1|0|0.00|0.00|0.00|79|19
FPMI|Restaurante|1|Restaurante|1|ADICION DE AGUACATE 100 gr| |9500032|ADICION DE AGUACATE 100 gr| |9500032|Major Group 10|10|Major Group 10|10|Family Group 1008|1008|Family Group 1008|1008|OT1|1|Order Type Master 1|1|5648.00|0.00|5648.00|0.00|0.00|0.00|5648.00|0.00|5648.00|1|5648.00|1|0|0.00|0.00|0.00|79|19
FPMI|Restaurante|1|Restaurante|1|CANASTA DE 4 EMPANADAS CACHACAS| |9528040|CANASTA DE 4 EMPANADAS CACHACAS| |9528040|Major Group 10|10|Major Group 10|10|Family Group 1008|1008|Family Group 1008|1008|OT1|1|Order Type Master 1|1|-22500.00|0.00|-22500.00|0.00|0.00|0.00|-22500.00|0.00|-22500.00|1|-22500.00|-1|0|0.00|0.00|0.00|64|15
FPMI|Restaurante|1|Restaurante|1|LOMO 220 gr PAPA CRIOLLA| |9502513|LOMO 220 gr PAPA CRIOLLA| |9502513|Major Group 10|10|Major Group 10|10|Family Group 1008|1008|Family Group 1008|1008|OT1|1|Order Type Master 1|1|54444.00|0.00|54444.00|0.00|0.00|0.00|54444.00|0.00|54444.00|1|54444.00|1|0|0.00|0.00|0.00|74|18
FPMI|Restaurante|1|Restaurante|1|CUCHUCO CON ESPINAZO| |9520020|CUCHUCO CON ESPINAZO| |9520020|Major Group 10|10|Major Group 10|10|Family Group 1008|1008|Family Group 1008|1008|OT1|1|Order Type Master 1|1|68334.00|0.00|68334.00|0.00|0.00|0.00|68334.00|0.00|68334.00|1|68334.00|2|0|0.00|0.00|0.00|59|14
FPMI|Restaurante|1|Restaurante|1|PECHUGA A LA PARRILLA 230 gr FRANCESA | |9506090|PECHUGA A LA PARRILLA 230 gr FRANCESA | |9506090|Major Group 10|10|Major Group 10|10|Family Group 1008|1008|Family Group 1008|1008|OT1|1|Order Type Master 1|1|49630.00|0.00|49630.00|0.00|0.00|0.00|49630.00|0.00|49630.00|1|49630.00|2|0|0.00|0.00|0.00|71|17
FPMI|Plataformas|21|Plataformas|21|CAZUELA DE FRIJOLES| |9520032|CAZUELA DE FRIJOLES| |9520032|Major Group 10|10|Major Group 10|10|Family Group 1008|1008|Family Group 1008|1008|OT7|7|Order Type Master 7|7|70740.00|0.00|70740.00|0.00|0.00|0.00|70740.00|0.00|70740.00|177|70740.00|2|0|0.00|0.00|0.00|51|12
FPMI|Plataformas|21|Plataformas|21|CHICHARRON 90 gr| |9528024|CHICHARRON 90 gr| |9528024|Major Group 10|10|Major Group 10|10|Family Group 1008|1008|Family Group 1008|1008|OT7|7|Order Type Master 7|7|27963.00|0.00|27963.00|0.00|0.00|0.00|27963.00|0.00|27963.00|153|27963.00|1|0|0.00|0.00|0.00|66|16
FPMI|Restaurante|1|Restaurante|1|AGUA MANANTIAL CON GAS 300 ML CON LIMON| |9606138|AGUA MANANTIAL CON GAS 300 ML CON LIMON| |9606138|Major Group 20|20|Major Group 20|20|Family Group 3000|3000|Family Group 3000|3000|OT1|1|Order Type Master 1|1|6852.00|0.00|6852.00|0.00|0.00|0.00|6852.00|0.00|6852.00|1|6852.00|1|0|0.00|0.00|0.00|60|14
FPMI|Restaurante|1|Restaurante|1|AGUA MANANTIAL SIN GAS 500 ML| |9606135|AGUA MANANTIAL SIN GAS 500 ML| |9606135|Major Group 20|20|Major Group 20|20|Family Group 3000|3000|Family Group 3000|3000|OT1|1|Order Type Master 1|1|8148.00|0.00|8148.00|0.00|0.00|0.00|8148.00|0.00|8148.00|1|8148.00|1|0|0.00|0.00|0.00|59|14
FPMI|Restaurante|1|Restaurante|1|AROMATICA| |9602088|AROMATICA| |9602088|Major Group 20|20|Major Group 20|20|Family Group 3000|3000|Family Group 3000|3000|OT1|1|Order Type Master 1|1|4537.00|0.00|4537.00|0.00|0.00|0.00|4537.00|0.00|4537.00|1|4537.00|1|0|0.00|0.00|0.00|74|18
FPMI|Domicilios|20|Domicilios|20|JUGO DE MANDARINA| |9604044|JUGO DE MANDARINA| |9604044|Major Group 20|20|Major Group 20|20|Family Group 3000|3000|Family Group 3000|3000|OT2|2|Order Type Master 2|2|14074.00|0.00|14074.00|0.00|0.00|0.00|14074.00|0.00|14074.00|73|14074.00|1|0|0.00|0.00|0.00|62|15
FPMI|Restaurante|1|Restaurante|1|PINCHO DE LOMO X 100 GRS| |9502526|PINCHO DE LOMO X 100 GRS| |9502526|Major Group 10|10|Major Group 10|10|Family Group 1008|1008|Family Group 1008|1008|OT1|1|Order Type Master 1|1|18333.00|0.00|18333.00|0.00|0.00|0.00|18333.00|0.00|18333.00|1|18333.00|1|0|0.00|0.00|0.00|75|18
FPMI|Restaurante|1|Restaurante|1|AREPA DE MAIZ CON CARNE DESMECHADA| |9524076|AREPA DE MAIZ CON CARNE DESMECHADA| |9524076|Major Group 10|10|Major Group 10|10|Family Group 1008|1008|Family Group 1008|1008|OT1|1|Order Type Master 1|1|20185.00|0.00|20185.00|0.00|0.00|0.00|20185.00|0.00|20185.00|1|20185.00|1|0|0.00|0.00|0.00|72|17
FPMI|Restaurante|1|Restaurante|1|ENSALADA FRESCA ACOMPANAMIENTO| |9500164|ENSALADA FRESCA ACOMPANAMIENTO| |9500164|Major Group 10|10|Major Group 10|10|Family Group 1008|1008|Family Group 1008|1008|OT1|1|Order Type Master 1|1|7222.00|0.00|7222.00|0.00|0.00|0.00|7222.00|0.00|7222.00|1|7222.00|1|0|0.00|0.00|0.00|56|13
FPMI|Restaurante|1|Restaurante|1|HELADO MENU NINOS 0| |9500494|HELADO MENU NINOS 0| |9500494|Major Group 10|10|Major Group 10|10|Family Group 1008|1008|Family Group 1008|1008|OT1|1|Order Type Master 1|1|0.00|0.00|0.00|0.00|0.00|0.00|0.00|0.00|0.00|1|0.00|1|0|0.00|0.00|0.00|58|14
FPMI|Restaurante|1|Restaurante|1|PUNTA DE ANCA 250 gr ENSALADA| |9502234|PUNTA DE ANCA 250 gr ENSALADA| |9502234|Major Group 10|10|Major Group 10|10|Family Group 1008|1008|Family Group 1008|1008|OT1|1|Order Type Master 1|1|0.00|-5262.00|-5262.00|0.00|0.00|0.00|0.00|-5262.00|-5262.00|1|0.00|0|0|0.00|0.00|0.00|60|14
FPMI|Restaurante|1|Restaurante|1|TAZA DE FRIJOLES| |9520049|TAZA DE FRIJOLES| |9520049|Major Group 10|10|Major Group 10|10|Family Group 1008|1008|Family Group 1008|1008|OT1|1|Order Type Master 1|1|0.00|-1161.00|-1161.00|0.00|0.00|0.00|0.00|-1161.00|-1161.00|1|0.00|0|0|0.00|0.00|0.00|64|15
FPMI|Restaurante|1|Restaurante|1|PUNTA DE ANCA 250 gr CASCO| |9502232|PUNTA DE ANCA 250 gr CASCO| |9502232|Major Group 10|10|Major Group 10|10|Family Group 1008|1008|Family Group 1008|1008|OT1|1|Order Type Master 1|1|52593.00|0.00|52593.00|0.00|0.00|0.00|52593.00|0.00|52593.00|1|52593.00|1|0|0.00|0.00|0.00|71|17
FPMI|Restaurante|1|Restaurante|1|SOPA DE VERDURAS| |9520050|SOPA DE VERDURAS| |9520050|Major Group 10|10|Major Group 10|10|Family Group 1008|1008|Family Group 1008|1008|OT1|1|Order Type Master 1|1|13148.00|0.00|13148.00|0.00|0.00|0.00|13148.00|0.00|13148.00|1|13148.00|1|0|0.00|0.00|0.00|54|13
FPMI|Restaurante|1|Restaurante|1|SOPA DE VERDURAS| |9520050|SOPA DE VERDURAS| |9520050|Major Group 10|10|Major Group 10|10|Family Group 1008|1008|Family Group 1008|1008|OT1|1|Order Type Master 1|1|13148.00|0.00|13148.00|0.00|0.00|0.00|13148.00|0.00|13148.00|1|13148.00|1|0|0.00|0.00|0.00|59|14
FPMI|Plataformas|21|Plataformas|21|ADICION DE AGUACATE 100 gr| |9500032|ADICION DE AGUACATE 100 gr| |9500032|Major Group 10|10|Major Group 10|10|Family Group 1008|1008|Family Group 1008|1008|OT7|7|Order Type Master 7|7|11482.00|0.00|11482.00|0.00|0.00|0.00|11482.00|0.00|11482.00|153|11482.00|2|0|0.00|0.00|0.00|65|16
FPMI|Plataformas|21|Plataformas|21|AREPA DE CHOCOLO| |9506036|AREPA DE CHOCOLO| |9506036|Major Group 10|10|Major Group 10|10|Family Group 1008|1008|Family Group 1008|1008|OT7|7|Order Type Master 7|7|21111.00|0.00|21111.00|0.00|0.00|0.00|21111.00|0.00|21111.00|153|21111.00|1|0|0.00|0.00|0.00|65|16
FPMI|Plataformas|21|Plataformas|21|LONGANIZA 100 gr| |9502092|LONGANIZA 100 gr| |9502092|Major Group 10|10|Major Group 10|10|Family Group 1008|1008|Family Group 1008|1008|OT7|7|Order Type Master 7|7|13148.00|0.00|13148.00|0.00|0.00|0.00|13148.00|0.00|13148.00|153|13148.00|1|0|0.00|0.00|0.00|66|16
FPMI|Plataformas|21|Plataformas|21|CANASTA MINI FRITANGUERA| |9502525|CANASTA MINI FRITANGUERA| |9502525|Major Group 10|10|Major Group 10|10|Family Group 1008|1008|Family Group 1008|1008|OT7|7|Order Type Master 7|7|23148.00|0.00|23148.00|0.00|0.00|0.00|23148.00|0.00|23148.00|153|23148.00|1|0|0.00|0.00|0.00|50|12
FPMI|Plataformas|21|Plataformas|21|EMPANADA CACHACA| |9528008|EMPANADA CACHACA| |9528008|Major Group 10|10|Major Group 10|10|Family Group 1008|1008|Family Group 1008|1008|OT7|7|Order Type Master 7|7|6389.00|0.00|6389.00|0.00|0.00|0.00|6389.00|0.00|6389.00|153|6389.00|1|0|0.00|0.00|0.00|50|12
FPMI|Restaurante|1|Restaurante|1|LIMONADA DE PANELA| |9604067|LIMONADA DE PANELA| |9604067|Major Group 20|20|Major Group 20|20|Family Group 3000|3000|Family Group 3000|3000|OT1|1|Order Type Master 1|1|9074.00|0.00|9074.00|0.00|0.00|0.00|9074.00|0.00|9074.00|1|9074.00|1|0|0.00|0.00|0.00|79|19
FPMI|Restaurante|1|Restaurante|1|CERVEZA CLUB COLOMBIA| |9608004|CERVEZA CLUB COLOMBIA| |9608004|Major Group 20|20|Major Group 20|20|Family Group 3000|3000|Family Group 3000|3000|OT1|1|Order Type Master 1|1|22592.00|0.00|22592.00|0.00|0.00|0.00|22592.00|0.00|22592.00|1|22592.00|2|0|0.00|0.00|0.00|61|15
FPMI|Plataformas|21|Plataformas|21|GASEOSA 400 ml| |9606131|GASEOSA 400 ml| |9606131|Major Group 20|20|Major Group 20|20|Family Group 3000|3000|Family Group 3000|3000|OT7|7|Order Type Master 7|7|7963.00|0.00|7963.00|0.00|0.00|0.00|7963.00|0.00|7963.00|153|7963.00|1|0|0.00|0.00|0.00|50|12
FPMI|Restaurante|1|Restaurante|1|MJE ALM| |90000037|MJE ALM| |90000037|Major Group 10|10|Major Group 10|10|Family Group 1008|1008|Family Group 1008|1008|OT1|1|Order Type Master 1|1|0.00|0.00|0.00|0.00|0.00|0.00|0.00|0.00|0.00|1|0.00|2|0|0.00|0.00|0.00|75|18
FPMI|Restaurante|1|Restaurante|1|Mod 3/4| |980000004|Mod 3/4| |980000004|Major Group 10|10|Major Group 10|10|Family Group 1008|1008|Family Group 1008|1008|OT1|1|Order Type Master 1|1|0.00|0.00|0.00|0.00|0.00|0.00|0.00|0.00|0.00|1|0.00|1|0|0.00|0.00|0.00|55|13
FPMI|Restaurante|1|Restaurante|1|PUNTA DE ANCA 250 gr ENSALADA| |9502234|PUNTA DE ANCA 250 gr ENSALADA| |9502234|Major Group 10|10|Major Group 10|10|Family Group 1008|1008|Family Group 1008|1008|OT1|1|Order Type Master 1|1|52593.00|0.00|52593.00|0.00|0.00|0.00|52593.00|0.00|52593.00|1|52593.00|1|0|0.00|0.00|0.00|56|13
FPMI|Restaurante|1|Restaurante|1|ENSALADA FRESCA ACOMPANAMIENTO| |9500164|ENSALADA FRESCA ACOMPANAMIENTO| |9500164|Major Group 10|10|Major Group 10|10|Family Group 1008|1008|Family Group 1008|1008|OT1|1|Order Type Master 1|1|0.00|-723.00|-723.00|0.00|0.00|0.00|0.00|-723.00|-723.00|1|0.00|0|0|0.00|0.00|0.00|60|14
FPMI|Restaurante|1|Restaurante|1|TAZA DE FRIJOLES| |9520049|TAZA DE FRIJOLES| |9520049|Major Group 10|10|Major Group 10|10|Family Group 1008|1008|Family Group 1008|1008|OT1|1|Order Type Master 1|1|11667.00|0.00|11667.00|0.00|0.00|0.00|11667.00|0.00|11667.00|1|11667.00|1|0|0.00|0.00|0.00|61|15
FPMI|Restaurante|1|Restaurante|1|MJE ALM| |90000037|MJE ALM| |90000037|Major Group 10|10|Major Group 10|10|Family Group 1008|1008|Family Group 1008|1008|OT1|1|Order Type Master 1|1|0.00|0.00|0.00|0.00|0.00|0.00|0.00|0.00|0.00|1|0.00|1|0|0.00|0.00|0.00|61|15
FPMI|Restaurante|1|Restaurante|1|BANDEJA PAISA| |9520036|BANDEJA PAISA| |9520036|Major Group 10|10|Major Group 10|10|Family Group 1008|1008|Family Group 1008|1008|OT1|1|Order Type Master 1|1|0.00|-4229.00|-4229.00|0.00|0.00|0.00|0.00|-4229.00|-4229.00|1|0.00|0|0|0.00|0.00|0.00|64|15
FPMI|Restaurante|1|Restaurante|1|Mod 3/4| |980000004|Mod 3/4| |980000004|Major Group 10|10|Major Group 10|10|Family Group 1008|1008|Family Group 1008|1008|OT1|1|Order Type Master 1|1|0.00|0.00|0.00|0.00|0.00|0.00|0.00|0.00|0.00|1|0.00|2|0|0.00|0.00|0.00|71|17
FPMI|Restaurante|1|Restaurante|1|CHICHARRON 90 gr| |9528024|CHICHARRON 90 gr| |9528024|Major Group 10|10|Major Group 10|10|Family Group 1008|1008|Family Group 1008|1008|OT1|1|Order Type Master 1|1|26667.00|0.00|26667.00|0.00|0.00|0.00|26667.00|0.00|26667.00|1|26667.00|1|0|0.00|0.00|0.00|59|14
FPMI|Domicilios|20|Domicilios|20|CHICHARRON 90 gr| |9528024|CHICHARRON 90 gr| |9528024|Major Group 10|10|Major Group 10|10|Family Group 1008|1008|Family Group 1008|1008|OT2|2|Order Type Master 2|2|26667.00|0.00|26667.00|0.00|0.00|0.00|26667.00|0.00|26667.00|73|26667.00|1|0|0.00|0.00|0.00|49|12
FPMI|Domicilios|20|Domicilios|20|SALSA BABY| |9500376|SALSA BABY| |9500376|Major Group 10|10|Major Group 10|10|Family Group 1008|1008|Family Group 1008|1008|OT2|2|Order Type Master 2|2|0.00|0.00|0.00|0.00|0.00|0.00|0.00|0.00|0.00|73|0.00|1|0|0.00|0.00|0.00|62|15
FPMI|Plataformas|21|Plataformas|21|CALENTADO ANDRES| |9518004|CALENTADO ANDRES| |9518004|Major Group 10|10|Major Group 10|10|Family Group 1008|1008|Family Group 1008|1008|OT7|7|Order Type Master 7|7|36759.00|0.00|36759.00|0.00|0.00|0.00|36759.00|0.00|36759.00|153|36759.00|1|0|0.00|0.00|0.00|51|12
FPMI|Restaurante|1|Restaurante|1|LIMONADA DE PANELA| |9604067|LIMONADA DE PANELA| |9604067|Major Group 20|20|Major Group 20|20|Family Group 3000|3000|Family Group 3000|3000|OT1|1|Order Type Master 1|1|27222.00|0.00|27222.00|0.00|0.00|0.00|27222.00|0.00|27222.00|1|27222.00|3|0|0.00|0.00|0.00|56|13
FPMI|Restaurante|1|Restaurante|1|Mensaje Bebidas 2024| |980000095|Mensaje Bebidas 2024| |980000095|Major Group 10|10|Major Group 10|10|Family Group 1008|1008|Family Group 1008|1008|OT1|1|Order Type Master 1|1|0.00|0.00|0.00|0.00|0.00|0.00|0.00|0.00|0.00|1|0.00|1|0|0.00|0.00|0.00|72|17
FPMI|Restaurante|1|Restaurante|1|LONGANIZA 100 gr| |9502092|LONGANIZA 100 gr| |9502092|Major Group 10|10|Major Group 10|10|Family Group 1008|1008|Family Group 1008|1008|OT1|1|Order Type Master 1|1|0.00|-1260.00|-1260.00|0.00|0.00|0.00|0.00|-1260.00|-1260.00|1|0.00|0|0|0.00|0.00|0.00|60|14
FPMI|Restaurante|1|Restaurante|1|CHULETA DE CERDO 300 gr FRANCESA| |9502583|CHULETA DE CERDO 300 gr FRANCESA| |9502583|Major Group 10|10|Major Group 10|10|Family Group 1008|1008|Family Group 1008|1008|OT1|1|Order Type Master 1|1|35000.00|0.00|35000.00|0.00|0.00|0.00|35000.00|0.00|35000.00|1|35000.00|1|0|0.00|0.00|0.00|63|15
FPMI|Restaurante|1|Restaurante|1|MJE ALM| |90000037|MJE ALM| |90000037|Major Group 10|10|Major Group 10|10|Family Group 1008|1008|Family Group 1008|1008|OT1|1|Order Type Master 1|1|0.00|0.00|0.00|0.00|0.00|0.00|0.00|0.00|0.00|1|0.00|-1|0|0.00|0.00|0.00|64|15
FPMI|Restaurante|1|Restaurante|1|Mod 3/4| |980000004|Mod 3/4| |980000004|Major Group 10|10|Major Group 10|10|Family Group 1008|1008|Family Group 1008|1008|OT1|1|Order Type Master 1|1|0.00|0.00|0.00|0.00|0.00|0.00|0.00|0.00|0.00|1|0.00|1|0|0.00|0.00|0.00|73|18
FPMI|Restaurante|1|Restaurante|1|SALSA BABY| |9500376|SALSA BABY| |9500376|Major Group 10|10|Major Group 10|10|Family Group 1008|1008|Family Group 1008|1008|OT1|1|Order Type Master 1|1|0.00|0.00|0.00|0.00|0.00|0.00|0.00|0.00|0.00|1|0.00|2|0|0.00|0.00|0.00|64|15
FPMI|Restaurante|1|Restaurante|1|Mod 3/4| |980000004|Mod 3/4| |980000004|Major Group 10|10|Major Group 10|10|Family Group 1008|1008|Family Group 1008|1008|OT1|1|Order Type Master 1|1|0.00|0.00|0.00|0.00|0.00|0.00|0.00|0.00|0.00|1|0.00|1|0|0.00|0.00|0.00|59|14
FPMI|Restaurante|1|Restaurante|1|AJIACO NINOS| |9542004|AJIACO NINOS| |9542004|Major Group 10|10|Major Group 10|10|Family Group 1008|1008|Family Group 1008|1008|OT1|1|Order Type Master 1|1|19444.00|0.00|19444.00|0.00|0.00|0.00|19444.00|0.00|19444.00|1|19444.00|1|0|0.00|0.00|0.00|56|13
FPMI|Domicilios|20|Domicilios|20|SOPA DE VERDURAS| |9520050|SOPA DE VERDURAS| |9520050|Major Group 10|10|Major Group 10|10|Family Group 1008|1008|Family Group 1008|1008|OT2|2|Order Type Master 2|2|13148.00|0.00|13148.00|0.00|0.00|0.00|13148.00|0.00|13148.00|73|13148.00|1|0|0.00|0.00|0.00|77|19
FPMI|Plataformas|21|Plataformas|21|PINCHO DE POLLO X 100 GRS| |9502527|PINCHO DE POLLO X 100 GRS| |9502527|Major Group 10|10|Major Group 10|10|Family Group 1008|1008|Family Group 1008|1008|OT7|7|Order Type Master 7|7|30740.00|0.00|30740.00|0.00|0.00|0.00|30740.00|0.00|30740.00|153|30740.00|2|0|0.00|0.00|0.00|65|16
FPMI|Plataformas|21|Plataformas|21|PUNTA DE ANCA 250 gr ARROZ| |9502230|PUNTA DE ANCA 250 gr ARROZ| |9502230|Major Group 10|10|Major Group 10|10|Family Group 1008|1008|Family Group 1008|1008|OT7|7|Order Type Master 7|7|57130.00|0.00|57130.00|0.00|0.00|0.00|57130.00|0.00|57130.00|153|57130.00|1|0|0.00|0.00|0.00|65|16
FPMI|Plataformas|21|Plataformas|21|CANASTA DE 4 EMPANADAS DE CARNE| |9528034|CANASTA DE 4 EMPANADAS DE CARNE| |9528034|Major Group 10|10|Major Group 10|10|Family Group 1008|1008|Family Group 1008|1008|OT7|7|Order Type Master 7|7|23611.00|0.00|23611.00|0.00|0.00|0.00|23611.00|0.00|23611.00|153|23611.00|1|0|0.00|0.00|0.00|66|16
FPMI|Plataformas|21|Plataformas|21|MJE ALM| |90000037|MJE ALM| |90000037|Major Group 10|10|Major Group 10|10|Family Group 1008|1008|Family Group 1008|1008|OT7|7|Order Type Master 7|7|0.00|0.00|0.00|0.00|0.00|0.00|0.00|0.00|0.00|1|0.00|1|0|0.00|0.00|0.00|66|16
FPMI|Plataformas|21|Plataformas|21|PORCION DE ARROZ BLANCO| |9500064|PORCION DE ARROZ BLANCO| |9500064|Major Group 10|10|Major Group 10|10|Family Group 1008|1008|Family Group 1008|1008|OT7|7|Order Type Master 7|7|3611.00|0.00|3611.00|0.00|0.00|0.00|3611.00|0.00|3611.00|153|3611.00|1|0|0.00|0.00|0.00|50|12
FPMI|Plataformas|21|Plataformas|21|Mod CocaCola Zero 400ml| |980000103|Mod CocaCola Zero 400ml| |980000103|Major Group 10|10|Major Group 10|10|Family Group 1008|1008|Family Group 1008|1008|OT7|7|Order Type Master 7|7|0.00|0.00|0.00|0.00|0.00|0.00|0.00|0.00|0.00|1|0.00|1|0|0.00|0.00|0.00|50|12
FPMI|Plataformas|21|Plataformas|21|PICADA INDIVIDUAL FRANCESA| |9502584|PICADA INDIVIDUAL FRANCESA| |9502584|Major Group 10|10|Major Group 10|10|Family Group 1008|1008|Family Group 1008|1008|OT7|7|Order Type Master 7|7|35648.00|0.00|35648.00|0.00|0.00|0.00|35648.00|0.00|35648.00|185|35648.00|1|0|0.00|0.00|0.00|50|12
FPMI|Restaurante|1|Restaurante|1|LIMONADA DE PANELA| |9604067|LIMONADA DE PANELA| |9604067|Major Group 20|20|Major Group 20|20|Family Group 3000|3000|Family Group 3000|3000|OT1|1|Order Type Master 1|1|9074.00|-2724.00|6350.00|0.00|0.00|0.00|9074.00|-2724.00|6350.00|1|9074.00|1|0|0.00|0.00|0.00|60|14
FPMI|Restaurante|1|Restaurante|1|AROMATICA| |9602088|AROMATICA| |9602088|Major Group 20|20|Major Group 20|20|Family Group 3000|3000|Family Group 3000|3000|OT1|1|Order Type Master 1|1|0.00|0.00|0.00|0.00|0.00|0.00|0.00|0.00|0.00|17|0.00|2|0|0.00|0.00|0.00|58|14
FPMI|Restaurante|1|Restaurante|1|TRUCHA A LA PLANCHA 350 gr ARROZ| |9504165|TRUCHA A LA PLANCHA 350 gr ARROZ| |9504165|Major Group 10|10|Major Group 10|10|Family Group 1008|1008|Family Group 1008|1008|OT1|1|Order Type Master 1|1|35741.00|0.00|35741.00|0.00|0.00|0.00|35741.00|0.00|35741.00|1|35741.00|1|0|0.00|0.00|0.00|56|13
FPMI|Restaurante|1|Restaurante|1|CANASTA DE 4 EMPANADAS CACHACAS| |9528040|CANASTA DE 4 EMPANADAS CACHACAS| |9528040|Major Group 10|10|Major Group 10|10|Family Group 1008|1008|Family Group 1008|1008|OT1|1|Order Type Master 1|1|22500.00|0.00|22500.00|0.00|0.00|0.00|22500.00|0.00|22500.00|1|22500.00|1|0|0.00|0.00|0.00|60|14
FPMI|Restaurante|1|Restaurante|1|Mod BienAsado| |980000006|Mod BienAsado| |980000006|Major Group 10|10|Major Group 10|10|Family Group 1008|1008|Family Group 1008|1008|OT1|1|Order Type Master 1|1|0.00|0.00|0.00|0.00|0.00|0.00|0.00|0.00|0.00|1|0.00|1|0|0.00|0.00|0.00|59|14
FPMI|Restaurante|1|Restaurante|1|SALSA CHIMICHURRI| |9500388|SALSA CHIMICHURRI| |9500388|Major Group 10|10|Major Group 10|10|Family Group 1008|1008|Family Group 1008|1008|OT1|1|Order Type Master 1|1|0.00|0.00|0.00|0.00|0.00|0.00|0.00|0.00|0.00|1|0.00|1|0|0.00|0.00|0.00|57|14
FPMI|Restaurante|1|Restaurante|1|PICADA INDIVIDUAL  CRIOLLA| |9502576|PICADA INDIVIDUAL  CRIOLLA| |9502576|Major Group 10|10|Major Group 10|10|Family Group 1008|1008|Family Group 1008|1008|OT1|1|Order Type Master 1|1|38704.00|0.00|38704.00|0.00|0.00|0.00|38704.00|0.00|38704.00|1|38704.00|1|0|0.00|0.00|0.00|73|18
FPMI|Restaurante|1|Restaurante|1|ENTRECOT 180 gr  FRANCESA| |9502504|ENTRECOT 180 gr  FRANCESA| |9502504|Major Group 10|10|Major Group 10|10|Family Group 1008|1008|Family Group 1008|1008|OT1|1|Order Type Master 1|1|35093.00|0.00|35093.00|0.00|0.00|0.00|35093.00|0.00|35093.00|1|35093.00|1|0|0.00|0.00|0.00|63|15
FPMI|Restaurante|1|Restaurante|1|MJE ALM| |90000037|MJE ALM| |90000037|Major Group 10|10|Major Group 10|10|Family Group 1008|1008|Family Group 1008|1008|OT1|1|Order Type Master 1|1|0.00|0.00|0.00|0.00|0.00|0.00|0.00|0.00|0.00|1|0.00|1|0|0.00|0.00|0.00|71|17
FPMI|Restaurante|1|Restaurante|1|AREPA DE CHOCOLO| |9506036|AREPA DE CHOCOLO| |9506036|Major Group 10|10|Major Group 10|10|Family Group 1008|1008|Family Group 1008|1008|OT1|1|Order Type Master 1|1|20185.00|0.00|20185.00|0.00|0.00|0.00|20185.00|0.00|20185.00|1|20185.00|1|0|0.00|0.00|0.00|56|13
FPMI|Domicilios|20|Domicilios|20|MILANESA DE CERDO PERSONAL | |9540236|MILANESA DE CERDO PERSONAL | |9540236|Major Group 10|10|Major Group 10|10|Family Group 1008|1008|Family Group 1008|1008|OT2|2|Order Type Master 2|2|18520.00|0.00|18520.00|0.00|0.00|0.00|18520.00|0.00|18520.00|73|18520.00|4|0|0.00|0.00|0.00|81|20
FPMI|Plataformas|21|Plataformas|21|AJIACO  POLLO| |9520008|AJIACO  POLLO| |9520008|Major Group 10|10|Major Group 10|10|Family Group 1008|1008|Family Group 1008|1008|OT7|7|Order Type Master 7|7|35741.00|0.00|35741.00|0.00|0.00|0.00|35741.00|0.00|35741.00|153|35741.00|1|0|0.00|0.00|0.00|65|16
FPMI|Restaurante|1|Restaurante|1|JUGO DE MARACUYA EN AGUA| |9604116|JUGO DE MARACUYA EN AGUA| |9604116|Major Group 20|20|Major Group 20|20|Family Group 3000|3000|Family Group 3000|3000|OT1|1|Order Type Master 1|1|10093.00|0.00|10093.00|0.00|0.00|0.00|10093.00|0.00|10093.00|1|10093.00|1|0|0.00|0.00|0.00|72|17
FPMI|Restaurante|1|Restaurante|1|LIMONADA HIERBABUENA| |9604066|LIMONADA HIERBABUENA| |9604066|Major Group 20|20|Major Group 20|20|Family Group 3000|3000|Family Group 3000|3000|OT1|1|Order Type Master 1|1|8519.00|0.00|8519.00|0.00|0.00|0.00|8519.00|0.00|8519.00|1|8519.00|1|0|0.00|0.00|0.00|59|14
FPMI|Plataformas|21|Plataformas|21|LIMONADA NATURAL| |9604060|LIMONADA NATURAL| |9604060|Major Group 20|20|Major Group 20|20|Family Group 3000|3000|Family Group 3000|3000|OT7|7|Order Type Master 7|7|10000.00|0.00|10000.00|0.00|0.00|0.00|10000.00|0.00|10000.00|177|10000.00|2|0|0.00|0.00|0.00|51|12
FPMI|Restaurante|1|Restaurante|1|MORCILLA 100 gr| |9502080|MORCILLA 100 gr| |9502080|Major Group 10|10|Major Group 10|10|Family Group 1008|1008|Family Group 1008|1008|OT1|1|Order Type Master 1|1|10741.00|0.00|10741.00|0.00|0.00|0.00|10741.00|0.00|10741.00|1|10741.00|1|0|0.00|0.00|0.00|52|12
FPMI|Restaurante|1|Restaurante|1|LOMO 220 gr PAPA FRANCESA| |9502511|LOMO 220 gr PAPA FRANCESA| |9502511|Major Group 10|10|Major Group 10|10|Family Group 1008|1008|Family Group 1008|1008|OT1|1|Order Type Master 1|1|54444.00|0.00|54444.00|0.00|0.00|0.00|54444.00|0.00|54444.00|1|54444.00|1|0|0.00|0.00|0.00|55|13
FPMI|Restaurante|1|Restaurante|1|Mod 3/4| |980000004|Mod 3/4| |980000004|Major Group 10|10|Major Group 10|10|Family Group 1008|1008|Family Group 1008|1008|OT1|1|Order Type Master 1|1|0.00|0.00|0.00|0.00|0.00|0.00|0.00|0.00|0.00|1|0.00|1|0|0.00|0.00|0.00|56|13
FPMI|Restaurante|1|Restaurante|1|CALENTADO PAISA| |9518008|CALENTADO PAISA| |9518008|Major Group 10|10|Major Group 10|10|Family Group 1008|1008|Family Group 1008|1008|OT1|1|Order Type Master 1|1|35093.00|0.00|35093.00|0.00|0.00|0.00|35093.00|0.00|35093.00|1|35093.00|1|0|0.00|0.00|0.00|60|14
FPMI|Restaurante|1|Restaurante|1|AJIACO NINOS| |9542004|AJIACO NINOS| |9542004|Major Group 10|10|Major Group 10|10|Family Group 1008|1008|Family Group 1008|1008|OT1|1|Order Type Master 1|1|0.00|-1945.00|-1945.00|0.00|0.00|0.00|0.00|-1945.00|-1945.00|1|0.00|0|0|0.00|0.00|0.00|60|14
FPMI|Restaurante|1|Restaurante|1|BANDEJA PAISA| |9520036|BANDEJA PAISA| |9520036|Major Group 10|10|Major Group 10|10|Family Group 1008|1008|Family Group 1008|1008|OT1|1|Order Type Master 1|1|42500.00|0.00|42500.00|0.00|0.00|0.00|42500.00|0.00|42500.00|1|42500.00|1|0|0.00|0.00|0.00|61|15
FPMI|Restaurante|1|Restaurante|1|Mensaje Bebidas 2024| |980000095|Mensaje Bebidas 2024| |980000095|Major Group 10|10|Major Group 10|10|Family Group 1008|1008|Family Group 1008|1008|OT1|1|Order Type Master 1|1|0.00|0.00|0.00|0.00|0.00|0.00|0.00|0.00|0.00|1|0.00|2|0|0.00|0.00|0.00|74|18
FPMI|Restaurante|1|Restaurante|1|MADURITOS| |9500252|MADURITOS| |9500252|Major Group 10|10|Major Group 10|10|Family Group 1008|1008|Family Group 1008|1008|OT1|1|Order Type Master 1|1|3426.00|0.00|3426.00|0.00|0.00|0.00|3426.00|0.00|3426.00|1|3426.00|1|0|0.00|0.00|0.00|71|17
FPMI|Restaurante|1|Restaurante|1|CHURRASCO 250 gr ARROZ| |9502104|CHURRASCO 250 gr ARROZ| |9502104|Major Group 10|10|Major Group 10|10|Family Group 1008|1008|Family Group 1008|1008|OT1|1|Order Type Master 1|1|49815.00|0.00|49815.00|0.00|0.00|0.00|49815.00|0.00|49815.00|1|49815.00|1|0|0.00|0.00|0.00|59|14
FPMI|Restaurante|1|Restaurante|1|LONGANIZA 100 gr| |9502092|LONGANIZA 100 gr| |9502092|Major Group 10|10|Major Group 10|10|Family Group 1008|1008|Family Group 1008|1008|OT1|1|Order Type Master 1|1|12593.00|0.00|12593.00|0.00|0.00|0.00|12593.00|0.00|12593.00|1|12593.00|1|0|0.00|0.00|0.00|56|13
FPMI|Restaurante|1|Restaurante|1|MJE ALM| |90000037|MJE ALM| |90000037|Major Group 10|10|Major Group 10|10|Family Group 1008|1008|Family Group 1008|1008|OT1|1|Order Type Master 1|1|0.00|0.00|0.00|0.00|0.00|0.00|0.00|0.00|0.00|1|0.00|1|0|0.00|0.00|0.00|56|13
FPMI|Domicilios|20|Domicilios|20|SALSA CHIMICHURRI| |9500388|SALSA CHIMICHURRI| |9500388|Major Group 10|10|Major Group 10|10|Family Group 1008|1008|Family Group 1008|1008|OT2|2|Order Type Master 2|2|0.00|0.00|0.00|0.00|0.00|0.00|0.00|0.00|0.00|73|0.00|1|0|0.00|0.00|0.00|62|15
FPMI|Plataformas|21|Plataformas|21|TAZA DE FRIJOLES| |9520049|TAZA DE FRIJOLES| |9520049|Major Group 10|10|Major Group 10|10|Family Group 1008|1008|Family Group 1008|1008|OT7|7|Order Type Master 7|7|12222.00|0.00|12222.00|0.00|0.00|0.00|12222.00|0.00|12222.00|153|12222.00|1|0|0.00|0.00|0.00|50|12
FPMI|Plataformas|21|Plataformas|21|PAPA CHIPS| |9500470|PAPA CHIPS| |9500470|Major Group 10|10|Major Group 10|10|Family Group 1008|1008|Family Group 1008|1008|OT7|7|Order Type Master 7|7|7500.00|0.00|7500.00|0.00|0.00|0.00|7500.00|0.00|7500.00|153|7500.00|1|0|0.00|0.00|0.00|50|12
FPMI|Plataformas|21|Plataformas|21|CALENTADO PAISA| |9518008|CALENTADO PAISA| |9518008|Major Group 10|10|Major Group 10|10|Family Group 1008|1008|Family Group 1008|1008|OT7|7|Order Type Master 7|7|36759.00|0.00|36759.00|0.00|0.00|0.00|36759.00|0.00|36759.00|153|36759.00|1|0|0.00|0.00|0.00|51|12
