FPID|Expr12|Expres Palatino|20250121|20250121|20250122|122935|2.00|2.00|Simphony|19.7.2
FPSUM|Restaurante|1|Restaurante|1|78611.00|7861.00|0|0|0.00|0|6289.00|0|0|0|0|0|0.00|0.00|0.00|0|0|0|0.00|0|0.00|0|9615.00|2|92761.00|0|81726.00|1|0.00|0|0.00|0|0.00|0.00|20|83|78611.00|0.00|0.00|0.00|78611.00|22623.33|22623.33|0.00|0.33|0.00|67870.07|22623.33|22623.33
FPSUM|Restaurante|1|Restaurante|1|0.00|0.00|0|0|0.00|0|0.00|0|0|0|0|0|0.00|0.00|0.00|0|0|0|0.00|0|0.00|0|0.00|0|0.00|0|472546.00|2|0.00|0|0.00|0|0.00|0.00|14|59|0.00|0.00|0.00|0.00|0.00|110015.50|110015.50|0.00|0.83|0.00|132018.65|110015.50|110015.50
FPSUM|Domicilios|20|Domicilios|20|0.00|0.00|0|0|0.00|0|0.00|0|0|0|0|0|0.00|0.00|0.00|0|0|0|0.00|0|0.00|0|75900.00|1|0.00|0|0.00|0|0.00|0|0.00|0|0.00|0.00|12|52|0.00|0.00|0.00|0.00|0.00|128658.00|128658.00|0.00|2.33|0.00|55139.15|128658.00|128658.00
FPSUM|Domicilios|20|Domicilios|20|42686.00|0.00|0|0|0.00|0|3414.00|1|0|0|0|0|0.00|0.00|0.00|0|0|0|0.00|0|0.00|0|0.00|0|46100.00|1|46100.00|1|0.00|0|0.00|0|0.00|0.00|13|54|42686.00|0.00|0.00|0.00|42686.00|125864.33|125864.33|0.00|2.00|0.00|62932.17|125864.33|125864.33
FPSUM|Domicilios|20|Domicilios|20|9544.00|0.00|0|0|0.00|0|956.00|1|0|0|0|0|0.00|0.00|0.00|0|0|0|0.00|0|0.00|0|0.00|0|10500.00|1|10500.00|1|0.00|0|0.00|0|0.00|0.00|20|83|11944.00|-2400.00|0.00|0.00|9544.00|0.00|0.00|0.00|0.00|0.00|0.00|0.00|0.00
FPSUM|Domicilios|20|Domicilios|20|0.00|0.00|0|0|0.00|0|0.00|0|0|0|0|0|0.00|0.00|0.00|0|0|0|0.00|0|0.00|0|7400.00|1|0.00|0|0.00|0|0.00|0|0.00|0|0.00|0.00|17|72|0.00|0.00|0.00|0.00|0.00|28024.83|28024.83|0.00|0.17|0.00|168148.66|28024.83|28024.83
FPSUM|Restaurante|1|Restaurante|1|43519.00|4352.00|0|0|0.00|0|3481.00|1|0|0|0|0|0.00|0.00|0.00|0|0|0|0.00|0|0.00|0|0.00|0|51352.00|1|0.00|0|0.00|0|0.00|0|0.00|0.00|12|51|43519.00|0.00|0.00|0.00|43519.00|3564.83|3564.83|0.00|0.17|0.00|21388.96|3564.83|3564.83
FPSUM|Plataformas|21|Plataformas|21|23333.00|0.00|0|0|0.00|0|1867.00|1|0|0|0|0|0.00|0.00|0.00|0|0|0|0.00|0|0.00|0|0.00|0|25200.00|1|0.00|0|0.00|0|0.00|0|0.00|0.00|17|71|23333.00|0.00|0.00|0.00|23333.00|11759.17|11759.17|0.00|0.17|0.00|70554.86|11759.17|11759.17
FPSUM|Plataformas|21|Plataformas|21|74352.00|0.00|0|0|0.00|0|5948.00|1|0|0|0|0|0.00|0.00|0.00|0|0|0|0.00|0|0.00|0|0.00|0|80300.00|1|0.00|0|0.00|0|0.00|0|0.00|0.00|13|56|74352.00|0.00|0.00|0.00|74352.00|26605.00|26605.00|0.00|0.50|0.00|53210.00|26605.00|26605.00
FPSUM|Restaurante|1|Restaurante|1|0.00|0.00|0|0|0.00|0|0.00|0|0|0|0|0|0.00|0.00|0.00|0|0|0|0.00|0|0.00|0|0.00|0|0.00|0|30155.00|1|0.00|0|0.00|0|0.00|0.00|15|64|0.00|0.00|0.00|0.00|0.00|144244.67|144244.67|0.00|1.50|0.00|96163.11|144244.67|144244.67
FPSUM|Domicilios|20|Domicilios|20|37963.00|0.00|0|0|0.00|0|3037.00|1|0|0|0|0|0.00|0.00|0.00|0|0|0|0.00|0|0.00|0|0.00|0|41000.00|1|0.00|0|0.00|0|0.00|0|0.00|0.00|14|57|37963.00|0.00|0.00|0.00|37963.00|84676.17|84676.17|0.00|1.17|0.00|72579.55|84676.17|84676.17
FPSUM|Domicilios|20|Domicilios|20|0.00|0.00|0|0|0.00|0|0.00|0|0|0|0|0|0.00|0.00|0.00|0|0|0|0.00|0|0.00|0|0.00|1|0.00|0|0.00|0|0.00|0|0.00|0|0.00|0.00|16|67|0.00|0.00|0.00|0.00|0.00|44568.00|44568.00|0.00|0.83|0.00|53481.62|44568.00|44568.00
FPSUM|Domicilios|20|Domicilios|20|106113.00|0.00|0|0|0.00|0|8487.00|2|0|0|0|0|0.00|0.00|0.00|0|0|0|0.00|0|0.00|0|0.00|0|114600.00|2|114600.00|2|0.00|0|0.00|0|0.00|0.00|12|50|106113.00|0.00|0.00|0.00|106113.00|22376.50|22376.50|0.00|0.67|0.00|33564.73|22376.50|22376.50
FPSUM|Plataformas|21|Plataformas|21|84723.00|0.00|0|0|0.00|0|6777.00|2|0|0|0|0|0.00|0.00|0.00|0|0|0|0.00|0|0.00|0|0.00|0|91500.00|2|28100.00|1|0.00|0|0.00|0|0.00|0.00|12|50|84723.00|0.00|0.00|0.00|84723.00|110664.17|110664.17|0.00|1.17|0.00|94854.97|110664.17|110664.17
FPSUM|Restaurante|1|Restaurante|1|115370.00|11537.00|0|0|0.00|0|9230.00|1|0|0|0|0|0.00|0.00|0.00|0|0|0|0.00|0|0.00|0|0.00|0|136137.00|1|0.00|0|0.00|0|0.00|0|0.00|0.00|18|74|115370.00|0.00|0.00|0.00|115370.00|12623.50|12623.50|0.00|0.17|0.00|75740.85|12623.50|12623.50
FPSUM|Restaurante|1|Restaurante|1|301207.00|30120.00|0|0|0.00|0|24093.00|2|0|0|0|0|0.00|0.00|0.00|0|0|0|0.00|0|0.00|0|0.00|0|355418.00|2|187050.00|2|0.00|0|0.00|0|0.00|0.00|13|53|301207.00|0.00|0.00|0.00|301207.00|162037.83|162037.83|0.00|1.00|0.00|162037.83|162037.83|162037.83
FPSUM|Plataformas|21|Plataformas|21|73611.00|0.00|0|0|0.00|0|5889.00|1|0|0|0|0|0.00|0.00|0.00|0|0|0|0.00|0|0.00|0|0.00|0|79500.00|1|79500.00|1|0.00|0|0.00|0|0.00|0.00|12|52|73611.00|0.00|0.00|0.00|73611.00|38734.67|38734.67|0.00|0.67|0.00|58101.97|38734.67|38734.67
FPSUM|Plataformas|21|Plataformas|21|38611.00|0.00|0|0|0.00|0|3089.00|1|0|0|0|0|0.00|0.00|0.00|0|0|0|0.00|0|0.00|0|0.00|2|41700.00|1|120300.00|2|0.00|0|0.00|0|0.00|0.00|11|48|38611.00|0.00|0.00|0.00|38611.00|38595.83|38595.83|0.00|0.50|0.00|77191.67|38595.83|38595.83
FPSUM|Restaurante|1|Restaurante|1|108150.00|10815.00|-54797|3|0.00|0|8650.00|1|0|0|0|0|0.00|0.00|0.00|0|0|0|0.00|0|0.00|0|0.00|0|127615.00|1|66102.00|1|0.00|0|0.00|0|0.00|-3985.00|14|57|108150.00|0.00|0.00|0.00|108150.00|145895.50|145895.50|0.00|1.17|0.00|125053.25|145895.50|145895.50
FPSUM|Restaurante|1|Restaurante|1|0.00|0.00|0|0|0.00|0|0.00|0|0|0|0|0|0.00|0.00|0.00|0|0|0|0.00|0|0.00|0|0.00|0|0.00|0|190001.00|1|0.00|0|0.00|0|0.00|0.00|15|61|0.00|0.00|0.00|0.00|0.00|89553.00|89553.00|0.00|0.67|0.00|134329.43|89553.00|89553.00
FPSUM|Restaurante|1|Restaurante|1|178335.00|17832.00|0|0|0.00|0|14265.00|4|0|0|0|0|0.00|0.00|0.00|0|0|0|0.00|0|0.00|0|0.00|0|210432.00|4|0.00|0|0.00|0|0.00|0|0.00|0.00|13|54|178335.00|0.00|0.00|0.00|178335.00|83334.17|83334.17|0.00|1.00|0.00|83334.17|83334.17|83334.17
FPSUM|Restaurante|1|Restaurante|1|6389.00|638.00|0|0|0.00|0|511.00|0|0|0|0|0|0.00|0.00|0.00|0|0|0|0.00|0|0.00|0|0.00|0|7538.00|0|276643.00|2|0.00|0|0.00|0|0.00|0.00|14|58|6389.00|0.00|0.00|0.00|6389.00|148102.17|148102.17|0.00|1.33|0.00|111076.65|148102.17|148102.17
FPSUM|Plataformas|21|Plataformas|21|52038.00|0.00|0|0|0.00|0|4162.00|1|0|0|0|0|0.00|0.00|0.00|0|0|0|0.00|0|0.00|0|0.00|0|56200.00|1|56200.00|1|0.00|0|0.00|0|0.00|0.00|15|61|52038.00|0.00|0.00|0.00|52038.00|3518.50|3518.50|0.00|0.17|0.00|21110.96|3518.50|3518.50
FPSUM|Restaurante|1|Restaurante|1|214723.00|21472.00|0|0|0.00|0|17177.00|2|0|0|0|0|0.00|0.00|0.00|0|0|0|0.00|0|0.00|0|0.00|0|253371.00|2|221904.00|2|0.00|0|0.00|0|0.00|0.00|20|81|214723.00|0.00|0.00|0.00|214723.00|13595.67|13595.67|0.00|0.17|0.00|81573.84|13595.67|13595.67
FPSUM|Domicilios|20|Domicilios|20|58704.00|0.00|0|0|0.00|0|4696.00|1|0|0|0|0|0.00|0.00|0.00|0|0|0|0.00|0|0.00|0|0.00|0|63400.00|1|63400.00|1|0.00|0|0.00|0|0.00|0.00|12|49|58704.00|0.00|0.00|0.00|58704.00|62376.33|62376.33|0.00|1.17|0.00|53465.41|62376.33|62376.33
FPSUM|Domicilios|20|Domicilios|20|26667.00|0.00|0|0|0.00|0|2133.00|1|0|0|0|0|0.00|0.00|0.00|0|0|0|0.00|0|0.00|0|0.00|0|28800.00|1|28800.00|1|0.00|0|0.00|0|0.00|0.00|18|76|26667.00|0.00|0.00|0.00|26667.00|11836.50|11836.50|0.00|0.33|0.00|35509.54|11836.50|11836.50
FPSUM|Restaurante|1|Restaurante|1|0.00|0.00|0|0|0.00|0|0.00|0|0|0|0|0|0.00|0.00|0.00|0|0|0|0.00|0|0.00|0|0.00|1|0.00|0|133186.00|2|0.00|0|0.00|0|0.00|0.00|18|75|0.00|0.00|0.00|0.00|0.00|32284.17|32284.17|0.00|0.33|0.00|96852.60|32284.17|32284.17
FPSUM|Domicilios|20|Domicilios|20|32408.00|26573.00|0|0|0.00|0|2592.00|1|0|0|0|0|0.00|0.00|0.00|0|0|0|0.00|0|0.00|0|0.00|0|61568.00|1|348568.00|3|0.00|0|0.00|0|0.00|0.00|14|59|32408.00|0.00|0.00|0.00|32408.00|32191.50|32191.50|0.00|0.50|0.00|64383.00|32191.50|32191.50
FPSUM|Restaurante|1|Restaurante|1|58334.00|5834.00|0|0|0.00|0|4666.00|1|0|0|0|0|0.00|0.00|0.00|0|0|0|0.00|0|0.00|0|0.00|0|68834.00|1|0.00|0|0.00|0|0.00|0|0.00|0.00|13|55|58334.00|0.00|0.00|0.00|58334.00|41373.67|41373.67|0.00|0.33|0.00|124121.12|41373.67|41373.67
FPSUM|Restaurante|1|Restaurante|1|61575.00|6157.00|0|0|0.00|0|4925.00|1|0|0|0|0|0.00|0.00|0.00|0|0|0|0.00|0|0.00|0|0.00|0|72657.00|1|0.00|0|0.00|0|0.00|0|0.00|0.00|18|73|61575.00|0.00|0.00|0.00|61575.00|0.00|0.00|0.00|0.00|0.00|0.00|0.00|0.00
FPSUM|Plataformas|21|Plataformas|21|0.00|0.00|0|0|0.00|0|0.00|0|0|0|0|0|0.00|0.00|0.00|0|0|0|0.00|0|0.00|0|0.00|0|0.00|0|106700.00|1|0.00|0|0.00|0|0.00|0.00|20|82|0.00|0.00|0.00|0.00|0.00|17608.00|17608.00|0.00|0.33|0.00|52824.05|17608.00|17608.00
FPSUM|Plataformas|21|Plataformas|21|72778.00|0.00|0|0|0.00|0|5822.00|1|0|0|0|0|0.00|0.00|0.00|0|0|0|37250.00|3|0.00|0|0.00|0|78600.00|1|0.00|0|0.00|0|0.00|0|0.00|0.00|11|47|72778.00|0.00|0.00|0.00|72778.00|21342.67|21342.67|0.00|0.33|0.00|64028.06|21342.67|21342.67
FPSUM|Restaurante|1|Restaurante|1|25556.00|2555.00|0|0|0.00|0|2044.00|1|0|0|0|0|0.00|0.00|0.00|0|0|0|0.00|0|0.00|0|0.00|0|30155.00|1|0.00|0|0.00|0|0.00|0|0.00|0.00|15|63|25556.00|0.00|0.00|0.00|25556.00|103518.50|103518.50|0.00|1.17|0.00|88730.12|103518.50|103518.50
FPSUM|Plataformas|21|Plataformas|21|0.00|0.00|0|0|0.00|0|0.00|0|0|0|0|0|0.00|0.00|0.00|0|0|0|0.00|0|0.00|0|0.00|1|0.00|0|0.00|0|0.00|0|0.00|0|0.00|0.00|16|67|0.00|0.00|0.00|0.00|0.00|0.00|0.00|0.00|0.00|0.00|0.00|0.00|0.00
FPSUM|Domicilios|20|Domicilios|20|24722.00|0.00|0|0|0.00|0|1978.00|1|0|0|0|0|0.00|0.00|0.00|0|0|0|0.00|0|0.00|0|0.00|0|26700.00|1|26700.00|1|0.00|0|0.00|0|0.00|0.00|20|81|24722.00|0.00|0.00|0.00|24722.00|35416.67|35416.67|0.00|0.50|0.00|70833.33|35416.67|35416.67
FPSUM|Domicilios|20|Domicilios|20|80278.00|0.00|0|0|0.00|0|6422.00|2|0|0|0|0|0.00|0.00|0.00|0|0|0|15200.00|1|0.00|0|0.00|0|86700.00|2|86700.00|2|0.00|0|0.00|0|0.00|0.00|18|75|80278.00|0.00|0.00|0.00|80278.00|30277.83|30277.83|0.00|0.83|0.00|36333.41|30277.83|30277.83
FPSUM|Restaurante|1|Restaurante|1|48611.00|4861.00|0|0|0.00|0|3889.00|1|0|0|0|0|0.00|0.00|0.00|0|0|0|0.00|0|0.00|0|0.00|0|57361.00|1|0.00|0|0.00|0|0.00|0|0.00|0.00|19|78|48611.00|0.00|0.00|0.00|48611.00|38488.00|38488.00|0.00|0.50|0.00|76976.00|38488.00|38488.00
FPSUM|Restaurante|1|Restaurante|1|8519.00|852.00|0|0|0.00|0|681.00|0|0|0|0|0|0.00|0.00|0.00|0|0|0|0.00|0|0.00|0|0.00|0|10052.00|0|0.00|0|0.00|0|0.00|0|0.00|0.00|20|82|8519.00|0.00|0.00|0.00|8519.00|11172.83|11172.83|0.00|0.17|0.00|67036.87|11172.83|11172.83
FPSUM|Plataformas|21|Plataformas|21|0.00|0.00|0|0|0.00|0|0.00|0|0|0|0|0|0.00|0.00|0.00|0|0|0|0.00|0|0.00|0|0.00|1|0.00|0|25200.00|1|0.00|0|0.00|0|0.00|0.00|18|73|0.00|0.00|0.00|0.00|0.00|17006.33|17006.33|0.00|0.33|0.00|51019.05|17006.33|17006.33
FPSUM|Restaurante|1|Restaurante|1|39259.00|3926.00|0|0|0.00|0|3141.00|1|0|0|0|0|0.00|0.00|0.00|0|0|0|0.00|0|0.00|0|47528.00|1|46326.00|1|0.00|0|0.00|0|0.00|0|0.00|0.00|17|70|39259.00|0.00|0.00|0.00|39259.00|27608.33|27608.33|0.00|0.50|0.00|55216.67|27608.33|27608.33
FPSUM|Restaurante|1|Restaurante|1|366203.00|36620.00|0|0|0.00|0|29297.00|0|0|0|0|0|0.00|0.00|0.00|0|0|0|0.00|0|0.00|0|0.00|0|432120.00|0|60967.00|1|0.00|0|0.00|0|0.00|0.00|13|56|366203.00|0.00|0.00|0.00|366203.00|104630.33|104630.33|0.00|1.50|0.00|69753.56|104630.33|104630.33
FPSUM|Domicilios|20|Domicilios|20|48426.00|0.00|0|0|0.00|0|3874.00|1|0|0|0|0|0.00|0.00|0.00|0|0|0|0.00|0|0.00|0|0.00|0|52300.00|1|52300.00|1|0.00|0|0.00|0|0.00|0.00|12|51|48426.00|0.00|0.00|0.00|48426.00|6620.50|6620.50|0.00|0.50|0.00|13241.00|6620.50|6620.50
FPSUM|Plataformas|21|Plataformas|21|58056.00|0.00|0|0|0.00|0|4644.00|1|0|0|0|0|0.00|0.00|0.00|0|0|0|0.00|0|0.00|0|0.00|0|62700.00|1|126100.00|2|0.00|0|0.00|0|0.00|0.00|12|51|58056.00|0.00|0.00|0.00|58056.00|38349.00|38349.00|0.00|1.00|0.00|38349.00|38349.00|38349.00
FPSUM|Restaurante|1|Restaurante|1|24074.00|2407.00|0|0|0.00|0|1926.00|0|0|0|0|0|0.00|0.00|0.00|0|0|0|0.00|0|0.00|0|0.00|0|28411.00|0|46330.00|1|0.00|0|0.00|0|0.00|0.00|19|77|24074.00|0.00|0.00|0.00|24074.00|12962.83|12962.83|0.00|0.17|0.00|77776.84|12962.83|12962.83
FPSUM|Plataformas|21|Plataformas|21|0.00|0.00|0|0|0.00|0|0.00|0|0|0|0|0|0.00|0.00|0.00|0|0|0|0.00|0|0.00|0|0.00|0|0.00|0|80300.00|1|0.00|0|0.00|0|0.00|0.00|14|57|0.00|0.00|0.00|0.00|0.00|11851.83|11851.83|0.00|0.33|0.00|35555.54|11851.83|11851.83
FPSUM|Restaurante|1|Restaurante|1|51297.00|5129.00|0|0|0.00|0|4103.00|1|0|0|0|0|0.00|0.00|0.00|0|0|0|0.00|0|0.00|0|0.00|0|60529.00|1|0.00|0|0.00|0|0.00|0|0.00|0.00|17|72|51297.00|0.00|0.00|0.00|51297.00|0.00|0.00|0.00|0.00|0.00|0.00|0.00|0.00
FPSUM|Restaurante|1|Restaurante|1|0.00|0.00|0|0|0.00|0|0.00|0|0|0|0|0|0.00|0.00|0.00|0|0|0|0.00|0|0.00|0|0.00|1|0.00|0|274459.00|1|0.00|0|0.00|0|0.00|0.00|20|84|0.00|0.00|0.00|0.00|0.00|0.00|0.00|0.00|0.00|0.00|0.00|0.00|0.00
FPSUM|Domicilios|20|Domicilios|20|43334.00|0.00|0|0|0.00|0|3466.00|1|0|0|0|0|0.00|0.00|0.00|0|0|0|53800.00|1|0.00|0|0.00|0|46800.00|1|46800.00|1|0.00|0|0.00|0|0.00|0.00|14|58|43334.00|0.00|0.00|0.00|43334.00|55879.50|55879.50|0.00|1.00|0.00|55879.50|55879.50|55879.50
FPSUM|Domicilios|20|Domicilios|20|129446.00|0.00|0|0|0.00|0|10354.00|2|0|0|0|0|0.00|0.00|0.00|0|0|0|0.00|0|0.00|0|0.00|0|139800.00|2|37900.00|1|0.00|0|0.00|0|0.00|0.00|13|55|129446.00|0.00|0.00|0.00|129446.00|68688.50|68688.50|0.00|1.67|0.00|41213.09|68688.50|68688.50
FPSUM|Domicilios|20|Domicilios|20|0.00|0.00|0|0|0.00|0|0.00|0|0|0|0|0|0.00|0.00|0.00|0|0|0|0.00|0|0.00|0|0.00|1|0.00|0|0.00|0|0.00|0|0.00|0|0.00|0.00|16|65|0.00|0.00|0.00|0.00|0.00|45926.17|45926.17|0.00|0.67|0.00|68889.22|45926.17|45926.17
FPSUM|Plataformas|21|Plataformas|21|78241.00|0.00|0|0|0.00|0|6259.00|1|0|0|0|0|0.00|0.00|0.00|0|0|0|0.00|0|0.00|0|0.00|0|84500.00|1|84500.00|1|0.00|0|0.00|0|0.00|0.00|18|74|78241.00|0.00|0.00|0.00|78241.00|8888.67|8888.67|0.00|0.33|0.00|26666.03|8888.67|8888.67
FPSUM|Domicilios|20|Domicilios|20|171389.00|0.00|0|0|0.00|0|13711.00|1|0|0|0|0|0.00|0.00|0.00|0|0|0|0.00|0|0.00|0|0.00|0|185100.00|1|0.00|0|0.00|0|0.00|0|0.00|0.00|13|56|171389.00|0.00|0.00|0.00|171389.00|38858.00|38858.00|0.00|1.33|0.00|29143.51|38858.00|38858.00
FPSUM|Plataformas|21|Plataformas|21|0.00|0.00|0|0|0.00|0|0.00|0|0|0|0|0|0.00|0.00|0.00|0|0|0|0.00|0|0.00|0|0.00|0|0.00|0|0.00|0|0.00|0|0.00|0|0.00|0.00|20|84|0.00|0.00|0.00|0.00|0.00|0.00|0.00|0.00|0.00|0.00|0.00|0.00|0.00
FPSUM|Domicilios|20|Domicilios|20|0.00|0.00|0|0|0.00|0|0.00|0|0|0|0|0|0.00|0.00|0.00|0|0|0|0.00|0|0.00|0|0.00|0|0.00|0|41000.00|1|0.00|0|0.00|0|0.00|0.00|20|84|0.00|0.00|0.00|0.00|0.00|0.00|0.00|0.00|0.00|0.00|0.00|0.00|0.00
FPSUM|Plataformas|21|Plataformas|21|79629.00|0.00|0|0|0.00|0|6371.00|2|0|0|0|0|0.00|0.00|0.00|0|0|0|0.00|0|0.00|0|0.00|0|86000.00|2|86000.00|2|0.00|0|0.00|0|0.00|0.00|19|79|79629.00|0.00|0.00|0.00|79629.00|0.00|0.00|0.00|0.00|0.00|0.00|0.00|0.00
FPSUM|Plataformas|21|Plataformas|21|162870.00|0.00|0|0|0.00|0|13030.00|2|0|0|0|0|0.00|0.00|0.00|0|0|0|37250.00|3|0.00|0|0.00|1|175900.00|2|69200.00|1|0.00|0|0.00|0|0.00|0.00|19|80|162870.00|0.00|0.00|0.00|162870.00|0.00|0.00|0.00|0.00|0.00|0.00|0.00|0.00
FPSUM|Domicilios|20|Domicilios|20|38519.00|0.00|0|0|0.00|0|3081.00|1|0|0|0|0|0.00|0.00|0.00|0|0|0|0.00|0|0.00|0|0.00|0|41600.00|1|41600.00|1|0.00|0|0.00|0|0.00|0.00|19|80|38519.00|0.00|0.00|0.00|38519.00|0.00|0.00|0.00|0.00|0.00|0.00|0.00|0.00
FPOT|Restaurante|1|Restaurante|1|OT1|1|Order Type Master 1|1|43519.00|4352.00|0.00|0|0.00|0|3481.00|1|0|0|0|0|0.00|0.00|0.00|0|0|0|0.00|0|0.00|0|0.00|0|51352.00|1|0.00|0|0.00|0|0.00|0|0.00|0.00|12|51|43519.00|0.00|0.00|0.00|43519.00|3564.83|3564.83|0.00|0.17|0.00|21388.96|3564.83|3564.83
FPOT|Restaurante|1|Restaurante|1|OT1|1|Order Type Master 1|1|115370.00|11537.00|0.00|0|0.00|0|9230.00|1|0|0|0|0|0.00|0.00|0.00|0|0|0|0.00|0|0.00|0|0.00|0|136137.00|1|0.00|0|0.00|0|0.00|0|0.00|0.00|18|74|115370.00|0.00|0.00|0.00|115370.00|12623.50|12623.50|0.00|0.17|0.00|75740.85|12623.50|12623.50
FPOT|Restaurante|1|Restaurante|1|OT1|1|Order Type Master 1|1|8519.00|852.00|0.00|0|0.00|0|681.00|0|0|0|0|0|0.00|0.00|0.00|0|0|0|0.00|0|0.00|0|0.00|0|10052.00|0|0.00|0|0.00|0|0.00|0|0.00|0.00|20|82|8519.00|0.00|0.00|0.00|8519.00|11172.83|11172.83|0.00|0.17|0.00|67036.87|11172.83|11172.83
FPOT|Restaurante|1|Restaurante|1|OT1|1|Order Type Master 1|1|39259.00|3926.00|0.00|0|0.00|0|3141.00|1|0|0|0|0|0.00|0.00|0.00|0|0|0|0.00|0|0.00|0|47528.00|1|46326.00|1|0.00|0|0.00|0|0.00|0|0.00|0.00|17|70|39259.00|0.00|0.00|0.00|39259.00|27608.33|27608.33|0.00|0.50|0.00|55216.67|27608.33|27608.33
FPOT|Restaurante|1|Restaurante|1|OT1|1|Order Type Master 1|1|6389.00|638.00|0.00|0|0.00|0|511.00|0|0|0|0|0|0.00|0.00|0.00|0|0|0|0.00|0|0.00|0|0.00|0|7538.00|0|276643.00|2|0.00|0|0.00|0|0.00|0.00|14|58|6389.00|0.00|0.00|0.00|6389.00|148102.17|148102.17|0.00|1.33|0.00|111076.65|148102.17|148102.17
FPOT|Domicilios|20|Domicilios|20|OT2|2|Order Type Master 2|2|0.00|0.00|0.00|0|0.00|0|0.00|0|0|0|0|0|0.00|0.00|0.00|0|0|0|0.00|0|0.00|0|75900.00|1|0.00|0|0.00|0|0.00|0|0.00|0|0.00|0.00|12|52|0.00|0.00|0.00|0.00|0.00|128658.00|128658.00|0.00|2.33|0.00|55139.15|128658.00|128658.00
FPOT|Plataformas|21|Plataformas|21|OT7|7|Order Type Master 7|7|73611.00|0.00|0.00|0|0.00|0|5889.00|1|0|0|0|0|0.00|0.00|0.00|0|0|0|0.00|0|0.00|0|0.00|0|79500.00|1|79500.00|1|0.00|0|0.00|0|0.00|0.00|12|52|73611.00|0.00|0.00|0.00|73611.00|38734.67|38734.67|0.00|0.67|0.00|58101.97|38734.67|38734.67
FPOT|Plataformas|21|Plataformas|21|OT7|7|Order Type Master 7|7|52038.00|0.00|0.00|0|0.00|0|4162.00|1|0|0|0|0|0.00|0.00|0.00|0|0|0|0.00|0|0.00|0|0.00|0|56200.00|1|56200.00|1|0.00|0|0.00|0|0.00|0.00|15|61|52038.00|0.00|0.00|0.00|52038.00|3518.50|3518.50|0.00|0.17|0.00|21110.96|3518.50|3518.50
FPOT|Restaurante|1|Restaurante|1|OT1|1|Order Type Master 1|1|24074.00|2407.00|0.00|0|0.00|0|1926.00|0|0|0|0|0|0.00|0.00|0.00|0|0|0|0.00|0|0.00|0|0.00|0|28411.00|0|46330.00|1|0.00|0|0.00|0|0.00|0.00|19|77|24074.00|0.00|0.00|0.00|24074.00|12962.83|12962.83|0.00|0.17|0.00|77776.84|12962.83|12962.83
FPOT|Domicilios|20|Domicilios|20|OT2|2|Order Type Master 2|2|80278.00|0.00|0.00|0|0.00|0|6422.00|2|0|0|0|0|0.00|0.00|0.00|0|0|0|15200.00|1|0.00|0|0.00|0|86700.00|2|86700.00|2|0.00|0|0.00|0|0.00|0.00|18|75|80278.00|0.00|0.00|0.00|80278.00|30277.83|30277.83|0.00|0.83|0.00|36333.41|30277.83|30277.83
FPOT|Domicilios|20|Domicilios|20|OT2|2|Order Type Master 2|2|24722.00|0.00|0.00|0|0.00|0|1978.00|1|0|0|0|0|0.00|0.00|0.00|0|0|0|0.00|0|0.00|0|0.00|0|26700.00|1|26700.00|1|0.00|0|0.00|0|0.00|0.00|20|81|24722.00|0.00|0.00|0.00|24722.00|35416.67|35416.67|0.00|0.50|0.00|70833.33|35416.67|35416.67
FPOT|Domicilios|20|Domicilios|20|OT2|2|Order Type Master 2|2|58704.00|0.00|0.00|0|0.00|0|4696.00|1|0|0|0|0|0.00|0.00|0.00|0|0|0|0.00|0|0.00|0|0.00|0|63400.00|1|63400.00|1|0.00|0|0.00|0|0.00|0.00|12|49|58704.00|0.00|0.00|0.00|58704.00|62376.33|62376.33|0.00|1.17|0.00|53465.41|62376.33|62376.33
FPOT|Plataformas|21|Plataformas|21|OT7|7|Order Type Master 7|7|78241.00|0.00|0.00|0|0.00|0|6259.00|1|0|0|0|0|0.00|0.00|0.00|0|0|0|0.00|0|0.00|0|0.00|0|84500.00|1|84500.00|1|0.00|0|0.00|0|0.00|0.00|18|74|78241.00|0.00|0.00|0.00|78241.00|8888.67|8888.67|0.00|0.33|0.00|26666.03|8888.67|8888.67
FPOT|Plataformas|21|Plataformas|21|OT7|7|Order Type Master 7|7|74352.00|0.00|0.00|0|0.00|0|5948.00|1|0|0|0|0|0.00|0.00|0.00|0|0|0|0.00|0|0.00|0|0.00|0|80300.00|1|0.00|0|0.00|0|0.00|0|0.00|0.00|13|56|74352.00|0.00|0.00|0.00|74352.00|26605.00|26605.00|0.00|0.50|0.00|53210.00|26605.00|26605.00
FPOT|Plataformas|21|Plataformas|21|OT7|7|Order Type Master 7|7|23333.00|0.00|0.00|0|0.00|0|1867.00|1|0|0|0|0|0.00|0.00|0.00|0|0|0|0.00|0|0.00|0|0.00|0|25200.00|1|0.00|0|0.00|0|0.00|0|0.00|0.00|17|71|23333.00|0.00|0.00|0.00|23333.00|11759.17|11759.17|0.00|0.17|0.00|70554.86|11759.17|11759.17
FPOT|Plataformas|21|Plataformas|21|OT7|7|Order Type Master 7|7|79629.00|0.00|0.00|0|0.00|0|6371.00|2|0|0|0|0|0.00|0.00|0.00|0|0|0|0.00|0|0.00|0|0.00|0|86000.00|2|86000.00|2|0.00|0|0.00|0|0.00|0.00|19|79|79629.00|0.00|0.00|0.00|79629.00|0.00|0.00|0.00|0.00|0.00|0.00|0.00|0.00
FPOT|Plataformas|21|Plataformas|21|OT7|7|Order Type Master 7|7|0.00|0.00|0.00|0|0.00|0|0.00|0|0|0|0|0|0.00|0.00|0.00|0|0|0|0.00|0|0.00|0|0.00|0|0.00|0|0.00|0|0.00|0|0.00|0|0.00|0.00|20|84|0.00|0.00|0.00|0.00|0.00|0.00|0.00|0.00|0.00|0.00|0.00|0.00|0.00
FPOT|Restaurante|1|Restaurante|1|OT1|1|Order Type Master 1|1|61575.00|6157.00|0.00|0|0.00|0|4925.00|1|0|0|0|0|0.00|0.00|0.00|0|0|0|0.00|0|0.00|0|0.00|0|72657.00|1|0.00|0|0.00|0|0.00|0|0.00|0.00|18|73|61575.00|0.00|0.00|0.00|61575.00|0.00|0.00|0.00|0.00|0.00|0.00|0.00|0.00
FPOT|Restaurante|1|Restaurante|1|OT1|1|Order Type Master 1|1|25556.00|2555.00|0.00|0|0.00|0|2044.00|1|0|0|0|0|0.00|0.00|0.00|0|0|0|0.00|0|0.00|0|0.00|0|30155.00|1|0.00|0|0.00|0|0.00|0|0.00|0.00|15|63|25556.00|0.00|0.00|0.00|25556.00|103518.50|103518.50|0.00|1.17|0.00|88730.12|103518.50|103518.50
FPOT|Domicilios|20|Domicilios|20|OT2|2|Order Type Master 2|2|129446.00|0.00|0.00|0|0.00|0|10354.00|2|0|0|0|0|0.00|0.00|0.00|0|0|0|0.00|0|0.00|0|0.00|0|139800.00|2|37900.00|1|0.00|0|0.00|0|0.00|0.00|13|55|129446.00|0.00|0.00|0.00|129446.00|68688.50|68688.50|0.00|1.67|0.00|41213.09|68688.50|68688.50
FPOT|Domicilios|20|Domicilios|20|OT2|2|Order Type Master 2|2|42686.00|0.00|0.00|0|0.00|0|3414.00|1|0|0|0|0|0.00|0.00|0.00|0|0|0|0.00|0|0.00|0|0.00|0|46100.00|1|46100.00|1|0.00|0|0.00|0|0.00|0.00|13|54|42686.00|0.00|0.00|0.00|42686.00|125864.33|125864.33|0.00|2.00|0.00|62932.17|125864.33|125864.33
FPOT|Domicilios|20|Domicilios|20|OT2|2|Order Type Master 2|2|43334.00|0.00|0.00|0|0.00|0|3466.00|1|0|0|0|0|0.00|0.00|0.00|0|0|0|53800.00|1|0.00|0|0.00|0|46800.00|1|46800.00|1|0.00|0|0.00|0|0.00|0.00|14|58|43334.00|0.00|0.00|0.00|43334.00|55879.50|55879.50|0.00|1.00|0.00|55879.50|55879.50|55879.50
FPOT|Restaurante|1|Restaurante|1|OT1|1|Order Type Master 1|1|48611.00|4861.00|0.00|0|0.00|0|3889.00|1|0|0|0|0|0.00|0.00|0.00|0|0|0|0.00|0|0.00|0|0.00|0|57361.00|1|0.00|0|0.00|0|0.00|0|0.00|0.00|19|78|48611.00|0.00|0.00|0.00|48611.00|38488.00|38488.00|0.00|0.50|0.00|76976.00|38488.00|38488.00
FPOT|Restaurante|1|Restaurante|1|OT1|1|Order Type Master 1|1|366203.00|36620.00|0.00|0|0.00|0|29297.00|0|0|0|0|0|0.00|0.00|0.00|0|0|0|0.00|0|0.00|0|0.00|0|432120.00|0|60967.00|1|0.00|0|0.00|0|0.00|0.00|13|56|366203.00|0.00|0.00|0.00|366203.00|104630.33|104630.33|0.00|1.50|0.00|69753.56|104630.33|104630.33
FPOT|Restaurante|1|Restaurante|1|OT1|1|Order Type Master 1|1|0.00|0.00|0.00|0|0.00|0|0.00|0|0|0|0|0|0.00|0.00|0.00|0|0|0|0.00|0|0.00|0|0.00|0|0.00|0|30155.00|1|0.00|0|0.00|0|0.00|0.00|15|64|0.00|0.00|0.00|0.00|0.00|144244.67|144244.67|0.00|1.50|0.00|96163.11|144244.67|144244.67
FPOT|Restaurante|1|Restaurante|1|OT1|1|Order Type Master 1|1|108150.00|10815.00|-54797.00|3|0.00|0|8650.00|1|0|0|0|0|0.00|0.00|0.00|0|0|0|0.00|0|0.00|0|0.00|0|127615.00|1|66102.00|1|0.00|0|0.00|0|0.00|-3985.00|14|57|108150.00|0.00|0.00|0.00|108150.00|145895.50|145895.50|0.00|1.17|0.00|125053.25|145895.50|145895.50
FPOT|Plataformas|21|Plataformas|21|OT7|7|Order Type Master 7|7|84723.00|0.00|0.00|0|0.00|0|6777.00|2|0|0|0|0|0.00|0.00|0.00|0|0|0|0.00|0|0.00|0|0.00|0|91500.00|2|28100.00|1|0.00|0|0.00|0|0.00|0.00|12|50|84723.00|0.00|0.00|0.00|84723.00|110664.17|110664.17|0.00|1.17|0.00|94854.97|110664.17|110664.17
FPOT|Plataformas|21|Plataformas|21|OT7|7|Order Type Master 7|7|72778.00|0.00|0.00|0|0.00|0|5822.00|1|0|0|0|0|0.00|0.00|0.00|0|0|0|37250.00|3|0.00|0|0.00|0|78600.00|1|0.00|0|0.00|0|0.00|0|0.00|0.00|11|47|72778.00|0.00|0.00|0.00|72778.00|21342.67|21342.67|0.00|0.33|0.00|64028.06|21342.67|21342.67
FPOT|Plataformas|21|Plataformas|21|OT7|7|Order Type Master 7|7|0.00|0.00|0.00|0|0.00|0|0.00|0|0|0|0|0|0.00|0.00|0.00|0|0|0|0.00|0|0.00|0|0.00|0|0.00|0|106700.00|1|0.00|0|0.00|0|0.00|0.00|20|82|0.00|0.00|0.00|0.00|0.00|17608.00|17608.00|0.00|0.33|0.00|52824.05|17608.00|17608.00
FPOT|Plataformas|21|Plataformas|21|OT7|7|Order Type Master 7|7|0.00|0.00|0.00|0|0.00|0|0.00|0|0|0|0|0|0.00|0.00|0.00|0|0|0|0.00|0|0.00|0|0.00|1|0.00|0|0.00|0|0.00|0|0.00|0|0.00|0.00|16|67|0.00|0.00|0.00|0.00|0.00|0.00|0.00|0.00|0.00|0.00|0.00|0.00|0.00
FPOT|Restaurante|1|Restaurante|1|OT1|1|Order Type Master 1|1|58334.00|5834.00|0.00|0|0.00|0|4666.00|1|0|0|0|0|0.00|0.00|0.00|0|0|0|0.00|0|0.00|0|0.00|0|68834.00|1|0.00|0|0.00|0|0.00|0|0.00|0.00|13|55|58334.00|0.00|0.00|0.00|58334.00|41373.67|41373.67|0.00|0.33|0.00|124121.12|41373.67|41373.67
FPOT|Restaurante|1|Restaurante|1|OT1|1|Order Type Master 1|1|0.00|0.00|0.00|0|0.00|0|0.00|0|0|0|0|0|0.00|0.00|0.00|0|0|0|0.00|0|0.00|0|0.00|0|0.00|0|472546.00|2|0.00|0|0.00|0|0.00|0.00|14|59|0.00|0.00|0.00|0.00|0.00|110015.50|110015.50|0.00|0.83|0.00|132018.65|110015.50|110015.50
FPOT|Restaurante|1|Restaurante|1|OT1|1|Order Type Master 1|1|214723.00|21472.00|0.00|0|0.00|0|17177.00|2|0|0|0|0|0.00|0.00|0.00|0|0|0|0.00|0|0.00|0|0.00|0|253371.00|2|221904.00|2|0.00|0|0.00|0|0.00|0.00|20|81|214723.00|0.00|0.00|0.00|214723.00|13595.67|13595.67|0.00|0.17|0.00|81573.84|13595.67|13595.67
FPOT|Restaurante|1|Restaurante|1|OT1|1|Order Type Master 1|1|78611.00|7861.00|0.00|0|0.00|0|6289.00|0|0|0|0|0|0.00|0.00|0.00|0|0|0|0.00|0|0.00|0|9615.00|2|92761.00|0|81726.00|1|0.00|0|0.00|0|0.00|0.00|20|83|78611.00|0.00|0.00|0.00|78611.00|22623.33|22623.33|0.00|0.33|0.00|67870.07|22623.33|22623.33
FPOT|Restaurante|1|Restaurante|1|OT1|1|Order Type Master 1|1|301207.00|30120.00|0.00|0|0.00|0|24093.00|2|0|0|0|0|0.00|0.00|0.00|0|0|0|0.00|0|0.00|0|0.00|0|355418.00|2|187050.00|2|0.00|0|0.00|0|0.00|0.00|13|53|301207.00|0.00|0.00|0.00|301207.00|162037.83|162037.83|0.00|1.00|0.00|162037.83|162037.83|162037.83
FPOT|Restaurante|1|Restaurante|1|OT1|1|Order Type Master 1|1|0.00|0.00|0.00|0|0.00|0|0.00|0|0|0|0|0|0.00|0.00|0.00|0|0|0|0.00|0|0.00|0|0.00|1|0.00|0|274459.00|1|0.00|0|0.00|0|0.00|0.00|20|84|0.00|0.00|0.00|0.00|0.00|0.00|0.00|0.00|0.00|0.00|0.00|0.00|0.00
FPOT|Domicilios|20|Domicilios|20|OT2|2|Order Type Master 2|2|0.00|0.00|0.00|0|0.00|0|0.00|0|0|0|0|0|0.00|0.00|0.00|0|0|0|0.00|0|0.00|0|0.00|0|0.00|0|41000.00|1|0.00|0|0.00|0|0.00|0.00|20|84|0.00|0.00|0.00|0.00|0.00|0.00|0.00|0.00|0.00|0.00|0.00|0.00|0.00
FPOT|Domicilios|20|Domicilios|20|OT2|2|Order Type Master 2|2|171389.00|0.00|0.00|0|0.00|0|13711.00|1|0|0|0|0|0.00|0.00|0.00|0|0|0|0.00|0|0.00|0|0.00|0|185100.00|1|0.00|0|0.00|0|0.00|0|0.00|0.00|13|56|171389.00|0.00|0.00|0.00|171389.00|38858.00|38858.00|0.00|1.33|0.00|29143.51|38858.00|38858.00
FPOT|Domicilios|20|Domicilios|20|OT2|2|Order Type Master 2|2|9544.00|0.00|0.00|0|0.00|0|956.00|1|0|0|0|0|0.00|0.00|0.00|0|0|0|0.00|0|0.00|0|0.00|0|10500.00|1|10500.00|1|0.00|0|0.00|0|0.00|0.00|20|83|11944.00|-2400.00|0.00|0.00|9544.00|0.00|0.00|0.00|0.00|0.00|0.00|0.00|0.00
FPOT|Plataformas|21|Plataformas|21|OT7|7|Order Type Master 7|7|162870.00|0.00|0.00|0|0.00|0|13030.00|2|0|0|0|0|0.00|0.00|0.00|0|0|0|37250.00|3|0.00|0|0.00|1|175900.00|2|69200.00|1|0.00|0|0.00|0|0.00|0.00|19|80|162870.00|0.00|0.00|0.00|162870.00|0.00|0.00|0.00|0.00|0.00|0.00|0.00|0.00
FPOT|Restaurante|1|Restaurante|1|OT1|1|Order Type Master 1|1|51297.00|5129.00|0.00|0|0.00|0|4103.00|1|0|0|0|0|0.00|0.00|0.00|0|0|0|0.00|0|0.00|0|0.00|0|60529.00|1|0.00|0|0.00|0|0.00|0|0.00|0.00|17|72|51297.00|0.00|0.00|0.00|51297.00|0.00|0.00|0.00|0.00|0.00|0.00|0.00|0.00
FPOT|Restaurante|1|Restaurante|1|OT1|1|Order Type Master 1|1|0.00|0.00|0.00|0|0.00|0|0.00|0|0|0|0|0|0.00|0.00|0.00|0|0|0|0.00|0|0.00|0|0.00|1|0.00|0|133186.00|2|0.00|0|0.00|0|0.00|0.00|18|75|0.00|0.00|0.00|0.00|0.00|32284.17|32284.17|0.00|0.33|0.00|96852.60|32284.17|32284.17
FPOT|Restaurante|1|Restaurante|1|OT1|1|Order Type Master 1|1|0.00|0.00|0.00|0|0.00|0|0.00|0|0|0|0|0|0.00|0.00|0.00|0|0|0|0.00|0|0.00|0|0.00|0|0.00|0|190001.00|1|0.00|0|0.00|0|0.00|0.00|15|61|0.00|0.00|0.00|0.00|0.00|89553.00|89553.00|0.00|0.67|0.00|134329.43|89553.00|89553.00
FPOT|Domicilios|20|Domicilios|20|OT2|2|Order Type Master 2|2|38519.00|0.00|0.00|0|0.00|0|3081.00|1|0|0|0|0|0.00|0.00|0.00|0|0|0|0.00|0|0.00|0|0.00|0|41600.00|1|41600.00|1|0.00|0|0.00|0|0.00|0.00|19|80|38519.00|0.00|0.00|0.00|38519.00|0.00|0.00|0.00|0.00|0.00|0.00|0.00|0.00
FPOT|Domicilios|20|Domicilios|20|OT2|2|Order Type Master 2|2|32408.00|26573.00|0.00|0|0.00|0|2592.00|1|0|0|0|0|0.00|0.00|0.00|0|0|0|0.00|0|0.00|0|0.00|0|61568.00|1|348568.00|3|0.00|0|0.00|0|0.00|0.00|14|59|32408.00|0.00|0.00|0.00|32408.00|32191.50|32191.50|0.00|0.50|0.00|64383.00|32191.50|32191.50
FPOT|Domicilios|20|Domicilios|20|OT2|2|Order Type Master 2|2|37963.00|0.00|0.00|0|0.00|0|3037.00|1|0|0|0|0|0.00|0.00|0.00|0|0|0|0.00|0|0.00|0|0.00|0|41000.00|1|0.00|0|0.00|0|0.00|0|0.00|0.00|14|57|37963.00|0.00|0.00|0.00|37963.00|84676.17|84676.17|0.00|1.17|0.00|72579.55|84676.17|84676.17
FPOT|Domicilios|20|Domicilios|20|OT2|2|Order Type Master 2|2|0.00|0.00|0.00|0|0.00|0|0.00|0|0|0|0|0|0.00|0.00|0.00|0|0|0|0.00|0|0.00|0|7400.00|1|0.00|0|0.00|0|0.00|0|0.00|0|0.00|0.00|17|72|0.00|0.00|0.00|0.00|0.00|28024.83|28024.83|0.00|0.17|0.00|168148.66|28024.83|28024.83
FPOT|Domicilios|20|Domicilios|20|OT2|2|Order Type Master 2|2|48426.00|0.00|0.00|0|0.00|0|3874.00|1|0|0|0|0|0.00|0.00|0.00|0|0|0|0.00|0|0.00|0|0.00|0|52300.00|1|52300.00|1|0.00|0|0.00|0|0.00|0.00|12|51|48426.00|0.00|0.00|0.00|48426.00|6620.50|6620.50|0.00|0.50|0.00|13241.00|6620.50|6620.50
FPOT|Plataformas|21|Plataformas|21|OT7|7|Order Type Master 7|7|0.00|0.00|0.00|0|0.00|0|0.00|0|0|0|0|0|0.00|0.00|0.00|0|0|0|0.00|0|0.00|0|0.00|1|0.00|0|25200.00|1|0.00|0|0.00|0|0.00|0.00|18|73|0.00|0.00|0.00|0.00|0.00|17006.33|17006.33|0.00|0.33|0.00|51019.05|17006.33|17006.33
FPOT|Plataformas|21|Plataformas|21|OT7|7|Order Type Master 7|7|58056.00|0.00|0.00|0|0.00|0|4644.00|1|0|0|0|0|0.00|0.00|0.00|0|0|0|0.00|0|0.00|0|0.00|0|62700.00|1|126100.00|2|0.00|0|0.00|0|0.00|0.00|12|51|58056.00|0.00|0.00|0.00|58056.00|38349.00|38349.00|0.00|1.00|0.00|38349.00|38349.00|38349.00
FPOT|Restaurante|1|Restaurante|1|OT1|1|Order Type Master 1|1|178335.00|17832.00|0.00|0|0.00|0|14265.00|4|0|0|0|0|0.00|0.00|0.00|0|0|0|0.00|0|0.00|0|0.00|0|210432.00|4|0.00|0|0.00|0|0.00|0|0.00|0.00|13|54|178335.00|0.00|0.00|0.00|178335.00|83334.17|83334.17|0.00|1.00|0.00|83334.17|83334.17|83334.17
FPOT|Domicilios|20|Domicilios|20|OT2|2|Order Type Master 2|2|0.00|0.00|0.00|0|0.00|0|0.00|0|0|0|0|0|0.00|0.00|0.00|0|0|0|0.00|0|0.00|0|0.00|1|0.00|0|0.00|0|0.00|0|0.00|0|0.00|0.00|16|65|0.00|0.00|0.00|0.00|0.00|45926.17|45926.17|0.00|0.67|0.00|68889.22|45926.17|45926.17
FPOT|Domicilios|20|Domicilios|20|OT2|2|Order Type Master 2|2|26667.00|0.00|0.00|0|0.00|0|2133.00|1|0|0|0|0|0.00|0.00|0.00|0|0|0|0.00|0|0.00|0|0.00|0|28800.00|1|28800.00|1|0.00|0|0.00|0|0.00|0.00|18|76|26667.00|0.00|0.00|0.00|26667.00|11836.50|11836.50|0.00|0.33|0.00|35509.54|11836.50|11836.50
FPOT|Plataformas|21|Plataformas|21|OT7|7|Order Type Master 7|7|0.00|0.00|0.00|0|0.00|0|0.00|0|0|0|0|0|0.00|0.00|0.00|0|0|0|0.00|0|0.00|0|0.00|0|0.00|0|80300.00|1|0.00|0|0.00|0|0.00|0.00|14|57|0.00|0.00|0.00|0.00|0.00|11851.83|11851.83|0.00|0.33|0.00|35555.54|11851.83|11851.83
FPOT|Plataformas|21|Plataformas|21|OT7|7|Order Type Master 7|7|38611.00|0.00|0.00|0|0.00|0|3089.00|1|0|0|0|0|0.00|0.00|0.00|0|0|0|0.00|0|0.00|0|0.00|2|41700.00|1|120300.00|2|0.00|0|0.00|0|0.00|0.00|11|48|38611.00|0.00|0.00|0.00|38611.00|38595.83|38595.83|0.00|0.50|0.00|77191.67|38595.83|38595.83
FPOT|Domicilios|20|Domicilios|20|OT2|2|Order Type Master 2|2|106113.00|0.00|0.00|0|0.00|0|8487.00|2|0|0|0|0|0.00|0.00|0.00|0|0|0|0.00|0|0.00|0|0.00|0|114600.00|2|114600.00|2|0.00|0|0.00|0|0.00|0.00|12|50|106113.00|0.00|0.00|0.00|106113.00|22376.50|22376.50|0.00|0.67|0.00|33564.73|22376.50|22376.50
FPOT|Domicilios|20|Domicilios|20|OT2|2|Order Type Master 2|2|0.00|0.00|0.00|0|0.00|0|0.00|0|0|0|0|0|0.00|0.00|0.00|0|0|0|0.00|0|0.00|0|0.00|1|0.00|0|0.00|0|0.00|0|0.00|0|0.00|0.00|16|67|0.00|0.00|0.00|0.00|0.00|44568.00|44568.00|0.00|0.83|0.00|53481.62|44568.00|44568.00
FPMI|Restaurante|1|Restaurante|1|AGUA MANANTIAL SIN GAS 500 ML| |9606135|AGUA MANANTIAL SIN GAS 500 ML| |9606135|Major Group 20|20|Major Group 20|20|Family Group 3000|3000|Family Group 3000|3000|OT1|1|Order Type Master 1|1|8148.00|0.00|8148.00|0.00|0.00|0.00|8148.00|0.00|8148.00|1|8148.00|1|0|0.00|0.00|0.00|56|13
FPMI|Restaurante|1|Restaurante|1|AGUA MANANTIAL SIN GAS 500 ML| |9606135|AGUA MANANTIAL SIN GAS 500 ML| |9606135|Major Group 20|20|Major Group 20|20|Family Group 3000|3000|Family Group 3000|3000|OT1|1|Order Type Master 1|1|8148.00|0.00|8148.00|0.00|0.00|0.00|8148.00|0.00|8148.00|1|8148.00|1|0|0.00|0.00|0.00|54|13
FPMI|Restaurante|1|Restaurante|1|LIMONADA DE PANELA| |9604067|LIMONADA DE PANELA| |9604067|Major Group 20|20|Major Group 20|20|Family Group 3000|3000|Family Group 3000|3000|OT1|1|Order Type Master 1|1|9074.00|0.00|9074.00|0.00|0.00|0.00|9074.00|0.00|9074.00|1|9074.00|1|0|0.00|0.00|0.00|81|20
FPMI|Restaurante|1|Restaurante|1|GASEOSA 400 ml| |9606131|GASEOSA 400 ml| |9606131|Major Group 20|20|Major Group 20|20|Family Group 3000|3000|Family Group 3000|3000|OT1|1|Order Type Master 1|1|7593.00|0.00|7593.00|0.00|0.00|0.00|7593.00|0.00|7593.00|1|7593.00|1|0|0.00|0.00|0.00|57|14
FPMI|Restaurante|1|Restaurante|1|JUGO DE MORA EN AGUA| |9604108|JUGO DE MORA EN AGUA| |9604108|Major Group 20|20|Major Group 20|20|Family Group 3000|3000|Family Group 3000|3000|OT1|1|Order Type Master 1|1|10093.00|0.00|10093.00|0.00|0.00|0.00|10093.00|0.00|10093.00|1|10093.00|1|0|0.00|0.00|0.00|83|20
FPMI|Restaurante|1|Restaurante|1|CERVEZA CLUB COLOMBIA| |9608004|CERVEZA CLUB COLOMBIA| |9608004|Major Group 20|20|Major Group 20|20|Family Group 3000|3000|Family Group 3000|3000|OT1|1|Order Type Master 1|1|11296.00|0.00|11296.00|0.00|0.00|0.00|11296.00|0.00|11296.00|1|11296.00|1|0|0.00|0.00|0.00|74|18
FPMI|Domicilios|20|Domicilios|20|GASEOSA 400 ml| |9606131|GASEOSA 400 ml| |9606131|Major Group 20|20|Major Group 20|20|Family Group 3000|3000|Family Group 3000|3000|OT2|2|Order Type Master 2|2|7593.00|0.00|7593.00|0.00|0.00|0.00|7593.00|0.00|7593.00|73|7593.00|1|0|0.00|0.00|0.00|58|14
FPMI|Domicilios|20|Domicilios|20|LIMONADA NATURAL| |9604060|LIMONADA NATURAL| |9604060|Major Group 20|20|Major Group 20|20|Family Group 3000|3000|Family Group 3000|3000|OT2|2|Order Type Master 2|2|8519.00|0.00|8519.00|0.00|0.00|0.00|8519.00|0.00|8519.00|73|8519.00|1|0|0.00|0.00|0.00|56|13
FPMI|Domicilios|20|Domicilios|20|GASEOSA 400 ml| |9606131|GASEOSA 400 ml| |9606131|Major Group 20|20|Major Group 20|20|Family Group 3000|3000|Family Group 3000|3000|OT2|2|Order Type Master 2|2|7593.00|0.00|7593.00|0.00|0.00|0.00|7593.00|0.00|7593.00|73|7593.00|1|0|0.00|0.00|0.00|56|13
FPMI|Domicilios|20|Domicilios|20|CERVEZA CLUB COLOMBIA| |9608004|CERVEZA CLUB COLOMBIA| |9608004|Major Group 20|20|Major Group 20|20|Family Group 3000|3000|Family Group 3000|3000|OT2|2|Order Type Master 2|2|11296.00|0.00|11296.00|0.00|0.00|0.00|11296.00|0.00|11296.00|73|11296.00|1|0|0.00|0.00|0.00|56|13
FPMI|Restaurante|1|Restaurante|1|COMO ENTRADA| |90000038|COMO ENTRADA| |90000038|Major Group 10|10|Major Group 10|10|Family Group 1008|1008|Family Group 1008|1008|OT1|1|Order Type Master 1|1|0.00|0.00|0.00|0.00|0.00|0.00|0.00|0.00|0.00|25|0.00|1|0|0.00|0.00|0.00|78|19
FPMI|Restaurante|1|Restaurante|1|PATACON CON HOGAO| |9524044|PATACON CON HOGAO| |9524044|Major Group 10|10|Major Group 10|10|Family Group 1008|1008|Family Group 1008|1008|OT1|1|Order Type Master 1|1|10000.00|0.00|10000.00|0.00|0.00|0.00|10000.00|0.00|10000.00|1|10000.00|1|0|0.00|0.00|0.00|70|17
FPMI|Restaurante|1|Restaurante|1|PECHUGA A LA PARRILLA 230 gr ENSALADA | |9506091|PECHUGA A LA PARRILLA 230 gr ENSALADA | |9506091|Major Group 10|10|Major Group 10|10|Family Group 1008|1008|Family Group 1008|1008|OT1|1|Order Type Master 1|1|24815.00|0.00|24815.00|0.00|0.00|0.00|24815.00|0.00|24815.00|1|24815.00|1|0|0.00|0.00|0.00|56|13
FPMI|Restaurante|1|Restaurante|1|BISTEC CHURRASCO 250 gr CASCO| |9502344|BISTEC CHURRASCO 250 gr CASCO| |9502344|Major Group 10|10|Major Group 10|10|Family Group 1008|1008|Family Group 1008|1008|OT1|1|Order Type Master 1|1|55370.00|0.00|55370.00|0.00|0.00|0.00|55370.00|0.00|55370.00|1|55370.00|1|0|0.00|0.00|0.00|56|13
FPMI|Restaurante|1|Restaurante|1|CHULETA DE CERDO 300 gr ENSALADA| |9502381|CHULETA DE CERDO 300 gr ENSALADA| |9502381|Major Group 10|10|Major Group 10|10|Family Group 1008|1008|Family Group 1008|1008|OT1|1|Order Type Master 1|1|35000.00|0.00|35000.00|0.00|0.00|0.00|35000.00|0.00|35000.00|1|35000.00|1|0|0.00|0.00|0.00|51|12
FPMI|Restaurante|1|Restaurante|1|SALMON A LA PLANCHA 200 gr ENSALADA| |9504162|SALMON A LA PLANCHA 200 gr ENSALADA| |9504162|Major Group 10|10|Major Group 10|10|Family Group 1008|1008|Family Group 1008|1008|OT1|1|Order Type Master 1|1|-49815.00|0.00|-49815.00|0.00|0.00|0.00|-49815.00|0.00|-49815.00|1|-49815.00|-1|0|0.00|0.00|0.00|57|14
FPMI|Restaurante|1|Restaurante|1|PUNTA DE ANCA 250 gr CHIPS| |9502430|PUNTA DE ANCA 250 gr CHIPS| |9502430|Major Group 10|10|Major Group 10|10|Family Group 1008|1008|Family Group 1008|1008|OT1|1|Order Type Master 1|1|54444.00|0.00|54444.00|0.00|0.00|0.00|54444.00|0.00|54444.00|1|54444.00|1|0|0.00|0.00|0.00|74|18
FPMI|Restaurante|1|Restaurante|1|MADURITOS| |9500252|MADURITOS| |9500252|Major Group 10|10|Major Group 10|10|Family Group 1008|1008|Family Group 1008|1008|OT1|1|Order Type Master 1|1|3426.00|0.00|3426.00|0.00|0.00|0.00|3426.00|0.00|3426.00|1|3426.00|1|0|0.00|0.00|0.00|57|14
FPMI|Domicilios|20|Domicilios|20|CAZUELA DE FRIJOLES| |9520032|CAZUELA DE FRIJOLES| |9520032|Major Group 10|10|Major Group 10|10|Family Group 1008|1008|Family Group 1008|1008|OT2|2|Order Type Master 2|2|36852.00|0.00|36852.00|0.00|0.00|0.00|36852.00|0.00|36852.00|73|36852.00|1|0|0.00|0.00|0.00|51|12
FPMI|Domicilios|20|Domicilios|20|EMPANADA CACHACA| |9528008|EMPANADA CACHACA| |9528008|Major Group 10|10|Major Group 10|10|Family Group 1008|1008|Family Group 1008|1008|OT2|2|Order Type Master 2|2|12222.00|0.00|12222.00|0.00|0.00|0.00|12222.00|0.00|12222.00|73|12222.00|2|0|0.00|0.00|0.00|49|12
FPMI|Domicilios|20|Domicilios|20|BISTEC CHURRASCO 250 gr FRANCESA| |9502342|BISTEC CHURRASCO 250 gr FRANCESA| |9502342|Major Group 10|10|Major Group 10|10|Family Group 1008|1008|Family Group 1008|1008|OT2|2|Order Type Master 2|2|55370.00|0.00|55370.00|0.00|0.00|0.00|55370.00|0.00|55370.00|73|55370.00|1|0|0.00|0.00|0.00|56|13
FPMI|Domicilios|20|Domicilios|20|TORTA MILKYWAY| |9514163|TORTA MILKYWAY| |9514163|Major Group 10|10|Major Group 10|10|Family Group 1008|1008|Family Group 1008|1008|OT2|2|Order Type Master 2|2|11944.00|-2400.00|9544.00|0.00|0.00|0.00|11944.00|-2400.00|9544.00|73|11944.00|1|0|0.00|0.00|0.00|83|20
FPMI|Domicilios|20|Domicilios|20|Mod CocaCola Zero 400ml| |980000103|Mod CocaCola Zero 400ml| |980000103|Major Group 10|10|Major Group 10|10|Family Group 1008|1008|Family Group 1008|1008|OT2|2|Order Type Master 2|2|0.00|0.00|0.00|0.00|0.00|0.00|0.00|0.00|0.00|1|0.00|1|0|0.00|0.00|0.00|54|13
FPMI|Plataformas|21|Plataformas|21|Mod 3/4| |980000004|Mod 3/4| |980000004|Major Group 10|10|Major Group 10|10|Family Group 1008|1008|Family Group 1008|1008|OT7|7|Order Type Master 7|7|0.00|0.00|0.00|0.00|0.00|0.00|0.00|0.00|0.00|1|0.00|1|0|0.00|0.00|0.00|80|19
FPMI|Plataformas|21|Plataformas|21|COMBO HAMBURGUESA MILAGROSA 180 gr BOT| |9508039|COMBO HAMBURGUESA MILAGROSA 180 gr BOT| |9508039|Major Group 10|10|Major Group 10|10|Family Group 1008|1008|Family Group 1008|1008|OT7|7|Order Type Master 7|7|35463.00|0.00|35463.00|0.00|0.00|0.00|35463.00|0.00|35463.00|153|35463.00|1|0|0.00|0.00|0.00|80|19
FPMI|Plataformas|21|Plataformas|21|CAZUELA DE FRIJOLES| |9520032|CAZUELA DE FRIJOLES| |9520032|Major Group 10|10|Major Group 10|10|Family Group 1008|1008|Family Group 1008|1008|OT7|7|Order Type Master 7|7|38611.00|0.00|38611.00|0.00|0.00|0.00|38611.00|0.00|38611.00|153|38611.00|1|0|0.00|0.00|0.00|56|13
FPMI|Restaurante|1|Restaurante|1|AGUA MANANTIAL CON GAS 300 ML| |9606136|AGUA MANANTIAL CON GAS 300 ML| |9606136|Major Group 20|20|Major Group 20|20|Family Group 3000|3000|Family Group 3000|3000|OT1|1|Order Type Master 1|1|6389.00|0.00|6389.00|0.00|0.00|0.00|6389.00|0.00|6389.00|1|6389.00|1|0|0.00|0.00|0.00|78|19
FPMI|Restaurante|1|Restaurante|1|CERVEZA CLUB COLOMBIA| |9608004|CERVEZA CLUB COLOMBIA| |9608004|Major Group 20|20|Major Group 20|20|Family Group 3000|3000|Family Group 3000|3000|OT1|1|Order Type Master 1|1|11296.00|0.00|11296.00|0.00|0.00|0.00|11296.00|0.00|11296.00|1|11296.00|1|0|0.00|0.00|0.00|77|19
FPMI|Restaurante|1|Restaurante|1|AGUA MANANTIAL CON GAS 300 ML CON LIMON| |9606138|AGUA MANANTIAL CON GAS 300 ML CON LIMON| |9606138|Major Group 20|20|Major Group 20|20|Family Group 3000|3000|Family Group 3000|3000|OT1|1|Order Type Master 1|1|13704.00|0.00|13704.00|0.00|0.00|0.00|13704.00|0.00|13704.00|1|13704.00|2|0|0.00|0.00|0.00|55|13
FPMI|Restaurante|1|Restaurante|1|AGUA MANANTIAL CON GAS 300 ML| |9606136|AGUA MANANTIAL CON GAS 300 ML| |9606136|Major Group 20|20|Major Group 20|20|Family Group 3000|3000|Family Group 3000|3000|OT1|1|Order Type Master 1|1|6389.00|0.00|6389.00|0.00|0.00|0.00|6389.00|0.00|6389.00|1|6389.00|1|0|0.00|0.00|0.00|58|14
FPMI|Restaurante|1|Restaurante|1|JUGO DE MANDARINA| |9604044|JUGO DE MANDARINA| |9604044|Major Group 20|20|Major Group 20|20|Family Group 3000|3000|Family Group 3000|3000|OT1|1|Order Type Master 1|1|14074.00|0.00|14074.00|0.00|0.00|0.00|14074.00|0.00|14074.00|1|14074.00|1|0|0.00|0.00|0.00|81|20
FPMI|Domicilios|20|Domicilios|20|JUGO DE LULO EN AGUA| |9604216|JUGO DE LULO EN AGUA| |9604216|Major Group 20|20|Major Group 20|20|Family Group 3000|3000|Family Group 3000|3000|OT2|2|Order Type Master 2|2|10093.00|0.00|10093.00|0.00|0.00|0.00|10093.00|0.00|10093.00|73|10093.00|1|0|0.00|0.00|0.00|55|13
FPMI|Domicilios|20|Domicilios|20|AROMATICA| |9602088|AROMATICA| |9602088|Major Group 20|20|Major Group 20|20|Family Group 3000|3000|Family Group 3000|3000|OT2|2|Order Type Master 2|2|4537.00|0.00|4537.00|0.00|0.00|0.00|4537.00|0.00|4537.00|73|4537.00|1|0|0.00|0.00|0.00|81|20
FPMI|Plataformas|21|Plataformas|21|GASEOSA 400 ml| |9606131|GASEOSA 400 ml| |9606131|Major Group 20|20|Major Group 20|20|Family Group 3000|3000|Family Group 3000|3000|OT7|7|Order Type Master 7|7|7963.00|0.00|7963.00|0.00|0.00|0.00|7963.00|0.00|7963.00|153|7963.00|1|0|0.00|0.00|0.00|52|12
FPMI|Restaurante|1|Restaurante|1|CHURRASCO 250 gr CASCO| |9502106|CHURRASCO 250 gr CASCO| |9502106|Major Group 10|10|Major Group 10|10|Family Group 1008|1008|Family Group 1008|1008|OT1|1|Order Type Master 1|1|51667.00|0.00|51667.00|0.00|0.00|0.00|51667.00|0.00|51667.00|1|51667.00|1|0|0.00|0.00|0.00|56|13
FPMI|Restaurante|1|Restaurante|1|ENSALADA FRESCA ACOMPANAMIENTO| |9500164|ENSALADA FRESCA ACOMPANAMIENTO| |9500164|Major Group 10|10|Major Group 10|10|Family Group 1008|1008|Family Group 1008|1008|OT1|1|Order Type Master 1|1|7222.00|0.00|7222.00|0.00|0.00|0.00|7222.00|0.00|7222.00|1|7222.00|1|0|0.00|0.00|0.00|56|13
FPMI|Restaurante|1|Restaurante|1|CHICHARRON 90 gr| |9528024|CHICHARRON 90 gr| |9528024|Major Group 10|10|Major Group 10|10|Family Group 1008|1008|Family Group 1008|1008|OT1|1|Order Type Master 1|1|53334.00|0.00|53334.00|0.00|0.00|0.00|53334.00|0.00|53334.00|1|53334.00|2|0|0.00|0.00|0.00|53|13
FPMI|Restaurante|1|Restaurante|1|CALENTADO PAISA| |9518008|CALENTADO PAISA| |9518008|Major Group 10|10|Major Group 10|10|Family Group 1008|1008|Family Group 1008|1008|OT1|1|Order Type Master 1|1|35093.00|0.00|35093.00|0.00|0.00|0.00|35093.00|0.00|35093.00|1|35093.00|1|0|0.00|0.00|0.00|53|13
FPMI|Restaurante|1|Restaurante|1|CUCHUCO CON ESPINAZO| |9520020|CUCHUCO CON ESPINAZO| |9520020|Major Group 10|10|Major Group 10|10|Family Group 1008|1008|Family Group 1008|1008|OT1|1|Order Type Master 1|1|34167.00|0.00|34167.00|0.00|0.00|0.00|34167.00|0.00|34167.00|1|34167.00|1|0|0.00|0.00|0.00|57|14
FPMI|Domicilios|20|Domicilios|20|CHICHARRON 90 gr| |9528024|CHICHARRON 90 gr| |9528024|Major Group 10|10|Major Group 10|10|Family Group 1008|1008|Family Group 1008|1008|OT2|2|Order Type Master 2|2|26667.00|0.00|26667.00|0.00|0.00|0.00|26667.00|0.00|26667.00|73|26667.00|1|0|0.00|0.00|0.00|76|18
FPMI|Domicilios|20|Domicilios|20|MADURITOS| |9500252|MADURITOS| |9500252|Major Group 10|10|Major Group 10|10|Family Group 1008|1008|Family Group 1008|1008|OT2|2|Order Type Master 2|2|3426.00|0.00|3426.00|0.00|0.00|0.00|3426.00|0.00|3426.00|73|3426.00|1|0|0.00|0.00|0.00|51|12
FPMI|Domicilios|20|Domicilios|20|Mod CocaCola Zero 400ml| |980000103|Mod CocaCola Zero 400ml| |980000103|Major Group 10|10|Major Group 10|10|Family Group 1008|1008|Family Group 1008|1008|OT2|2|Order Type Master 2|2|0.00|0.00|0.00|0.00|0.00|0.00|0.00|0.00|0.00|1|0.00|1|0|0.00|0.00|0.00|58|14
FPMI|Domicilios|20|Domicilios|20|Mod CocaCola Original 400ml| |980000102|Mod CocaCola Original 400ml| |980000102|Major Group 10|10|Major Group 10|10|Family Group 1008|1008|Family Group 1008|1008|OT2|2|Order Type Master 2|2|0.00|0.00|0.00|0.00|0.00|0.00|0.00|0.00|0.00|1|0.00|1|0|0.00|0.00|0.00|59|14
FPMI|Domicilios|20|Domicilios|20|CALENTADO ANDRES| |9518004|CALENTADO ANDRES| |9518004|Major Group 10|10|Major Group 10|10|Family Group 1008|1008|Family Group 1008|1008|OT2|2|Order Type Master 2|2|35093.00|0.00|35093.00|0.00|0.00|0.00|35093.00|0.00|35093.00|73|35093.00|1|0|0.00|0.00|0.00|55|13
FPMI|Domicilios|20|Domicilios|20|PECHUGA A LA PARRILLA 230 gr ENSALADA | |9506091|PECHUGA A LA PARRILLA 230 gr ENSALADA | |9506091|Major Group 10|10|Major Group 10|10|Family Group 1008|1008|Family Group 1008|1008|OT2|2|Order Type Master 2|2|24815.00|0.00|24815.00|0.00|0.00|0.00|24815.00|0.00|24815.00|73|24815.00|1|0|0.00|0.00|0.00|50|12
FPMI|Domicilios|20|Domicilios|20|TRUCHA A LA PLANCHA 350 gr ENSALADA| |9504163|TRUCHA A LA PLANCHA 350 gr ENSALADA| |9504163|Major Group 10|10|Major Group 10|10|Family Group 1008|1008|Family Group 1008|1008|OT2|2|Order Type Master 2|2|35741.00|0.00|35741.00|0.00|0.00|0.00|35741.00|0.00|35741.00|73|35741.00|1|0|0.00|0.00|0.00|55|13
FPMI|Domicilios|20|Domicilios|20|PECHUGA A LA PARRILLA 230 gr ENSALADA | |9506091|PECHUGA A LA PARRILLA 230 gr ENSALADA | |9506091|Major Group 10|10|Major Group 10|10|Family Group 1008|1008|Family Group 1008|1008|OT2|2|Order Type Master 2|2|24815.00|0.00|24815.00|0.00|0.00|0.00|24815.00|0.00|24815.00|73|24815.00|1|0|0.00|0.00|0.00|80|19
FPMI|Domicilios|20|Domicilios|20|PAPA CASCO| |9500456|PAPA CASCO| |9500456|Major Group 10|10|Major Group 10|10|Family Group 1008|1008|Family Group 1008|1008|OT2|2|Order Type Master 2|2|7222.00|0.00|7222.00|0.00|0.00|0.00|7222.00|0.00|7222.00|73|7222.00|1|0|0.00|0.00|0.00|50|12
FPMI|Plataformas|21|Plataformas|21|AREPA DE CHOCOLO| |9506036|AREPA DE CHOCOLO| |9506036|Major Group 10|10|Major Group 10|10|Family Group 1008|1008|Family Group 1008|1008|OT7|7|Order Type Master 7|7|21111.00|0.00|21111.00|0.00|0.00|0.00|21111.00|0.00|21111.00|153|21111.00|1|0|0.00|0.00|0.00|52|12
FPMI|Plataformas|21|Plataformas|21|PAPA FRANCESA| |9500452|PAPA FRANCESA| |9500452|Major Group 10|10|Major Group 10|10|Family Group 1008|1008|Family Group 1008|1008|OT7|7|Order Type Master 7|7|7500.00|0.00|7500.00|0.00|0.00|0.00|7500.00|0.00|7500.00|153|7500.00|1|0|0.00|0.00|0.00|80|19
FPMI|Plataformas|21|Plataformas|21|TORTA MILKYWAY| |9514163|TORTA MILKYWAY| |9514163|Major Group 10|10|Major Group 10|10|Family Group 1008|1008|Family Group 1008|1008|OT7|7|Order Type Master 7|7|11944.00|0.00|11944.00|0.00|0.00|0.00|11944.00|0.00|11944.00|161|11944.00|1|0|0.00|0.00|0.00|47|11
FPMI|Restaurante|1|Restaurante|1|AROMATICA| |9602088|AROMATICA| |9602088|Major Group 20|20|Major Group 20|20|Family Group 3000|3000|Family Group 3000|3000|OT1|1|Order Type Master 1|1|9074.00|0.00|9074.00|0.00|0.00|0.00|9074.00|0.00|9074.00|1|9074.00|2|0|0.00|0.00|0.00|70|17
FPMI|Restaurante|1|Restaurante|1|AGUA MANANTIAL CON GAS 300 ML CON LIMON| |9606138|AGUA MANANTIAL CON GAS 300 ML CON LIMON| |9606138|Major Group 20|20|Major Group 20|20|Family Group 3000|3000|Family Group 3000|3000|OT1|1|Order Type Master 1|1|6852.00|0.00|6852.00|0.00|0.00|0.00|6852.00|0.00|6852.00|1|6852.00|1|0|0.00|0.00|0.00|56|13
FPMI|Restaurante|1|Restaurante|1|AGUA MANANTIAL CON GAS 300 ML CON LIMON| |9606138|AGUA MANANTIAL CON GAS 300 ML CON LIMON| |9606138|Major Group 20|20|Major Group 20|20|Family Group 3000|3000|Family Group 3000|3000|OT1|1|Order Type Master 1|1|6852.00|0.00|6852.00|0.00|0.00|0.00|6852.00|0.00|6852.00|1|6852.00|1|0|0.00|0.00|0.00|73|18
FPMI|Restaurante|1|Restaurante|1|CERVEZA CORONA| |9608012|CERVEZA CORONA| |9608012|Major Group 20|20|Major Group 20|20|Family Group 3000|3000|Family Group 3000|3000|OT1|1|Order Type Master 1|1|12778.00|0.00|12778.00|0.00|0.00|0.00|12778.00|0.00|12778.00|1|12778.00|1|0|0.00|0.00|0.00|77|19
FPMI|Restaurante|1|Restaurante|1|CERVEZA CORONA| |9608012|CERVEZA CORONA| |9608012|Major Group 20|20|Major Group 20|20|Family Group 3000|3000|Family Group 3000|3000|OT1|1|Order Type Master 1|1|25556.00|0.00|25556.00|0.00|0.00|0.00|25556.00|0.00|25556.00|1|25556.00|2|0|0.00|0.00|0.00|63|15
FPMI|Domicilios|20|Domicilios|20|SODA| |9606112|SODA| |9606112|Major Group 20|20|Major Group 20|20|Family Group 3000|3000|Family Group 3000|3000|OT2|2|Order Type Master 2|2|13704.00|0.00|13704.00|0.00|0.00|0.00|13704.00|0.00|13704.00|73|13704.00|2|0|0.00|0.00|0.00|49|12
FPMI|Domicilios|20|Domicilios|20|JUGO DE GUANABANA EN AGUA| |9604224|JUGO DE GUANABANA EN AGUA| |9604224|Major Group 20|20|Major Group 20|20|Family Group 3000|3000|Family Group 3000|3000|OT2|2|Order Type Master 2|2|10093.00|0.00|10093.00|0.00|0.00|0.00|10093.00|0.00|10093.00|73|10093.00|1|0|0.00|0.00|0.00|50|12
FPMI|Plataformas|21|Plataformas|21|LIMONADA DE PANELA| |9604067|LIMONADA DE PANELA| |9604067|Major Group 20|20|Major Group 20|20|Family Group 3000|3000|Family Group 3000|3000|OT7|7|Order Type Master 7|7|9537.00|0.00|9537.00|0.00|0.00|0.00|9537.00|0.00|9537.00|153|9537.00|1|0|0.00|0.00|0.00|51|12
FPMI|Restaurante|1|Restaurante|1|Mod 3/4| |980000004|Mod 3/4| |980000004|Major Group 10|10|Major Group 10|10|Family Group 1008|1008|Family Group 1008|1008|OT1|1|Order Type Master 1|1|0.00|0.00|0.00|0.00|0.00|0.00|0.00|0.00|0.00|1|0.00|2|0|0.00|0.00|0.00|56|13
FPMI|Restaurante|1|Restaurante|1|Mod 3/4| |980000004|Mod 3/4| |980000004|Major Group 10|10|Major Group 10|10|Family Group 1008|1008|Family Group 1008|1008|OT1|1|Order Type Master 1|1|0.00|0.00|0.00|0.00|0.00|0.00|0.00|0.00|0.00|1|0.00|2|0|0.00|0.00|0.00|54|13
FPMI|Restaurante|1|Restaurante|1|COMO ENTRADA| |90000038|COMO ENTRADA| |90000038|Major Group 10|10|Major Group 10|10|Family Group 1008|1008|Family Group 1008|1008|OT1|1|Order Type Master 1|1|0.00|0.00|0.00|0.00|0.00|0.00|0.00|0.00|0.00|41|0.00|2|0|0.00|0.00|0.00|53|13
FPMI|Restaurante|1|Restaurante|1|Mod BienAsado| |980000006|Mod BienAsado| |980000006|Major Group 10|10|Major Group 10|10|Family Group 1008|1008|Family Group 1008|1008|OT1|1|Order Type Master 1|1|0.00|0.00|0.00|0.00|0.00|0.00|0.00|0.00|0.00|1|0.00|-1|0|0.00|0.00|0.00|57|14
FPMI|Restaurante|1|Restaurante|1|PAPA CRIOLLA| |9500288|PAPA CRIOLLA| |9500288|Major Group 10|10|Major Group 10|10|Family Group 1008|1008|Family Group 1008|1008|OT1|1|Order Type Master 1|1|7222.00|0.00|7222.00|0.00|0.00|0.00|7222.00|0.00|7222.00|1|7222.00|1|0|0.00|0.00|0.00|55|13
FPMI|Restaurante|1|Restaurante|1|COMO ENTRADA| |90000038|COMO ENTRADA| |90000038|Major Group 10|10|Major Group 10|10|Family Group 1008|1008|Family Group 1008|1008|OT1|1|Order Type Master 1|1|0.00|0.00|0.00|0.00|0.00|0.00|0.00|0.00|0.00|41|0.00|1|0|0.00|0.00|0.00|81|20
FPMI|Restaurante|1|Restaurante|1|MJE ALM| |90000037|MJE ALM| |90000037|Major Group 10|10|Major Group 10|10|Family Group 1008|1008|Family Group 1008|1008|OT1|1|Order Type Master 1|1|0.00|0.00|0.00|0.00|0.00|0.00|0.00|0.00|0.00|1|0.00|1|0|0.00|0.00|0.00|83|20
FPMI|Restaurante|1|Restaurante|1|SALSA CHIMICHURRI| |9500388|SALSA CHIMICHURRI| |9500388|Major Group 10|10|Major Group 10|10|Family Group 1008|1008|Family Group 1008|1008|OT1|1|Order Type Master 1|1|0.00|0.00|0.00|0.00|0.00|0.00|0.00|0.00|0.00|1|0.00|1|0|0.00|0.00|0.00|55|13
FPMI|Restaurante|1|Restaurante|1|Mod 3/4| |980000004|Mod 3/4| |980000004|Major Group 10|10|Major Group 10|10|Family Group 1008|1008|Family Group 1008|1008|OT1|1|Order Type Master 1|1|0.00|0.00|0.00|0.00|0.00|0.00|0.00|0.00|0.00|1|0.00|1|0|0.00|0.00|0.00|57|14
FPMI|Restaurante|1|Restaurante|1|Mod 1/2| |980000002|Mod 1/2| |980000002|Major Group 10|10|Major Group 10|10|Family Group 1008|1008|Family Group 1008|1008|OT1|1|Order Type Master 1|1|0.00|0.00|0.00|0.00|0.00|0.00|0.00|0.00|0.00|1|0.00|1|0|0.00|0.00|0.00|57|14
FPMI|Domicilios|20|Domicilios|20|CANASTA DE 4 EMPANADAS CACHACAS| |9528040|CANASTA DE 4 EMPANADAS CACHACAS| |9528040|Major Group 10|10|Major Group 10|10|Family Group 1008|1008|Family Group 1008|1008|OT2|2|Order Type Master 2|2|22500.00|0.00|22500.00|0.00|0.00|0.00|22500.00|0.00|22500.00|73|22500.00|1|0|0.00|0.00|0.00|75|18
FPMI|Domicilios|20|Domicilios|20|Mod CocaCola Original 400ml| |980000102|Mod CocaCola Original 400ml| |980000102|Major Group 10|10|Major Group 10|10|Family Group 1008|1008|Family Group 1008|1008|OT2|2|Order Type Master 2|2|0.00|0.00|0.00|0.00|0.00|0.00|0.00|0.00|0.00|1|0.00|1|0|0.00|0.00|0.00|56|13
FPMI|Domicilios|20|Domicilios|20|AREPA CON HOGAO| |9524092|AREPA CON HOGAO| |9524092|Major Group 10|10|Major Group 10|10|Family Group 1008|1008|Family Group 1008|1008|OT2|2|Order Type Master 2|2|6852.00|0.00|6852.00|0.00|0.00|0.00|6852.00|0.00|6852.00|73|6852.00|1|0|0.00|0.00|0.00|50|12
FPMI|Domicilios|20|Domicilios|20|AREPA CON HOGAO| |9524092|AREPA CON HOGAO| |9524092|Major Group 10|10|Major Group 10|10|Family Group 1008|1008|Family Group 1008|1008|OT2|2|Order Type Master 2|2|13704.00|0.00|13704.00|0.00|0.00|0.00|13704.00|0.00|13704.00|73|13704.00|2|0|0.00|0.00|0.00|80|19
FPMI|Plataformas|21|Plataformas|21|EMPANADA CACHACA| |9528008|EMPANADA CACHACA| |9528008|Major Group 10|10|Major Group 10|10|Family Group 1008|1008|Family Group 1008|1008|OT7|7|Order Type Master 7|7|12778.00|0.00|12778.00|0.00|0.00|0.00|12778.00|0.00|12778.00|153|12778.00|2|0|0.00|0.00|0.00|51|12
FPMI|Plataformas|21|Plataformas|21|AREPA DE MAIZ CON CARNE DESMECHADA| |9524076|AREPA DE MAIZ CON CARNE DESMECHADA| |9524076|Major Group 10|10|Major Group 10|10|Family Group 1008|1008|Family Group 1008|1008|OT7|7|Order Type Master 7|7|21111.00|0.00|21111.00|0.00|0.00|0.00|21111.00|0.00|21111.00|153|21111.00|1|0|0.00|0.00|0.00|79|19
FPMI|Restaurante|1|Restaurante|1|LIMONADA NATURAL| |9604060|LIMONADA NATURAL| |9604060|Major Group 20|20|Major Group 20|20|Family Group 3000|3000|Family Group 3000|3000|OT1|1|Order Type Master 1|1|17038.00|0.00|17038.00|0.00|0.00|0.00|17038.00|0.00|17038.00|1|17038.00|2|0|0.00|0.00|0.00|57|14
FPMI|Restaurante|1|Restaurante|1|JUGO DE PINA - HIERBABUENA AGUA| |9604263|JUGO DE PINA - HIERBABUENA AGUA| |9604263|Major Group 20|20|Major Group 20|20|Family Group 3000|3000|Family Group 3000|3000|OT1|1|Order Type Master 1|1|22038.00|0.00|22038.00|0.00|0.00|0.00|22038.00|0.00|22038.00|1|22038.00|2|0|0.00|0.00|0.00|53|13
FPMI|Restaurante|1|Restaurante|1|GASEOSA 400 ml| |9606131|GASEOSA 400 ml| |9606131|Major Group 20|20|Major Group 20|20|Family Group 3000|3000|Family Group 3000|3000|OT1|1|Order Type Master 1|1|7593.00|0.00|7593.00|0.00|0.00|0.00|7593.00|0.00|7593.00|1|7593.00|1|0|0.00|0.00|0.00|72|17
FPMI|Restaurante|1|Restaurante|1|CHURRASCO 250 gr CHIPS| |9502429|CHURRASCO 250 gr CHIPS| |9502429|Major Group 10|10|Major Group 10|10|Family Group 1008|1008|Family Group 1008|1008|OT1|1|Order Type Master 1|1|51667.00|0.00|51667.00|0.00|0.00|0.00|51667.00|0.00|51667.00|1|51667.00|1|0|0.00|0.00|0.00|54|13
FPMI|Restaurante|1|Restaurante|1|AJIACO  POLLO| |9520008|AJIACO  POLLO| |9520008|Major Group 10|10|Major Group 10|10|Family Group 1008|1008|Family Group 1008|1008|OT1|1|Order Type Master 1|1|68148.00|0.00|68148.00|0.00|0.00|0.00|68148.00|0.00|68148.00|1|68148.00|2|0|0.00|0.00|0.00|53|13
FPMI|Restaurante|1|Restaurante|1|Mensaje Bebidas 2024| |980000095|Mensaje Bebidas 2024| |980000095|Major Group 10|10|Major Group 10|10|Family Group 1008|1008|Family Group 1008|1008|OT1|1|Order Type Master 1|1|0.00|0.00|0.00|0.00|0.00|0.00|0.00|0.00|0.00|1|0.00|2|0|0.00|0.00|0.00|57|14
FPMI|Restaurante|1|Restaurante|1|Mod BienAsado| |980000006|Mod BienAsado| |980000006|Major Group 10|10|Major Group 10|10|Family Group 1008|1008|Family Group 1008|1008|OT1|1|Order Type Master 1|1|0.00|0.00|0.00|0.00|0.00|0.00|0.00|0.00|0.00|1|0.00|1|0|0.00|0.00|0.00|56|13
FPMI|Restaurante|1|Restaurante|1|PAPA CASCO| |9500456|PAPA CASCO| |9500456|Major Group 10|10|Major Group 10|10|Family Group 1008|1008|Family Group 1008|1008|OT1|1|Order Type Master 1|1|7222.00|0.00|7222.00|0.00|0.00|0.00|7222.00|0.00|7222.00|1|7222.00|1|0|0.00|0.00|0.00|57|14
FPMI|Restaurante|1|Restaurante|1|PATACON CON HOGAO| |9524044|PATACON CON HOGAO| |9524044|Major Group 10|10|Major Group 10|10|Family Group 1008|1008|Family Group 1008|1008|OT1|1|Order Type Master 1|1|10000.00|0.00|10000.00|0.00|0.00|0.00|10000.00|0.00|10000.00|1|10000.00|1|0|0.00|0.00|0.00|81|20
FPMI|Restaurante|1|Restaurante|1|Mod A Punto| |980000005|Mod A Punto| |980000005|Major Group 10|10|Major Group 10|10|Family Group 1008|1008|Family Group 1008|1008|OT1|1|Order Type Master 1|1|0.00|0.00|0.00|0.00|0.00|0.00|0.00|0.00|0.00|1|0.00|2|0|0.00|0.00|0.00|81|20
FPMI|Restaurante|1|Restaurante|1|LOMO 220 gr PAPA CASCO| |9502512|LOMO 220 gr PAPA CASCO| |9502512|Major Group 10|10|Major Group 10|10|Family Group 1008|1008|Family Group 1008|1008|OT1|1|Order Type Master 1|1|54444.00|0.00|54444.00|0.00|0.00|0.00|54444.00|0.00|54444.00|1|54444.00|1|0|0.00|0.00|0.00|83|20
FPMI|Restaurante|1|Restaurante|1|Mod A Punto| |980000005|Mod A Punto| |980000005|Major Group 10|10|Major Group 10|10|Family Group 1008|1008|Family Group 1008|1008|OT1|1|Order Type Master 1|1|0.00|0.00|0.00|0.00|0.00|0.00|0.00|0.00|0.00|1|0.00|1|0|0.00|0.00|0.00|83|20
FPMI|Restaurante|1|Restaurante|1|Mensaje Bebidas 2024| |980000095|Mensaje Bebidas 2024| |980000095|Major Group 10|10|Major Group 10|10|Family Group 1008|1008|Family Group 1008|1008|OT1|1|Order Type Master 1|1|0.00|0.00|0.00|0.00|0.00|0.00|0.00|0.00|0.00|1|0.00|2|0|0.00|0.00|0.00|83|20
FPMI|Domicilios|20|Domicilios|20|SOPA DE VERDURAS| |9520050|SOPA DE VERDURAS| |9520050|Major Group 10|10|Major Group 10|10|Family Group 1008|1008|Family Group 1008|1008|OT2|2|Order Type Master 2|2|13148.00|0.00|13148.00|0.00|0.00|0.00|13148.00|0.00|13148.00|73|13148.00|1|0|0.00|0.00|0.00|57|14
FPMI|Domicilios|20|Domicilios|20|PECHUGA A LA PARRILLA 230 gr ARROZ| |9506120|PECHUGA A LA PARRILLA 230 gr ARROZ| |9506120|Major Group 10|10|Major Group 10|10|Family Group 1008|1008|Family Group 1008|1008|OT2|2|Order Type Master 2|2|24815.00|0.00|24815.00|0.00|0.00|0.00|24815.00|0.00|24815.00|73|24815.00|1|0|0.00|0.00|0.00|57|14
FPMI|Domicilios|20|Domicilios|20|AREPA DE CHOCOLO| |9506036|AREPA DE CHOCOLO| |9506036|Major Group 10|10|Major Group 10|10|Family Group 1008|1008|Family Group 1008|1008|OT2|2|Order Type Master 2|2|20185.00|0.00|20185.00|0.00|0.00|0.00|20185.00|0.00|20185.00|73|20185.00|1|0|0.00|0.00|0.00|49|12
FPMI|Domicilios|20|Domicilios|20|PECHUGA A LA PARRILLA 230 gr CASCO| |9506084|PECHUGA A LA PARRILLA 230 gr CASCO| |9506084|Major Group 10|10|Major Group 10|10|Family Group 1008|1008|Family Group 1008|1008|OT2|2|Order Type Master 2|2|24815.00|0.00|24815.00|0.00|0.00|0.00|24815.00|0.00|24815.00|73|24815.00|1|0|0.00|0.00|0.00|59|14
FPMI|Domicilios|20|Domicilios|20|CAZUELA DE FRIJOLES| |9520032|CAZUELA DE FRIJOLES| |9520032|Major Group 10|10|Major Group 10|10|Family Group 1008|1008|Family Group 1008|1008|OT2|2|Order Type Master 2|2|36852.00|0.00|36852.00|0.00|0.00|0.00|36852.00|0.00|36852.00|73|36852.00|1|0|0.00|0.00|0.00|55|13
FPMI|Domicilios|20|Domicilios|20|Mod CocaCola Original 400ml| |980000102|Mod CocaCola Original 400ml| |980000102|Major Group 10|10|Major Group 10|10|Family Group 1008|1008|Family Group 1008|1008|OT2|2|Order Type Master 2|2|0.00|0.00|0.00|0.00|0.00|0.00|0.00|0.00|0.00|1|0.00|1|0|0.00|0.00|0.00|50|12
FPMI|Plataformas|21|Plataformas|21|BANDEJA PAISA| |9520036|BANDEJA PAISA| |9520036|Major Group 10|10|Major Group 10|10|Family Group 1008|1008|Family Group 1008|1008|OT7|7|Order Type Master 7|7|44537.00|0.00|44537.00|0.00|0.00|0.00|44537.00|0.00|44537.00|153|44537.00|1|0|0.00|0.00|0.00|52|12
FPMI|Plataformas|21|Plataformas|21|EMPANADA MIXTA 4 UNIDADES| |9528041|EMPANADA MIXTA 4 UNIDADES| |9528041|Major Group 10|10|Major Group 10|10|Family Group 1008|1008|Family Group 1008|1008|OT7|7|Order Type Master 7|7|23611.00|0.00|23611.00|0.00|0.00|0.00|23611.00|0.00|23611.00|153|23611.00|1|0|0.00|0.00|0.00|80|19
FPMI|Plataformas|21|Plataformas|21|Mod CocaCola Zero 400ml| |980000103|Mod CocaCola Zero 400ml| |980000103|Major Group 10|10|Major Group 10|10|Family Group 1008|1008|Family Group 1008|1008|OT7|7|Order Type Master 7|7|0.00|0.00|0.00|0.00|0.00|0.00|0.00|0.00|0.00|1|0.00|1|0|0.00|0.00|0.00|80|19
FPMI|Plataformas|21|Plataformas|21|PECHUGA A LA PARRILLA 230 gr ENSALADA | |9506091|PECHUGA A LA PARRILLA 230 gr ENSALADA | |9506091|Major Group 10|10|Major Group 10|10|Family Group 1008|1008|Family Group 1008|1008|OT7|7|Order Type Master 7|7|26019.00|0.00|26019.00|0.00|0.00|0.00|26019.00|0.00|26019.00|153|26019.00|1|0|0.00|0.00|0.00|50|12
FPMI|Plataformas|21|Plataformas|21|PECHUGA A LA PARRILLA 230 gr ENSALADA | |9506091|PECHUGA A LA PARRILLA 230 gr ENSALADA | |9506091|Major Group 10|10|Major Group 10|10|Family Group 1008|1008|Family Group 1008|1008|OT7|7|Order Type Master 7|7|23333.00|0.00|23333.00|0.00|0.00|0.00|23333.00|0.00|23333.00|185|23333.00|1|0|0.00|0.00|0.00|71|17
FPMI|Restaurante|1|Restaurante|1|JUGO DE GUANABANA EN AGUA| |9604224|JUGO DE GUANABANA EN AGUA| |9604224|Major Group 20|20|Major Group 20|20|Family Group 3000|3000|Family Group 3000|3000|OT1|1|Order Type Master 1|1|10093.00|0.00|10093.00|0.00|0.00|0.00|10093.00|0.00|10093.00|1|10093.00|1|0|0.00|0.00|0.00|54|13
FPMI|Restaurante|1|Restaurante|1|JUGO DE MANGO EN AGUA| |9604156|JUGO DE MANGO EN AGUA| |9604156|Major Group 20|20|Major Group 20|20|Family Group 3000|3000|Family Group 3000|3000|OT1|1|Order Type Master 1|1|10093.00|0.00|10093.00|0.00|0.00|0.00|10093.00|0.00|10093.00|1|10093.00|1|0|0.00|0.00|0.00|53|13
FPMI|Restaurante|1|Restaurante|1|AGUA MANANTIAL CON GAS 300 ML CON LIMON| |9606138|AGUA MANANTIAL CON GAS 300 ML CON LIMON| |9606138|Major Group 20|20|Major Group 20|20|Family Group 3000|3000|Family Group 3000|3000|OT1|1|Order Type Master 1|1|6852.00|0.00|6852.00|0.00|0.00|0.00|6852.00|0.00|6852.00|1|6852.00|1|0|0.00|0.00|0.00|72|17
FPMI|Restaurante|1|Restaurante|1|SOPA DE VERDURAS| |9520050|SOPA DE VERDURAS| |9520050|Major Group 10|10|Major Group 10|10|Family Group 1008|1008|Family Group 1008|1008|OT1|1|Order Type Master 1|1|13148.00|0.00|13148.00|0.00|0.00|0.00|13148.00|0.00|13148.00|1|13148.00|1|0|0.00|0.00|0.00|78|19
FPMI|Restaurante|1|Restaurante|1|LOMO 220 gr ENSALADA| |9502516|LOMO 220 gr ENSALADA| |9502516|Major Group 10|10|Major Group 10|10|Family Group 1008|1008|Family Group 1008|1008|OT1|1|Order Type Master 1|1|54444.00|0.00|54444.00|0.00|0.00|0.00|54444.00|0.00|54444.00|1|54444.00|1|0|0.00|0.00|0.00|56|13
FPMI|Restaurante|1|Restaurante|1|AREPA DE CHOCOLO| |9506036|AREPA DE CHOCOLO| |9506036|Major Group 10|10|Major Group 10|10|Family Group 1008|1008|Family Group 1008|1008|OT1|1|Order Type Master 1|1|20185.00|0.00|20185.00|0.00|0.00|0.00|20185.00|0.00|20185.00|1|20185.00|1|0|0.00|0.00|0.00|54|13
FPMI|Restaurante|1|Restaurante|1|BISTEC ENTRECOT 180 gr  ENSALADA| |9502523|BISTEC ENTRECOT 180 gr  ENSALADA| |9502523|Major Group 10|10|Major Group 10|10|Family Group 1008|1008|Family Group 1008|1008|OT1|1|Order Type Master 1|1|38704.00|0.00|38704.00|0.00|0.00|0.00|38704.00|0.00|38704.00|1|38704.00|1|0|0.00|0.00|0.00|54|13
FPMI|Restaurante|1|Restaurante|1|BANDEJA PAISA| |9520036|BANDEJA PAISA| |9520036|Major Group 10|10|Major Group 10|10|Family Group 1008|1008|Family Group 1008|1008|OT1|1|Order Type Master 1|1|42500.00|0.00|42500.00|0.00|0.00|0.00|42500.00|0.00|42500.00|1|42500.00|1|0|0.00|0.00|0.00|53|13
FPMI|Restaurante|1|Restaurante|1|MORCILLA 100 gr| |9502080|MORCILLA 100 gr| |9502080|Major Group 10|10|Major Group 10|10|Family Group 1008|1008|Family Group 1008|1008|OT1|1|Order Type Master 1|1|10741.00|0.00|10741.00|0.00|0.00|0.00|10741.00|0.00|10741.00|1|10741.00|1|0|0.00|0.00|0.00|55|13
FPMI|Restaurante|1|Restaurante|1|Mensaje Bebidas 2024| |980000095|Mensaje Bebidas 2024| |980000095|Major Group 10|10|Major Group 10|10|Family Group 1008|1008|Family Group 1008|1008|OT1|1|Order Type Master 1|1|0.00|0.00|0.00|0.00|0.00|0.00|0.00|0.00|0.00|1|0.00|1|0|0.00|0.00|0.00|81|20
FPMI|Restaurante|1|Restaurante|1|ENTRECOT 180 gr  CRIOLLA| |9502506|ENTRECOT 180 gr  CRIOLLA| |9502506|Major Group 10|10|Major Group 10|10|Family Group 1008|1008|Family Group 1008|1008|OT1|1|Order Type Master 1|1|36852.00|0.00|36852.00|0.00|0.00|0.00|36852.00|0.00|36852.00|1|36852.00|1|0|0.00|0.00|0.00|74|18
FPMI|Restaurante|1|Restaurante|1|Mod A Punto| |980000005|Mod A Punto| |980000005|Major Group 10|10|Major Group 10|10|Family Group 1008|1008|Family Group 1008|1008|OT1|1|Order Type Master 1|1|0.00|0.00|0.00|0.00|0.00|0.00|0.00|0.00|0.00|1|0.00|1|0|0.00|0.00|0.00|74|18
FPMI|Restaurante|1|Restaurante|1|ENTRECOT 180 gr  CRIOLLA| |9502506|ENTRECOT 180 gr  CRIOLLA| |9502506|Major Group 10|10|Major Group 10|10|Family Group 1008|1008|Family Group 1008|1008|OT1|1|Order Type Master 1|1|36852.00|0.00|36852.00|0.00|0.00|0.00|36852.00|0.00|36852.00|1|36852.00|1|0|0.00|0.00|0.00|57|14
FPMI|Domicilios|20|Domicilios|20|AREPA DE CHOCOLO| |9506036|AREPA DE CHOCOLO| |9506036|Major Group 10|10|Major Group 10|10|Family Group 1008|1008|Family Group 1008|1008|OT2|2|Order Type Master 2|2|20185.00|0.00|20185.00|0.00|0.00|0.00|20185.00|0.00|20185.00|73|20185.00|1|0|0.00|0.00|0.00|75|18
FPMI|Domicilios|20|Domicilios|20|LONGANIZA 100 gr| |9502092|LONGANIZA 100 gr| |9502092|Major Group 10|10|Major Group 10|10|Family Group 1008|1008|Family Group 1008|1008|OT2|2|Order Type Master 2|2|12593.00|0.00|12593.00|0.00|0.00|0.00|12593.00|0.00|12593.00|73|12593.00|1|0|0.00|0.00|0.00|49|12
FPMI|Domicilios|20|Domicilios|20|Mensaje Bebidas 2024| |980000095|Mensaje Bebidas 2024| |980000095|Major Group 10|10|Major Group 10|10|Family Group 1008|1008|Family Group 1008|1008|OT2|2|Order Type Master 2|2|0.00|0.00|0.00|0.00|0.00|0.00|0.00|0.00|0.00|1|0.00|1|0|0.00|0.00|0.00|56|13
FPMI|Domicilios|20|Domicilios|20|AREPA DE MAIZ CON CARNE DESMECHADA| |9524076|AREPA DE MAIZ CON CARNE DESMECHADA| |9524076|Major Group 10|10|Major Group 10|10|Family Group 1008|1008|Family Group 1008|1008|OT2|2|Order Type Master 2|2|20185.00|0.00|20185.00|0.00|0.00|0.00|20185.00|0.00|20185.00|73|20185.00|1|0|0.00|0.00|0.00|75|18
FPMI|Domicilios|20|Domicilios|20|Kola Roman 400| |980000106|Kola Roman 400| |980000106|Major Group 10|10|Major Group 10|10|Family Group 1008|1008|Family Group 1008|1008|OT2|2|Order Type Master 2|2|0.00|0.00|0.00|0.00|0.00|0.00|0.00|0.00|0.00|1|0.00|1|0|0.00|0.00|0.00|50|12
FPMI|Plataformas|21|Plataformas|21|PECHUGA A LA PARRILLA 230 gr CRIOLLA| |9506118|PECHUGA A LA PARRILLA 230 gr CRIOLLA| |9506118|Major Group 10|10|Major Group 10|10|Family Group 1008|1008|Family Group 1008|1008|OT7|7|Order Type Master 7|7|52038.00|0.00|52038.00|0.00|0.00|0.00|52038.00|0.00|52038.00|153|52038.00|2|0|0.00|0.00|0.00|61|15
FPMI|Plataformas|21|Plataformas|21|BISTEC ENTRECOT 180 gr  CHIPS| |9502521|BISTEC ENTRECOT 180 gr  CHIPS| |9502521|Major Group 10|10|Major Group 10|10|Family Group 1008|1008|Family Group 1008|1008|OT7|7|Order Type Master 7|7|40556.00|0.00|40556.00|0.00|0.00|0.00|40556.00|0.00|40556.00|153|40556.00|1|0|0.00|0.00|0.00|80|19
FPMI|Plataformas|21|Plataformas|21|BANDEJA PAISA| |9520036|BANDEJA PAISA| |9520036|Major Group 10|10|Major Group 10|10|Family Group 1008|1008|Family Group 1008|1008|OT7|7|Order Type Master 7|7|44537.00|0.00|44537.00|0.00|0.00|0.00|44537.00|0.00|44537.00|153|44537.00|1|0|0.00|0.00|0.00|50|12
FPMI|Plataformas|21|Plataformas|21|AJIACO  POLLO| |9520008|AJIACO  POLLO| |9520008|Major Group 10|10|Major Group 10|10|Family Group 1008|1008|Family Group 1008|1008|OT7|7|Order Type Master 7|7|35741.00|0.00|35741.00|0.00|0.00|0.00|35741.00|0.00|35741.00|153|35741.00|1|0|0.00|0.00|0.00|56|13
FPMI|Restaurante|1|Restaurante|1|LIMONADA HIERBABUENA| |9604066|LIMONADA HIERBABUENA| |9604066|Major Group 20|20|Major Group 20|20|Family Group 3000|3000|Family Group 3000|3000|OT1|1|Order Type Master 1|1|8519.00|0.00|8519.00|0.00|0.00|0.00|8519.00|0.00|8519.00|1|8519.00|1|0|0.00|0.00|0.00|82|20
FPMI|Restaurante|1|Restaurante|1|JUGO DE MORA EN AGUA| |9604108|JUGO DE MORA EN AGUA| |9604108|Major Group 20|20|Major Group 20|20|Family Group 3000|3000|Family Group 3000|3000|OT1|1|Order Type Master 1|1|10093.00|0.00|10093.00|0.00|0.00|0.00|10093.00|0.00|10093.00|1|10093.00|1|0|0.00|0.00|0.00|81|20
FPMI|Domicilios|20|Domicilios|20|JUGO DE GUANABANA EN AGUA| |9604224|JUGO DE GUANABANA EN AGUA| |9604224|Major Group 20|20|Major Group 20|20|Family Group 3000|3000|Family Group 3000|3000|OT2|2|Order Type Master 2|2|10093.00|0.00|10093.00|0.00|0.00|0.00|10093.00|0.00|10093.00|73|10093.00|1|0|0.00|0.00|0.00|75|18
FPMI|Restaurante|1|Restaurante|1|MORCILLA 100 gr| |9502080|MORCILLA 100 gr| |9502080|Major Group 10|10|Major Group 10|10|Family Group 1008|1008|Family Group 1008|1008|OT1|1|Order Type Master 1|1|10741.00|0.00|10741.00|0.00|0.00|0.00|10741.00|0.00|10741.00|1|10741.00|1|0|0.00|0.00|0.00|78|19
FPMI|Restaurante|1|Restaurante|1|HAMBURGUESA CAMPESINA 125 gr| |9508008|HAMBURGUESA CAMPESINA 125 gr| |9508008|Major Group 10|10|Major Group 10|10|Family Group 1008|1008|Family Group 1008|1008|OT1|1|Order Type Master 1|1|18333.00|0.00|18333.00|0.00|0.00|0.00|18333.00|0.00|18333.00|1|18333.00|1|0|0.00|0.00|0.00|78|19
FPMI|Restaurante|1|Restaurante|1|AREPA DE CHOCOLO| |9506036|AREPA DE CHOCOLO| |9506036|Major Group 10|10|Major Group 10|10|Family Group 1008|1008|Family Group 1008|1008|OT1|1|Order Type Master 1|1|20185.00|0.00|20185.00|0.00|0.00|0.00|20185.00|0.00|20185.00|1|20185.00|1|0|0.00|0.00|0.00|70|17
FPMI|Restaurante|1|Restaurante|1|BISTEC CHURRASCO 250 gr ARROZ| |9502433|BISTEC CHURRASCO 250 gr ARROZ| |9502433|Major Group 10|10|Major Group 10|10|Family Group 1008|1008|Family Group 1008|1008|OT1|1|Order Type Master 1|1|55370.00|0.00|55370.00|0.00|0.00|0.00|55370.00|0.00|55370.00|1|55370.00|1|0|0.00|0.00|0.00|56|13
FPMI|Restaurante|1|Restaurante|1|TRUCHA A LA PLANCHA 350 gr ENSALADA| |9504163|TRUCHA A LA PLANCHA 350 gr ENSALADA| |9504163|Major Group 10|10|Major Group 10|10|Family Group 1008|1008|Family Group 1008|1008|OT1|1|Order Type Master 1|1|35741.00|0.00|35741.00|0.00|0.00|0.00|35741.00|0.00|35741.00|1|35741.00|1|0|0.00|0.00|0.00|56|13
FPMI|Restaurante|1|Restaurante|1|COMO ENTRADA| |90000038|COMO ENTRADA| |90000038|Major Group 10|10|Major Group 10|10|Family Group 1008|1008|Family Group 1008|1008|OT1|1|Order Type Master 1|1|0.00|0.00|0.00|0.00|0.00|0.00|0.00|0.00|0.00|25|0.00|2|0|0.00|0.00|0.00|54|13
FPMI|Restaurante|1|Restaurante|1|GUACAMOLE| |9500192|GUACAMOLE| |9500192|Major Group 10|10|Major Group 10|10|Family Group 1008|1008|Family Group 1008|1008|OT1|1|Order Type Master 1|1|5463.00|0.00|5463.00|0.00|0.00|0.00|5463.00|0.00|5463.00|1|5463.00|1|0|0.00|0.00|0.00|73|18
FPMI|Restaurante|1|Restaurante|1|COMO ENTRADA| |90000038|COMO ENTRADA| |90000038|Major Group 10|10|Major Group 10|10|Family Group 1008|1008|Family Group 1008|1008|OT1|1|Order Type Master 1|1|0.00|0.00|0.00|0.00|0.00|0.00|0.00|0.00|0.00|41|0.00|1|0|0.00|0.00|0.00|55|13
FPMI|Restaurante|1|Restaurante|1|CUCHUCO CON ESPINAZO| |9520020|CUCHUCO CON ESPINAZO| |9520020|Major Group 10|10|Major Group 10|10|Family Group 1008|1008|Family Group 1008|1008|OT1|1|Order Type Master 1|1|34167.00|0.00|34167.00|0.00|0.00|0.00|34167.00|0.00|34167.00|1|34167.00|1|0|0.00|0.00|0.00|54|13
FPMI|Restaurante|1|Restaurante|1|COMO ENTRADA| |90000038|COMO ENTRADA| |90000038|Major Group 10|10|Major Group 10|10|Family Group 1008|1008|Family Group 1008|1008|OT1|1|Order Type Master 1|1|0.00|0.00|0.00|0.00|0.00|0.00|0.00|0.00|0.00|17|0.00|1|0|0.00|0.00|0.00|81|20
FPMI|Restaurante|1|Restaurante|1|CHICHARRON 90 gr| |9528024|CHICHARRON 90 gr| |9528024|Major Group 10|10|Major Group 10|10|Family Group 1008|1008|Family Group 1008|1008|OT1|1|Order Type Master 1|1|26667.00|0.00|26667.00|0.00|0.00|0.00|26667.00|0.00|26667.00|1|26667.00|1|0|0.00|0.00|0.00|81|20
FPMI|Domicilios|20|Domicilios|20|PUNTA DE ANCA 250 gr FRANCESA| |9502236|PUNTA DE ANCA 250 gr FRANCESA| |9502236|Major Group 10|10|Major Group 10|10|Family Group 1008|1008|Family Group 1008|1008|OT2|2|Order Type Master 2|2|54444.00|0.00|54444.00|0.00|0.00|0.00|54444.00|0.00|54444.00|73|54444.00|1|0|0.00|0.00|0.00|56|13
FPMI|Domicilios|20|Domicilios|20|CALENTADO PAISA| |9518008|CALENTADO PAISA| |9518008|Major Group 10|10|Major Group 10|10|Family Group 1008|1008|Family Group 1008|1008|OT2|2|Order Type Master 2|2|35093.00|0.00|35093.00|0.00|0.00|0.00|35093.00|0.00|35093.00|73|35093.00|1|0|0.00|0.00|0.00|54|13
FPMI|Domicilios|20|Domicilios|20|Mensaje Bebidas 2024| |980000095|Mensaje Bebidas 2024| |980000095|Major Group 10|10|Major Group 10|10|Family Group 1008|1008|Family Group 1008|1008|OT2|2|Order Type Master 2|2|0.00|0.00|0.00|0.00|0.00|0.00|0.00|0.00|0.00|1|0.00|1|0|0.00|0.00|0.00|81|20
FPMI|Plataformas|21|Plataformas|21|Mod CocaCola Original 400ml| |980000102|Mod CocaCola Original 400ml| |980000102|Major Group 10|10|Major Group 10|10|Family Group 1008|1008|Family Group 1008|1008|OT7|7|Order Type Master 7|7|0.00|0.00|0.00|0.00|0.00|0.00|0.00|0.00|0.00|1|0.00|1|0|0.00|0.00|0.00|52|12
FPMI|Plataformas|21|Plataformas|21|SOPA DE VERDURAS| |9520050|SOPA DE VERDURAS| |9520050|Major Group 10|10|Major Group 10|10|Family Group 1008|1008|Family Group 1008|1008|OT7|7|Order Type Master 7|7|13796.00|0.00|13796.00|0.00|0.00|0.00|13796.00|0.00|13796.00|153|13796.00|1|0|0.00|0.00|0.00|79|19
FPMI|Plataformas|21|Plataformas|21|AREPA DE CHOCOLO| |9506036|AREPA DE CHOCOLO| |9506036|Major Group 10|10|Major Group 10|10|Family Group 1008|1008|Family Group 1008|1008|OT7|7|Order Type Master 7|7|21111.00|0.00|21111.00|0.00|0.00|0.00|21111.00|0.00|21111.00|153|21111.00|1|0|0.00|0.00|0.00|79|19
FPMI|Plataformas|21|Plataformas|21|CAZUELA DE FRIJOLES| |9520032|CAZUELA DE FRIJOLES| |9520032|Major Group 10|10|Major Group 10|10|Family Group 1008|1008|Family Group 1008|1008|OT7|7|Order Type Master 7|7|38611.00|0.00|38611.00|0.00|0.00|0.00|38611.00|0.00|38611.00|153|38611.00|1|0|0.00|0.00|0.00|48|11
FPMI|Plataformas|21|Plataformas|21|AREPA DE CHOCOLO| |9506036|AREPA DE CHOCOLO| |9506036|Major Group 10|10|Major Group 10|10|Family Group 1008|1008|Family Group 1008|1008|OT7|7|Order Type Master 7|7|21111.00|0.00|21111.00|0.00|0.00|0.00|21111.00|0.00|21111.00|153|21111.00|1|0|0.00|0.00|0.00|74|18
FPMI|Restaurante|1|Restaurante|1|JUGO DE LULO EN AGUA| |9604216|JUGO DE LULO EN AGUA| |9604216|Major Group 20|20|Major Group 20|20|Family Group 3000|3000|Family Group 3000|3000|OT1|1|Order Type Master 1|1|20186.00|0.00|20186.00|0.00|0.00|0.00|20186.00|0.00|20186.00|1|20186.00|2|0|0.00|0.00|0.00|53|13
FPMI|Restaurante|1|Restaurante|1|JUGO DE MANDARINA| |9604044|JUGO DE MANDARINA| |9604044|Major Group 20|20|Major Group 20|20|Family Group 3000|3000|Family Group 3000|3000|OT1|1|Order Type Master 1|1|14074.00|0.00|14074.00|0.00|0.00|0.00|14074.00|0.00|14074.00|1|14074.00|1|0|0.00|0.00|0.00|83|20
FPMI|Restaurante|1|Restaurante|1|AGUA MANANTIAL CON GAS 300 ML CON LIMON| |9606138|AGUA MANANTIAL CON GAS 300 ML CON LIMON| |9606138|Major Group 20|20|Major Group 20|20|Family Group 3000|3000|Family Group 3000|3000|OT1|1|Order Type Master 1|1|6852.00|0.00|6852.00|0.00|0.00|0.00|6852.00|0.00|6852.00|1|6852.00|1|0|0.00|0.00|0.00|54|13
FPMI|Restaurante|1|Restaurante|1|TINTO COLADO AEX| |9602121|TINTO COLADO AEX| |9602121|Major Group 20|20|Major Group 20|20|Family Group 3000|3000|Family Group 3000|3000|OT1|1|Order Type Master 1|1|4537.00|0.00|4537.00|0.00|0.00|0.00|4537.00|0.00|4537.00|1|4537.00|1|0|0.00|0.00|0.00|56|13
FPMI|Restaurante|1|Restaurante|1|CERVEZA CORONA| |9608012|CERVEZA CORONA| |9608012|Major Group 20|20|Major Group 20|20|Family Group 3000|3000|Family Group 3000|3000|OT1|1|Order Type Master 1|1|12778.00|0.00|12778.00|0.00|0.00|0.00|12778.00|0.00|12778.00|1|12778.00|1|0|0.00|0.00|0.00|74|18
FPMI|Domicilios|20|Domicilios|20|GASEOSA 400 ml| |9606131|GASEOSA 400 ml| |9606131|Major Group 20|20|Major Group 20|20|Family Group 3000|3000|Family Group 3000|3000|OT2|2|Order Type Master 2|2|7593.00|0.00|7593.00|0.00|0.00|0.00|7593.00|0.00|7593.00|73|7593.00|1|0|0.00|0.00|0.00|59|14
FPMI|Domicilios|20|Domicilios|20|JUGO DE NARANJA| |9604048|JUGO DE NARANJA| |9604048|Major Group 20|20|Major Group 20|20|Family Group 3000|3000|Family Group 3000|3000|OT2|2|Order Type Master 2|2|11667.00|0.00|11667.00|0.00|0.00|0.00|11667.00|0.00|11667.00|73|11667.00|1|0|0.00|0.00|0.00|55|13
FPMI|Domicilios|20|Domicilios|20|GASEOSA 400 ml| |9606131|GASEOSA 400 ml| |9606131|Major Group 20|20|Major Group 20|20|Family Group 3000|3000|Family Group 3000|3000|OT2|2|Order Type Master 2|2|15186.00|0.00|15186.00|0.00|0.00|0.00|15186.00|0.00|15186.00|73|15186.00|2|0|0.00|0.00|0.00|50|12
FPMI|Restaurante|1|Restaurante|1|PUNTA DE ANCA 250 gr ENSALADA| |9502234|PUNTA DE ANCA 250 gr ENSALADA| |9502234|Major Group 10|10|Major Group 10|10|Family Group 1008|1008|Family Group 1008|1008|OT1|1|Order Type Master 1|1|54444.00|0.00|54444.00|0.00|0.00|0.00|54444.00|0.00|54444.00|1|54444.00|1|0|0.00|0.00|0.00|56|13
FPMI|Restaurante|1|Restaurante|1|Mod 1/2| |980000002|Mod 1/2| |980000002|Major Group 10|10|Major Group 10|10|Family Group 1008|1008|Family Group 1008|1008|OT1|1|Order Type Master 1|1|0.00|0.00|0.00|0.00|0.00|0.00|0.00|0.00|0.00|1|0.00|2|0|0.00|0.00|0.00|56|13
FPMI|Restaurante|1|Restaurante|1|COMO ENTRADA| |90000038|COMO ENTRADA| |90000038|Major Group 10|10|Major Group 10|10|Family Group 1008|1008|Family Group 1008|1008|OT1|1|Order Type Master 1|1|0.00|0.00|0.00|0.00|0.00|0.00|0.00|0.00|0.00|1|0.00|1|0|0.00|0.00|0.00|54|13
FPMI|Restaurante|1|Restaurante|1|CHURRASCO 250 gr FRANCESA| |9502110|CHURRASCO 250 gr FRANCESA| |9502110|Major Group 10|10|Major Group 10|10|Family Group 1008|1008|Family Group 1008|1008|OT1|1|Order Type Master 1|1|51667.00|0.00|51667.00|0.00|0.00|0.00|51667.00|0.00|51667.00|1|51667.00|1|0|0.00|0.00|0.00|81|20
FPMI|Restaurante|1|Restaurante|1|MJE ALM| |90000037|MJE ALM| |90000037|Major Group 10|10|Major Group 10|10|Family Group 1008|1008|Family Group 1008|1008|OT1|1|Order Type Master 1|1|0.00|0.00|0.00|0.00|0.00|0.00|0.00|0.00|0.00|1|0.00|1|0|0.00|0.00|0.00|73|18
FPMI|Restaurante|1|Restaurante|1|Mod BienAsado| |980000006|Mod BienAsado| |980000006|Major Group 10|10|Major Group 10|10|Family Group 1008|1008|Family Group 1008|1008|OT1|1|Order Type Master 1|1|0.00|0.00|0.00|0.00|0.00|0.00|0.00|0.00|0.00|1|0.00|1|0|0.00|0.00|0.00|53|13
FPMI|Restaurante|1|Restaurante|1|Mod 1/4| |980000003|Mod 1/4| |980000003|Major Group 10|10|Major Group 10|10|Family Group 1008|1008|Family Group 1008|1008|OT1|1|Order Type Master 1|1|0.00|0.00|0.00|0.00|0.00|0.00|0.00|0.00|0.00|1|0.00|1|0|0.00|0.00|0.00|74|18
FPMI|Restaurante|1|Restaurante|1|CAZUELA DE FRIJOLES| |9520032|CAZUELA DE FRIJOLES| |9520032|Major Group 10|10|Major Group 10|10|Family Group 1008|1008|Family Group 1008|1008|OT1|1|Order Type Master 1|1|36852.00|0.00|36852.00|0.00|0.00|0.00|36852.00|0.00|36852.00|1|36852.00|1|0|0.00|0.00|0.00|72|17
FPMI|Restaurante|1|Restaurante|1|CHURRASCO 250 gr CASCO| |9502106|CHURRASCO 250 gr CASCO| |9502106|Major Group 10|10|Major Group 10|10|Family Group 1008|1008|Family Group 1008|1008|OT1|1|Order Type Master 1|1|51667.00|0.00|51667.00|0.00|0.00|0.00|51667.00|0.00|51667.00|1|51667.00|1|0|0.00|0.00|0.00|57|14
FPMI|Domicilios|20|Domicilios|20|Mensaje Bebidas 2024| |980000095|Mensaje Bebidas 2024| |980000095|Major Group 10|10|Major Group 10|10|Family Group 1008|1008|Family Group 1008|1008|OT2|2|Order Type Master 2|2|0.00|0.00|0.00|0.00|0.00|0.00|0.00|0.00|0.00|1|0.00|1|0|0.00|0.00|0.00|75|18
FPMI|Domicilios|20|Domicilios|20|TRUCHA A LA PLANCHA 350 gr ENSALADA| |9504163|TRUCHA A LA PLANCHA 350 gr ENSALADA| |9504163|Major Group 10|10|Major Group 10|10|Family Group 1008|1008|Family Group 1008|1008|OT2|2|Order Type Master 2|2|35741.00|0.00|35741.00|0.00|0.00|0.00|35741.00|0.00|35741.00|73|35741.00|1|0|0.00|0.00|0.00|58|14
FPMI|Domicilios|20|Domicilios|20|Mod 3/4| |980000004|Mod 3/4| |980000004|Major Group 10|10|Major Group 10|10|Family Group 1008|1008|Family Group 1008|1008|OT2|2|Order Type Master 2|2|0.00|0.00|0.00|0.00|0.00|0.00|0.00|0.00|0.00|1|0.00|2|0|0.00|0.00|0.00|56|13
FPMI|Domicilios|20|Domicilios|20|Mensaje Bebidas 2024| |980000095|Mensaje Bebidas 2024| |980000095|Major Group 10|10|Major Group 10|10|Family Group 1008|1008|Family Group 1008|1008|OT2|2|Order Type Master 2|2|0.00|0.00|0.00|0.00|0.00|0.00|0.00|0.00|0.00|1|0.00|1|0|0.00|0.00|0.00|50|12
FPMI|Domicilios|20|Domicilios|20|Mensaje Bebidas 2024| |980000095|Mensaje Bebidas 2024| |980000095|Major Group 10|10|Major Group 10|10|Family Group 1008|1008|Family Group 1008|1008|OT2|2|Order Type Master 2|2|0.00|0.00|0.00|0.00|0.00|0.00|0.00|0.00|0.00|1|0.00|1|0|0.00|0.00|0.00|55|13
FPMI|Domicilios|20|Domicilios|20|CALENTADO ANDRES| |9518004|CALENTADO ANDRES| |9518004|Major Group 10|10|Major Group 10|10|Family Group 1008|1008|Family Group 1008|1008|OT2|2|Order Type Master 2|2|35093.00|0.00|35093.00|0.00|0.00|0.00|35093.00|0.00|35093.00|73|35093.00|1|0|0.00|0.00|0.00|50|12
FPMI|Domicilios|20|Domicilios|20|MADURITOS| |9500252|MADURITOS| |9500252|Major Group 10|10|Major Group 10|10|Family Group 1008|1008|Family Group 1008|1008|OT2|2|Order Type Master 2|2|6852.00|0.00|6852.00|0.00|0.00|0.00|6852.00|0.00|6852.00|73|6852.00|2|0|0.00|0.00|0.00|50|12
FPMI|Plataformas|21|Plataformas|21|TORTA MILKYWAY| |9514163|TORTA MILKYWAY| |9514163|Major Group 10|10|Major Group 10|10|Family Group 1008|1008|Family Group 1008|1008|OT7|7|Order Type Master 7|7|11944.00|0.00|11944.00|0.00|0.00|0.00|11944.00|0.00|11944.00|161|11944.00|1|0|0.00|0.00|0.00|80|19
FPMI|Plataformas|21|Plataformas|21|AJIACO  POLLO| |9520008|AJIACO  POLLO| |9520008|Major Group 10|10|Major Group 10|10|Family Group 1008|1008|Family Group 1008|1008|OT7|7|Order Type Master 7|7|35741.00|0.00|35741.00|0.00|0.00|0.00|35741.00|0.00|35741.00|153|35741.00|1|0|0.00|0.00|0.00|51|12
FPMI|Plataformas|21|Plataformas|21|MJE ALM| |90000037|MJE ALM| |90000037|Major Group 10|10|Major Group 10|10|Family Group 1008|1008|Family Group 1008|1008|OT7|7|Order Type Master 7|7|0.00|0.00|0.00|0.00|0.00|0.00|0.00|0.00|0.00|1|0.00|1|0|0.00|0.00|0.00|48|11
FPMI|Restaurante|1|Restaurante|1|GASEOSA 400 ml| |9606131|GASEOSA 400 ml| |9606131|Major Group 20|20|Major Group 20|20|Family Group 3000|3000|Family Group 3000|3000|OT1|1|Order Type Master 1|1|7593.00|0.00|7593.00|0.00|0.00|0.00|7593.00|0.00|7593.00|1|7593.00|1|0|0.00|0.00|0.00|56|13
FPMI|Restaurante|1|Restaurante|1|LIMONADA NATURAL| |9604060|LIMONADA NATURAL| |9604060|Major Group 20|20|Major Group 20|20|Family Group 3000|3000|Family Group 3000|3000|OT1|1|Order Type Master 1|1|8519.00|0.00|8519.00|0.00|0.00|0.00|8519.00|0.00|8519.00|1|8519.00|1|0|0.00|0.00|0.00|51|12
FPMI|Restaurante|1|Restaurante|1|AGUA MANANTIAL SIN GAS 500 ML CON LIMON| |9606137|AGUA MANANTIAL SIN GAS 500 ML CON LIMON| |9606137|Major Group 20|20|Major Group 20|20|Family Group 3000|3000|Family Group 3000|3000|OT1|1|Order Type Master 1|1|8519.00|0.00|8519.00|0.00|0.00|0.00|8519.00|0.00|8519.00|1|8519.00|1|0|0.00|0.00|0.00|54|13
FPMI|Domicilios|20|Domicilios|20|AGUA MANANTIAL SIN GAS 500 ML| |9606135|AGUA MANANTIAL SIN GAS 500 ML| |9606135|Major Group 20|20|Major Group 20|20|Family Group 3000|3000|Family Group 3000|3000|OT2|2|Order Type Master 2|2|8148.00|0.00|8148.00|0.00|0.00|0.00|8148.00|0.00|8148.00|73|8148.00|1|0|0.00|0.00|0.00|51|12
FPMI|Domicilios|20|Domicilios|20|GASEOSA 400 ml| |9606131|GASEOSA 400 ml| |9606131|Major Group 20|20|Major Group 20|20|Family Group 3000|3000|Family Group 3000|3000|OT2|2|Order Type Master 2|2|7593.00|0.00|7593.00|0.00|0.00|0.00|7593.00|0.00|7593.00|73|7593.00|1|0|0.00|0.00|0.00|54|13
FPMI|Plataformas|21|Plataformas|21|LIMONADA NATURAL| |9604060|LIMONADA NATURAL| |9604060|Major Group 20|20|Major Group 20|20|Family Group 3000|3000|Family Group 3000|3000|OT7|7|Order Type Master 7|7|8889.00|0.00|8889.00|0.00|0.00|0.00|8889.00|0.00|8889.00|153|8889.00|1|0|0.00|0.00|0.00|80|19
FPMI|Restaurante|1|Restaurante|1|PATACON CARNE DESMECHADA| |9524028|PATACON CARNE DESMECHADA| |9524028|Major Group 10|10|Major Group 10|10|Family Group 1008|1008|Family Group 1008|1008|OT1|1|Order Type Master 1|1|49260.00|0.00|49260.00|0.00|0.00|0.00|49260.00|0.00|49260.00|1|49260.00|2|0|0.00|0.00|0.00|73|18
FPMI|Restaurante|1|Restaurante|1|Mensaje Bebidas 2024| |980000095|Mensaje Bebidas 2024| |980000095|Major Group 10|10|Major Group 10|10|Family Group 1008|1008|Family Group 1008|1008|OT1|1|Order Type Master 1|1|0.00|0.00|0.00|0.00|0.00|0.00|0.00|0.00|0.00|1|0.00|1|0|0.00|0.00|0.00|54|13
FPMI|Restaurante|1|Restaurante|1|Mod BienAsado| |980000006|Mod BienAsado| |980000006|Major Group 10|10|Major Group 10|10|Family Group 1008|1008|Family Group 1008|1008|OT1|1|Order Type Master 1|1|0.00|0.00|0.00|0.00|0.00|0.00|0.00|0.00|0.00|1|0.00|1|0|0.00|0.00|0.00|81|20
FPMI|Restaurante|1|Restaurante|1|CHICHARRON 90 gr| |9528024|CHICHARRON 90 gr| |9528024|Major Group 10|10|Major Group 10|10|Family Group 1008|1008|Family Group 1008|1008|OT1|1|Order Type Master 1|1|26667.00|0.00|26667.00|0.00|0.00|0.00|26667.00|0.00|26667.00|1|26667.00|1|0|0.00|0.00|0.00|55|13
FPMI|Restaurante|1|Restaurante|1|SALMON A LA PLANCHA 200 gr ENSALADA| |9504162|SALMON A LA PLANCHA 200 gr ENSALADA| |9504162|Major Group 10|10|Major Group 10|10|Family Group 1008|1008|Family Group 1008|1008|OT1|1|Order Type Master 1|1|49815.00|0.00|49815.00|0.00|0.00|0.00|49815.00|0.00|49815.00|1|49815.00|1|0|0.00|0.00|0.00|53|13
FPMI|Restaurante|1|Restaurante|1|Mensaje Bebidas 2024| |980000095|Mensaje Bebidas 2024| |980000095|Major Group 10|10|Major Group 10|10|Family Group 1008|1008|Family Group 1008|1008|OT1|1|Order Type Master 1|1|0.00|0.00|0.00|0.00|0.00|0.00|0.00|0.00|0.00|1|0.00|2|0|0.00|0.00|0.00|53|13
FPMI|Restaurante|1|Restaurante|1|BISTEC ENTRECOT 180 gr  CHIPS| |9502521|BISTEC ENTRECOT 180 gr  CHIPS| |9502521|Major Group 10|10|Major Group 10|10|Family Group 1008|1008|Family Group 1008|1008|OT1|1|Order Type Master 1|1|38704.00|0.00|38704.00|0.00|0.00|0.00|38704.00|0.00|38704.00|1|38704.00|1|0|0.00|0.00|0.00|81|20
FPMI|Restaurante|1|Restaurante|1|PUNTA DE ANCA 250 gr CRIOLLA| |9502358|PUNTA DE ANCA 250 gr CRIOLLA| |9502358|Major Group 10|10|Major Group 10|10|Family Group 1008|1008|Family Group 1008|1008|OT1|1|Order Type Master 1|1|54444.00|0.00|54444.00|0.00|0.00|0.00|54444.00|0.00|54444.00|1|54444.00|1|0|0.00|0.00|0.00|81|20
FPMI|Domicilios|20|Domicilios|20|CHOCOLATE| |9602076|CHOCOLATE| |9602076|Major Group 10|10|Major Group 10|10|Family Group 1008|1008|Family Group 1008|1008|OT2|2|Order Type Master 2|2|7315.00|0.00|7315.00|0.00|0.00|0.00|7315.00|0.00|7315.00|73|7315.00|1|0|0.00|0.00|0.00|75|18
FPMI|Domicilios|20|Domicilios|20|CUCHUCO CON ESPINAZO| |9520020|CUCHUCO CON ESPINAZO| |9520020|Major Group 10|10|Major Group 10|10|Family Group 1008|1008|Family Group 1008|1008|OT2|2|Order Type Master 2|2|34167.00|0.00|34167.00|0.00|0.00|0.00|34167.00|0.00|34167.00|73|34167.00|1|0|0.00|0.00|0.00|56|13
FPMI|Domicilios|20|Domicilios|20|AREPA DE CHOCOLO| |9506036|AREPA DE CHOCOLO| |9506036|Major Group 10|10|Major Group 10|10|Family Group 1008|1008|Family Group 1008|1008|OT2|2|Order Type Master 2|2|20185.00|0.00|20185.00|0.00|0.00|0.00|20185.00|0.00|20185.00|73|20185.00|1|0|0.00|0.00|0.00|81|20
FPMI|Plataformas|21|Plataformas|21|SOPA DE VERDURAS| |9520050|SOPA DE VERDURAS| |9520050|Major Group 10|10|Major Group 10|10|Family Group 1008|1008|Family Group 1008|1008|OT7|7|Order Type Master 7|7|13796.00|0.00|13796.00|0.00|0.00|0.00|13796.00|0.00|13796.00|153|13796.00|1|0|0.00|0.00|0.00|80|19
FPMI|Plataformas|21|Plataformas|21|AREPA DE CHOCOLO| |9506036|AREPA DE CHOCOLO| |9506036|Major Group 10|10|Major Group 10|10|Family Group 1008|1008|Family Group 1008|1008|OT7|7|Order Type Master 7|7|21111.00|0.00|21111.00|0.00|0.00|0.00|21111.00|0.00|21111.00|153|21111.00|1|0|0.00|0.00|0.00|80|19
FPMI|Plataformas|21|Plataformas|21|TORTA DE CHOCOLATE | |9514022|TORTA DE CHOCOLATE | |9514022|Major Group 10|10|Major Group 10|10|Family Group 1008|1008|Family Group 1008|1008|OT7|7|Order Type Master 7|7|14167.00|0.00|14167.00|0.00|0.00|0.00|14167.00|0.00|14167.00|153|14167.00|1|0|0.00|0.00|0.00|50|12
FPMI|Plataformas|21|Plataformas|21|AJIACO NINOS| |9542004|AJIACO NINOS| |9542004|Major Group 10|10|Major Group 10|10|Family Group 1008|1008|Family Group 1008|1008|OT7|7|Order Type Master 7|7|60834.00|0.00|60834.00|0.00|0.00|0.00|60834.00|0.00|60834.00|153|60834.00|3|0|0.00|0.00|0.00|47|11
FPMI|Plataformas|21|Plataformas|21|EMPANADA MIXTA 4 UNIDADES| |9528041|EMPANADA MIXTA 4 UNIDADES| |9528041|Major Group 10|10|Major Group 10|10|Family Group 1008|1008|Family Group 1008|1008|OT7|7|Order Type Master 7|7|23611.00|0.00|23611.00|0.00|0.00|0.00|23611.00|0.00|23611.00|153|23611.00|1|0|0.00|0.00|0.00|79|19
FPMI|Plataformas|21|Plataformas|21|LOMO 220 gr PAPA CRIOLLA| |9502513|LOMO 220 gr PAPA CRIOLLA| |9502513|Major Group 10|10|Major Group 10|10|Family Group 1008|1008|Family Group 1008|1008|OT7|7|Order Type Master 7|7|57130.00|0.00|57130.00|0.00|0.00|0.00|57130.00|0.00|57130.00|153|57130.00|1|0|0.00|0.00|0.00|74|18
FPMI|Plataformas|21|Plataformas|21|Mod 3/4| |980000004|Mod 3/4| |980000004|Major Group 10|10|Major Group 10|10|Family Group 1008|1008|Family Group 1008|1008|OT7|7|Order Type Master 7|7|0.00|0.00|0.00|0.00|0.00|0.00|0.00|0.00|0.00|1|0.00|1|0|0.00|0.00|0.00|74|18
