FPID|Expr123|Expres Chia|20250116|20250116|20250117|122910|2.00|2.00|Simphony|19.7.2
FPSUM|Restaurante|1|Restaurante|1|0.00|0.00|0|0|0.00|0|0.00|0|0|0|0|0|0.00|0.00|0.00|0|0|0|0.00|0|0.00|0|0.00|0|0.00|0|121496.00|1|0.00|0|0.00|0|0.00|0.00|20|82|0.00|0.00|0.00|0.00|0.00|3842.67|1509.33|-2333.33|0.00|0.00|0.00|3842.67|1509.33
FPSUM|Domicilios|20|Domicilios|20|16185.00|0.00|0|0|0.00|0|1615.00|1|0|0|0|0|0.00|0.00|0.00|0|0|0|0.00|0|0.00|0|0.00|0|17800.00|1|42800.00|2|0.00|0|0.00|0|0.00|0.00|18|75|20185.00|-4000.00|0.00|0.00|16185.00|1512.33|1212.33|-300.00|0.33|0.00|3637.00|1512.33|1212.33
FPSUM|Restaurante|1|Restaurante|1|0.00|0.00|0|0|0.00|0|0.00|0|0|0|0|0|0.00|0.00|0.00|0|0|0|0.00|0|0.00|0|0.00|0|0.00|0|117344.00|1|0.00|0|0.00|0|0.00|0.00|15|62|0.00|0.00|0.00|0.00|0.00|76404.00|74370.67|-2033.33|0.50|0.00|148741.33|76404.00|74370.67
FPSUM|Restaurante|1|Restaurante|1|0.00|0.00|0|0|0.00|0|0.00|0|0|0|0|0|0.00|0.00|0.00|0|0|0|0.00|0|0.00|0|0.00|0|0.00|0|60311.00|1|0.00|0|0.00|0|0.00|0.00|15|63|0.00|0.00|0.00|0.00|0.00|12453.83|11603.83|-850.00|0.33|0.00|34811.53|12453.83|11603.83
FPSUM|Restaurante|1|Restaurante|1|83148.00|8316.00|0|0|0.00|0|6652.00|0|0|0|0|0|0.00|0.00|0.00|0|0|0|0.00|0|0.00|0|0.00|0|98116.00|0|0.00|0|0.00|0|0.00|0|0.00|0.00|14|59|83148.00|0.00|0.00|0.00|83148.00|35246.83|35246.83|0.00|0.17|0.00|211480.58|35246.83|35246.83
FPSUM|Restaurante|1|Restaurante|1|196296.00|13361.00|0|0|0.00|0|15704.00|1|0|0|0|0|0.00|0.00|0.00|0|0|0|0.00|0|0.00|0|0.00|0|225361.00|1|185044.00|2|0.00|0|0.00|0|0.00|-6268.00|13|53|196296.00|0.00|0.00|0.00|196296.00|69398.50|69398.50|0.00|0.67|0.00|104097.70|69398.50|69398.50
FPSUM|Domicilios|20|Domicilios|20|1.00|4001.00|0|0|0.00|0|0.00|1|0|0|0|0|0.00|0.00|0.00|0|0|0|0.00|0|0.00|0|11000.00|1|4002.00|1|4002.00|1|0.00|0|0.00|0|0.00|0.00|16|68|1.00|0.00|0.00|0.00|1.00|0.00|0.00|0.00|0.00|0.00|0.00|0.00|0.00
FPSUM|Restaurante|1|Restaurante|1|181202.00|18120.00|0|0|0.00|0|14498.00|2|0|0|0|0|0.00|0.00|0.00|0|0|0|0.00|0|0.00|0|0.00|0|213820.00|2|0.00|0|0.00|0|0.00|0|0.00|0.00|12|50|181202.00|0.00|0.00|0.00|181202.00|27963.17|27963.17|0.00|0.50|0.00|55926.33|27963.17|27963.17
FPSUM|Restaurante|1|Restaurante|1|233241.00|23323.00|0|0|0.00|0|18659.00|0|0|0|0|0|0.00|0.00|0.00|0|0|0|0.00|0|0.00|0|0.00|1|275223.00|0|231629.00|1|0.00|0|0.00|0|0.00|0.00|13|56|233241.00|0.00|0.00|0.00|233241.00|80756.50|80756.50|0.00|1.17|0.00|69219.84|80756.50|80756.50
FPSUM|Domicilios|20|Domicilios|20|52871.00|0.00|0|0|0.00|0|4229.00|1|0|0|0|0|0.00|0.00|0.00|0|0|0|0.00|0|0.00|0|0.00|0|57100.00|1|0.00|0|0.00|0|0.00|0|0.00|0.00|10|43|52871.00|0.00|0.00|0.00|52871.00|4630.00|4630.00|0.00|0.17|0.00|27779.94|4630.00|4630.00
FPSUM|Restaurante|1|Restaurante|1|71666.00|7166.00|0|0|0.00|0|5734.00|1|0|0|0|0|0.00|0.00|0.00|0|0|0|0.00|0|0.00|0|0.00|0|84566.00|1|0.00|0|0.00|0|0.00|0|0.00|0.00|19|77|71666.00|0.00|0.00|0.00|71666.00|-1882.67|-1882.67|0.00|0.00|0.00|0.00|-1882.67|-1882.67
FPSUM|Restaurante|1|Restaurante|1|0.00|0.00|0|0|0.00|0|0.00|0|0|0|0|0|0.00|0.00|0.00|0|0|0|0.00|0|0.00|0|0.00|0|0.00|0|154820.00|1|0.00|0|0.00|0|0.00|0.00|20|83|0.00|0.00|0.00|0.00|0.00|0.00|-433.33|-433.33|0.00|0.00|0.00|0.00|-433.33
FPSUM|Restaurante|1|Restaurante|1|51111.00|5111.00|0|0|0.00|0|4089.00|1|0|0|0|0|0.00|0.00|0.00|0|0|0|0.00|0|0.00|0|0.00|0|60311.00|1|47965.00|1|0.00|0|0.00|0|0.00|0.00|15|61|51111.00|0.00|0.00|0.00|51111.00|70633.17|70633.17|0.00|0.67|0.00|105949.70|70633.17|70633.17
FPSUM|Restaurante|1|Restaurante|1|0.00|0.00|0|0|0.00|0|0.00|0|0|0|0|0|0.00|0.00|0.00|0|0|0|0.00|0|0.00|0|0.00|0|0.00|0|125211.00|1|0.00|0|0.00|0|0.00|0.00|18|76|0.00|0.00|0.00|0.00|0.00|8101.83|8101.83|0.00|0.17|0.00|48610.90|8101.83|8101.83
FPSUM|Domicilios|20|Domicilios|20|56389.00|0.00|0|0|0.00|0|4511.00|1|0|0|0|0|0.00|0.00|0.00|0|0|0|0.00|0|0.00|0|0.00|0|60900.00|1|60900.00|1|0.00|0|0.00|0|0.00|0.00|12|51|56389.00|0.00|0.00|0.00|56389.00|22839.33|22839.33|0.00|0.17|0.00|137035.73|22839.33|22839.33
FPSUM|Restaurante|1|Restaurante|1|274260.00|27425.00|0|0|0.00|0|21940.00|3|0|0|0|0|0.00|0.00|0.00|0|0|0|13200.00|1|0.00|0|0.00|0|323625.00|3|0.00|0|0.00|0|0.00|0|0.00|0.00|12|51|274260.00|0.00|0.00|0.00|274260.00|22747.00|22747.00|0.00|0.33|0.00|68241.07|22747.00|22747.00
FPSUM|Domicilios|20|Domicilios|20|0.00|0.00|0|0|0.00|0|0.00|0|0|0|0|0|0.00|0.00|0.00|0|0|0|0.00|0|0.00|0|0.00|0|0.00|0|0.00|0|0.00|0|0.00|0|0.00|0.00|20|83|0.00|0.00|0.00|0.00|0.00|0.00|-233.33|-233.33|0.00|0.00|0.00|0.00|-233.33
FPSUM|Domicilios|20|Domicilios|20|0.00|0.00|0|0|0.00|0|0.00|0|0|0|0|0|0.00|0.00|0.00|0|0|0|0.00|0|0.00|0|30848.00|1|0.00|0|0.00|0|0.00|0|0.00|0|0.00|0.00|11|45|0.00|0.00|0.00|0.00|0.00|0.00|0.00|0.00|0.00|0.00|0.00|0.00|0.00
FPSUM|Plataformas|21|Plataformas|21|98797.00|0.00|0|0|0.00|0|7903.00|2|0|0|0|0|0.00|0.00|0.00|0|0|0|0.00|0|0.00|0|0.00|0|106700.00|2|106700.00|2|0.00|0|0.00|0|0.00|0.00|11|47|98797.00|0.00|0.00|0.00|98797.00|14089.50|14089.50|0.00|0.17|0.00|84536.83|14089.50|14089.50
FPSUM|Restaurante|1|Restaurante|1|15544.00|1944.00|0|0|0.00|0|1556.00|1|0|0|0|0|0.00|0.00|0.00|0|0|0|0.00|0|0.00|0|0.00|0|19044.00|1|19044.00|1|0.00|0|0.00|0|0.00|0.00|16|66|19444.00|-3900.00|0.00|0.00|15544.00|10185.50|9518.83|-666.67|0.17|0.00|57112.89|10185.50|9518.83
FPSUM|Restaurante|1|Restaurante|1|30186.00|3017.00|0|0|0.00|0|2414.00|0|0|0|0|0|0.00|0.00|0.00|0|0|0|0.00|0|0.00|0|0.00|0|35617.00|0|0.00|0|0.00|0|0.00|0|0.00|0.00|14|58|30186.00|0.00|0.00|0.00|30186.00|35787.17|35337.17|-450.00|0.50|0.00|70674.33|35787.17|35337.17
FPSUM|Domicilios|20|Domicilios|20|0.00|0.00|0|0|0.00|0|0.00|0|0|0|0|0|0.00|0.00|0.00|0|0|0|0.00|0|0.00|0|0.00|0|0.00|0|62900.00|1|0.00|0|0.00|0|0.00|0.00|15|64|0.00|0.00|0.00|0.00|0.00|14892.00|14892.00|0.00|0.17|0.00|89351.82|14892.00|14892.00
FPSUM|Domicilios|20|Domicilios|20|224444.00|0.00|0|0|0.00|0|17956.00|1|0|0|0|0|0.00|0.00|0.00|0|0|0|8200.00|1|0.00|0|0.00|0|242400.00|1|242400.00|1|0.00|0|0.00|0|0.00|0.00|13|56|224444.00|0.00|0.00|0.00|224444.00|24105.17|23688.50|-416.67|0.50|0.00|47377.00|24105.17|23688.50
FPSUM|Restaurante|1|Restaurante|1|0.00|0.00|0|0|0.00|0|0.00|0|0|0|0|0|0.00|0.00|0.00|0|0|0|0.00|0|0.00|0|0.00|0|0.00|0|0.00|0|0.00|0|0.00|0|0.00|0.00|14|57|0.00|0.00|0.00|0.00|0.00|67299.67|61099.67|-6200.00|0.50|0.00|122199.33|67299.67|61099.67
FPSUM|Restaurante|1|Restaurante|1|106112.00|10611.00|0|0|0.00|0|8488.00|1|0|0|0|0|0.00|0.00|0.00|0|0|0|0.00|0|0.00|0|19818.00|1|125211.00|1|0.00|0|0.00|0|0.00|0|0.00|0.00|18|75|106112.00|0.00|0.00|0.00|106112.00|55972.50|55972.50|0.00|0.67|0.00|83958.71|55972.50|55972.50
FPSUM|Restaurante|1|Restaurante|1|67130.00|6713.00|0|0|0.00|0|5370.00|1|0|0|0|0|0.00|0.00|0.00|0|0|0|0.00|0|0.00|0|0.00|0|79213.00|1|80852.00|1|0.00|0|0.00|0|0.00|0.00|12|52|67130.00|0.00|0.00|0.00|67130.00|30139.00|30139.00|0.00|0.83|0.00|36166.81|30139.00|30139.00
FPSUM|Plataformas|21|Plataformas|21|76388.00|0.00|0|0|0.00|0|6112.00|2|0|0|0|0|0.00|0.00|0.00|0|0|0|3400.00|1|0.00|0|0.00|0|82500.00|2|82500.00|2|0.00|0|0.00|0|0.00|0.00|12|49|76388.00|0.00|0.00|0.00|76388.00|66111.67|66111.67|0.00|0.67|0.00|99167.45|66111.67|66111.67
FPSUM|Domicilios|20|Domicilios|20|4177.00|8074.00|0|0|0.00|0|1623.00|0|0|0|0|0|0.00|0.00|0.00|0|0|0|7300.00|1|0.00|0|0.00|0|13874.00|0|79174.00|1|0.00|0|0.00|0|0.00|0.00|11|48|20277.00|-16100.00|0.00|0.00|4177.00|0.00|0.00|0.00|0.00|0.00|0.00|0.00|0.00
FPSUM|Restaurante|1|Restaurante|1|33519.00|-2583.00|0|0|0.00|0|2681.00|2|0|0|0|0|0.00|0.00|0.00|0|0|0|0.00|0|0.00|0|0.00|0|33617.00|2|234872.00|2|0.00|0|0.00|0|0.00|-5935.00|13|54|33519.00|0.00|0.00|0.00|33519.00|57608.33|57608.33|0.00|0.50|0.00|115216.67|57608.33|57608.33
FPSUM|Plataformas|21|Plataformas|21|123610.00|0.00|0|0|0.00|0|9890.00|1|0|0|0|0|0.00|0.00|0.00|0|0|0|0.00|0|0.00|0|0.00|0|133500.00|1|133500.00|1|0.00|0|0.00|0|0.00|0.00|18|75|123610.00|0.00|0.00|0.00|123610.00|16535.50|16535.50|0.00|0.17|0.00|99212.80|16535.50|16535.50
FPSUM|Domicilios|20|Domicilios|20|18363.00|0.00|0|0|0.00|0|1837.00|1|0|0|0|0|0.00|0.00|0.00|0|0|0|0.00|0|0.00|0|0.00|0|20200.00|1|20200.00|1|0.00|0|0.00|0|0.00|0.00|14|59|22963.00|-4600.00|0.00|0.00|18363.00|5231.50|4431.50|-800.00|0.33|0.00|13294.51|5231.50|4431.50
FPSUM|Domicilios|20|Domicilios|20|23150.00|0.00|0|0|0.00|0|1850.00|1|0|0|0|0|0.00|0.00|0.00|0|0|0|0.00|0|0.00|0|0.00|0|25000.00|1|0.00|0|0.00|0|0.00|0|0.00|0.00|12|49|23150.00|0.00|0.00|0.00|23150.00|4876.50|3893.17|-983.33|0.17|0.00|23358.95|4876.50|3893.17
FPSUM|Restaurante|1|Restaurante|1|0.00|0.00|0|0|0.00|0|0.00|0|0|0|0|0|0.00|0.00|0.00|0|0|0|0.00|0|0.00|0|0.00|0|0.00|0|223544.00|1|0.00|0|0.00|0|0.00|0.00|16|65|0.00|0.00|0.00|0.00|0.00|39243.50|39243.50|0.00|0.67|0.00|58865.22|39243.50|39243.50
FPSUM|Restaurante|1|Restaurante|1|131202.00|13120.00|0|0|0.00|0|10498.00|1|0|0|0|0|0.00|0.00|0.00|0|0|0|0.00|0|0.00|0|0.00|0|154820.00|1|0.00|0|0.00|0|0.00|0|0.00|0.00|19|80|131202.00|0.00|0.00|0.00|131202.00|27052.50|27052.50|0.00|0.33|0.00|81157.58|27052.50|27052.50
FPSUM|Restaurante|1|Restaurante|1|0.00|0.00|0|0|0.00|0|0.00|0|0|0|0|0|0.00|0.00|0.00|0|0|0|0.00|0|0.00|0|0.00|0|0.00|0|0.00|0|0.00|0|0.00|0|0.00|0.00|15|64|0.00|0.00|0.00|0.00|0.00|69166.67|66166.67|-3000.00|0.50|0.00|132333.33|69166.67|66166.67
FPSUM|Plataformas|21|Plataformas|21|36759.00|0.00|0|0|0.00|0|2941.00|1|0|0|0|0|0.00|0.00|0.00|0|0|0|0.00|0|0.00|0|0.00|0|39700.00|1|39700.00|1|0.00|0|0.00|0|0.00|0.00|14|60|36759.00|0.00|0.00|0.00|36759.00|0.00|0.00|0.00|0.00|0.00|0.00|0.00|0.00
FPSUM|Restaurante|1|Restaurante|1|275373.00|27537.00|0|0|0.00|0|22027.00|1|0|0|0|0|0.00|0.00|0.00|0|0|0|488400.00|1|0.00|0|0.00|0|324937.00|1|94509.00|1|0.00|0|0.00|0|0.00|0.00|13|55|275373.00|0.00|0.00|0.00|275373.00|85787.33|85137.33|-650.00|0.67|0.00|127705.94|85787.33|85137.33
FPSUM|Restaurante|1|Restaurante|1|0.00|0.00|0|0|0.00|0|0.00|0|0|0|0|0|0.00|0.00|0.00|0|0|0|0.00|0|0.00|0|0.00|0|0.00|0|0.00|0|0.00|0|0.00|0|0.00|0.00|20|84|0.00|0.00|0.00|0.00|0.00|0.00|0.00|0.00|0.00|0.00|0.00|0.00|0.00
FPSUM|Restaurante|1|Restaurante|1|23518.00|2352.00|-8556|2|0.00|0|1882.00|0|0|0|0|0|0.00|0.00|0.00|0|0|0|0.00|0|0.00|0|0.00|0|27752.00|0|0.00|1|0.00|0|0.00|0|0.00|-622.00|19|79|23518.00|0.00|0.00|0.00|23518.00|35833.00|33283.00|-2550.00|0.83|0.00|39939.62|35833.00|33283.00
FPSUM|Restaurante|1|Restaurante|1|160927.00|16092.00|0|0|0.00|0|12873.00|2|0|0|0|0|0.00|0.00|0.00|0|0|0|10900.00|1|0.00|0|0.00|0|189892.00|2|574484.00|1|0.00|0|0.00|0|0.00|0.00|14|60|160927.00|0.00|0.00|0.00|160927.00|83117.67|83117.67|0.00|0.67|0.00|124676.44|83117.67|83117.67
FPSUM|Plataformas|21|Plataformas|21|19537.00|0.00|0|0|0.00|0|1563.00|1|0|0|0|0|0.00|0.00|0.00|0|0|0|0.00|0|0.00|0|0.00|0|21100.00|1|21100.00|1|0.00|0|0.00|0|0.00|0.00|13|53|19537.00|0.00|0.00|0.00|19537.00|41944.67|41944.67|0.00|0.50|0.00|83889.33|41944.67|41944.67
FPSUM|Domicilios|20|Domicilios|20|24911.00|0.00|0|0|0.00|0|2489.00|1|0|0|0|0|0.00|0.00|0.00|0|0|0|0.00|0|0.00|0|0.00|0|27400.00|1|27400.00|1|0.00|0|0.00|0|0.00|0.00|16|67|31111.00|-6200.00|0.00|0.00|24911.00|0.00|0.00|0.00|0.00|0.00|0.00|0.00|0.00
FPSUM|Plataformas|21|Plataformas|21|22408.00|0.00|0|0|0.00|0|1792.00|1|0|0|0|0|0.00|0.00|0.00|0|0|0|0.00|0|0.00|0|0.00|0|24200.00|1|24200.00|1|0.00|0|0.00|0|0.00|0.00|11|45|22408.00|0.00|0.00|0.00|22408.00|0.00|0.00|0.00|0.00|0.00|0.00|0.00|0.00
FPSUM|Domicilios|20|Domicilios|20|35093.00|0.00|0|0|0.00|0|2807.00|1|0|0|0|0|0.00|0.00|0.00|0|0|0|0.00|0|0.00|0|0.00|0|37900.00|1|37900.00|1|0.00|0|0.00|0|0.00|0.00|19|80|35093.00|0.00|0.00|0.00|35093.00|0.00|0.00|0.00|0.00|0.00|0.00|0.00|0.00
FPSUM|Domicilios|20|Domicilios|20|98610.00|0.00|0|0|0.00|0|7890.00|2|0|0|0|0|0.00|0.00|0.00|0|0|0|0.00|0|0.00|0|0.00|0|106500.00|2|43600.00|1|0.00|0|0.00|0|0.00|0.00|15|63|98610.00|0.00|0.00|0.00|98610.00|0.00|0.00|0.00|0.00|0.00|0.00|0.00|0.00
FPSUM|Domicilios|20|Domicilios|20|0.00|7315.00|0|0|0.00|0|0.00|0|0|0|0|0|0.00|0.00|0.00|0|0|0|0.00|0|0.00|0|0.00|0|7315.00|0|86315.00|1|0.00|0|0.00|0|0.00|0.00|12|50|0.00|0.00|0.00|0.00|0.00|0.00|0.00|0.00|0.00|0.00|0.00|0.00|0.00
FPSUM|Eventos|3|Eventos|3|0.00|0.00|0|0|0.00|0|0.00|0|0|0|0|0|0.00|0.00|0.00|0|0|0|0.00|0|0.00|0|0.00|1|0.00|0|0.00|0|0.00|0|0.00|0|0.00|0.00|19|80|0.00|0.00|0.00|0.00|0.00|0.00|0.00|0.00|0.00|0.00|0.00|0.00|0.00
FPSUM|Domicilios|20|Domicilios|20|80740.00|0.00|0|0|0.00|0|6460.00|1|0|0|0|0|0.00|0.00|0.00|0|0|0|7300.00|1|0.00|0|0.00|0|87200.00|1|0.00|0|0.00|0|0.00|0|0.00|0.00|10|44|80740.00|0.00|0.00|0.00|80740.00|0.00|0.00|0.00|0.00|0.00|0.00|0.00|0.00
FPSUM|Eventos|3|Eventos|3|0.00|0.00|0|0|0.00|0|0.00|0|0|0|0|0|0.00|0.00|0.00|0|0|0|0.00|0|0.00|0|0.00|1|0.00|0|0.00|0|0.00|0|0.00|0|0.00|0.00|16|65|0.00|0.00|0.00|0.00|0.00|0.00|0.00|0.00|0.00|0.00|0.00|0.00|0.00
FPOT|Restaurante|1|Restaurante|1|OT1|1|Order Type Master 1|1|233241.00|23323.00|0.00|0|0.00|0|18659.00|0|0|0|0|0|0.00|0.00|0.00|0|0|0|0.00|0|0.00|0|0.00|1|275223.00|0|231629.00|1|0.00|0|0.00|0|0.00|0.00|13|56|233241.00|0.00|0.00|0.00|233241.00|80756.50|80756.50|0.00|1.17|0.00|69219.84|80756.50|80756.50
FPOT|Restaurante|1|Restaurante|1|OT1|1|Order Type Master 1|1|0.00|0.00|0.00|0|0.00|0|0.00|0|0|0|0|0|0.00|0.00|0.00|0|0|0|0.00|0|0.00|0|0.00|0|0.00|0|0.00|0|0.00|0|0.00|0|0.00|0.00|20|84|0.00|0.00|0.00|0.00|0.00|0.00|0.00|0.00|0.00|0.00|0.00|0.00|0.00
FPOT|Restaurante|1|Restaurante|1|OT1|1|Order Type Master 1|1|33519.00|-2583.00|0.00|0|0.00|0|2681.00|2|0|0|0|0|0.00|0.00|0.00|0|0|0|0.00|0|0.00|0|0.00|0|33617.00|2|234872.00|2|0.00|0|0.00|0|0.00|-5935.00|13|54|33519.00|0.00|0.00|0.00|33519.00|57608.33|57608.33|0.00|0.50|0.00|115216.67|57608.33|57608.33
FPOT|Restaurante|1|Restaurante|1|OT1|1|Order Type Master 1|1|274260.00|27425.00|0.00|0|0.00|0|21940.00|3|0|0|0|0|0.00|0.00|0.00|0|0|0|13200.00|1|0.00|0|0.00|0|323625.00|3|0.00|0|0.00|0|0.00|0|0.00|0.00|12|51|274260.00|0.00|0.00|0.00|274260.00|22747.00|22747.00|0.00|0.33|0.00|68241.07|22747.00|22747.00
FPOT|Domicilios|20|Domicilios|20|OT2|2|Order Type Master 2|2|1.00|4001.00|0.00|0|0.00|0|0.00|1|0|0|0|0|0.00|0.00|0.00|0|0|0|0.00|0|0.00|0|11000.00|1|4002.00|1|4002.00|1|0.00|0|0.00|0|0.00|0.00|16|68|1.00|0.00|0.00|0.00|1.00|0.00|0.00|0.00|0.00|0.00|0.00|0.00|0.00
FPOT|Domicilios|20|Domicilios|20|OT2|2|Order Type Master 2|2|0.00|0.00|0.00|0|0.00|0|0.00|0|0|0|0|0|0.00|0.00|0.00|0|0|0|0.00|0|0.00|0|0.00|0|0.00|0|0.00|0|0.00|0|0.00|0|0.00|0.00|20|83|0.00|0.00|0.00|0.00|0.00|0.00|-233.33|-233.33|0.00|0.00|0.00|0.00|-233.33
FPOT|Plataformas|21|Plataformas|21|OT7|7|Order Type Master 7|7|98797.00|0.00|0.00|0|0.00|0|7903.00|2|0|0|0|0|0.00|0.00|0.00|0|0|0|0.00|0|0.00|0|0.00|0|106700.00|2|106700.00|2|0.00|0|0.00|0|0.00|0.00|11|47|98797.00|0.00|0.00|0.00|98797.00|14089.50|14089.50|0.00|0.17|0.00|84536.83|14089.50|14089.50
FPOT|Restaurante|1|Restaurante|1|OT1|1|Order Type Master 1|1|181202.00|18120.00|0.00|0|0.00|0|14498.00|2|0|0|0|0|0.00|0.00|0.00|0|0|0|0.00|0|0.00|0|0.00|0|213820.00|2|0.00|0|0.00|0|0.00|0|0.00|0.00|12|50|181202.00|0.00|0.00|0.00|181202.00|27963.17|27963.17|0.00|0.50|0.00|55926.33|27963.17|27963.17
FPOT|Restaurante|1|Restaurante|1|OT1|1|Order Type Master 1|1|0.00|0.00|0.00|0|0.00|0|0.00|0|0|0|0|0|0.00|0.00|0.00|0|0|0|0.00|0|0.00|0|0.00|0|0.00|0|154820.00|1|0.00|0|0.00|0|0.00|0.00|20|83|0.00|0.00|0.00|0.00|0.00|0.00|-433.33|-433.33|0.00|0.00|0.00|0.00|-433.33
FPOT|Restaurante|1|Restaurante|1|OT1|1|Order Type Master 1|1|0.00|0.00|0.00|0|0.00|0|0.00|0|0|0|0|0|0.00|0.00|0.00|0|0|0|0.00|0|0.00|0|0.00|0|0.00|0|121496.00|1|0.00|0|0.00|0|0.00|0.00|20|82|0.00|0.00|0.00|0.00|0.00|3842.67|1509.33|-2333.33|0.00|0.00|0.00|3842.67|1509.33
FPOT|Domicilios|20|Domicilios|20|OT2|2|Order Type Master 2|2|52871.00|0.00|0.00|0|0.00|0|4229.00|1|0|0|0|0|0.00|0.00|0.00|0|0|0|0.00|0|0.00|0|0.00|0|57100.00|1|0.00|0|0.00|0|0.00|0|0.00|0.00|10|43|52871.00|0.00|0.00|0.00|52871.00|4630.00|4630.00|0.00|0.17|0.00|27779.94|4630.00|4630.00
FPOT|Restaurante|1|Restaurante|1|OT1|1|Order Type Master 1|1|71666.00|7166.00|0.00|0|0.00|0|5734.00|1|0|0|0|0|0.00|0.00|0.00|0|0|0|0.00|0|0.00|0|0.00|0|84566.00|1|0.00|0|0.00|0|0.00|0|0.00|0.00|19|77|71666.00|0.00|0.00|0.00|71666.00|-1882.67|-1882.67|0.00|0.00|0.00|0.00|-1882.67|-1882.67
FPOT|Restaurante|1|Restaurante|1|OT1|1|Order Type Master 1|1|0.00|0.00|0.00|0|0.00|0|0.00|0|0|0|0|0|0.00|0.00|0.00|0|0|0|0.00|0|0.00|0|0.00|0|0.00|0|60311.00|1|0.00|0|0.00|0|0.00|0.00|15|63|0.00|0.00|0.00|0.00|0.00|12453.83|11603.83|-850.00|0.33|0.00|34811.53|12453.83|11603.83
FPOT|Restaurante|1|Restaurante|1|OT1|1|Order Type Master 1|1|160927.00|16092.00|0.00|0|0.00|0|12873.00|2|0|0|0|0|0.00|0.00|0.00|0|0|0|10900.00|1|0.00|0|0.00|0|189892.00|2|574484.00|1|0.00|0|0.00|0|0.00|0.00|14|60|160927.00|0.00|0.00|0.00|160927.00|83117.67|83117.67|0.00|0.67|0.00|124676.44|83117.67|83117.67
FPOT|Plataformas|21|Plataformas|21|OT7|7|Order Type Master 7|7|123610.00|0.00|0.00|0|0.00|0|9890.00|1|0|0|0|0|0.00|0.00|0.00|0|0|0|0.00|0|0.00|0|0.00|0|133500.00|1|133500.00|1|0.00|0|0.00|0|0.00|0.00|18|75|123610.00|0.00|0.00|0.00|123610.00|16535.50|16535.50|0.00|0.17|0.00|99212.80|16535.50|16535.50
FPOT|Eventos|3|Eventos|3|OT1|1|Order Type Master 1|1|0.00|0.00|0.00|0|0.00|0|0.00|0|0|0|0|0|0.00|0.00|0.00|0|0|0|0.00|0|0.00|0|0.00|1|0.00|0|0.00|0|0.00|0|0.00|0|0.00|0.00|16|65|0.00|0.00|0.00|0.00|0.00|0.00|0.00|0.00|0.00|0.00|0.00|0.00|0.00
FPOT|Restaurante|1|Restaurante|1|OT1|1|Order Type Master 1|1|51111.00|5111.00|0.00|0|0.00|0|4089.00|1|0|0|0|0|0.00|0.00|0.00|0|0|0|0.00|0|0.00|0|0.00|0|60311.00|1|47965.00|1|0.00|0|0.00|0|0.00|0.00|15|61|51111.00|0.00|0.00|0.00|51111.00|70633.17|70633.17|0.00|0.67|0.00|105949.70|70633.17|70633.17
FPOT|Restaurante|1|Restaurante|1|OT1|1|Order Type Master 1|1|0.00|0.00|0.00|0|0.00|0|0.00|0|0|0|0|0|0.00|0.00|0.00|0|0|0|0.00|0|0.00|0|0.00|0|0.00|0|117344.00|1|0.00|0|0.00|0|0.00|0.00|15|62|0.00|0.00|0.00|0.00|0.00|76404.00|74370.67|-2033.33|0.50|0.00|148741.33|76404.00|74370.67
FPOT|Domicilios|20|Domicilios|20|OT2|2|Order Type Master 2|2|18363.00|0.00|0.00|0|0.00|0|1837.00|1|0|0|0|0|0.00|0.00|0.00|0|0|0|0.00|0|0.00|0|0.00|0|20200.00|1|20200.00|1|0.00|0|0.00|0|0.00|0.00|14|59|22963.00|-4600.00|0.00|0.00|18363.00|5231.50|4431.50|-800.00|0.33|0.00|13294.51|5231.50|4431.50
FPOT|Domicilios|20|Domicilios|20|OT2|2|Order Type Master 2|2|56389.00|0.00|0.00|0|0.00|0|4511.00|1|0|0|0|0|0.00|0.00|0.00|0|0|0|0.00|0|0.00|0|0.00|0|60900.00|1|60900.00|1|0.00|0|0.00|0|0.00|0.00|12|51|56389.00|0.00|0.00|0.00|56389.00|22839.33|22839.33|0.00|0.17|0.00|137035.73|22839.33|22839.33
FPOT|Plataformas|21|Plataformas|21|OT7|7|Order Type Master 7|7|19537.00|0.00|0.00|0|0.00|0|1563.00|1|0|0|0|0|0.00|0.00|0.00|0|0|0|0.00|0|0.00|0|0.00|0|21100.00|1|21100.00|1|0.00|0|0.00|0|0.00|0.00|13|53|19537.00|0.00|0.00|0.00|19537.00|41944.67|41944.67|0.00|0.50|0.00|83889.33|41944.67|41944.67
FPOT|Restaurante|1|Restaurante|1|OT1|1|Order Type Master 1|1|0.00|0.00|0.00|0|0.00|0|0.00|0|0|0|0|0|0.00|0.00|0.00|0|0|0|0.00|0|0.00|0|0.00|0|0.00|0|0.00|0|0.00|0|0.00|0|0.00|0.00|14|57|0.00|0.00|0.00|0.00|0.00|67299.67|61099.67|-6200.00|0.50|0.00|122199.33|67299.67|61099.67
FPOT|Restaurante|1|Restaurante|1|OT1|1|Order Type Master 1|1|275373.00|27537.00|0.00|0|0.00|0|22027.00|1|0|0|0|0|0.00|0.00|0.00|0|0|0|488400.00|1|0.00|0|0.00|0|324937.00|1|94509.00|1|0.00|0|0.00|0|0.00|0.00|13|55|275373.00|0.00|0.00|0.00|275373.00|85787.33|85137.33|-650.00|0.67|0.00|127705.94|85787.33|85137.33
FPOT|Restaurante|1|Restaurante|1|OT1|1|Order Type Master 1|1|0.00|0.00|0.00|0|0.00|0|0.00|0|0|0|0|0|0.00|0.00|0.00|0|0|0|0.00|0|0.00|0|0.00|0|0.00|0|0.00|0|0.00|0|0.00|0|0.00|0.00|15|64|0.00|0.00|0.00|0.00|0.00|69166.67|66166.67|-3000.00|0.50|0.00|132333.33|69166.67|66166.67
FPOT|Domicilios|20|Domicilios|20|OT2|2|Order Type Master 2|2|0.00|0.00|0.00|0|0.00|0|0.00|0|0|0|0|0|0.00|0.00|0.00|0|0|0|0.00|0|0.00|0|0.00|0|0.00|0|62900.00|1|0.00|0|0.00|0|0.00|0.00|15|64|0.00|0.00|0.00|0.00|0.00|14892.00|14892.00|0.00|0.17|0.00|89351.82|14892.00|14892.00
FPOT|Domicilios|20|Domicilios|20|OT2|2|Order Type Master 2|2|35093.00|0.00|0.00|0|0.00|0|2807.00|1|0|0|0|0|0.00|0.00|0.00|0|0|0|0.00|0|0.00|0|0.00|0|37900.00|1|37900.00|1|0.00|0|0.00|0|0.00|0.00|19|80|35093.00|0.00|0.00|0.00|35093.00|0.00|0.00|0.00|0.00|0.00|0.00|0.00|0.00
FPOT|Plataformas|21|Plataformas|21|OT7|7|Order Type Master 7|7|22408.00|0.00|0.00|0|0.00|0|1792.00|1|0|0|0|0|0.00|0.00|0.00|0|0|0|0.00|0|0.00|0|0.00|0|24200.00|1|24200.00|1|0.00|0|0.00|0|0.00|0.00|11|45|22408.00|0.00|0.00|0.00|22408.00|0.00|0.00|0.00|0.00|0.00|0.00|0.00|0.00
FPOT|Restaurante|1|Restaurante|1|OT1|1|Order Type Master 1|1|196296.00|13361.00|0.00|0|0.00|0|15704.00|1|0|0|0|0|0.00|0.00|0.00|0|0|0|0.00|0|0.00|0|0.00|0|225361.00|1|185044.00|2|0.00|0|0.00|0|0.00|-6268.00|13|53|196296.00|0.00|0.00|0.00|196296.00|69398.50|69398.50|0.00|0.67|0.00|104097.70|69398.50|69398.50
FPOT|Restaurante|1|Restaurante|1|OT1|1|Order Type Master 1|1|0.00|0.00|0.00|0|0.00|0|0.00|0|0|0|0|0|0.00|0.00|0.00|0|0|0|0.00|0|0.00|0|0.00|0|0.00|0|125211.00|1|0.00|0|0.00|0|0.00|0.00|18|76|0.00|0.00|0.00|0.00|0.00|8101.83|8101.83|0.00|0.17|0.00|48610.90|8101.83|8101.83
FPOT|Restaurante|1|Restaurante|1|OT1|1|Order Type Master 1|1|30186.00|3017.00|0.00|0|0.00|0|2414.00|0|0|0|0|0|0.00|0.00|0.00|0|0|0|0.00|0|0.00|0|0.00|0|35617.00|0|0.00|0|0.00|0|0.00|0|0.00|0.00|14|58|30186.00|0.00|0.00|0.00|30186.00|35787.17|35337.17|-450.00|0.50|0.00|70674.33|35787.17|35337.17
FPOT|Restaurante|1|Restaurante|1|OT1|1|Order Type Master 1|1|23518.00|2352.00|-8556.00|2|0.00|0|1882.00|0|0|0|0|0|0.00|0.00|0.00|0|0|0|0.00|0|0.00|0|0.00|0|27752.00|0|0.00|1|0.00|0|0.00|0|0.00|-622.00|19|79|23518.00|0.00|0.00|0.00|23518.00|35833.00|33283.00|-2550.00|0.83|0.00|39939.62|35833.00|33283.00
FPOT|Domicilios|20|Domicilios|20|OT2|2|Order Type Master 2|2|0.00|0.00|0.00|0|0.00|0|0.00|0|0|0|0|0|0.00|0.00|0.00|0|0|0|0.00|0|0.00|0|30848.00|1|0.00|0|0.00|0|0.00|0|0.00|0|0.00|0.00|11|45|0.00|0.00|0.00|0.00|0.00|0.00|0.00|0.00|0.00|0.00|0.00|0.00|0.00
FPOT|Domicilios|20|Domicilios|20|OT2|2|Order Type Master 2|2|0.00|7315.00|0.00|0|0.00|0|0.00|0|0|0|0|0|0.00|0.00|0.00|0|0|0|0.00|0|0.00|0|0.00|0|7315.00|0|86315.00|1|0.00|0|0.00|0|0.00|0.00|12|50|0.00|0.00|0.00|0.00|0.00|0.00|0.00|0.00|0.00|0.00|0.00|0.00|0.00
FPOT|Restaurante|1|Restaurante|1|OT1|1|Order Type Master 1|1|106112.00|10611.00|0.00|0|0.00|0|8488.00|1|0|0|0|0|0.00|0.00|0.00|0|0|0|0.00|0|0.00|0|19818.00|1|125211.00|1|0.00|0|0.00|0|0.00|0|0.00|0.00|18|75|106112.00|0.00|0.00|0.00|106112.00|55972.50|55972.50|0.00|0.67|0.00|83958.71|55972.50|55972.50
FPOT|Restaurante|1|Restaurante|1|OT1|1|Order Type Master 1|1|15544.00|1944.00|0.00|0|0.00|0|1556.00|1|0|0|0|0|0.00|0.00|0.00|0|0|0|0.00|0|0.00|0|0.00|0|19044.00|1|19044.00|1|0.00|0|0.00|0|0.00|0.00|16|66|19444.00|-3900.00|0.00|0.00|15544.00|10185.50|9518.83|-666.67|0.17|0.00|57112.89|10185.50|9518.83
FPOT|Restaurante|1|Restaurante|1|OT1|1|Order Type Master 1|1|131202.00|13120.00|0.00|0|0.00|0|10498.00|1|0|0|0|0|0.00|0.00|0.00|0|0|0|0.00|0|0.00|0|0.00|0|154820.00|1|0.00|0|0.00|0|0.00|0|0.00|0.00|19|80|131202.00|0.00|0.00|0.00|131202.00|27052.50|27052.50|0.00|0.33|0.00|81157.58|27052.50|27052.50
FPOT|Domicilios|20|Domicilios|20|OT2|2|Order Type Master 2|2|23150.00|0.00|0.00|0|0.00|0|1850.00|1|0|0|0|0|0.00|0.00|0.00|0|0|0|0.00|0|0.00|0|0.00|0|25000.00|1|0.00|0|0.00|0|0.00|0|0.00|0.00|12|49|23150.00|0.00|0.00|0.00|23150.00|4876.50|3893.17|-983.33|0.17|0.00|23358.95|4876.50|3893.17
FPOT|Domicilios|20|Domicilios|20|OT2|2|Order Type Master 2|2|80740.00|0.00|0.00|0|0.00|0|6460.00|1|0|0|0|0|0.00|0.00|0.00|0|0|0|7300.00|1|0.00|0|0.00|0|87200.00|1|0.00|0|0.00|0|0.00|0|0.00|0.00|10|44|80740.00|0.00|0.00|0.00|80740.00|0.00|0.00|0.00|0.00|0.00|0.00|0.00|0.00
FPOT|Domicilios|20|Domicilios|20|OT2|2|Order Type Master 2|2|16185.00|0.00|0.00|0|0.00|0|1615.00|1|0|0|0|0|0.00|0.00|0.00|0|0|0|0.00|0|0.00|0|0.00|0|17800.00|1|42800.00|2|0.00|0|0.00|0|0.00|0.00|18|75|20185.00|-4000.00|0.00|0.00|16185.00|1512.33|1212.33|-300.00|0.33|0.00|3637.00|1512.33|1212.33
FPOT|Domicilios|20|Domicilios|20|OT2|2|Order Type Master 2|2|98610.00|0.00|0.00|0|0.00|0|7890.00|2|0|0|0|0|0.00|0.00|0.00|0|0|0|0.00|0|0.00|0|0.00|0|106500.00|2|43600.00|1|0.00|0|0.00|0|0.00|0.00|15|63|98610.00|0.00|0.00|0.00|98610.00|0.00|0.00|0.00|0.00|0.00|0.00|0.00|0.00
FPOT|Plataformas|21|Plataformas|21|OT7|7|Order Type Master 7|7|36759.00|0.00|0.00|0|0.00|0|2941.00|1|0|0|0|0|0.00|0.00|0.00|0|0|0|0.00|0|0.00|0|0.00|0|39700.00|1|39700.00|1|0.00|0|0.00|0|0.00|0.00|14|60|36759.00|0.00|0.00|0.00|36759.00|0.00|0.00|0.00|0.00|0.00|0.00|0.00|0.00
FPOT|Eventos|3|Eventos|3|OT1|1|Order Type Master 1|1|0.00|0.00|0.00|0|0.00|0|0.00|0|0|0|0|0|0.00|0.00|0.00|0|0|0|0.00|0|0.00|0|0.00|1|0.00|0|0.00|0|0.00|0|0.00|0|0.00|0.00|19|80|0.00|0.00|0.00|0.00|0.00|0.00|0.00|0.00|0.00|0.00|0.00|0.00|0.00
FPOT|Restaurante|1|Restaurante|1|OT1|1|Order Type Master 1|1|67130.00|6713.00|0.00|0|0.00|0|5370.00|1|0|0|0|0|0.00|0.00|0.00|0|0|0|0.00|0|0.00|0|0.00|0|79213.00|1|80852.00|1|0.00|0|0.00|0|0.00|0.00|12|52|67130.00|0.00|0.00|0.00|67130.00|30139.00|30139.00|0.00|0.83|0.00|36166.81|30139.00|30139.00
FPOT|Restaurante|1|Restaurante|1|OT1|1|Order Type Master 1|1|0.00|0.00|0.00|0|0.00|0|0.00|0|0|0|0|0|0.00|0.00|0.00|0|0|0|0.00|0|0.00|0|0.00|0|0.00|0|223544.00|1|0.00|0|0.00|0|0.00|0.00|16|65|0.00|0.00|0.00|0.00|0.00|39243.50|39243.50|0.00|0.67|0.00|58865.22|39243.50|39243.50
FPOT|Restaurante|1|Restaurante|1|OT1|1|Order Type Master 1|1|83148.00|8316.00|0.00|0|0.00|0|6652.00|0|0|0|0|0|0.00|0.00|0.00|0|0|0|0.00|0|0.00|0|0.00|0|98116.00|0|0.00|0|0.00|0|0.00|0|0.00|0.00|14|59|83148.00|0.00|0.00|0.00|83148.00|35246.83|35246.83|0.00|0.17|0.00|211480.58|35246.83|35246.83
FPOT|Domicilios|20|Domicilios|20|OT2|2|Order Type Master 2|2|4177.00|8074.00|0.00|0|0.00|0|1623.00|0|0|0|0|0|0.00|0.00|0.00|0|0|0|7300.00|1|0.00|0|0.00|0|13874.00|0|79174.00|1|0.00|0|0.00|0|0.00|0.00|11|48|20277.00|-16100.00|0.00|0.00|4177.00|0.00|0.00|0.00|0.00|0.00|0.00|0.00|0.00
FPOT|Domicilios|20|Domicilios|20|OT2|2|Order Type Master 2|2|224444.00|0.00|0.00|0|0.00|0|17956.00|1|0|0|0|0|0.00|0.00|0.00|0|0|0|8200.00|1|0.00|0|0.00|0|242400.00|1|242400.00|1|0.00|0|0.00|0|0.00|0.00|13|56|224444.00|0.00|0.00|0.00|224444.00|24105.17|23688.50|-416.67|0.50|0.00|47377.00|24105.17|23688.50
FPOT|Domicilios|20|Domicilios|20|OT2|2|Order Type Master 2|2|24911.00|0.00|0.00|0|0.00|0|2489.00|1|0|0|0|0|0.00|0.00|0.00|0|0|0|0.00|0|0.00|0|0.00|0|27400.00|1|27400.00|1|0.00|0|0.00|0|0.00|0.00|16|67|31111.00|-6200.00|0.00|0.00|24911.00|0.00|0.00|0.00|0.00|0.00|0.00|0.00|0.00
FPOT|Plataformas|21|Plataformas|21|OT7|7|Order Type Master 7|7|76388.00|0.00|0.00|0|0.00|0|6112.00|2|0|0|0|0|0.00|0.00|0.00|0|0|0|3400.00|1|0.00|0|0.00|0|82500.00|2|82500.00|2|0.00|0|0.00|0|0.00|0.00|12|49|76388.00|0.00|0.00|0.00|76388.00|66111.67|66111.67|0.00|0.67|0.00|99167.45|66111.67|66111.67
FPMI|Restaurante|1|Restaurante|1|SODA| |9606112|SODA| |9606112|BEBIDAS|20|BEBIDAS|20|Bebidas Sin Alcohol|3000|Bebidas Sin Alcohol|3000|OT1|1|Order Type Master 1|1|6852.00|0.00|6852.00|0.00|0.00|0.00|6852.00|0.00|6852.00|1|6852.00|1|0|0.00|0.00|0.00|54|13
FPMI|Restaurante|1|Restaurante|1|LIMONADA NATURAL| |9604060|LIMONADA NATURAL| |9604060|BEBIDAS|20|BEBIDAS|20|Bebidas Sin Alcohol|3000|Bebidas Sin Alcohol|3000|OT1|1|Order Type Master 1|1|17038.00|0.00|17038.00|0.00|0.00|0.00|17038.00|0.00|17038.00|1|17038.00|2|0|0.00|0.00|0.00|53|13
FPMI|Restaurante|1|Restaurante|1|JUGO DE MANGO EN LECHE| |9604152|JUGO DE MANGO EN LECHE| |9604152|BEBIDAS|20|BEBIDAS|20|Bebidas Sin Alcohol|3000|Bebidas Sin Alcohol|3000|OT1|1|Order Type Master 1|1|38610.00|0.00|38610.00|0.00|0.00|0.00|38610.00|0.00|38610.00|1|38610.00|3|0|0.00|0.00|0.00|50|12
FPMI|Restaurante|1|Restaurante|1|LIMONADA NATURAL| |9604060|LIMONADA NATURAL| |9604060|BEBIDAS|20|BEBIDAS|20|Bebidas Sin Alcohol|3000|Bebidas Sin Alcohol|3000|OT1|1|Order Type Master 1|1|17038.00|0.00|17038.00|0.00|0.00|0.00|17038.00|0.00|17038.00|1|17038.00|2|0|0.00|0.00|0.00|51|12
FPMI|Restaurante|1|Restaurante|1|AGUA DE PANELA| |9602084|AGUA DE PANELA| |9602084|BEBIDAS|20|BEBIDAS|20|Bebidas Sin Alcohol|3000|Bebidas Sin Alcohol|3000|OT1|1|Order Type Master 1|1|5370.00|0.00|5370.00|0.00|0.00|0.00|5370.00|0.00|5370.00|1|5370.00|1|0|0.00|0.00|0.00|80|19
FPMI|Domicilios|20|Domicilios|20|CAFE ESPRESSO NESPRESSO| |9262156|CAFE ESPRESSO NESPRESSO| |9262156|BEBIDAS|20|BEBIDAS|20|Bebidas Sin Alcohol|3000|Bebidas Sin Alcohol|3000|OT2|2|Order Type Master 2|2|13518.00|0.00|13518.00|0.00|0.00|0.00|13518.00|0.00|13518.00|73|13518.00|2|0|0.00|0.00|0.00|48|11
FPMI|Restaurante|1|Restaurante|1|EMPANADA DE QUESO| |9528030|EMPANADA DE QUESO| |9528030|ALIMENTOS|10|ALIMENTOS|10|Para Empezar|1008|Para Empezar|1008|OT1|1|Order Type Master 1|1|6111.00|-1226.00|4885.00|0.00|0.00|0.00|6111.00|-1226.00|4885.00|1|6111.00|1|0|0.00|0.00|0.00|66|16
FPMI|Restaurante|1|Restaurante|1|ADICION DE AGUACATE 100 gr| |9500032|ADICION DE AGUACATE 100 gr| |9500032|ALIMENTOS|10|ALIMENTOS|10|Para Empezar|1008|Para Empezar|1008|OT1|1|Order Type Master 1|1|11296.00|0.00|11296.00|0.00|0.00|0.00|11296.00|0.00|11296.00|1|11296.00|2|0|0.00|0.00|0.00|51|12
FPMI|Restaurante|1|Restaurante|1|Mod CocaCola Original 400ml| |980000102|Mod CocaCola Original 400ml| |980000102|ALIMENTOS|10|ALIMENTOS|10|Para Empezar|1008|Para Empezar|1008|OT1|1|Order Type Master 1|1|0.00|0.00|0.00|0.00|0.00|0.00|0.00|0.00|0.00|1|0.00|2|0|0.00|0.00|0.00|58|14
FPMI|Restaurante|1|Restaurante|1|PECHUGA A LA PARRILLA 230 gr FRANCESA | |9506090|PECHUGA A LA PARRILLA 230 gr FRANCESA | |9506090|ALIMENTOS|10|ALIMENTOS|10|Para Empezar|1008|Para Empezar|1008|OT1|1|Order Type Master 1|1|24815.00|0.00|24815.00|0.00|0.00|0.00|24815.00|0.00|24815.00|1|24815.00|1|0|0.00|0.00|0.00|56|13
FPMI|Restaurante|1|Restaurante|1|Mensaje Bebidas 2024| |980000095|Mensaje Bebidas 2024| |980000095|ALIMENTOS|10|ALIMENTOS|10|Para Empezar|1008|Para Empezar|1008|OT1|1|Order Type Master 1|1|0.00|0.00|0.00|0.00|0.00|0.00|0.00|0.00|0.00|1|0.00|1|0|0.00|0.00|0.00|55|13
FPMI|Domicilios|20|Domicilios|20|AREPA DE HUEVO Y CARNE DESMECHADA| |9528059|AREPA DE HUEVO Y CARNE DESMECHADA| |9528059|ALIMENTOS|10|ALIMENTOS|10|Para Empezar|1008|Para Empezar|1008|OT2|2|Order Type Master 2|2|13519.00|0.00|13519.00|0.00|0.00|0.00|13519.00|0.00|13519.00|73|13519.00|1|0|0.00|0.00|0.00|43|10
FPMI|Domicilios|20|Domicilios|20|AREPA DE CHOCOLO| |9506036|AREPA DE CHOCOLO| |9506036|ALIMENTOS|10|ALIMENTOS|10|Para Empezar|1008|Para Empezar|1008|OT2|2|Order Type Master 2|2|20185.00|-4000.00|16185.00|0.00|0.00|0.00|20185.00|-4000.00|16185.00|73|20185.00|1|0|0.00|0.00|0.00|75|18
FPMI|Domicilios|20|Domicilios|20|Mensaje Bebidas 2024| |980000095|Mensaje Bebidas 2024| |980000095|ALIMENTOS|10|ALIMENTOS|10|Para Empezar|1008|Para Empezar|1008|OT2|2|Order Type Master 2|2|0.00|0.00|0.00|0.00|0.00|0.00|0.00|0.00|0.00|1|0.00|1|0|0.00|0.00|0.00|63|15
FPMI|Plataformas|21|Plataformas|21|PATACON CARNE DESMECHADA| |9524028|PATACON CARNE DESMECHADA| |9524028|ALIMENTOS|10|ALIMENTOS|10|Para Empezar|1008|Para Empezar|1008|OT7|7|Order Type Master 7|7|25833.00|0.00|25833.00|0.00|0.00|0.00|25833.00|0.00|25833.00|153|25833.00|1|0|0.00|0.00|0.00|49|12
FPMI|Plataformas|21|Plataformas|21|BANDEJA PAISA| |9520036|BANDEJA PAISA| |9520036|ALIMENTOS|10|ALIMENTOS|10|Para Empezar|1008|Para Empezar|1008|OT7|7|Order Type Master 7|7|44537.00|0.00|44537.00|0.00|0.00|0.00|44537.00|0.00|44537.00|153|44537.00|1|0|0.00|0.00|0.00|47|11
FPMI|Restaurante|1|Restaurante|1|JUGO DE MANDARINA| |9604044|JUGO DE MANDARINA| |9604044|BEBIDAS|20|BEBIDAS|20|Bebidas Sin Alcohol|3000|Bebidas Sin Alcohol|3000|OT1|1|Order Type Master 1|1|14074.00|0.00|14074.00|0.00|0.00|0.00|14074.00|0.00|14074.00|1|14074.00|1|0|0.00|0.00|0.00|53|13
FPMI|Restaurante|1|Restaurante|1|CERVEZA CLUB COLOMBIA| |9608004|CERVEZA CLUB COLOMBIA| |9608004|BEBIDAS|20|BEBIDAS|20|Bebidas Sin Alcohol|3000|Bebidas Sin Alcohol|3000|OT1|1|Order Type Master 1|1|11296.00|0.00|11296.00|0.00|0.00|0.00|11296.00|0.00|11296.00|1|11296.00|1|0|0.00|0.00|0.00|51|12
FPMI|Restaurante|1|Restaurante|1|CERVEZA CORONA MICHELADA| |9608070|CERVEZA CORONA MICHELADA| |9608070|BEBIDAS|20|BEBIDAS|20|Bebidas Sin Alcohol|3000|Bebidas Sin Alcohol|3000|OT1|1|Order Type Master 1|1|41112.00|0.00|41112.00|0.00|0.00|0.00|41112.00|0.00|41112.00|1|41112.00|3|0|0.00|0.00|0.00|55|13
FPMI|Restaurante|1|Restaurante|1|MANDARINO BOLS 2X1| |9626126|MANDARINO BOLS 2X1| |9626126|BEBIDAS|20|BEBIDAS|20|Bebidas Sin Alcohol|3000|Bebidas Sin Alcohol|3000|OT1|1|Order Type Master 1|1|31296.00|0.00|31296.00|0.00|0.00|0.00|31296.00|0.00|31296.00|1|31296.00|1|0|0.00|0.00|0.00|77|19
FPMI|Restaurante|1|Restaurante|1|AROMATICA| |9602088|AROMATICA| |9602088|BEBIDAS|20|BEBIDAS|20|Bebidas Sin Alcohol|3000|Bebidas Sin Alcohol|3000|OT1|1|Order Type Master 1|1|4537.00|0.00|4537.00|0.00|0.00|0.00|4537.00|0.00|4537.00|1|4537.00|1|0|0.00|0.00|0.00|80|19
FPMI|Domicilios|20|Domicilios|20|AGUA MANANTIAL CON GAS 300 ML| |9606136|AGUA MANANTIAL CON GAS 300 ML| |9606136|BEBIDAS|20|BEBIDAS|20|Bebidas Sin Alcohol|3000|Bebidas Sin Alcohol|3000|OT2|2|Order Type Master 2|2|0.00|-2548.00|-2548.00|0.00|0.00|0.00|0.00|-2548.00|-2548.00|73|0.00|0|0|0.00|0.00|0.00|48|11
FPMI|Domicilios|20|Domicilios|20|JUGO DE MARACUYA EN AGUA| |9604116|JUGO DE MARACUYA EN AGUA| |9604116|BEBIDAS|20|BEBIDAS|20|Bebidas Sin Alcohol|3000|Bebidas Sin Alcohol|3000|OT2|2|Order Type Master 2|2|10093.00|0.00|10093.00|0.00|0.00|0.00|10093.00|0.00|10093.00|73|10093.00|1|0|0.00|0.00|0.00|43|10
FPMI|Domicilios|20|Domicilios|20|AROMATICA| |9602088|AROMATICA| |9602088|BEBIDAS|20|BEBIDAS|20|Bebidas Sin Alcohol|3000|Bebidas Sin Alcohol|3000|OT2|2|Order Type Master 2|2|9074.00|0.00|9074.00|0.00|0.00|0.00|9074.00|0.00|9074.00|73|9074.00|2|0|0.00|0.00|0.00|43|10
FPMI|Plataformas|21|Plataformas|21|GASEOSA 400 ml| |9606131|GASEOSA 400 ml| |9606131|BEBIDAS|20|BEBIDAS|20|Bebidas Sin Alcohol|3000|Bebidas Sin Alcohol|3000|OT7|7|Order Type Master 7|7|7963.00|0.00|7963.00|0.00|0.00|0.00|7963.00|0.00|7963.00|153|7963.00|1|0|0.00|0.00|0.00|47|11
FPMI|Restaurante|1|Restaurante|1|EMPANADA CACHACA| |9528008|EMPANADA CACHACA| |9528008|ALIMENTOS|10|ALIMENTOS|10|Para Empezar|1008|Para Empezar|1008|OT1|1|Order Type Master 1|1|6111.00|-1226.00|4885.00|0.00|0.00|0.00|6111.00|-1226.00|4885.00|1|6111.00|1|0|0.00|0.00|0.00|66|16
FPMI|Restaurante|1|Restaurante|1|Mensaje Bebidas 2024| |980000095|Mensaje Bebidas 2024| |980000095|ALIMENTOS|10|ALIMENTOS|10|Para Empezar|1008|Para Empezar|1008|OT1|1|Order Type Master 1|1|0.00|0.00|0.00|0.00|0.00|0.00|0.00|0.00|0.00|1|0.00|1|0|0.00|0.00|0.00|66|16
FPMI|Restaurante|1|Restaurante|1|SOPA DE VERDURAS| |9520050|SOPA DE VERDURAS| |9520050|ALIMENTOS|10|ALIMENTOS|10|Para Empezar|1008|Para Empezar|1008|OT1|1|Order Type Master 1|1|26296.00|0.00|26296.00|0.00|0.00|0.00|26296.00|0.00|26296.00|1|26296.00|2|0|0.00|0.00|0.00|61|15
FPMI|Restaurante|1|Restaurante|1|PATACON MARINO| |9504164|PATACON MARINO| |9504164|ALIMENTOS|10|ALIMENTOS|10|Para Empezar|1008|Para Empezar|1008|OT1|1|Order Type Master 1|1|31296.00|0.00|31296.00|0.00|0.00|0.00|31296.00|0.00|31296.00|1|31296.00|1|0|0.00|0.00|0.00|56|13
FPMI|Restaurante|1|Restaurante|1|Mensaje Bebidas 2024| |980000095|Mensaje Bebidas 2024| |980000095|ALIMENTOS|10|ALIMENTOS|10|Para Empezar|1008|Para Empezar|1008|OT1|1|Order Type Master 1|1|0.00|0.00|0.00|0.00|0.00|0.00|0.00|0.00|0.00|1|0.00|1|0|0.00|0.00|0.00|53|13
FPMI|Restaurante|1|Restaurante|1|PAPA CASCO| |9500456|PAPA CASCO| |9500456|ALIMENTOS|10|ALIMENTOS|10|Para Empezar|1008|Para Empezar|1008|OT1|1|Order Type Master 1|1|7222.00|0.00|7222.00|0.00|0.00|0.00|7222.00|0.00|7222.00|1|7222.00|1|0|0.00|0.00|0.00|55|13
FPMI|Restaurante|1|Restaurante|1|AREPA DE MAIZ CON CARNE DESMECHADA| |9524076|AREPA DE MAIZ CON CARNE DESMECHADA| |9524076|ALIMENTOS|10|ALIMENTOS|10|Para Empezar|1008|Para Empezar|1008|OT1|1|Order Type Master 1|1|40370.00|0.00|40370.00|0.00|0.00|0.00|40370.00|0.00|40370.00|1|40370.00|2|0|0.00|0.00|0.00|77|19
FPMI|Restaurante|1|Restaurante|1|PATACON CON HOGAO| |9524044|PATACON CON HOGAO| |9524044|ALIMENTOS|10|ALIMENTOS|10|Para Empezar|1008|Para Empezar|1008|OT1|1|Order Type Master 1|1|10000.00|0.00|10000.00|0.00|0.00|0.00|10000.00|0.00|10000.00|1|10000.00|1|0|0.00|0.00|0.00|60|14
FPMI|Restaurante|1|Restaurante|1|PINCHO DE LOMO X 100 GRS| |9502526|PINCHO DE LOMO X 100 GRS| |9502526|ALIMENTOS|10|ALIMENTOS|10|Para Empezar|1008|Para Empezar|1008|OT1|1|Order Type Master 1|1|18333.00|0.00|18333.00|0.00|0.00|0.00|18333.00|0.00|18333.00|1|18333.00|1|0|0.00|0.00|0.00|80|19
FPMI|Domicilios|20|Domicilios|20|HAMBURGUESA MILAGROSA 180 gr| |9508038|HAMBURGUESA MILAGROSA 180 gr| |9508038|ALIMENTOS|10|ALIMENTOS|10|Para Empezar|1008|Para Empezar|1008|OT2|2|Order Type Master 2|2|23889.00|-4761.00|19128.00|0.00|0.00|0.00|23889.00|-4761.00|19128.00|73|23889.00|1|0|0.00|0.00|0.00|67|16
FPMI|Domicilios|20|Domicilios|20|Mensaje Bebidas 2024| |980000095|Mensaje Bebidas 2024| |980000095|ALIMENTOS|10|ALIMENTOS|10|Para Empezar|1008|Para Empezar|1008|OT2|2|Order Type Master 2|2|0.00|0.00|0.00|0.00|0.00|0.00|0.00|0.00|0.00|1|0.00|1|0|0.00|0.00|0.00|48|11
FPMI|Domicilios|20|Domicilios|20|LOMO 220 gr PAPA FRANCESA| |9502511|LOMO 220 gr PAPA FRANCESA| |9502511|ALIMENTOS|10|ALIMENTOS|10|Para Empezar|1008|Para Empezar|1008|OT2|2|Order Type Master 2|2|108888.00|0.00|108888.00|0.00|0.00|0.00|108888.00|0.00|108888.00|73|108888.00|2|0|0.00|0.00|0.00|56|13
FPMI|Domicilios|20|Domicilios|20|Mensaje Bebidas 2024| |980000095|Mensaje Bebidas 2024| |980000095|ALIMENTOS|10|ALIMENTOS|10|Para Empezar|1008|Para Empezar|1008|OT2|2|Order Type Master 2|2|0.00|0.00|0.00|0.00|0.00|0.00|0.00|0.00|0.00|1|0.00|1|0|0.00|0.00|0.00|56|13
FPMI|Plataformas|21|Plataformas|21|CUBIERTOS Y SERVILLETAS| |980000100|CUBIERTOS Y SERVILLETAS| |980000100|ALIMENTOS|10|ALIMENTOS|10|Para Empezar|1008|Para Empezar|1008|OT7|7|Order Type Master 7|7|0.00|0.00|0.00|0.00|0.00|0.00|0.00|0.00|0.00|153|0.00|1|0|0.00|0.00|0.00|47|11
FPMI|Plataformas|21|Plataformas|21|MJE ALM| |90000037|MJE ALM| |90000037|ALIMENTOS|10|ALIMENTOS|10|Para Empezar|1008|Para Empezar|1008|OT7|7|Order Type Master 7|7|0.00|0.00|0.00|0.00|0.00|0.00|0.00|0.00|0.00|1|0.00|1|0|0.00|0.00|0.00|47|11
FPMI|Restaurante|1|Restaurante|1|TINTO COLADO AEX| |9602121|TINTO COLADO AEX| |9602121|BEBIDAS|20|BEBIDAS|20|Bebidas Sin Alcohol|3000|Bebidas Sin Alcohol|3000|OT1|1|Order Type Master 1|1|18148.00|0.00|18148.00|0.00|0.00|0.00|18148.00|0.00|18148.00|1|18148.00|4|0|0.00|0.00|0.00|59|14
FPMI|Restaurante|1|Restaurante|1|GASEOSA 400 ml| |9606131|GASEOSA 400 ml| |9606131|BEBIDAS|20|BEBIDAS|20|Bebidas Sin Alcohol|3000|Bebidas Sin Alcohol|3000|OT1|1|Order Type Master 1|1|22779.00|0.00|22779.00|0.00|0.00|0.00|22779.00|0.00|22779.00|1|22779.00|3|0|0.00|0.00|0.00|55|13
FPMI|Domicilios|20|Domicilios|20|FUZE TE LIMON| |9606096|FUZE TE LIMON| |9606096|BEBIDAS|20|BEBIDAS|20|Bebidas Sin Alcohol|3000|Bebidas Sin Alcohol|3000|OT2|2|Order Type Master 2|2|6389.00|-1280.00|5109.00|0.00|0.00|0.00|6389.00|-1280.00|5109.00|73|6389.00|1|0|0.00|0.00|0.00|59|14
FPMI|Restaurante|1|Restaurante|1|CHICHARRON 90 gr| |9528024|CHICHARRON 90 gr| |9528024|ALIMENTOS|10|ALIMENTOS|10|Para Empezar|1008|Para Empezar|1008|OT1|1|Order Type Master 1|1|26667.00|0.00|26667.00|0.00|0.00|0.00|26667.00|0.00|26667.00|1|26667.00|1|0|0.00|0.00|0.00|54|13
FPMI|Restaurante|1|Restaurante|1|AREPA DE CHOCOLO| |9506036|AREPA DE CHOCOLO| |9506036|ALIMENTOS|10|ALIMENTOS|10|Para Empezar|1008|Para Empezar|1008|OT1|1|Order Type Master 1|1|60555.00|0.00|60555.00|0.00|0.00|0.00|60555.00|0.00|60555.00|1|60555.00|3|0|0.00|0.00|0.00|50|12
FPMI|Restaurante|1|Restaurante|1|CHORIZO ANTIOQUENO 100 gr| |9502084|CHORIZO ANTIOQUENO 100 gr| |9502084|ALIMENTOS|10|ALIMENTOS|10|Para Empezar|1008|Para Empezar|1008|OT1|1|Order Type Master 1|1|13519.00|0.00|13519.00|0.00|0.00|0.00|13519.00|0.00|13519.00|1|13519.00|1|0|0.00|0.00|0.00|50|12
FPMI|Restaurante|1|Restaurante|1|CHURRASCO 250 gr ENSALADA| |9502108|CHURRASCO 250 gr ENSALADA| |9502108|ALIMENTOS|10|ALIMENTOS|10|Para Empezar|1008|Para Empezar|1008|OT1|1|Order Type Master 1|1|51667.00|0.00|51667.00|0.00|0.00|0.00|51667.00|0.00|51667.00|1|51667.00|1|0|0.00|0.00|0.00|55|13
FPMI|Restaurante|1|Restaurante|1|CUCHUCO CON ESPINAZO| |9520020|CUCHUCO CON ESPINAZO| |9520020|ALIMENTOS|10|ALIMENTOS|10|Para Empezar|1008|Para Empezar|1008|OT1|1|Order Type Master 1|1|34167.00|0.00|34167.00|0.00|0.00|0.00|34167.00|0.00|34167.00|1|34167.00|1|0|0.00|0.00|0.00|55|13
FPMI|Restaurante|1|Restaurante|1|CHICHARRON 90 gr| |9528024|CHICHARRON 90 gr| |9528024|ALIMENTOS|10|ALIMENTOS|10|Para Empezar|1008|Para Empezar|1008|OT1|1|Order Type Master 1|1|26667.00|0.00|26667.00|0.00|0.00|0.00|26667.00|0.00|26667.00|1|26667.00|1|0|0.00|0.00|0.00|55|13
FPMI|Restaurante|1|Restaurante|1|PICADA INDIVIDUAL  ARROZ| |9502578|PICADA INDIVIDUAL  ARROZ| |9502578|ALIMENTOS|10|ALIMENTOS|10|Para Empezar|1008|Para Empezar|1008|OT1|1|Order Type Master 1|1|38704.00|0.00|38704.00|0.00|0.00|0.00|38704.00|0.00|38704.00|1|38704.00|1|0|0.00|0.00|0.00|75|18
FPMI|Restaurante|1|Restaurante|1|PECHUGA A LA PARRILLA 230 gr ARROZ| |9506120|PECHUGA A LA PARRILLA 230 gr ARROZ| |9506120|ALIMENTOS|10|ALIMENTOS|10|Para Empezar|1008|Para Empezar|1008|OT1|1|Order Type Master 1|1|24815.00|0.00|24815.00|0.00|0.00|0.00|24815.00|0.00|24815.00|1|24815.00|1|0|0.00|0.00|0.00|75|18
FPMI|Restaurante|1|Restaurante|1|CALENTADO PAISA| |9518008|CALENTADO PAISA| |9518008|ALIMENTOS|10|ALIMENTOS|10|Para Empezar|1008|Para Empezar|1008|OT1|1|Order Type Master 1|1|35093.00|0.00|35093.00|0.00|0.00|0.00|35093.00|0.00|35093.00|1|35093.00|1|0|0.00|0.00|0.00|60|14
FPMI|Restaurante|1|Restaurante|1|AREPA DE MAIZ CON CARNE DESMECHADA| |9524076|AREPA DE MAIZ CON CARNE DESMECHADA| |9524076|ALIMENTOS|10|ALIMENTOS|10|Para Empezar|1008|Para Empezar|1008|OT1|1|Order Type Master 1|1|20185.00|0.00|20185.00|0.00|0.00|0.00|20185.00|0.00|20185.00|1|20185.00|1|0|0.00|0.00|0.00|80|19
FPMI|Restaurante|1|Restaurante|1|Mod 3/4| |980000004|Mod 3/4| |980000004|ALIMENTOS|10|ALIMENTOS|10|Para Empezar|1008|Para Empezar|1008|OT1|1|Order Type Master 1|1|0.00|0.00|0.00|0.00|0.00|0.00|0.00|0.00|0.00|1|0.00|1|0|0.00|0.00|0.00|80|19
FPMI|Domicilios|20|Domicilios|20|AREPA DE CHOCOLO| |9506036|AREPA DE CHOCOLO| |9506036|ALIMENTOS|10|ALIMENTOS|10|Para Empezar|1008|Para Empezar|1008|OT2|2|Order Type Master 2|2|60555.00|0.00|60555.00|0.00|0.00|0.00|60555.00|0.00|60555.00|73|60555.00|3|0|0.00|0.00|0.00|63|15
FPMI|Domicilios|20|Domicilios|20|EMPANADA DE QUESO| |9528030|EMPANADA DE QUESO| |9528030|ALIMENTOS|10|ALIMENTOS|10|Para Empezar|1008|Para Empezar|1008|OT2|2|Order Type Master 2|2|30555.00|0.00|30555.00|0.00|0.00|0.00|30555.00|0.00|30555.00|73|30555.00|5|0|0.00|0.00|0.00|56|13
FPMI|Domicilios|20|Domicilios|20|Mod CocaCola Zero 400ml| |980000103|Mod CocaCola Zero 400ml| |980000103|ALIMENTOS|10|ALIMENTOS|10|Para Empezar|1008|Para Empezar|1008|OT2|2|Order Type Master 2|2|0.00|0.00|0.00|0.00|0.00|0.00|0.00|0.00|0.00|1|0.00|3|0|0.00|0.00|0.00|56|13
FPMI|Plataformas|21|Plataformas|21|AREPA DE MAIZ CON CARNE DESMECHADA| |9524076|AREPA DE MAIZ CON CARNE DESMECHADA| |9524076|ALIMENTOS|10|ALIMENTOS|10|Para Empezar|1008|Para Empezar|1008|OT7|7|Order Type Master 7|7|21111.00|0.00|21111.00|0.00|0.00|0.00|21111.00|0.00|21111.00|153|21111.00|1|0|0.00|0.00|0.00|75|18
FPMI|Plataformas|21|Plataformas|21|CALENTADO ANDRES| |9518004|CALENTADO ANDRES| |9518004|ALIMENTOS|10|ALIMENTOS|10|Para Empezar|1008|Para Empezar|1008|OT7|7|Order Type Master 7|7|36759.00|0.00|36759.00|0.00|0.00|0.00|36759.00|0.00|36759.00|153|36759.00|1|0|0.00|0.00|0.00|60|14
FPMI|Restaurante|1|Restaurante|1|JUGO DE LULO EN AGUA| |9604216|JUGO DE LULO EN AGUA| |9604216|BEBIDAS|20|BEBIDAS|20|Bebidas Sin Alcohol|3000|Bebidas Sin Alcohol|3000|OT1|1|Order Type Master 1|1|10093.00|0.00|10093.00|0.00|0.00|0.00|10093.00|0.00|10093.00|1|10093.00|1|0|0.00|0.00|0.00|51|12
FPMI|Restaurante|1|Restaurante|1|AGUA MANANTIAL SIN GAS 500 ML| |9606135|AGUA MANANTIAL SIN GAS 500 ML| |9606135|BEBIDAS|20|BEBIDAS|20|Bebidas Sin Alcohol|3000|Bebidas Sin Alcohol|3000|OT1|1|Order Type Master 1|1|8148.00|0.00|8148.00|0.00|0.00|0.00|8148.00|0.00|8148.00|1|8148.00|1|0|0.00|0.00|0.00|80|19
FPMI|Restaurante|1|Restaurante|1|PECHUGA A LA PARRILLA 230 gr ENSALADA | |9506091|PECHUGA A LA PARRILLA 230 gr ENSALADA | |9506091|ALIMENTOS|10|ALIMENTOS|10|Para Empezar|1008|Para Empezar|1008|OT1|1|Order Type Master 1|1|24815.00|0.00|24815.00|0.00|0.00|0.00|24815.00|0.00|24815.00|1|24815.00|1|0|0.00|0.00|0.00|61|15
FPMI|Restaurante|1|Restaurante|1|LOMO 220 gr PAPA FRANCESA| |9502511|LOMO 220 gr PAPA FRANCESA| |9502511|ALIMENTOS|10|ALIMENTOS|10|Para Empezar|1008|Para Empezar|1008|OT1|1|Order Type Master 1|1|54444.00|0.00|54444.00|0.00|0.00|0.00|54444.00|0.00|54444.00|1|54444.00|1|0|0.00|0.00|0.00|50|12
FPMI|Restaurante|1|Restaurante|1|CAZUELA DE FRIJOLES| |9520032|CAZUELA DE FRIJOLES| |9520032|ALIMENTOS|10|ALIMENTOS|10|Para Empezar|1008|Para Empezar|1008|OT1|1|Order Type Master 1|1|36852.00|0.00|36852.00|0.00|0.00|0.00|36852.00|0.00|36852.00|1|36852.00|1|0|0.00|0.00|0.00|56|13
FPMI|Restaurante|1|Restaurante|1|Mod 1/2| |980000002|Mod 1/2| |980000002|ALIMENTOS|10|ALIMENTOS|10|Para Empezar|1008|Para Empezar|1008|OT1|1|Order Type Master 1|1|0.00|0.00|0.00|0.00|0.00|0.00|0.00|0.00|0.00|1|0.00|2|0|0.00|0.00|0.00|53|13
FPMI|Restaurante|1|Restaurante|1|BISTEC CHURRASCO 250 gr CASCO| |9502344|BISTEC CHURRASCO 250 gr CASCO| |9502344|ALIMENTOS|10|ALIMENTOS|10|Para Empezar|1008|Para Empezar|1008|OT1|1|Order Type Master 1|1|55370.00|0.00|55370.00|0.00|0.00|0.00|55370.00|0.00|55370.00|1|55370.00|1|0|0.00|0.00|0.00|53|13
FPMI|Restaurante|1|Restaurante|1|SALSA CHIMICHURRI| |9500388|SALSA CHIMICHURRI| |9500388|ALIMENTOS|10|ALIMENTOS|10|Para Empezar|1008|Para Empezar|1008|OT1|1|Order Type Master 1|1|0.00|0.00|0.00|0.00|0.00|0.00|0.00|0.00|0.00|1|0.00|1|0|0.00|0.00|0.00|55|13
FPMI|Restaurante|1|Restaurante|1|CHORIZO ANTIOQUENO 100 gr| |9502084|CHORIZO ANTIOQUENO 100 gr| |9502084|ALIMENTOS|10|ALIMENTOS|10|Para Empezar|1008|Para Empezar|1008|OT1|1|Order Type Master 1|1|13519.00|0.00|13519.00|0.00|0.00|0.00|13519.00|0.00|13519.00|1|13519.00|1|0|0.00|0.00|0.00|51|12
FPMI|Restaurante|1|Restaurante|1|AREPA CON QUESO ANTIOQUENO| |9528016|AREPA CON QUESO ANTIOQUENO| |9528016|ALIMENTOS|10|ALIMENTOS|10|Para Empezar|1008|Para Empezar|1008|OT1|1|Order Type Master 1|1|-7778.00|0.00|-7778.00|0.00|0.00|0.00|-7778.00|0.00|-7778.00|1|-7778.00|-1|0|0.00|0.00|0.00|79|19
FPMI|Restaurante|1|Restaurante|1|CHORIPAN 100 gr| |9502076|CHORIPAN 100 gr| |9502076|ALIMENTOS|10|ALIMENTOS|10|Para Empezar|1008|Para Empezar|1008|OT1|1|Order Type Master 1|1|23056.00|0.00|23056.00|0.00|0.00|0.00|23056.00|0.00|23056.00|1|23056.00|1|0|0.00|0.00|0.00|60|14
FPMI|Restaurante|1|Restaurante|1|Mod CocaCola Original 400ml| |980000102|Mod CocaCola Original 400ml| |980000102|ALIMENTOS|10|ALIMENTOS|10|Para Empezar|1008|Para Empezar|1008|OT1|1|Order Type Master 1|1|0.00|0.00|0.00|0.00|0.00|0.00|0.00|0.00|0.00|1|0.00|1|0|0.00|0.00|0.00|60|14
FPMI|Restaurante|1|Restaurante|1|AJIACO  POLLO| |9520008|AJIACO  POLLO| |9520008|ALIMENTOS|10|ALIMENTOS|10|Para Empezar|1008|Para Empezar|1008|OT1|1|Order Type Master 1|1|34074.00|0.00|34074.00|0.00|0.00|0.00|34074.00|0.00|34074.00|1|34074.00|1|0|0.00|0.00|0.00|60|14
FPMI|Domicilios|20|Domicilios|20|AREPA DE CHOCOLO| |9506036|AREPA DE CHOCOLO| |9506036|ALIMENTOS|10|ALIMENTOS|10|Para Empezar|1008|Para Empezar|1008|OT2|2|Order Type Master 2|2|0.00|-8050.00|-8050.00|0.00|0.00|0.00|0.00|-8050.00|-8050.00|73|0.00|0|0|0.00|0.00|0.00|48|11
FPMI|Domicilios|20|Domicilios|20|AREPA DE CHOCOLO| |9506036|AREPA DE CHOCOLO| |9506036|ALIMENTOS|10|ALIMENTOS|10|Para Empezar|1008|Para Empezar|1008|OT2|2|Order Type Master 2|2|40370.00|0.00|40370.00|0.00|0.00|0.00|40370.00|0.00|40370.00|73|40370.00|2|0|0.00|0.00|0.00|44|10
FPMI|Domicilios|20|Domicilios|20|Propinas Adicionales| |980000104|Propinas Adicionales| |980000104|ALIMENTOS|10|ALIMENTOS|10|Para Empezar|1008|Para Empezar|1008|OT2|2|Order Type Master 2|2|1.00|0.00|1.00|0.00|0.00|0.00|1.00|0.00|1.00|73|1.00|1|0|0.00|0.00|0.00|68|16
FPMI|Plataformas|21|Plataformas|21|AJIACO  POLLO| |9520008|AJIACO  POLLO| |9520008|ALIMENTOS|10|ALIMENTOS|10|Para Empezar|1008|Para Empezar|1008|OT7|7|Order Type Master 7|7|35741.00|0.00|35741.00|0.00|0.00|0.00|35741.00|0.00|35741.00|153|35741.00|1|0|0.00|0.00|0.00|47|11
FPMI|Plataformas|21|Plataformas|21|CALENTADO PAISA| |9518008|CALENTADO PAISA| |9518008|ALIMENTOS|10|ALIMENTOS|10|Para Empezar|1008|Para Empezar|1008|OT7|7|Order Type Master 7|7|36759.00|0.00|36759.00|0.00|0.00|0.00|36759.00|0.00|36759.00|153|36759.00|1|0|0.00|0.00|0.00|49|12
FPMI|Restaurante|1|Restaurante|1|AGUA MANANTIAL SIN GAS 500 ML| |9606135|AGUA MANANTIAL SIN GAS 500 ML| |9606135|BEBIDAS|20|BEBIDAS|20|Bebidas Sin Alcohol|3000|Bebidas Sin Alcohol|3000|OT1|1|Order Type Master 1|1|8148.00|0.00|8148.00|0.00|0.00|0.00|8148.00|0.00|8148.00|1|8148.00|1|0|0.00|0.00|0.00|55|13
FPMI|Restaurante|1|Restaurante|1|SODA| |9606112|SODA| |9606112|BEBIDAS|20|BEBIDAS|20|Bebidas Sin Alcohol|3000|Bebidas Sin Alcohol|3000|OT1|1|Order Type Master 1|1|6852.00|0.00|6852.00|0.00|0.00|0.00|6852.00|0.00|6852.00|1|6852.00|1|0|0.00|0.00|0.00|59|14
FPMI|Restaurante|1|Restaurante|1|CHOLAO| |9604268|CHOLAO| |9604268|BEBIDAS|20|BEBIDAS|20|Bebidas Sin Alcohol|3000|Bebidas Sin Alcohol|3000|OT1|1|Order Type Master 1|1|16574.00|0.00|16574.00|0.00|0.00|0.00|16574.00|0.00|16574.00|1|16574.00|1|0|0.00|0.00|0.00|52|12
FPMI|Domicilios|20|Domicilios|20|JUGO DE MANDARINA| |9604044|JUGO DE MANDARINA| |9604044|BEBIDAS|20|BEBIDAS|20|Bebidas Sin Alcohol|3000|Bebidas Sin Alcohol|3000|OT2|2|Order Type Master 2|2|14074.00|0.00|14074.00|0.00|0.00|0.00|14074.00|0.00|14074.00|73|14074.00|1|0|0.00|0.00|0.00|44|10
FPMI|Domicilios|20|Domicilios|20|GASEOSA 400 ml| |9606131|GASEOSA 400 ml| |9606131|BEBIDAS|20|BEBIDAS|20|Bebidas Sin Alcohol|3000|Bebidas Sin Alcohol|3000|OT2|2|Order Type Master 2|2|22779.00|0.00|22779.00|0.00|0.00|0.00|22779.00|0.00|22779.00|73|22779.00|3|0|0.00|0.00|0.00|56|13
FPMI|Plataformas|21|Plataformas|21|JUGO DE MANGO EN AGUA| |9604156|JUGO DE MANGO EN AGUA| |9604156|BEBIDAS|20|BEBIDAS|20|Bebidas Sin Alcohol|3000|Bebidas Sin Alcohol|3000|OT7|7|Order Type Master 7|7|10556.00|0.00|10556.00|0.00|0.00|0.00|10556.00|0.00|10556.00|153|10556.00|1|0|0.00|0.00|0.00|47|11
FPMI|Restaurante|1|Restaurante|1|MJE ALM| |90000037|MJE ALM| |90000037|ALIMENTOS|10|ALIMENTOS|10|Para Empezar|1008|Para Empezar|1008|OT1|1|Order Type Master 1|1|0.00|0.00|0.00|0.00|0.00|0.00|0.00|0.00|0.00|1|0.00|1|0|0.00|0.00|0.00|61|15
FPMI|Restaurante|1|Restaurante|1|Mod 3/4| |980000004|Mod 3/4| |980000004|ALIMENTOS|10|ALIMENTOS|10|Para Empezar|1008|Para Empezar|1008|OT1|1|Order Type Master 1|1|0.00|0.00|0.00|0.00|0.00|0.00|0.00|0.00|0.00|1|0.00|1|0|0.00|0.00|0.00|50|12
FPMI|Restaurante|1|Restaurante|1|Mod Sin Picante| |980000010|Mod Sin Picante| |980000010|ALIMENTOS|10|ALIMENTOS|10|Para Empezar|1008|Para Empezar|1008|OT1|1|Order Type Master 1|1|0.00|0.00|0.00|0.00|0.00|0.00|0.00|0.00|0.00|1|0.00|1|0|0.00|0.00|0.00|56|13
FPMI|Restaurante|1|Restaurante|1|LOMO 220 gr PAPA CASCO| |9502512|LOMO 220 gr PAPA CASCO| |9502512|ALIMENTOS|10|ALIMENTOS|10|Para Empezar|1008|Para Empezar|1008|OT1|1|Order Type Master 1|1|54444.00|0.00|54444.00|0.00|0.00|0.00|54444.00|0.00|54444.00|1|54444.00|1|0|0.00|0.00|0.00|53|13
FPMI|Restaurante|1|Restaurante|1|Mod BienAsado| |980000006|Mod BienAsado| |980000006|ALIMENTOS|10|ALIMENTOS|10|Para Empezar|1008|Para Empezar|1008|OT1|1|Order Type Master 1|1|0.00|0.00|0.00|0.00|0.00|0.00|0.00|0.00|0.00|1|0.00|1|0|0.00|0.00|0.00|53|13
FPMI|Restaurante|1|Restaurante|1|Mod A Punto| |980000005|Mod A Punto| |980000005|ALIMENTOS|10|ALIMENTOS|10|Para Empezar|1008|Para Empezar|1008|OT1|1|Order Type Master 1|1|0.00|0.00|0.00|0.00|0.00|0.00|0.00|0.00|0.00|1|0.00|1|0|0.00|0.00|0.00|55|13
FPMI|Restaurante|1|Restaurante|1|HOGAO| |9500200|HOGAO| |9500200|ALIMENTOS|10|ALIMENTOS|10|Para Empezar|1008|Para Empezar|1008|OT1|1|Order Type Master 1|1|0.00|0.00|0.00|0.00|0.00|0.00|0.00|0.00|0.00|1|0.00|1|0|0.00|0.00|0.00|51|12
FPMI|Domicilios|20|Domicilios|20|PAPA FRANCESA| |9500452|PAPA FRANCESA| |9500452|ALIMENTOS|10|ALIMENTOS|10|Para Empezar|1008|Para Empezar|1008|OT2|2|Order Type Master 2|2|7222.00|-1439.00|5783.00|0.00|0.00|0.00|7222.00|-1439.00|5783.00|73|7222.00|1|0|0.00|0.00|0.00|67|16
FPMI|Domicilios|20|Domicilios|20|SOPA DE VERDURAS| |9520050|SOPA DE VERDURAS| |9520050|ALIMENTOS|10|ALIMENTOS|10|Para Empezar|1008|Para Empezar|1008|OT2|2|Order Type Master 2|2|26296.00|0.00|26296.00|0.00|0.00|0.00|26296.00|0.00|26296.00|73|26296.00|2|0|0.00|0.00|0.00|51|12
FPMI|Domicilios|20|Domicilios|20|PINCHO DE LOMO X 100 GRS| |9502526|PINCHO DE LOMO X 100 GRS| |9502526|ALIMENTOS|10|ALIMENTOS|10|Para Empezar|1008|Para Empezar|1008|OT2|2|Order Type Master 2|2|18333.00|0.00|18333.00|0.00|0.00|0.00|18333.00|0.00|18333.00|73|18333.00|1|0|0.00|0.00|0.00|63|15
FPMI|Plataformas|21|Plataformas|21|Mod CocaCola Original 400ml| |980000102|Mod CocaCola Original 400ml| |980000102|ALIMENTOS|10|ALIMENTOS|10|Para Empezar|1008|Para Empezar|1008|OT7|7|Order Type Master 7|7|0.00|0.00|0.00|0.00|0.00|0.00|0.00|0.00|0.00|1|0.00|1|0|0.00|0.00|0.00|47|11
FPMI|Plataformas|21|Plataformas|21|Mensaje Bebidas 2024| |980000095|Mensaje Bebidas 2024| |980000095|ALIMENTOS|10|ALIMENTOS|10|Para Empezar|1008|Para Empezar|1008|OT7|7|Order Type Master 7|7|0.00|0.00|0.00|0.00|0.00|0.00|0.00|0.00|0.00|1|0.00|1|0|0.00|0.00|0.00|47|11
FPMI|Plataformas|21|Plataformas|21|PATACON CARNE DESMECHADA| |9524028|PATACON CARNE DESMECHADA| |9524028|ALIMENTOS|10|ALIMENTOS|10|Para Empezar|1008|Para Empezar|1008|OT7|7|Order Type Master 7|7|77499.00|0.00|77499.00|0.00|0.00|0.00|77499.00|0.00|77499.00|153|77499.00|3|0|0.00|0.00|0.00|75|18
FPMI|Plataformas|21|Plataformas|21|SOPA DE VERDURAS| |9520050|SOPA DE VERDURAS| |9520050|ALIMENTOS|10|ALIMENTOS|10|Para Empezar|1008|Para Empezar|1008|OT7|7|Order Type Master 7|7|13796.00|0.00|13796.00|0.00|0.00|0.00|13796.00|0.00|13796.00|153|13796.00|1|0|0.00|0.00|0.00|49|12
FPMI|Plataformas|21|Plataformas|21|MJE ALM| |90000037|MJE ALM| |90000037|ALIMENTOS|10|ALIMENTOS|10|Para Empezar|1008|Para Empezar|1008|OT7|7|Order Type Master 7|7|0.00|0.00|0.00|0.00|0.00|0.00|0.00|0.00|0.00|1|0.00|1|0|0.00|0.00|0.00|45|11
FPMI|Restaurante|1|Restaurante|1|SODA CON LIMON| |9606141|SODA CON LIMON| |9606141|BEBIDAS|20|BEBIDAS|20|Bebidas Sin Alcohol|3000|Bebidas Sin Alcohol|3000|OT1|1|Order Type Master 1|1|7222.00|-1448.00|5774.00|0.00|0.00|0.00|7222.00|-1448.00|5774.00|1|7222.00|1|0|0.00|0.00|0.00|66|16
FPMI|Restaurante|1|Restaurante|1|SODA CON LIMON| |9606141|SODA CON LIMON| |9606141|BEBIDAS|20|BEBIDAS|20|Bebidas Sin Alcohol|3000|Bebidas Sin Alcohol|3000|OT1|1|Order Type Master 1|1|7222.00|0.00|7222.00|0.00|0.00|0.00|7222.00|0.00|7222.00|1|7222.00|1|0|0.00|0.00|0.00|51|12
FPMI|Restaurante|1|Restaurante|1|CAFE AMERICANO NESPRESSO| |9262158|CAFE AMERICANO NESPRESSO| |9262158|BEBIDAS|20|BEBIDAS|20|Bebidas Sin Alcohol|3000|Bebidas Sin Alcohol|3000|OT1|1|Order Type Master 1|1|6759.00|0.00|6759.00|0.00|0.00|0.00|6759.00|0.00|6759.00|1|6759.00|1|0|0.00|0.00|0.00|58|14
FPMI|Restaurante|1|Restaurante|1|JUGO DE MANDARINA| |9604044|JUGO DE MANDARINA| |9604044|BEBIDAS|20|BEBIDAS|20|Bebidas Sin Alcohol|3000|Bebidas Sin Alcohol|3000|OT1|1|Order Type Master 1|1|14074.00|0.00|14074.00|0.00|0.00|0.00|14074.00|0.00|14074.00|1|14074.00|1|0|0.00|0.00|0.00|50|12
FPMI|Restaurante|1|Restaurante|1|CAFE AMERICANO NESPRESSO| |9262158|CAFE AMERICANO NESPRESSO| |9262158|BEBIDAS|20|BEBIDAS|20|Bebidas Sin Alcohol|3000|Bebidas Sin Alcohol|3000|OT1|1|Order Type Master 1|1|6759.00|0.00|6759.00|0.00|0.00|0.00|6759.00|0.00|6759.00|1|6759.00|1|0|0.00|0.00|0.00|60|14
FPMI|Restaurante|1|Restaurante|1|JUGO DE MARACUYA EN LECHE| |9604112|JUGO DE MARACUYA EN LECHE| |9604112|BEBIDAS|20|BEBIDAS|20|Bebidas Sin Alcohol|3000|Bebidas Sin Alcohol|3000|OT1|1|Order Type Master 1|1|12870.00|0.00|12870.00|0.00|0.00|0.00|12870.00|0.00|12870.00|1|12870.00|1|0|0.00|0.00|0.00|52|12
FPMI|Restaurante|1|Restaurante|1|AGUA MANANTIAL SIN GAS 500 ML CON LIMON| |9606137|AGUA MANANTIAL SIN GAS 500 ML CON LIMON| |9606137|BEBIDAS|20|BEBIDAS|20|Bebidas Sin Alcohol|3000|Bebidas Sin Alcohol|3000|OT1|1|Order Type Master 1|1|8519.00|0.00|8519.00|0.00|0.00|0.00|8519.00|0.00|8519.00|1|8519.00|1|0|0.00|0.00|0.00|75|18
FPMI|Domicilios|20|Domicilios|20|JUGO DE MANDARINA| |9604044|JUGO DE MANDARINA| |9604044|BEBIDAS|20|BEBIDAS|20|Bebidas Sin Alcohol|3000|Bebidas Sin Alcohol|3000|OT2|2|Order Type Master 2|2|0.00|-2806.00|-2806.00|0.00|0.00|0.00|0.00|-2806.00|-2806.00|73|0.00|0|0|0.00|0.00|0.00|48|11
FPMI|Domicilios|20|Domicilios|20|CAFE AMERICANO NESPRESSO| |9262158|CAFE AMERICANO NESPRESSO| |9262158|BEBIDAS|20|BEBIDAS|20|Bebidas Sin Alcohol|3000|Bebidas Sin Alcohol|3000|OT2|2|Order Type Master 2|2|6759.00|-2696.00|4063.00|0.00|0.00|0.00|6759.00|-2696.00|4063.00|73|6759.00|1|0|0.00|0.00|0.00|48|11
FPMI|Restaurante|1|Restaurante|1|Mod A Punto| |980000005|Mod A Punto| |980000005|ALIMENTOS|10|ALIMENTOS|10|Para Empezar|1008|Para Empezar|1008|OT1|1|Order Type Master 1|1|0.00|0.00|0.00|0.00|0.00|0.00|0.00|0.00|0.00|1|0.00|2|0|0.00|0.00|0.00|51|12
FPMI|Restaurante|1|Restaurante|1|Mod 3/4| |980000004|Mod 3/4| |980000004|ALIMENTOS|10|ALIMENTOS|10|Para Empezar|1008|Para Empezar|1008|OT1|1|Order Type Master 1|1|0.00|0.00|0.00|0.00|0.00|0.00|0.00|0.00|0.00|1|0.00|1|0|0.00|0.00|0.00|56|13
FPMI|Restaurante|1|Restaurante|1|CUCHUCO CON ESPINAZO| |9520020|CUCHUCO CON ESPINAZO| |9520020|ALIMENTOS|10|ALIMENTOS|10|Para Empezar|1008|Para Empezar|1008|OT1|1|Order Type Master 1|1|34167.00|0.00|34167.00|0.00|0.00|0.00|34167.00|0.00|34167.00|1|34167.00|1|0|0.00|0.00|0.00|56|13
FPMI|Restaurante|1|Restaurante|1|BISTEC CHURRASCO 250 gr CRIOLLA| |9502362|BISTEC CHURRASCO 250 gr CRIOLLA| |9502362|ALIMENTOS|10|ALIMENTOS|10|Para Empezar|1008|Para Empezar|1008|OT1|1|Order Type Master 1|1|55370.00|0.00|55370.00|0.00|0.00|0.00|55370.00|0.00|55370.00|1|55370.00|1|0|0.00|0.00|0.00|53|13
FPMI|Restaurante|1|Restaurante|1|SALSA BABY| |9500376|SALSA BABY| |9500376|ALIMENTOS|10|ALIMENTOS|10|Para Empezar|1008|Para Empezar|1008|OT1|1|Order Type Master 1|1|0.00|0.00|0.00|0.00|0.00|0.00|0.00|0.00|0.00|1|0.00|1|0|0.00|0.00|0.00|55|13
FPMI|Restaurante|1|Restaurante|1|COMO ENTRADA| |90000038|COMO ENTRADA| |90000038|ALIMENTOS|10|ALIMENTOS|10|Para Empezar|1008|Para Empezar|1008|OT1|1|Order Type Master 1|1|0.00|0.00|0.00|0.00|0.00|0.00|0.00|0.00|0.00|17|0.00|1|0|0.00|0.00|0.00|51|12
FPMI|Restaurante|1|Restaurante|1|COMO ENTRADA| |90000038|COMO ENTRADA| |90000038|ALIMENTOS|10|ALIMENTOS|10|Para Empezar|1008|Para Empezar|1008|OT1|1|Order Type Master 1|1|0.00|0.00|0.00|0.00|0.00|0.00|0.00|0.00|0.00|25|0.00|1|0|0.00|0.00|0.00|51|12
FPMI|Restaurante|1|Restaurante|1|PATACON GRATINADO| |9524040|PATACON GRATINADO| |9524040|ALIMENTOS|10|ALIMENTOS|10|Para Empezar|1008|Para Empezar|1008|OT1|1|Order Type Master 1|1|12593.00|0.00|12593.00|0.00|0.00|0.00|12593.00|0.00|12593.00|1|12593.00|1|0|0.00|0.00|0.00|51|12
FPMI|Restaurante|1|Restaurante|1|AREPA CON QUESO ANTIOQUENO| |9528016|AREPA CON QUESO ANTIOQUENO| |9528016|ALIMENTOS|10|ALIMENTOS|10|Para Empezar|1008|Para Empezar|1008|OT1|1|Order Type Master 1|1|7778.00|0.00|7778.00|0.00|0.00|0.00|7778.00|0.00|7778.00|1|7778.00|1|0|0.00|0.00|0.00|52|12
FPMI|Restaurante|1|Restaurante|1|AJIACO  POLLO| |9520008|AJIACO  POLLO| |9520008|ALIMENTOS|10|ALIMENTOS|10|Para Empezar|1008|Para Empezar|1008|OT1|1|Order Type Master 1|1|34074.00|0.00|34074.00|0.00|0.00|0.00|34074.00|0.00|34074.00|1|34074.00|1|0|0.00|0.00|0.00|75|18
FPMI|Restaurante|1|Restaurante|1|AREPA DE CHOCOLO| |9506036|AREPA DE CHOCOLO| |9506036|ALIMENTOS|10|ALIMENTOS|10|Para Empezar|1008|Para Empezar|1008|OT1|1|Order Type Master 1|1|20185.00|0.00|20185.00|0.00|0.00|0.00|20185.00|0.00|20185.00|1|20185.00|1|0|0.00|0.00|0.00|60|14
FPMI|Restaurante|1|Restaurante|1|MJE ALM| |90000037|MJE ALM| |90000037|ALIMENTOS|10|ALIMENTOS|10|Para Empezar|1008|Para Empezar|1008|OT1|1|Order Type Master 1|1|0.00|0.00|0.00|0.00|0.00|0.00|0.00|0.00|0.00|1|0.00|1|0|0.00|0.00|0.00|80|19
FPMI|Restaurante|1|Restaurante|1|LOMO 220 gr PAPA FRANCESA| |9502511|LOMO 220 gr PAPA FRANCESA| |9502511|ALIMENTOS|10|ALIMENTOS|10|Para Empezar|1008|Para Empezar|1008|OT1|1|Order Type Master 1|1|54444.00|0.00|54444.00|0.00|0.00|0.00|54444.00|0.00|54444.00|1|54444.00|1|0|0.00|0.00|0.00|80|19
FPMI|Domicilios|20|Domicilios|20|AREPA CON QUESO ANTIOQUENO| |9528016|AREPA CON QUESO ANTIOQUENO| |9528016|ALIMENTOS|10|ALIMENTOS|10|Para Empezar|1008|Para Empezar|1008|OT2|2|Order Type Master 2|2|7778.00|0.00|7778.00|0.00|0.00|0.00|7778.00|0.00|7778.00|73|7778.00|1|0|0.00|0.00|0.00|56|13
FPMI|Domicilios|20|Domicilios|20|Mensaje Bebidas 2024| |980000095|Mensaje Bebidas 2024| |980000095|ALIMENTOS|10|ALIMENTOS|10|Para Empezar|1008|Para Empezar|1008|OT2|2|Order Type Master 2|2|0.00|0.00|0.00|0.00|0.00|0.00|0.00|0.00|0.00|1|0.00|1|0|0.00|0.00|0.00|43|10
FPMI|Domicilios|20|Domicilios|20|CHICHARRON 90 gr| |9528024|CHICHARRON 90 gr| |9528024|ALIMENTOS|10|ALIMENTOS|10|Para Empezar|1008|Para Empezar|1008|OT2|2|Order Type Master 2|2|26667.00|0.00|26667.00|0.00|0.00|0.00|26667.00|0.00|26667.00|73|26667.00|1|0|0.00|0.00|0.00|51|12
FPMI|Domicilios|20|Domicilios|20|CONSOME DE RES| |9522020|CONSOME DE RES| |9522020|ALIMENTOS|10|ALIMENTOS|10|Para Empezar|1008|Para Empezar|1008|OT2|2|Order Type Master 2|2|12870.00|0.00|12870.00|0.00|0.00|0.00|12870.00|0.00|12870.00|73|12870.00|1|0|0.00|0.00|0.00|63|15
FPMI|Plataformas|21|Plataformas|21|HAMBURGUESA MILAGROSA 180 gr| |9508038|HAMBURGUESA MILAGROSA 180 gr| |9508038|ALIMENTOS|10|ALIMENTOS|10|Para Empezar|1008|Para Empezar|1008|OT7|7|Order Type Master 7|7|25000.00|0.00|25000.00|0.00|0.00|0.00|25000.00|0.00|25000.00|153|25000.00|1|0|0.00|0.00|0.00|75|18
FPMI|Plataformas|21|Plataformas|21|CUBIERTOS Y SERVILLETAS| |980000100|CUBIERTOS Y SERVILLETAS| |980000100|ALIMENTOS|10|ALIMENTOS|10|Para Empezar|1008|Para Empezar|1008|OT7|7|Order Type Master 7|7|0.00|0.00|0.00|0.00|0.00|0.00|0.00|0.00|0.00|153|0.00|1|0|0.00|0.00|0.00|75|18
FPMI|Plataformas|21|Plataformas|21|CUBIERTOS Y SERVILLETAS| |980000100|CUBIERTOS Y SERVILLETAS| |980000100|ALIMENTOS|10|ALIMENTOS|10|Para Empezar|1008|Para Empezar|1008|OT7|7|Order Type Master 7|7|0.00|0.00|0.00|0.00|0.00|0.00|0.00|0.00|0.00|153|0.00|1|0|0.00|0.00|0.00|49|12
FPMI|Plataformas|21|Plataformas|21|MJE ALM| |90000037|MJE ALM| |90000037|ALIMENTOS|10|ALIMENTOS|10|Para Empezar|1008|Para Empezar|1008|OT7|7|Order Type Master 7|7|0.00|0.00|0.00|0.00|0.00|0.00|0.00|0.00|0.00|1|0.00|2|0|0.00|0.00|0.00|49|12
FPMI|Plataformas|21|Plataformas|21|MORCILLA 100 gr| |9502080|MORCILLA 100 gr| |9502080|ALIMENTOS|10|ALIMENTOS|10|Para Empezar|1008|Para Empezar|1008|OT7|7|Order Type Master 7|7|22408.00|0.00|22408.00|0.00|0.00|0.00|22408.00|0.00|22408.00|153|22408.00|2|0|0.00|0.00|0.00|45|11
FPMI|Plataformas|21|Plataformas|21|PATACON GRATINADO| |9524040|PATACON GRATINADO| |9524040|ALIMENTOS|10|ALIMENTOS|10|Para Empezar|1008|Para Empezar|1008|OT7|7|Order Type Master 7|7|13796.00|0.00|13796.00|0.00|0.00|0.00|13796.00|0.00|13796.00|153|13796.00|1|0|0.00|0.00|0.00|53|13
FPMI|Restaurante|1|Restaurante|1|CAPUCCINO NESPRESSO| |9262152|CAPUCCINO NESPRESSO| |9262152|BEBIDAS|20|BEBIDAS|20|Bebidas Sin Alcohol|3000|Bebidas Sin Alcohol|3000|OT1|1|Order Type Master 1|1|8241.00|0.00|8241.00|0.00|0.00|0.00|8241.00|0.00|8241.00|1|8241.00|1|0|0.00|0.00|0.00|58|14
FPMI|Restaurante|1|Restaurante|1|GASEOSA 400 ml| |9606131|GASEOSA 400 ml| |9606131|BEBIDAS|20|BEBIDAS|20|Bebidas Sin Alcohol|3000|Bebidas Sin Alcohol|3000|OT1|1|Order Type Master 1|1|15186.00|0.00|15186.00|0.00|0.00|0.00|15186.00|0.00|15186.00|1|15186.00|2|0|0.00|0.00|0.00|58|14
FPMI|Restaurante|1|Restaurante|1|MANDARINO BOLS 2X1| |9626126|MANDARINO BOLS 2X1| |9626126|BEBIDAS|20|BEBIDAS|20|Bebidas Sin Alcohol|3000|Bebidas Sin Alcohol|3000|OT1|1|Order Type Master 1|1|31296.00|0.00|31296.00|0.00|0.00|0.00|31296.00|0.00|31296.00|1|31296.00|1|0|0.00|0.00|0.00|79|19
FPMI|Restaurante|1|Restaurante|1|JUGO DE MANDARINA| |9604044|JUGO DE MANDARINA| |9604044|BEBIDAS|20|BEBIDAS|20|Bebidas Sin Alcohol|3000|Bebidas Sin Alcohol|3000|OT1|1|Order Type Master 1|1|14074.00|0.00|14074.00|0.00|0.00|0.00|14074.00|0.00|14074.00|1|14074.00|1|0|0.00|0.00|0.00|60|14
FPMI|Restaurante|1|Restaurante|1|GASEOSA 400 ml| |9606131|GASEOSA 400 ml| |9606131|BEBIDAS|20|BEBIDAS|20|Bebidas Sin Alcohol|3000|Bebidas Sin Alcohol|3000|OT1|1|Order Type Master 1|1|7593.00|0.00|7593.00|0.00|0.00|0.00|7593.00|0.00|7593.00|1|7593.00|1|0|0.00|0.00|0.00|60|14
FPMI|Restaurante|1|Restaurante|1|JUGO DE MANGO EN AGUA| |9604156|JUGO DE MANGO EN AGUA| |9604156|BEBIDAS|20|BEBIDAS|20|Bebidas Sin Alcohol|3000|Bebidas Sin Alcohol|3000|OT1|1|Order Type Master 1|1|10093.00|0.00|10093.00|0.00|0.00|0.00|10093.00|0.00|10093.00|1|10093.00|1|0|0.00|0.00|0.00|60|14
FPMI|Domicilios|20|Domicilios|20|AGUA MANANTIAL CON GAS 300 ML| |9606136|AGUA MANANTIAL CON GAS 300 ML| |9606136|BEBIDAS|20|BEBIDAS|20|Bebidas Sin Alcohol|3000|Bebidas Sin Alcohol|3000|OT2|2|Order Type Master 2|2|12778.00|0.00|12778.00|0.00|0.00|0.00|12778.00|0.00|12778.00|73|12778.00|2|0|0.00|0.00|0.00|44|10
FPMI|Restaurante|1|Restaurante|1|Mod BienAsado| |980000006|Mod BienAsado| |980000006|ALIMENTOS|10|ALIMENTOS|10|Para Empezar|1008|Para Empezar|1008|OT1|1|Order Type Master 1|1|0.00|0.00|0.00|0.00|0.00|0.00|0.00|0.00|0.00|1|0.00|1|0|0.00|0.00|0.00|56|13
FPMI|Restaurante|1|Restaurante|1|PATACON CARNE DESMECHADA| |9524028|PATACON CARNE DESMECHADA| |9524028|ALIMENTOS|10|ALIMENTOS|10|Para Empezar|1008|Para Empezar|1008|OT1|1|Order Type Master 1|1|24630.00|0.00|24630.00|0.00|0.00|0.00|24630.00|0.00|24630.00|1|24630.00|1|0|0.00|0.00|0.00|51|12
FPMI|Restaurante|1|Restaurante|1|AREPA DE CHOCOLO| |9506036|AREPA DE CHOCOLO| |9506036|ALIMENTOS|10|ALIMENTOS|10|Para Empezar|1008|Para Empezar|1008|OT1|1|Order Type Master 1|1|60555.00|0.00|60555.00|0.00|0.00|0.00|60555.00|0.00|60555.00|1|60555.00|3|0|0.00|0.00|0.00|55|13
FPMI|Restaurante|1|Restaurante|1|TRES LECHES| |9514016|TRES LECHES| |9514016|ALIMENTOS|10|ALIMENTOS|10|Para Empezar|1008|Para Empezar|1008|OT1|1|Order Type Master 1|1|50000.00|0.00|50000.00|0.00|0.00|0.00|50000.00|0.00|50000.00|1|50000.00|4|0|0.00|0.00|0.00|59|14
FPMI|Restaurante|1|Restaurante|1|TRUCHA A LA PLANCHA 350 gr ARROZ| |9504165|TRUCHA A LA PLANCHA 350 gr ARROZ| |9504165|ALIMENTOS|10|ALIMENTOS|10|Para Empezar|1008|Para Empezar|1008|OT1|1|Order Type Master 1|1|35741.00|0.00|35741.00|0.00|0.00|0.00|35741.00|0.00|35741.00|1|35741.00|1|0|0.00|0.00|0.00|51|12
FPMI|Restaurante|1|Restaurante|1|Mensaje Bebidas 2024| |980000095|Mensaje Bebidas 2024| |980000095|ALIMENTOS|10|ALIMENTOS|10|Para Empezar|1008|Para Empezar|1008|OT1|1|Order Type Master 1|1|0.00|0.00|0.00|0.00|0.00|0.00|0.00|0.00|0.00|1|0.00|1|0|0.00|0.00|0.00|51|12
FPMI|Restaurante|1|Restaurante|1|Mod CocaCola Original 400ml| |980000102|Mod CocaCola Original 400ml| |980000102|ALIMENTOS|10|ALIMENTOS|10|Para Empezar|1008|Para Empezar|1008|OT1|1|Order Type Master 1|1|0.00|0.00|0.00|0.00|0.00|0.00|0.00|0.00|0.00|1|0.00|3|0|0.00|0.00|0.00|55|13
FPMI|Restaurante|1|Restaurante|1|AREPA CON HOGAO| |9524092|AREPA CON HOGAO| |9524092|ALIMENTOS|10|ALIMENTOS|10|Para Empezar|1008|Para Empezar|1008|OT1|1|Order Type Master 1|1|6852.00|0.00|6852.00|0.00|0.00|0.00|6852.00|0.00|6852.00|1|6852.00|1|0|0.00|0.00|0.00|52|12
FPMI|Restaurante|1|Restaurante|1|CHUNCHULLO x 200 gr| |9502072|CHUNCHULLO x 200 gr| |9502072|ALIMENTOS|10|ALIMENTOS|10|Para Empezar|1008|Para Empezar|1008|OT1|1|Order Type Master 1|1|23056.00|0.00|23056.00|0.00|0.00|0.00|23056.00|0.00|23056.00|1|23056.00|1|0|0.00|0.00|0.00|52|12
FPMI|Restaurante|1|Restaurante|1|Mod 3/4| |980000004|Mod 3/4| |980000004|ALIMENTOS|10|ALIMENTOS|10|Para Empezar|1008|Para Empezar|1008|OT1|1|Order Type Master 1|1|0.00|0.00|0.00|0.00|0.00|0.00|0.00|0.00|0.00|1|0.00|1|0|0.00|0.00|0.00|75|18
FPMI|Domicilios|20|Domicilios|20|CUCHUCO DE TRIGO PERSONAL | |9540232|CUCHUCO DE TRIGO PERSONAL | |9540232|ALIMENTOS|10|ALIMENTOS|10|Para Empezar|1008|Para Empezar|1008|OT2|2|Order Type Master 2|2|23150.00|0.00|23150.00|0.00|0.00|0.00|23150.00|0.00|23150.00|73|23150.00|5|0|0.00|0.00|0.00|49|12
FPMI|Domicilios|20|Domicilios|20|MJE ALM| |90000037|MJE ALM| |90000037|ALIMENTOS|10|ALIMENTOS|10|Para Empezar|1008|Para Empezar|1008|OT2|2|Order Type Master 2|2|0.00|0.00|0.00|0.00|0.00|0.00|0.00|0.00|0.00|1|0.00|1|0|0.00|0.00|0.00|49|12
FPMI|Domicilios|20|Domicilios|20|MADURITOS| |9500252|MADURITOS| |9500252|ALIMENTOS|10|ALIMENTOS|10|Para Empezar|1008|Para Empezar|1008|OT2|2|Order Type Master 2|2|3426.00|0.00|3426.00|0.00|0.00|0.00|3426.00|0.00|3426.00|73|3426.00|1|0|0.00|0.00|0.00|51|12
FPMI|Domicilios|20|Domicilios|20|MJE ALM| |90000037|MJE ALM| |90000037|ALIMENTOS|10|ALIMENTOS|10|Para Empezar|1008|Para Empezar|1008|OT2|2|Order Type Master 2|2|0.00|0.00|0.00|0.00|0.00|0.00|0.00|0.00|0.00|1|0.00|1|0|0.00|0.00|0.00|51|12
FPMI|Domicilios|20|Domicilios|20|CALENTAO PAISA MEDIO| |9518010|CALENTAO PAISA MEDIO| |9518010|ALIMENTOS|10|ALIMENTOS|10|Para Empezar|1008|Para Empezar|1008|OT2|2|Order Type Master 2|2|16574.00|-3320.00|13254.00|0.00|0.00|0.00|16574.00|-3320.00|13254.00|73|16574.00|1|0|0.00|0.00|0.00|59|14
FPMI|Domicilios|20|Domicilios|20|LOMO 220 gr PAPA CHIPS| |9502514|LOMO 220 gr PAPA CHIPS| |9502514|ALIMENTOS|10|ALIMENTOS|10|Para Empezar|1008|Para Empezar|1008|OT2|2|Order Type Master 2|2|54444.00|0.00|54444.00|0.00|0.00|0.00|54444.00|0.00|54444.00|73|54444.00|1|0|0.00|0.00|0.00|56|13
FPMI|Domicilios|20|Domicilios|20|MJE ALM| |90000037|MJE ALM| |90000037|ALIMENTOS|10|ALIMENTOS|10|Para Empezar|1008|Para Empezar|1008|OT2|2|Order Type Master 2|2|0.00|0.00|0.00|0.00|0.00|0.00|0.00|0.00|0.00|1|0.00|3|0|0.00|0.00|0.00|56|13
FPMI|Domicilios|20|Domicilios|20|CALENTADO PAISA| |9518008|CALENTADO PAISA| |9518008|ALIMENTOS|10|ALIMENTOS|10|Para Empezar|1008|Para Empezar|1008|OT2|2|Order Type Master 2|2|35093.00|0.00|35093.00|0.00|0.00|0.00|35093.00|0.00|35093.00|73|35093.00|1|0|0.00|0.00|0.00|80|19
FPMI|Plataformas|21|Plataformas|21|MJE ALM| |90000037|MJE ALM| |90000037|ALIMENTOS|10|ALIMENTOS|10|Para Empezar|1008|Para Empezar|1008|OT7|7|Order Type Master 7|7|0.00|0.00|0.00|0.00|0.00|0.00|0.00|0.00|0.00|1|0.00|3|0|0.00|0.00|0.00|75|18
FPMI|Plataformas|21|Plataformas|21|ADICION DE AGUACATE 100 gr| |9500032|ADICION DE AGUACATE 100 gr| |9500032|ALIMENTOS|10|ALIMENTOS|10|Para Empezar|1008|Para Empezar|1008|OT7|7|Order Type Master 7|7|5741.00|0.00|5741.00|0.00|0.00|0.00|5741.00|0.00|5741.00|153|5741.00|1|0|0.00|0.00|0.00|53|13
FPMI|Plataformas|21|Plataformas|21|MJE ALM| |90000037|MJE ALM| |90000037|ALIMENTOS|10|ALIMENTOS|10|Para Empezar|1008|Para Empezar|1008|OT7|7|Order Type Master 7|7|0.00|0.00|0.00|0.00|0.00|0.00|0.00|0.00|0.00|1|0.00|1|0|0.00|0.00|0.00|53|13
FPMI|Restaurante|1|Restaurante|1|AGUA MANANTIAL SIN GAS 500 ML| |9606135|AGUA MANANTIAL SIN GAS 500 ML| |9606135|BEBIDAS|20|BEBIDAS|20|Bebidas Sin Alcohol|3000|Bebidas Sin Alcohol|3000|OT1|1|Order Type Master 1|1|8148.00|0.00|8148.00|0.00|0.00|0.00|8148.00|0.00|8148.00|1|8148.00|1|0|0.00|0.00|0.00|59|14
FPMI|Domicilios|20|Domicilios|20|CAFE AMERICANO NESPRESSO| |9262158|CAFE AMERICANO NESPRESSO| |9262158|BEBIDAS|20|BEBIDAS|20|Bebidas Sin Alcohol|3000|Bebidas Sin Alcohol|3000|OT2|2|Order Type Master 2|2|13518.00|0.00|13518.00|0.00|0.00|0.00|13518.00|0.00|13518.00|73|13518.00|2|0|0.00|0.00|0.00|44|10
FPMI|Domicilios|20|Domicilios|20|SODA| |9606112|SODA| |9606112|BEBIDAS|20|BEBIDAS|20|Bebidas Sin Alcohol|3000|Bebidas Sin Alcohol|3000|OT2|2|Order Type Master 2|2|6852.00|0.00|6852.00|0.00|0.00|0.00|6852.00|0.00|6852.00|73|6852.00|1|0|0.00|0.00|0.00|63|15
FPMI|Restaurante|1|Restaurante|1|PUNTA DE ANCA 250 gr ENSALADA| |9502234|PUNTA DE ANCA 250 gr ENSALADA| |9502234|ALIMENTOS|10|ALIMENTOS|10|Para Empezar|1008|Para Empezar|1008|OT1|1|Order Type Master 1|1|108888.00|0.00|108888.00|0.00|0.00|0.00|108888.00|0.00|108888.00|1|108888.00|2|0|0.00|0.00|0.00|51|12
FPMI|Restaurante|1|Restaurante|1|PAPA CRIOLLA| |9500288|PAPA CRIOLLA| |9500288|ALIMENTOS|10|ALIMENTOS|10|Para Empezar|1008|Para Empezar|1008|OT1|1|Order Type Master 1|1|7222.00|0.00|7222.00|0.00|0.00|0.00|7222.00|0.00|7222.00|1|7222.00|1|0|0.00|0.00|0.00|51|12
FPMI|Restaurante|1|Restaurante|1|PUNTA DE ANCA 250 gr CRIOLLA| |9502358|PUNTA DE ANCA 250 gr CRIOLLA| |9502358|ALIMENTOS|10|ALIMENTOS|10|Para Empezar|1008|Para Empezar|1008|OT1|1|Order Type Master 1|1|54444.00|0.00|54444.00|0.00|0.00|0.00|54444.00|0.00|54444.00|1|54444.00|1|0|0.00|0.00|0.00|56|13
FPMI|Restaurante|1|Restaurante|1|CHURRASCO 250 gr ARROZ| |9502104|CHURRASCO 250 gr ARROZ| |9502104|ALIMENTOS|10|ALIMENTOS|10|Para Empezar|1008|Para Empezar|1008|OT1|1|Order Type Master 1|1|51667.00|0.00|51667.00|0.00|0.00|0.00|51667.00|0.00|51667.00|1|51667.00|1|0|0.00|0.00|0.00|56|13
FPMI|Restaurante|1|Restaurante|1|PINCHO DE POLLO X 100 GRS| |9502527|PINCHO DE POLLO X 100 GRS| |9502527|ALIMENTOS|10|ALIMENTOS|10|Para Empezar|1008|Para Empezar|1008|OT1|1|Order Type Master 1|1|14722.00|0.00|14722.00|0.00|0.00|0.00|14722.00|0.00|14722.00|1|14722.00|1|0|0.00|0.00|0.00|51|12
FPMI|Restaurante|1|Restaurante|1|CHUNCHULLO x 200 gr| |9502072|CHUNCHULLO x 200 gr| |9502072|ALIMENTOS|10|ALIMENTOS|10|Para Empezar|1008|Para Empezar|1008|OT1|1|Order Type Master 1|1|23056.00|0.00|23056.00|0.00|0.00|0.00|23056.00|0.00|23056.00|1|23056.00|1|0|0.00|0.00|0.00|55|13
FPMI|Restaurante|1|Restaurante|1|AREPA DE CHOCOLO| |9506036|AREPA DE CHOCOLO| |9506036|ALIMENTOS|10|ALIMENTOS|10|Para Empezar|1008|Para Empezar|1008|OT1|1|Order Type Master 1|1|20185.00|0.00|20185.00|0.00|0.00|0.00|20185.00|0.00|20185.00|1|20185.00|1|0|0.00|0.00|0.00|80|19
FPMI|Domicilios|20|Domicilios|20|AREPA DE CHOCOLO| |9506036|AREPA DE CHOCOLO| |9506036|ALIMENTOS|10|ALIMENTOS|10|Para Empezar|1008|Para Empezar|1008|OT2|2|Order Type Master 2|2|20185.00|0.00|20185.00|0.00|0.00|0.00|20185.00|0.00|20185.00|73|20185.00|1|0|0.00|0.00|0.00|43|10
FPMI|Domicilios|20|Domicilios|20|MJE ALM| |90000037|MJE ALM| |90000037|ALIMENTOS|10|ALIMENTOS|10|Para Empezar|1008|Para Empezar|1008|OT2|2|Order Type Master 2|2|0.00|0.00|0.00|0.00|0.00|0.00|0.00|0.00|0.00|1|0.00|2|0|0.00|0.00|0.00|63|15
