GLID|Andr123456|Andres Plaza Retiro|20241205|20241205|20250106|122026|1.00|1.00|Simphony|19.7.2
SUM|1|Restaurante|0.00|0.00|0.00|0.00|0|0.00|0|0.00|0.00|0.00|0|0|0|0|0.00|0.00|Restaurante|1| |0|0|0.00|0.00|0.00|0.00|0.00|0.00|0.00|0|0.00|0|0|0.00|0.00|0.00|0.00|0.00|0.00|0.00|0.00|0|0.00|0|0.00|0|0.00|3|0.00|0|0.00|0|0.00|0|0.00|0|0.00
SUM|21|Plataformas|0.00|0.00|0.00|0.00|0|0.00|0|0.00|0.00|0.00|0|0|0|0|0.00|0.00|Plataformas|21| |0|0|0.00|0.00|0.00|0.00|0.00|0.00|0.00|0|0.00|0|0|0.00|0.00|0.00|0.00|0.00|0.00|0.00|0.00|0|0.00|0|0.00|0|0.00|0|0.00|0|0.00|0|0.00|0|0.00|0|0.00
SUM|2|Almacen|0.00|0.00|0.00|0.00|0|0.00|0|0.00|0.00|0.00|0|0|0|0|0.00|0.00|Almacen|2| |0|0|0.00|0.00|0.00|0.00|0.00|0.00|0.00|0|0.00|0|0|0.00|0.00|0.00|0.00|0.00|0.00|0.00|0.00|0|0.00|0|0.00|0|0.00|0|0.00|0|0.00|0|0.00|0|0.00|0|0.00
SUM|3|Eventos|4472223.00|0.00|0.00|0.00|0|0.00|0|357777.00|0.00|0.00|21|0|0|0|0.00|0.00|Eventos|3| |0|0|4472223.00|0.00|0.00|4472223.00|0.00|0.00|0.00|0|0.00|0|0|0.00|0.00|0.00|0.00|0.00|0.00|0.00|0.00|0|0.00|0|0.00|0|697360965.00|6|4830000.00|21|4830000.00|21|0.00|0|0.00|0|0.00
SUM|20|Domicilios|0.00|0.00|0.00|0.00|0|0.00|0|0.00|0.00|0.00|0|0|0|0|0.00|0.00|Domicilios|20| |0|0|0.00|0.00|0.00|0.00|0.00|0.00|0.00|0|0.00|0|0|0.00|0.00|0.00|0.00|0.00|0.00|0.00|0.00|0|0.00|0|0.00|0|0.00|0|0.00|0|0.00|0|0.00|0|0.00|0|0.00
TND|3|102|Contado |1|0.00|0|Contado |102|Eventos|Eventos|3
TND|3|202|Master Card|1|4830000.00|21|Master Card|202|Eventos|Eventos|3
TAX|3|1|TAX1|0.00|357777.00|4472223.00|0.00|Tax Master 1|1|Eventos|Eventos|3|0|0.00|4472223.00|4114446.00|1.00|0.08|0.09|357777.00|4114446.00
OT|3|1|OT1|0|0.00|0|0|Order Type Master 1|1||Eventos|Eventos|3|0|0.00|0|0.00|0.00|0|0.00|0|0.00|0|0.00|0|0.00|0|0|0|0|0.00|0.00
OT|3|1|OT1|0|0.00|0|0|Order Type Master 1|1||Eventos|Eventos|3|0|0.00|0|0.00|0.00|0|0.00|0|0.00|0|0.00|0|0.00|0|0|0|0|0.00|0.00
OT|3|1|OT1|0|0.00|0|0|Order Type Master 1|1||Eventos|Eventos|3|0|0.00|0|0.00|0.00|0|0.00|0|0.00|0|0.00|0|0.00|0|0|0|0|0.00|0.00
OT|3|1|OT1|1|212963.00|0|0|Order Type Master 1|1||Eventos|Eventos|3|0|0.00|0|0.00|0.00|0|0.00|0|0.00|0|0.00|0|0.00|0|1|1|0|212963.00|0.00
OT|3|1|OT1|0|0.00|0|0|Order Type Master 1|1||Eventos|Eventos|3|0|0.00|0|0.00|0.00|0|0.00|0|0.00|0|0.00|0|0.00|0|0|0|0|0.00|0.00
OT|3|1|OT1|0|0.00|0|0|Order Type Master 1|1||Eventos|Eventos|3|0|0.00|0|0.00|0.00|0|0.00|0|0.00|0|0.00|0|0.00|0|0|0|0|0.00|0.00
OT|3|1|OT1|1|212963.00|0|0|Order Type Master 1|1||Eventos|Eventos|3|0|0.00|0|0.00|0.00|0|0.00|0|0.00|0|0.00|0|0.00|0|1|1|0|212963.00|0.00
OT|3|1|OT1|0|0.00|0|0|Order Type Master 1|1||Eventos|Eventos|3|0|0.00|0|0.00|0.00|0|0.00|0|0.00|0|0.00|0|0.00|0|0|0|0|0.00|0.00
OT|3|1|OT1|1|212963.00|0|0|Order Type Master 1|1||Eventos|Eventos|3|0|0.00|0|0.00|0.00|0|0.00|0|0.00|0|0.00|0|0.00|0|1|1|0|212963.00|0.00
OT|3|1|OT1|0|0.00|0|0|Order Type Master 1|1||Eventos|Eventos|3|0|0.00|0|0.00|0.00|0|0.00|0|0.00|0|276749953.00|1|0.00|0|0|0|0|0.00|0.00
OT|3|1|OT1|1|212963.00|0|0|Order Type Master 1|1||Eventos|Eventos|3|0|0.00|0|0.00|0.00|0|0.00|0|0.00|0|0.00|0|0.00|0|1|1|0|212963.00|0.00
OT|3|1|OT1|0|0.00|0|0|Order Type Master 1|1||Eventos|Eventos|3|0|0.00|0|0.00|0.00|0|0.00|0|0.00|0|0.00|0|0.00|0|0|0|0|0.00|0.00
OT|3|1|OT1|0|0.00|0|0|Order Type Master 1|1||Eventos|Eventos|3|0|0.00|0|0.00|0.00|0|0.00|0|0.00|0|73094.00|1|0.00|0|0|0|0|0.00|0.00
OT|1|1|OT1|0|0.00|0|0|Order Type Master 1|1||Restaurante|Restaurante|1|0|0.00|0|0.00|0.00|0|0.00|0|0.00|0|0.00|1|0.00|0|0|0|0|0.00|0.00
OT|3|1|OT1|1|212963.00|0|0|Order Type Master 1|1||Eventos|Eventos|3|0|0.00|0|0.00|0.00|0|0.00|0|0.00|0|0.00|0|0.00|0|1|1|0|212963.00|0.00
OT|3|1|OT1|0|0.00|0|0|Order Type Master 1|1||Eventos|Eventos|3|0|0.00|0|0.00|0.00|0|0.00|0|0.00|0|0.00|0|0.00|0|0|0|0|0.00|0.00
OT|3|1|OT1|0|0.00|0|0|Order Type Master 1|1||Eventos|Eventos|3|0|0.00|0|0.00|0.00|0|0.00|0|0.00|0|0.00|0|0.00|0|0|0|0|0.00|0.00
OT|3|1|OT1|0|0.00|0|0|Order Type Master 1|1||Eventos|Eventos|3|0|0.00|0|0.00|0.00|0|0.00|0|0.00|0|0.00|0|0.00|0|0|0|0|0.00|0.00
OT|3|1|OT1|0|0.00|0|0|Order Type Master 1|1||Eventos|Eventos|3|0|0.00|0|0.00|0.00|0|0.00|0|0.00|0|0.00|0|0.00|0|0|0|0|0.00|0.00
OT|3|1|OT1|1|212963.00|0|0|Order Type Master 1|1||Eventos|Eventos|3|0|0.00|0|0.00|0.00|0|0.00|0|0.00|0|0.00|0|0.00|0|1|1|0|212963.00|0.00
OT|3|1|OT1|1|212963.00|0|0|Order Type Master 1|1||Eventos|Eventos|3|0|0.00|0|0.00|0.00|0|0.00|0|0.00|0|0.00|0|0.00|0|1|1|0|212963.00|0.00
OT|3|1|OT1|1|212963.00|0|0|Order Type Master 1|1||Eventos|Eventos|3|0|0.00|0|0.00|0.00|0|0.00|0|0.00|0|0.00|0|0.00|0|1|1|0|212963.00|0.00
OT|3|1|OT1|1|212963.00|0|0|Order Type Master 1|1||Eventos|Eventos|3|0|0.00|0|0.00|0.00|0|0.00|0|0.00|0|0.00|0|0.00|0|1|1|0|212963.00|0.00
OT|3|1|OT1|0|0.00|0|0|Order Type Master 1|1||Eventos|Eventos|3|0|0.00|0|0.00|0.00|0|0.00|0|0.00|0|0.00|0|0.00|0|0|0|0|0.00|0.00
OT|3|1|OT1|0|0.00|0|0|Order Type Master 1|1||Eventos|Eventos|3|0|0.00|0|0.00|0.00|0|0.00|0|0.00|0|0.00|0|0.00|0|0|0|0|0.00|0.00
OT|3|1|OT1|0|0.00|0|0|Order Type Master 1|1||Eventos|Eventos|3|0|0.00|0|0.00|0.00|0|0.00|0|0.00|0|0.00|0|0.00|0|0|0|0|0.00|0.00
OT|3|1|OT1|1|212963.00|0|0|Order Type Master 1|1||Eventos|Eventos|3|0|0.00|0|0.00|0.00|0|0.00|0|0.00|0|0.00|0|0.00|0|1|1|0|212963.00|0.00
OT|3|1|OT1|0|0.00|0|0|Order Type Master 1|1||Eventos|Eventos|3|0|0.00|0|0.00|0.00|0|0.00|0|0.00|0|0.00|0|0.00|0|0|0|0|0.00|0.00
OT|3|1|OT1|1|212963.00|0|0|Order Type Master 1|1||Eventos|Eventos|3|0|0.00|0|0.00|0.00|0|0.00|0|0.00|0|0.00|0|0.00|0|1|1|0|212963.00|0.00
OT|3|1|OT1|1|212963.00|0|0|Order Type Master 1|1||Eventos|Eventos|3|0|0.00|0|0.00|0.00|0|0.00|0|0.00|0|0.00|0|0.00|0|1|1|0|212963.00|0.00
OT|3|1|OT1|0|0.00|0|0|Order Type Master 1|1||Eventos|Eventos|3|0|0.00|0|0.00|0.00|0|0.00|0|0.00|0|0.00|0|0.00|0|0|0|0|0.00|0.00
OT|3|1|OT1|0|0.00|0|0|Order Type Master 1|1||Eventos|Eventos|3|0|0.00|0|0.00|0.00|0|0.00|0|0.00|0|0.00|0|0.00|0|0|0|0|0.00|0.00
OT|3|1|OT1|1|212963.00|0|0|Order Type Master 1|1||Eventos|Eventos|3|0|0.00|0|0.00|0.00|0|0.00|0|0.00|0|0.00|0|0.00|0|1|1|0|212963.00|0.00
OT|3|1|OT1|0|0.00|0|0|Order Type Master 1|1||Eventos|Eventos|3|0|0.00|0|0.00|0.00|0|0.00|0|0.00|0|0.00|0|0.00|0|0|0|0|0.00|0.00
OT|3|1|OT1|1|212963.00|0|0|Order Type Master 1|1||Eventos|Eventos|3|0|0.00|0|0.00|0.00|0|0.00|0|0.00|0|0.00|0|0.00|0|1|1|0|212963.00|0.00
OT|3|1|OT1|1|212963.00|0|0|Order Type Master 1|1||Eventos|Eventos|3|0|0.00|0|0.00|0.00|0|0.00|0|0.00|0|0.00|0|0.00|0|1|1|0|212963.00|0.00
OT|3|1|OT1|1|212963.00|0|0|Order Type Master 1|1||Eventos|Eventos|3|0|0.00|0|0.00|0.00|0|0.00|0|0.00|0|0.00|0|0.00|0|1|1|0|212963.00|0.00
OT|3|1|OT1|0|0.00|0|0|Order Type Master 1|1||Eventos|Eventos|3|0|0.00|0|0.00|0.00|0|0.00|0|0.00|0|0.00|0|0.00|0|0|0|0|0.00|0.00
OT|3|1|OT1|0|0.00|0|0|Order Type Master 1|1||Eventos|Eventos|3|0|0.00|0|0.00|0.00|0|0.00|0|0.00|0|0.00|0|0.00|0|0|0|0|0.00|0.00
OT|3|1|OT1|0|0.00|0|0|Order Type Master 1|1||Eventos|Eventos|3|0|0.00|0|0.00|0.00|0|0.00|0|0.00|0|0.00|0|0.00|0|0|0|0|0.00|0.00
OT|3|1|OT1|0|0.00|0|0|Order Type Master 1|1||Eventos|Eventos|3|0|0.00|0|0.00|0.00|0|0.00|0|0.00|0|230000.00|1|0.00|0|0|0|0|0.00|0.00
OT|3|1|OT1|1|212963.00|0|0|Order Type Master 1|1||Eventos|Eventos|3|0|0.00|0|0.00|0.00|0|0.00|0|0.00|0|0.00|0|0.00|0|1|1|0|212963.00|0.00
OT|3|1|OT1|1|212963.00|0|0|Order Type Master 1|1||Eventos|Eventos|3|0|0.00|0|0.00|0.00|0|0.00|0|0.00|0|0.00|0|0.00|0|1|1|0|212963.00|0.00
OT|3|1|OT1|1|212963.00|0|0|Order Type Master 1|1||Eventos|Eventos|3|0|0.00|0|0.00|0.00|0|0.00|0|0.00|0|0.00|0|0.00|0|1|1|0|212963.00|0.00
OT|3|1|OT1|1|212963.00|0|0|Order Type Master 1|1||Eventos|Eventos|3|0|0.00|0|0.00|0.00|0|0.00|0|0.00|0|0.00|0|0.00|0|1|1|0|212963.00|0.00
OT|3|1|OT1|1|212963.00|0|0|Order Type Master 1|1||Eventos|Eventos|3|0|0.00|0|0.00|0.00|0|0.00|0|0.00|0|0.00|0|0.00|0|1|1|0|212963.00|0.00
OT|1|1|OT1|0|0.00|0|0|Order Type Master 1|1||Restaurante|Restaurante|1|0|0.00|0|0.00|0.00|0|0.00|0|0.00|0|0.00|1|0.00|0|0|0|0|0.00|0.00
OT|3|1|OT1|0|0.00|0|0|Order Type Master 1|1||Eventos|Eventos|3|0|0.00|0|0.00|0.00|0|0.00|0|0.00|0|0.00|1|0.00|0|0|0|0|0.00|0.00
OT|3|1|OT1|0|0.00|0|0|Order Type Master 1|1||Eventos|Eventos|3|0|0.00|0|0.00|0.00|0|0.00|0|0.00|0|343151953.00|1|0.00|0|0|0|0|0.00|0.00
OT|3|1|OT1|0|0.00|0|0|Order Type Master 1|1||Eventos|Eventos|3|0|0.00|0|0.00|0.00|0|0.00|0|0.00|0|77155965.00|1|0.00|0|0|0|0|0.00|0.00
OT|1|1|OT1|0|0.00|0|0|Order Type Master 1|1||Restaurante|Restaurante|1|0|0.00|0|0.00|0.00|0|0.00|0|0.00|0|0.00|1|0.00|0|0|0|0|0.00|0.00
MID|3|1|8102148|SAN SILVESTRE PLAZA 2024|249|21|4472223.00|0.00|0|0.00|0.00|SAN SILVESTRE PLAZA 2024|8102148|Eventos|Eventos|3| | |Major Group 70|70|Major Group 70|70|Varios|9008|Varios|9008|OT1|Order Type Master 1|1|4472223.00|0.00|4472223.00|0.00|0.00|0.00|0.00|4472223.00|0.00|4472223.00
MNPR|3|8102148|249|All Levels|230000.00|0.00|20241126000000|0|0|Eventos|Eventos|3|SAN SILVESTRE PLAZA 2024|SAN SILVESTRE PLAZA 2024|8102148|Major Group 70|70|Major Group 70|70|Varios|9008|Varios|9008
CHDR|3|1|30000141|20241205000000|20241205000000|20241205200621|20241205205540|79|0|boleta 4|230000.00|0.00|0.00|0.00|0.00|0.00|0.00|0.00||0|0.00|0.00|230000.00|Eventos|Eventos|3|OT1|Order Type Master 1|1|Andres Felipe|Sanchez||0||0||0||0|20241205205540| |0|0|2958|0|81|84|878484010|0| | |2|1|0|2|0.00|0.00|0.00|0.00|0| |17037.00|17037.00|0|0|0|0
CHDR|3|1|30000135|20241205000000|20241205000000|20241205093920|20241205141846|79|0|51421|0.00|0.00|0.00|0.00|0.00|0.00|0.00|0.00||0|0.00|0.00|0.00|Eventos|Eventos|3|OT1|Order Type Master 1|1|Andres Felipe|Sanchez||0||0||0||0|20241205141858| |0|0|16765|0|39|58|878251576|0| | |1|0|0|0|0.00|0.00|0.00|0.00|0| |0.00|0.00|0|0|0|0
CHDR|1|1|7992|20241205000000|20241205000000|20241205203827|20241205203831|79|0|JAIME GOMEZ 1|0.00|0.00|0.00|0.00|0.00|0.00|0.00|0.00||0|0.00|0.00|0.00|Restaurante|Restaurante|1|OT1|Order Type Master 1|1|Andres Felipe|Sanchez||0||0||0||0|20241205203842| |0|0|3|0|83|83|878492746|0| | |1|0|0|0|0.00|0.00|0.00|0.00|0| |0.00|0.00|0|0|0|0
CHDR|3|1|30000148|20241205000000|20241205000000|20241205201252|20241205205147|79|0|boleta 10|230000.00|0.00|0.00|0.00|0.00|0.00|0.00|0.00||0|0.00|0.00|230000.00|Eventos|Eventos|3|OT1|Order Type Master 1|1|Andres Felipe|Sanchez||0||0||0||0|20241205205147| |0|0|2334|0|81|84|878487029|0| | |2|1|0|2|0.00|0.00|0.00|0.00|0| |17037.00|17037.00|0|0|0|0
CHDR|3|1|30000157|20241205000000|20241205000000|20241205204118|20241205205918|79|0|jaime 4|230000.00|0.00|0.00|0.00|0.00|0.00|0.00|0.00||0|0.00|0.00|230000.00|Eventos|Eventos|3|OT1|Order Type Master 1|1|Andres Felipe|Sanchez||0||0||0||0|20241205205918| |0|0|1079|0|83|84|878494609|0| | |2|1|0|2|0.00|0.00|0.00|0.00|0| |17037.00|17037.00|0|0|0|0
CHDR|3|1|30000155|20241205000000|20241205000000|20241205204007|20241205205815|79|0|jaime 2|230000.00|0.00|0.00|0.00|0.00|0.00|0.00|0.00||0|0.00|0.00|230000.00|Eventos|Eventos|3|OT1|Order Type Master 1|1|Andres Felipe|Sanchez||0||0||0||0|20241205205815| |0|0|1088|0|83|84|878495006|0| | |2|1|0|2|0.00|0.00|0.00|0.00|0| |17037.00|17037.00|0|0|0|0
CHDR|3|1|30000145|20241205000000|20241205000000|20241205201014|20241205205105|79|0|boleta 7|230000.00|0.00|0.00|0.00|0.00|0.00|0.00|0.00||0|0.00|0.00|230000.00|Eventos|Eventos|3|OT1|Order Type Master 1|1|Andres Felipe|Sanchez||0||0||0||0|20241205205105| |0|0|2450|0|81|84|878486101|0| | |2|1|0|2|0.00|0.00|0.00|0.00|0| |17037.00|17037.00|0|0|0|0
CHDR|3|1|30000140|20241205000000|20241205000000|20241205200533|20241205203017|79|0|boleta 3|230000.00|0.00|0.00|0.00|0.00|0.00|0.00|0.00||0|0.00|0.00|230000.00|Eventos|Eventos|3|OT1|Order Type Master 1|1|Andres Felipe|Sanchez||0||0||0||0|20241205203017| |0|0|1483|0|81|83|878485369|0| | |2|1|0|2|0.00|0.00|0.00|0.00|0| |17037.00|17037.00|0|0|0|0
CHDR|3|1|30000154|20241205000000|20241205000000|20241205203851|20241205205801|79|0|jaie 1|230000.00|0.00|0.00|0.00|0.00|0.00|0.00|0.00||0|0.00|0.00|230000.00|Eventos|Eventos|3|OT1|Order Type Master 1|1|Andres Felipe|Sanchez||0||0||0||0|20241205205801| |0|0|1149|0|83|84|878492800|0| | |2|1|0|2|0.00|0.00|0.00|0.00|0| |17037.00|17037.00|0|0|0|0
CHDR|3|1|30000143|20241205000000|20241205000000|20241205200908|20241205205016|79|0|BOLETA 5|230000.00|0.00|0.00|0.00|0.00|0.00|0.00|0.00||0|0.00|0.00|230000.00|Eventos|Eventos|3|OT1|Order Type Master 1|1|Andres Felipe|Sanchez||0||0||0||0|20241205205016| |0|0|2467|0|81|84|878485945|0| | |2|1|0|2|0.00|0.00|0.00|0.00|0| |17037.00|17037.00|0|0|0|0
CHDR|3|1|30000138|20241205000000|20241205000000|20241205200313|20241205202906|79|0|BOLETA SAN SILVE|230000.00|0.00|0.00|0.00|0.00|0.00|0.00|0.00||0|0.00|0.00|230000.00|Eventos|Eventos|3|OT1|Order Type Master 1|1|Andres Felipe|Sanchez||0||0||0||0|20241205202906| |0|0|1552|0|81|82|878482982|0| | |2|1|0|2|0.00|0.00|0.00|0.00|0| |17037.00|17037.00|0|0|0|0
CHDR|3|1|30000149|20241205000000|20241205000000|20241205201336|20241205205220|79|0|boleta 11|230000.00|0.00|0.00|0.00|0.00|0.00|0.00|0.00||0|0.00|0.00|230000.00|Eventos|Eventos|3|OT1|Order Type Master 1|1|Andres Felipe|Sanchez||0||0||0||0|20241205205220| |0|0|2324|0|81|84|878486641|0| | |2|1|0|2|0.00|0.00|0.00|0.00|0| |17037.00|17037.00|0|0|0|0
CHDR|3|1|30000146|20241205000000|20241205000000|20241205201120|20241205205127|79|0|boleta 8|230000.00|0.00|0.00|0.00|0.00|0.00|0.00|0.00||0|0.00|0.00|230000.00|Eventos|Eventos|3|OT1|Order Type Master 1|1|Andres Felipe|Sanchez||0||0||0||0|20241205205127| |0|0|2407|0|81|84|878484831|0| | |2|1|0|2|0.00|0.00|0.00|0.00|0| |17037.00|17037.00|0|0|0|0
CHDR|3|1|30000139|20241205000000|20241205000000|20241205200456|20241205202954|79|0|boleta 2|230000.00|0.00|0.00|0.00|0.00|0.00|0.00|0.00||0|0.00|0.00|230000.00|Eventos|Eventos|3|OT1|Order Type Master 1|1|Andres Felipe|Sanchez||0||0||0||0|20241205202954| |0|0|1497|0|81|82|878483780|0| | |2|1|0|2|0.00|0.00|0.00|0.00|0| |17037.00|17037.00|0|0|0|0
CHDR|3|1|30000142|20241205000000|20241205000000|20241205200705|20241205200901|79|0|boleta4|0.00|0.00|0.00|0.00|0.00|0.00|0.00|0.00||0|0.00|0.00|0.00|Eventos|Eventos|3|OT1|Order Type Master 1|1|Andres Felipe|Sanchez||0||0||0||0|20241205200912| |0|0|116|0|81|81|878484136|0| | |1|0|0|0|0.00|0.00|0.00|0.00|0| |0.00|0.00|0|0|0|0
CHDR|3|1|30000160|20241205000000|20241205000000|20241205235007|20241205235725|83|0|EVENTO INDRA|0.00|0.00|0.00|0.00|0.00|0.00|0.00|0.00||0|0.00|0.00|0.00|Eventos|Eventos|3|OT1|Order Type Master 1|1|John|Rozo Moreno||0||0||0||0|20241205235727| |0|0|438|0|96|96|878531668|0| | |1|0|0|0|0.00|0.00|0.00|0.00|0| |0.00|0.00|0|0|0|0
CHDR|3|1|30000156|20241205000000|20241205000000|20241205204044|20241205205857|79|0|jaime 3 |230000.00|0.00|0.00|0.00|0.00|0.00|0.00|0.00||0|0.00|0.00|230000.00|Eventos|Eventos|3|OT1|Order Type Master 1|1|Andres Felipe|Sanchez||0||0||0||0|20241205205901| |0|0|1093|0|83|84|878494542|0| | |3|1|0|3|0.00|0.00|0.00|0.00|0| |17037.00|17037.00|0|0|0|0
CHDR|3|1|30000144|20241205000000|20241205000000|20241205200942|20241205205040|79|0|BOLETA |230000.00|0.00|0.00|0.00|0.00|0.00|0.00|0.00||0|0.00|0.00|230000.00|Eventos|Eventos|3|OT1|Order Type Master 1|1|Andres Felipe|Sanchez||0||0||0||0|20241205205040| |0|0|2457|0|81|84|878486012|0| | |2|1|0|2|0.00|0.00|0.00|0.00|0| |17037.00|17037.00|0|0|0|0
CHDR|1|1|7990|20241205000000|20241205000000|20241205151941|20241205151946|79|0|pp|0.00|0.00|0.00|0.00|0.00|0.00|0.00|0.00||0|0.00|0.00|0.00|Restaurante|Restaurante|1|OT1|Order Type Master 1|1|Andres Felipe|Sanchez||0||0||0||0|20241205151956| |0|0|4|0|62|62|878389067|0| | |1|0|0|0|0.00|0.00|0.00|0.00|0| |0.00|0.00|0|0|0|0
CHDR|3|1|30000147|20241205000000|20241205000000|20241205201205|20241205205603|79|0|boleta 9|230000.00|0.00|0.00|0.00|0.00|0.00|0.00|0.00||0|0.00|0.00|230000.00|Eventos|Eventos|3|OT1|Order Type Master 1|1|Andres Felipe|Sanchez||0||0||0||0|20241205205603| |0|0|2638|0|81|84|878486408|0| | |2|1|0|2|0.00|0.00|0.00|0.00|0| |17037.00|17037.00|0|0|0|0
CHDR|3|1|30000161|20241205000000|20241206000000|20241205235731|20241206000027|83|0|evento|0.00|0.00|0.00|0.00|0.00|0.00|0.00|0.00||0|0.00|0.00|0.00|Eventos|Eventos|3|OT1|Order Type Master 1|1|John|Rozo Moreno||0||0||0||0|20241206000031| |0|0|176|0|96|1|878532194|0| | |1|0|0|0|0.00|0.00|0.00|0.00|0| |0.00|0.00|0|0|0|0
CHDR|3|1|30000152|20241205000000|20241205000000|20241205201638|20241205205348|79|0|boeta 14|230000.00|0.00|0.00|0.00|0.00|0.00|0.00|0.00||0|0.00|0.00|230000.00|Eventos|Eventos|3|OT1|Order Type Master 1|1|Andres Felipe|Sanchez||0||0||0||0|20241205205348| |0|0|2230|0|82|84|878487576|0| | |2|1|0|2|0.00|0.00|0.00|0.00|0| |17037.00|17037.00|0|0|0|0
CHDR|3|1|30000159|20241205000000|20241205000000|20241205204440|20241205212116|79|0|jaime 6|230000.00|0.00|0.00|0.00|0.00|0.00|0.00|0.00||0|0.00|0.00|230000.00|Eventos|Eventos|3|OT1|Order Type Master 1|1|Andres Felipe|Sanchez||0||0||0||0|20241205212116| |0|0|2195|0|83|86|878497093|0| | |2|1|0|2|0.00|0.00|0.00|0.00|0| |17037.00|17037.00|0|0|0|0
CHDR|3|1|30000137|20241205000000|20241205000000|20241205143615|20241205151627|84|0|indra|0.00|0.00|0.00|0.00|0.00|0.00|0.00|0.00||0|0.00|0.00|0.00|Eventos|Eventos|3|OT1|Order Type Master 1|1|Guelvis Jose|Chirinos Barbera||0||0||0||0|20241205151631| |0|0|2411|0|59|62|878368983|0| | |1|0|0|0|0.00|0.00|0.00|0.00|0| |0.00|0.00|0|0|0|0
CHDR|3|1|30000151|20241205000000|20241205000000|20241205201558|20241205205333|79|0|bolta 13|230000.00|0.00|0.00|0.00|0.00|0.00|0.00|0.00||0|0.00|0.00|230000.00|Eventos|Eventos|3|OT1|Order Type Master 1|1|Andres Felipe|Sanchez||0||0||0||0|20241205205333| |0|0|2254|0|82|84|878487479|0| | |2|1|0|2|0.00|0.00|0.00|0.00|0| |17037.00|17037.00|0|0|0|0
CHDR|1|1|7991|20241205000000|20241205000000|20241205152044|20241205152056|79|0|10|0.00|0.00|0.00|0.00|0.00|0.00|0.00|0.00||0|0.00|0.00|0.00|Restaurante|Restaurante|1|OT1|Order Type Master 1|1|Andres Felipe|Sanchez||0||0||0||0|20241205152100| |0|0|12|0|62|62|878387544|0| | |1|0|0|0|0.00|0.00|0.00|0.00|0| |0.00|0.00|0|0|0|0
CHDR|3|1|30000153|20241205000000|20241205000000|20241205201713|20241205205411|79|0|boleta 15|230000.00|0.00|0.00|0.00|0.00|0.00|0.00|0.00||0|0.00|0.00|230000.00|Eventos|Eventos|3|OT1|Order Type Master 1|1|Andres Felipe|Sanchez||0||0||0||0|20241205205411| |0|0|2218|0|82|84|878487672|0| | |2|1|0|2|0.00|0.00|0.00|0.00|0| |17037.00|17037.00|0|0|0|0
CHDR|3|1|30000136|20241205000000|20241205000000|20241205143008|20241205143607|84|0|evento|0.00|0.00|0.00|0.00|0.00|0.00|0.00|0.00||0|0.00|0.00|0.00|Eventos|Eventos|3|OT1|Order Type Master 1|1|Guelvis Jose|Chirinos Barbera||0||0||0||0|20241205143617| |0|0|358|0|59|59|878367840|0| | |1|0|0|0|0.00|0.00|0.00|0.00|0| |0.00|0.00|0|0|0|0
CHDR|3|1|30000158|20241205000000|20241205000000|20241205204158|20241205205935|79|0|jaime 5|230000.00|0.00|0.00|0.00|0.00|0.00|0.00|0.00||0|0.00|0.00|230000.00|Eventos|Eventos|3|OT1|Order Type Master 1|1|Andres Felipe|Sanchez||0||0||0||0|20241205205935| |0|0|1056|0|83|84|878494693|0| | |2|1|0|2|0.00|0.00|0.00|0.00|0| |17037.00|17037.00|0|0|0|0
CHDR|3|1|30000150|20241205000000|20241205000000|20241205201406|20241205205254|79|0|bolea 12|230000.00|0.00|0.00|0.00|0.00|0.00|0.00|0.00||0|0.00|0.00|230000.00|Eventos|Eventos|3|OT1|Order Type Master 1|1|Andres Felipe|Sanchez||0||0||0||0|20241205205254| |0|0|2327|0|81|84|878487211|0| | |2|1|0|2|0.00|0.00|0.00|0.00|0| |17037.00|17037.00|0|0|0|0
CMI|30000138|8102148|SAN SILVESTRE PLAZA 2024| |8102148|SAN SILVESTRE PLAZA 2024| |8102148|Major Group 70|70|Major Group 70|70|Varios|9008|Varios|9008|CAPS|1| |0| |0|Andres Felipe|Sanchez|79| | |0| | |0|20241205200449|81|1|1|1|249|All Levels| | |0|1|0|0|0|0|0|1|0|0|0|0|0|0|0|0| |0|0|230000.00|1|0.00|0.00|0.00|20241205000000|Eventos|3|Eventos|3|OT1|1|Order Type Master 1|1|Andres Felipe|Sanchez|79|230000.00|1|17037.00|17037.000000|0
CMI|30000139|8102148|SAN SILVESTRE PLAZA 2024| |8102148|SAN SILVESTRE PLAZA 2024| |8102148|Major Group 70|70|Major Group 70|70|Varios|9008|Varios|9008|CAPS|1| |0| |0|Andres Felipe|Sanchez|79| | |0| | |0|20241205200525|81|1|1|1|249|All Levels| | |0|1|0|0|0|0|0|1|0|0|0|0|0|0|0|0| |0|0|230000.00|1|0.00|0.00|0.00|20241205000000|Eventos|3|Eventos|3|OT1|1|Order Type Master 1|1|Andres Felipe|Sanchez|79|230000.00|1|17037.00|17037.000000|0
CMI|30000140|8102148|SAN SILVESTRE PLAZA 2024| |8102148|SAN SILVESTRE PLAZA 2024| |8102148|Major Group 70|70|Major Group 70|70|Varios|9008|Varios|9008|CAPS|1| |0| |0|Andres Felipe|Sanchez|79| | |0| | |0|20241205200615|81|1|1|1|249|All Levels| | |0|1|0|0|0|0|0|1|0|0|0|0|0|0|0|0| |0|0|230000.00|1|0.00|0.00|0.00|20241205000000|Eventos|3|Eventos|3|OT1|1|Order Type Master 1|1|Andres Felipe|Sanchez|79|230000.00|1|17037.00|17037.000000|0
CMI|30000143|8102148|SAN SILVESTRE PLAZA 2024| |8102148|SAN SILVESTRE PLAZA 2024| |8102148|Major Group 70|70|Major Group 70|70|Varios|9008|Varios|9008|CAPS|1| |0| |0|Andres Felipe|Sanchez|79| | |0| | |0|20241205200932|81|1|1|1|249|All Levels| | |0|1|0|0|0|0|0|1|0|0|0|0|0|0|0|0| |0|0|230000.00|1|0.00|0.00|0.00|20241205000000|Eventos|3|Eventos|3|OT1|1|Order Type Master 1|1|Andres Felipe|Sanchez|79|230000.00|1|17037.00|17037.000000|0
CMI|30000144|8102148|SAN SILVESTRE PLAZA 2024| |8102148|SAN SILVESTRE PLAZA 2024| |8102148|Major Group 70|70|Major Group 70|70|Varios|9008|Varios|9008|CAPS|1| |0| |0|Andres Felipe|Sanchez|79| | |0| | |0|20241205201007|81|1|1|1|249|All Levels| | |0|1|0|0|0|0|0|1|0|0|0|0|0|0|0|0| |0|0|230000.00|1|0.00|0.00|0.00|20241205000000|Eventos|3|Eventos|3|OT1|1|Order Type Master 1|1|Andres Felipe|Sanchez|79|230000.00|1|17037.00|17037.000000|0
CMI|30000145|8102148|SAN SILVESTRE PLAZA 2024| |8102148|SAN SILVESTRE PLAZA 2024| |8102148|Major Group 70|70|Major Group 70|70|Varios|9008|Varios|9008|CAPS|1| |0| |0|Andres Felipe|Sanchez|79| | |0| | |0|20241205201048|81|1|1|1|249|All Levels| | |0|1|0|0|0|0|0|1|0|0|0|0|0|0|0|0| |0|0|230000.00|1|0.00|0.00|0.00|20241205000000|Eventos|3|Eventos|3|OT1|1|Order Type Master 1|1|Andres Felipe|Sanchez|79|230000.00|1|17037.00|17037.000000|0
CMI|30000146|8102148|SAN SILVESTRE PLAZA 2024| |8102148|SAN SILVESTRE PLAZA 2024| |8102148|Major Group 70|70|Major Group 70|70|Varios|9008|Varios|9008|CAPS|1| |0| |0|Andres Felipe|Sanchez|79| | |0| | |0|20241205201144|81|1|1|1|249|All Levels| | |0|1|0|0|0|0|0|1|0|0|0|0|0|0|0|0| |0|0|230000.00|1|0.00|0.00|0.00|20241205000000|Eventos|3|Eventos|3|OT1|1|Order Type Master 1|1|Andres Felipe|Sanchez|79|230000.00|1|17037.00|17037.000000|0
CMI|30000148|8102148|SAN SILVESTRE PLAZA 2024| |8102148|SAN SILVESTRE PLAZA 2024| |8102148|Major Group 70|70|Major Group 70|70|Varios|9008|Varios|9008|CAPS|1| |0| |0|Andres Felipe|Sanchez|79| | |0| | |0|20241205201330|81|1|1|1|249|All Levels| | |0|1|0|0|0|0|0|1|0|0|0|0|0|0|0|0| |0|0|230000.00|1|0.00|0.00|0.00|20241205000000|Eventos|3|Eventos|3|OT1|1|Order Type Master 1|1|Andres Felipe|Sanchez|79|230000.00|1|17037.00|17037.000000|0
CMI|30000149|8102148|SAN SILVESTRE PLAZA 2024| |8102148|SAN SILVESTRE PLAZA 2024| |8102148|Major Group 70|70|Major Group 70|70|Varios|9008|Varios|9008|CAPS|1| |0| |0|Andres Felipe|Sanchez|79| | |0| | |0|20241205201355|81|1|1|1|249|All Levels| | |0|1|0|0|0|0|0|1|0|0|0|0|0|0|0|0| |0|0|230000.00|1|0.00|0.00|0.00|20241205000000|Eventos|3|Eventos|3|OT1|1|Order Type Master 1|1|Andres Felipe|Sanchez|79|230000.00|1|17037.00|17037.000000|0
CMI|30000150|8102148|SAN SILVESTRE PLAZA 2024| |8102148|SAN SILVESTRE PLAZA 2024| |8102148|Major Group 70|70|Major Group 70|70|Varios|9008|Varios|9008|CAPS|1| |0| |0|Andres Felipe|Sanchez|79| | |0| | |0|20241205201540|82|1|1|1|249|All Levels| | |0|1|0|0|0|0|0|1|0|0|0|0|0|0|0|0| |0|0|230000.00|1|0.00|0.00|0.00|20241205000000|Eventos|3|Eventos|3|OT1|1|Order Type Master 1|1|Andres Felipe|Sanchez|79|230000.00|1|17037.00|17037.000000|0
CMI|30000151|8102148|SAN SILVESTRE PLAZA 2024| |8102148|SAN SILVESTRE PLAZA 2024| |8102148|Major Group 70|70|Major Group 70|70|Varios|9008|Varios|9008|CAPS|1| |0| |0|Andres Felipe|Sanchez|79| | |0| | |0|20241205201621|82|1|1|1|249|All Levels| | |0|1|0|0|0|0|0|1|0|0|0|0|0|0|0|0| |0|0|230000.00|1|0.00|0.00|0.00|20241205000000|Eventos|3|Eventos|3|OT1|1|Order Type Master 1|1|Andres Felipe|Sanchez|79|230000.00|1|17037.00|17037.000000|0
CMI|30000152|8102148|SAN SILVESTRE PLAZA 2024| |8102148|SAN SILVESTRE PLAZA 2024| |8102148|Major Group 70|70|Major Group 70|70|Varios|9008|Varios|9008|CAPS|1| |0| |0|Andres Felipe|Sanchez|79| | |0| | |0|20241205201702|82|1|1|1|249|All Levels| | |0|1|0|0|0|0|0|1|0|0|0|0|0|0|0|0| |0|0|230000.00|1|0.00|0.00|0.00|20241205000000|Eventos|3|Eventos|3|OT1|1|Order Type Master 1|1|Andres Felipe|Sanchez|79|230000.00|1|17037.00|17037.000000|0
CMI|30000153|8102148|SAN SILVESTRE PLAZA 2024| |8102148|SAN SILVESTRE PLAZA 2024| |8102148|Major Group 70|70|Major Group 70|70|Varios|9008|Varios|9008|CAPS|1| |0| |0|Andres Felipe|Sanchez|79| | |0| | |0|20241205201809|82|1|1|1|249|All Levels| | |0|1|0|0|0|0|0|1|0|0|0|0|0|0|0|0| |0|0|230000.00|1|0.00|0.00|0.00|20241205000000|Eventos|3|Eventos|3|OT1|1|Order Type Master 1|1|Andres Felipe|Sanchez|79|230000.00|1|17037.00|17037.000000|0
CMI|30000141|8102148|SAN SILVESTRE PLAZA 2024| |8102148|SAN SILVESTRE PLAZA 2024| |8102148|Major Group 70|70|Major Group 70|70|Varios|9008|Varios|9008|CAPS|1| |0| |0|Andres Felipe|Sanchez|79| | |0| | |0|20241205200647|81|1|1|1|249|All Levels| | |0|1|0|0|0|0|0|1|0|0|0|0|0|0|0|0| |0|0|230000.00|1|0.00|0.00|0.00|20241205000000|Eventos|3|Eventos|3|OT1|1|Order Type Master 1|1|Andres Felipe|Sanchez|79|230000.00|1|17037.00|17037.000000|0
CMI|30000147|8102148|SAN SILVESTRE PLAZA 2024| |8102148|SAN SILVESTRE PLAZA 2024| |8102148|Major Group 70|70|Major Group 70|70|Varios|9008|Varios|9008|CAPS|1| |0| |0|Andres Felipe|Sanchez|79| | |0| | |0|20241205201240|81|1|1|1|249|All Levels| | |0|1|0|0|0|0|0|1|0|0|0|0|0|0|0|0| |0|0|230000.00|1|0.00|0.00|0.00|20241205000000|Eventos|3|Eventos|3|OT1|1|Order Type Master 1|1|Andres Felipe|Sanchez|79|230000.00|1|17037.00|17037.000000|0
CMI|30000154|8102148|SAN SILVESTRE PLAZA 2024| |8102148|SAN SILVESTRE PLAZA 2024| |8102148|Major Group 70|70|Major Group 70|70|Varios|9008|Varios|9008|CAPS|1| |0| |0|Andres Felipe|Sanchez|79| | |0| | |0|20241205204000|83|1|1|1|249|All Levels| | |0|1|0|0|0|0|0|1|0|0|0|0|0|0|0|0| |0|0|230000.00|1|0.00|0.00|0.00|20241205000000|Eventos|3|Eventos|3|OT1|1|Order Type Master 1|1|Andres Felipe|Sanchez|79|230000.00|1|17037.00|17037.000000|0
CMI|30000155|8102148|SAN SILVESTRE PLAZA 2024| |8102148|SAN SILVESTRE PLAZA 2024| |8102148|Major Group 70|70|Major Group 70|70|Varios|9008|Varios|9008|CAPS|1| |0| |0|Andres Felipe|Sanchez|79| | |0| | |0|20241205204029|83|1|1|1|249|All Levels| | |0|1|0|0|0|0|0|1|0|0|0|0|0|0|0|0| |0|0|230000.00|1|0.00|0.00|0.00|20241205000000|Eventos|3|Eventos|3|OT1|1|Order Type Master 1|1|Andres Felipe|Sanchez|79|230000.00|1|17037.00|17037.000000|0
CMI|30000156|8102148|SAN SILVESTRE PLAZA 2024| |8102148|SAN SILVESTRE PLAZA 2024| |8102148|Major Group 70|70|Major Group 70|70|Varios|9008|Varios|9008|CAPS|1| |0| |0|Andres Felipe|Sanchez|79| | |0| | |0|20241205204113|83|1|1|1|249|All Levels| | |0|1|0|0|0|0|0|1|0|0|0|0|0|0|0|0| |0|0|230000.00|1|0.00|0.00|0.00|20241205000000|Eventos|3|Eventos|3|OT1|1|Order Type Master 1|1|Andres Felipe|Sanchez|79|230000.00|1|17037.00|17037.000000|0
CMI|30000157|8102148|SAN SILVESTRE PLAZA 2024| |8102148|SAN SILVESTRE PLAZA 2024| |8102148|Major Group 70|70|Major Group 70|70|Varios|9008|Varios|9008|CAPS|1| |0| |0|Andres Felipe|Sanchez|79| | |0| | |0|20241205204152|83|1|1|1|249|All Levels| | |0|1|0|0|0|0|0|1|0|0|0|0|0|0|0|0| |0|0|230000.00|1|0.00|0.00|0.00|20241205000000|Eventos|3|Eventos|3|OT1|1|Order Type Master 1|1|Andres Felipe|Sanchez|79|230000.00|1|17037.00|17037.000000|0
CMI|30000158|8102148|SAN SILVESTRE PLAZA 2024| |8102148|SAN SILVESTRE PLAZA 2024| |8102148|Major Group 70|70|Major Group 70|70|Varios|9008|Varios|9008|CAPS|1| |0| |0|Andres Felipe|Sanchez|79| | |0| | |0|20241205204219|83|1|1|1|249|All Levels| | |0|1|0|0|0|0|0|1|0|0|0|0|0|0|0|0| |0|0|230000.00|1|0.00|0.00|0.00|20241205000000|Eventos|3|Eventos|3|OT1|1|Order Type Master 1|1|Andres Felipe|Sanchez|79|230000.00|1|17037.00|17037.000000|0
CMI|30000159|8102148|SAN SILVESTRE PLAZA 2024| |8102148|SAN SILVESTRE PLAZA 2024| |8102148|Major Group 70|70|Major Group 70|70|Varios|9008|Varios|9008|CAPS|1| |0| |0|Andres Felipe|Sanchez|79| | |0| | |0|20241205204508|84|1|1|1|249|All Levels| | |0|1|0|0|0|0|0|1|0|0|0|0|0|0|0|0| |0|0|230000.00|1|0.00|0.00|0.00|20241205000000|Eventos|3|Eventos|3|OT1|1|Order Type Master 1|1|Andres Felipe|Sanchez|79|230000.00|1|17037.00|17037.000000|0
CTND|30000141|102|Contado |102|Contado |102|CAPS|1||0||0|Andres Felipe|Sanchez|79| | |0||0||0||0|0|1|0|20241205200647|81|1|2|1| | |0|18|0|0|0|0|0|230000.00|20241205000000|Eventos|3|Eventos|3|OT1|1|Order Type Master 1|1|Andres Felipe|Sanchez|79|230000.00|1|0
CTND|30000141|102|Contado |102|Contado |102|CAPS|1||0||0|Andres Felipe|Sanchez|79| | |0||0||0||0|0|1|0|20241205205540|84|2|3|1| | |0|20|0|0|1|0|0|-230000.00|20241205000000|Eventos|3|Eventos|3|OT1|1|Order Type Master 1|1|Andres Felipe|Sanchez|79|-230000.00|-1|0
CTND|30000141|202|Master Card|202|Master Card|202|CAPS|1||0||0|Andres Felipe|Sanchez|79| | |0||0||0||0|0|1|0|20241205205540|84|2|4|1| | |0|22|0|0|0|0|0|230000.00|20241205000000|Eventos|3|Eventos|3|OT1|1|Order Type Master 1|1|Andres Felipe|Sanchez|79|230000.00|1|0
CTND|30000148|102|Contado |102|Contado |102|CAPS|1||0||0|Andres Felipe|Sanchez|79| | |0||0||0||0|0|1|0|20241205201330|81|1|2|1| | |0|18|0|0|0|0|0|230000.00|20241205000000|Eventos|3|Eventos|3|OT1|1|Order Type Master 1|1|Andres Felipe|Sanchez|79|230000.00|1|0
CTND|30000148|102|Contado |102|Contado |102|CAPS|1||0||0|Andres Felipe|Sanchez|79| | |0||0||0||0|0|1|0|20241205205147|84|2|3|1| | |0|20|0|0|1|0|0|-230000.00|20241205000000|Eventos|3|Eventos|3|OT1|1|Order Type Master 1|1|Andres Felipe|Sanchez|79|-230000.00|-1|0
CTND|30000148|202|Master Card|202|Master Card|202|CAPS|1||0||0|Andres Felipe|Sanchez|79| | |0||0||0||0|0|1|0|20241205205147|84|2|4|1| | |0|22|0|0|0|0|0|230000.00|20241205000000|Eventos|3|Eventos|3|OT1|1|Order Type Master 1|1|Andres Felipe|Sanchez|79|230000.00|1|0
CTND|30000157|202|Master Card|202|Master Card|202|CAPS|1||0||0|Andres Felipe|Sanchez|79| | |0||0||0||0|0|1|0|20241205205918|84|2|4|1| | |0|22|0|0|0|0|0|230000.00|20241205000000|Eventos|3|Eventos|3|OT1|1|Order Type Master 1|1|Andres Felipe|Sanchez|79|230000.00|1|0
CTND|30000157|102|Contado |102|Contado |102|CAPS|1||0||0|Andres Felipe|Sanchez|79| | |0||0||0||0|0|1|0|20241205204152|83|1|2|1| | |0|18|0|0|0|0|0|230000.00|20241205000000|Eventos|3|Eventos|3|OT1|1|Order Type Master 1|1|Andres Felipe|Sanchez|79|230000.00|1|0
CTND|30000157|102|Contado |102|Contado |102|CAPS|1||0||0|Andres Felipe|Sanchez|79| | |0||0||0||0|0|1|0|20241205205918|84|2|3|1| | |0|20|0|0|1|0|0|-230000.00|20241205000000|Eventos|3|Eventos|3|OT1|1|Order Type Master 1|1|Andres Felipe|Sanchez|79|-230000.00|-1|0
CTND|30000155|102|Contado |102|Contado |102|CAPS|1||0||0|Andres Felipe|Sanchez|79| | |0||0||0||0|0|1|0|20241205204029|83|1|2|1| | |0|18|0|0|0|0|0|230000.00|20241205000000|Eventos|3|Eventos|3|OT1|1|Order Type Master 1|1|Andres Felipe|Sanchez|79|230000.00|1|0
CTND|30000155|102|Contado |102|Contado |102|CAPS|1||0||0|Andres Felipe|Sanchez|79| | |0||0||0||0|0|1|0|20241205205815|84|2|3|1| | |0|20|0|0|1|0|0|-230000.00|20241205000000|Eventos|3|Eventos|3|OT1|1|Order Type Master 1|1|Andres Felipe|Sanchez|79|-230000.00|-1|0
CTND|30000155|202|Master Card|202|Master Card|202|CAPS|1||0||0|Andres Felipe|Sanchez|79| | |0||0||0||0|0|1|0|20241205205815|84|2|4|1| | |0|22|0|0|0|0|0|230000.00|20241205000000|Eventos|3|Eventos|3|OT1|1|Order Type Master 1|1|Andres Felipe|Sanchez|79|230000.00|1|0
CTND|30000145|202|Master Card|202|Master Card|202|CAPS|1||0||0|Andres Felipe|Sanchez|79| | |0||0||0||0|0|1|0|20241205205105|84|2|4|1| | |0|22|0|0|0|0|0|230000.00|20241205000000|Eventos|3|Eventos|3|OT1|1|Order Type Master 1|1|Andres Felipe|Sanchez|79|230000.00|1|0
CTND|30000145|102|Contado |102|Contado |102|CAPS|1||0||0|Andres Felipe|Sanchez|79| | |0||0||0||0|0|1|0|20241205201048|81|1|2|1| | |0|18|0|0|0|0|0|230000.00|20241205000000|Eventos|3|Eventos|3|OT1|1|Order Type Master 1|1|Andres Felipe|Sanchez|79|230000.00|1|0
CTND|30000145|102|Contado |102|Contado |102|CAPS|1||0||0|Andres Felipe|Sanchez|79| | |0||0||0||0|0|1|0|20241205205105|84|2|3|1| | |0|20|0|0|1|0|0|-230000.00|20241205000000|Eventos|3|Eventos|3|OT1|1|Order Type Master 1|1|Andres Felipe|Sanchez|79|-230000.00|-1|0
CTND|30000143|102|Contado |102|Contado |102|CAPS|1||0||0|Andres Felipe|Sanchez|79| | |0||0||0||0|0|1|0|20241205205016|84|2|3|1| | |0|20|0|0|1|0|0|-230000.00|20241205000000|Eventos|3|Eventos|3|OT1|1|Order Type Master 1|1|Andres Felipe|Sanchez|79|-230000.00|-1|0
CTND|30000143|202|Master Card|202|Master Card|202|CAPS|1||0||0|Andres Felipe|Sanchez|79| | |0||0||0||0|0|1|0|20241205205016|84|2|4|1| | |0|22|0|0|0|0|0|230000.00|20241205000000|Eventos|3|Eventos|3|OT1|1|Order Type Master 1|1|Andres Felipe|Sanchez|79|230000.00|1|0
CTND|30000149|102|Contado |102|Contado |102|CAPS|1||0||0|Andres Felipe|Sanchez|79| | |0||0||0||0|0|1|0|20241205201355|81|1|2|1| | |0|18|0|0|0|0|0|230000.00|20241205000000|Eventos|3|Eventos|3|OT1|1|Order Type Master 1|1|Andres Felipe|Sanchez|79|230000.00|1|0
CTND|30000149|102|Contado |102|Contado |102|CAPS|1||0||0|Andres Felipe|Sanchez|79| | |0||0||0||0|0|1|0|20241205205220|84|2|3|1| | |0|20|0|0|1|0|0|-230000.00|20241205000000|Eventos|3|Eventos|3|OT1|1|Order Type Master 1|1|Andres Felipe|Sanchez|79|-230000.00|-1|0
CTND|30000149|202|Master Card|202|Master Card|202|CAPS|1||0||0|Andres Felipe|Sanchez|79| | |0||0||0||0|0|1|0|20241205205220|84|2|4|1| | |0|22|0|0|0|0|0|230000.00|20241205000000|Eventos|3|Eventos|3|OT1|1|Order Type Master 1|1|Andres Felipe|Sanchez|79|230000.00|1|0
CTND|30000156|102|Contado |102|Contado |102|CAPS|1||0||0|Andres Felipe|Sanchez|79| | |0||0||0||0|0|1|0|20241205204113|83|1|2|1| | |0|18|0|0|0|0|0|230000.00|20241205000000|Eventos|3|Eventos|3|OT1|1|Order Type Master 1|1|Andres Felipe|Sanchez|79|230000.00|1|0
CTND|30000147|102|Contado |102|Contado |102|CAPS|1||0||0|Andres Felipe|Sanchez|79| | |0||0||0||0|0|1|0|20241205201240|81|1|2|1| | |0|18|0|0|0|0|0|230000.00|20241205000000|Eventos|3|Eventos|3|OT1|1|Order Type Master 1|1|Andres Felipe|Sanchez|79|230000.00|1|0
CTND|30000147|102|Contado |102|Contado |102|CAPS|1||0||0|Andres Felipe|Sanchez|79| | |0||0||0||0|0|1|0|20241205205603|84|2|3|1| | |0|20|0|0|1|0|0|-230000.00|20241205000000|Eventos|3|Eventos|3|OT1|1|Order Type Master 1|1|Andres Felipe|Sanchez|79|-230000.00|-1|0
CTND|30000147|202|Master Card|202|Master Card|202|CAPS|1||0||0|Andres Felipe|Sanchez|79| | |0||0||0||0|0|1|0|20241205205603|84|2|4|1| | |0|22|0|0|0|0|0|230000.00|20241205000000|Eventos|3|Eventos|3|OT1|1|Order Type Master 1|1|Andres Felipe|Sanchez|79|230000.00|1|0
CTND|30000152|102|Contado |102|Contado |102|CAPS|1||0||0|Andres Felipe|Sanchez|79| | |0||0||0||0|0|1|0|20241205201702|82|1|2|1| | |0|18|0|0|0|0|0|230000.00|20241205000000|Eventos|3|Eventos|3|OT1|1|Order Type Master 1|1|Andres Felipe|Sanchez|79|230000.00|1|0
CTND|30000152|102|Contado |102|Contado |102|CAPS|1||0||0|Andres Felipe|Sanchez|79| | |0||0||0||0|0|1|0|20241205205348|84|2|3|1| | |0|20|0|0|1|0|0|-230000.00|20241205000000|Eventos|3|Eventos|3|OT1|1|Order Type Master 1|1|Andres Felipe|Sanchez|79|-230000.00|-1|0
CTND|30000152|202|Master Card|202|Master Card|202|CAPS|1||0||0|Andres Felipe|Sanchez|79| | |0||0||0||0|0|1|0|20241205205348|84|2|4|1| | |0|22|0|0|0|0|0|230000.00|20241205000000|Eventos|3|Eventos|3|OT1|1|Order Type Master 1|1|Andres Felipe|Sanchez|79|230000.00|1|0
CTND|30000159|102|Contado |102|Contado |102|CAPS|1||0||0|Andres Felipe|Sanchez|79| | |0||0||0||0|0|1|0|20241205204508|84|1|2|1| | |0|18|0|0|0|0|0|230000.00|20241205000000|Eventos|3|Eventos|3|OT1|1|Order Type Master 1|1|Andres Felipe|Sanchez|79|230000.00|1|0
CTND|30000159|102|Contado |102|Contado |102|CAPS|1||0||0|Andres Felipe|Sanchez|79| | |0||0||0||0|0|1|0|20241205212116|86|2|3|1| | |0|20|0|0|1|0|0|-230000.00|20241205000000|Eventos|3|Eventos|3|OT1|1|Order Type Master 1|1|Andres Felipe|Sanchez|79|-230000.00|-1|0
CTND|30000159|202|Master Card|202|Master Card|202|CAPS|1||0||0|Andres Felipe|Sanchez|79| | |0||0||0||0|0|1|0|20241205212116|86|2|4|1| | |0|22|0|0|0|0|0|230000.00|20241205000000|Eventos|3|Eventos|3|OT1|1|Order Type Master 1|1|Andres Felipe|Sanchez|79|230000.00|1|0
CTND|30000153|202|Master Card|202|Master Card|202|CAPS|1||0||0|Andres Felipe|Sanchez|79| | |0||0||0||0|0|1|0|20241205205411|84|2|4|1| | |0|22|0|0|0|0|0|230000.00|20241205000000|Eventos|3|Eventos|3|OT1|1|Order Type Master 1|1|Andres Felipe|Sanchez|79|230000.00|1|0
CTND|30000150|102|Contado |102|Contado |102|CAPS|1||0||0|Andres Felipe|Sanchez|79| | |0||0||0||0|0|1|0|20241205201540|82|1|2|1| | |0|18|0|0|0|0|0|230000.00|20241205000000|Eventos|3|Eventos|3|OT1|1|Order Type Master 1|1|Andres Felipe|Sanchez|79|230000.00|1|0
CTND|30000154|102|Contado |102|Contado |102|CAPS|1||0||0|Andres Felipe|Sanchez|79| | |0||0||0||0|0|1|0|20241205204000|83|1|2|1| | |0|18|0|0|0|0|0|230000.00|20241205000000|Eventos|3|Eventos|3|OT1|1|Order Type Master 1|1|Andres Felipe|Sanchez|79|230000.00|1|0
CTND|30000154|102|Contado |102|Contado |102|CAPS|1||0||0|Andres Felipe|Sanchez|79| | |0||0||0||0|0|1|0|20241205205801|84|2|3|1| | |0|20|0|0|1|0|0|-230000.00|20241205000000|Eventos|3|Eventos|3|OT1|1|Order Type Master 1|1|Andres Felipe|Sanchez|79|-230000.00|-1|0
CTND|30000154|202|Master Card|202|Master Card|202|CAPS|1||0||0|Andres Felipe|Sanchez|79| | |0||0||0||0|0|1|0|20241205205801|84|2|4|1| | |0|22|0|0|0|0|0|230000.00|20241205000000|Eventos|3|Eventos|3|OT1|1|Order Type Master 1|1|Andres Felipe|Sanchez|79|230000.00|1|0
CTND|30000143|102|Contado |102|Contado |102|CAPS|1||0||0|Andres Felipe|Sanchez|79| | |0||0||0||0|0|1|0|20241205200932|81|1|2|1| | |0|18|0|0|0|0|0|230000.00|20241205000000|Eventos|3|Eventos|3|OT1|1|Order Type Master 1|1|Andres Felipe|Sanchez|79|230000.00|1|0
CTND|30000146|102|Contado |102|Contado |102|CAPS|1||0||0|Andres Felipe|Sanchez|79| | |0||0||0||0|0|1|0|20241205201144|81|1|2|1| | |0|18|0|0|0|0|0|230000.00|20241205000000|Eventos|3|Eventos|3|OT1|1|Order Type Master 1|1|Andres Felipe|Sanchez|79|230000.00|1|0
CTND|30000146|102|Contado |102|Contado |102|CAPS|1||0||0|Andres Felipe|Sanchez|79| | |0||0||0||0|0|1|0|20241205205127|84|2|3|1| | |0|20|0|0|1|0|0|-230000.00|20241205000000|Eventos|3|Eventos|3|OT1|1|Order Type Master 1|1|Andres Felipe|Sanchez|79|-230000.00|-1|0
CTND|30000146|202|Master Card|202|Master Card|202|CAPS|1||0||0|Andres Felipe|Sanchez|79| | |0||0||0||0|0|1|0|20241205205127|84|2|4|1| | |0|22|0|0|0|0|0|230000.00|20241205000000|Eventos|3|Eventos|3|OT1|1|Order Type Master 1|1|Andres Felipe|Sanchez|79|230000.00|1|0
CTND|30000156|102|Contado |102|Contado |102|CAPS|1||0||0|Andres Felipe|Sanchez|79| | |0||0||0||0|0|1|0|20241205205842|84|2|3|1| | |0|20|0|0|1|0|0|-230000.00|20241205000000|Eventos|3|Eventos|3|OT1|1|Order Type Master 1|1|Andres Felipe|Sanchez|79|-230000.00|-1|0
CTND|30000156|202|Master Card|202|Master Card|202|CAPS|1||0||0|Andres Felipe|Sanchez|79| | |0||0||0||0|0|1|0|20241205205842|84|2|4|1| | |0|22|0|0|0|0|0|230000.00|20241205000000|Eventos|3|Eventos|3|OT1|1|Order Type Master 1|1|Andres Felipe|Sanchez|79|230000.00|1|0
CTND|30000156|202|Master Card|202|Master Card|202|CAPS|1||0||0|Andres Felipe|Sanchez|79| | |0||0||0||0|0|1|0|20241205205857|84|3|5|1| | |0|24|0|0|0|0|0|0.00|20241205000000|Eventos|3|Eventos|3|OT1|1|Order Type Master 1|1|Andres Felipe|Sanchez|79|0.00|1|0
CTND|30000153|102|Contado |102|Contado |102|CAPS|1||0||0|Andres Felipe|Sanchez|79| | |0||0||0||0|0|1|0|20241205201809|82|1|2|1| | |0|18|0|0|0|0|0|230000.00|20241205000000|Eventos|3|Eventos|3|OT1|1|Order Type Master 1|1|Andres Felipe|Sanchez|79|230000.00|1|0
CTND|30000153|102|Contado |102|Contado |102|CAPS|1||0||0|Andres Felipe|Sanchez|79| | |0||0||0||0|0|1|0|20241205205411|84|2|3|1| | |0|20|0|0|1|0|0|-230000.00|20241205000000|Eventos|3|Eventos|3|OT1|1|Order Type Master 1|1|Andres Felipe|Sanchez|79|-230000.00|-1|0
CTND|30000150|102|Contado |102|Contado |102|CAPS|1||0||0|Andres Felipe|Sanchez|79| | |0||0||0||0|0|1|0|20241205205254|84|2|3|1| | |0|20|0|0|1|0|0|-230000.00|20241205000000|Eventos|3|Eventos|3|OT1|1|Order Type Master 1|1|Andres Felipe|Sanchez|79|-230000.00|-1|0
CTND|30000150|202|Master Card|202|Master Card|202|CAPS|1||0||0|Andres Felipe|Sanchez|79| | |0||0||0||0|0|1|0|20241205205254|84|2|4|1| | |0|22|0|0|0|0|0|230000.00|20241205000000|Eventos|3|Eventos|3|OT1|1|Order Type Master 1|1|Andres Felipe|Sanchez|79|230000.00|1|0
CTND|30000140|202|Master Card|202|Master Card|202|CAPS|1||0||0|Andres Felipe|Sanchez|79| | |0||0||0||0|0|1|0|20241205203017|83|2|4|1| | |0|22|0|0|0|0|0|230000.00|20241205000000|Eventos|3|Eventos|3|OT1|1|Order Type Master 1|1|Andres Felipe|Sanchez|79|230000.00|1|0
CTND|30000140|102|Contado |102|Contado |102|CAPS|1||0||0|Andres Felipe|Sanchez|79| | |0||0||0||0|0|1|0|20241205200615|81|1|2|1| | |0|18|0|0|0|0|0|230000.00|20241205000000|Eventos|3|Eventos|3|OT1|1|Order Type Master 1|1|Andres Felipe|Sanchez|79|230000.00|1|0
CTND|30000140|102|Contado |102|Contado |102|CAPS|1||0||0|Andres Felipe|Sanchez|79| | |0||0||0||0|0|1|0|20241205203017|83|2|3|1| | |0|20|0|0|1|0|0|-230000.00|20241205000000|Eventos|3|Eventos|3|OT1|1|Order Type Master 1|1|Andres Felipe|Sanchez|79|-230000.00|-1|0
CTND|30000138|202|Master Card|202|Master Card|202|CAPS|1||0||0|Andres Felipe|Sanchez|79| | |0||0||0||0|0|1|0|20241205202906|82|2|4|1| | |0|22|0|0|0|0|0|230000.00|20241205000000|Eventos|3|Eventos|3|OT1|1|Order Type Master 1|1|Andres Felipe|Sanchez|79|230000.00|1|0
CTND|30000138|102|Contado |102|Contado |102|CAPS|1||0||0|Andres Felipe|Sanchez|79| | |0||0||0||0|0|1|0|20241205200449|81|1|2|1| | |0|18|0|0|0|0|0|230000.00|20241205000000|Eventos|3|Eventos|3|OT1|1|Order Type Master 1|1|Andres Felipe|Sanchez|79|230000.00|1|0
CTND|30000138|102|Contado |102|Contado |102|CAPS|1||0||0|Andres Felipe|Sanchez|79| | |0||0||0||0|0|1|0|20241205202906|82|2|3|1| | |0|20|0|0|1|0|0|-230000.00|20241205000000|Eventos|3|Eventos|3|OT1|1|Order Type Master 1|1|Andres Felipe|Sanchez|79|-230000.00|-1|0
CTND|30000139|102|Contado |102|Contado |102|CAPS|1||0||0|Andres Felipe|Sanchez|79| | |0||0||0||0|0|1|0|20241205202954|82|2|3|1| | |0|20|0|0|1|0|0|-230000.00|20241205000000|Eventos|3|Eventos|3|OT1|1|Order Type Master 1|1|Andres Felipe|Sanchez|79|-230000.00|-1|0
CTND|30000139|202|Master Card|202|Master Card|202|CAPS|1||0||0|Andres Felipe|Sanchez|79| | |0||0||0||0|0|1|0|20241205202954|82|2|4|1| | |0|22|0|0|0|0|0|230000.00|20241205000000|Eventos|3|Eventos|3|OT1|1|Order Type Master 1|1|Andres Felipe|Sanchez|79|230000.00|1|0
CTND|30000151|102|Contado |102|Contado |102|CAPS|1||0||0|Andres Felipe|Sanchez|79| | |0||0||0||0|0|1|0|20241205205333|84|2|3|1| | |0|20|0|0|1|0|0|-230000.00|20241205000000|Eventos|3|Eventos|3|OT1|1|Order Type Master 1|1|Andres Felipe|Sanchez|79|-230000.00|-1|0
CTND|30000139|102|Contado |102|Contado |102|CAPS|1||0||0|Andres Felipe|Sanchez|79| | |0||0||0||0|0|1|0|20241205200525|81|1|2|1| | |0|18|0|0|0|0|0|230000.00|20241205000000|Eventos|3|Eventos|3|OT1|1|Order Type Master 1|1|Andres Felipe|Sanchez|79|230000.00|1|0
CTND|30000144|102|Contado |102|Contado |102|CAPS|1||0||0|Andres Felipe|Sanchez|79| | |0||0||0||0|0|1|0|20241205201007|81|1|2|1| | |0|18|0|0|0|0|0|230000.00|20241205000000|Eventos|3|Eventos|3|OT1|1|Order Type Master 1|1|Andres Felipe|Sanchez|79|230000.00|1|0
CTND|30000144|102|Contado |102|Contado |102|CAPS|1||0||0|Andres Felipe|Sanchez|79| | |0||0||0||0|0|1|0|20241205205040|84|2|3|1| | |0|20|0|0|1|0|0|-230000.00|20241205000000|Eventos|3|Eventos|3|OT1|1|Order Type Master 1|1|Andres Felipe|Sanchez|79|-230000.00|-1|0
CTND|30000144|202|Master Card|202|Master Card|202|CAPS|1||0||0|Andres Felipe|Sanchez|79| | |0||0||0||0|0|1|0|20241205205040|84|2|4|1| | |0|22|0|0|0|0|0|230000.00|20241205000000|Eventos|3|Eventos|3|OT1|1|Order Type Master 1|1|Andres Felipe|Sanchez|79|230000.00|1|0
CTND|30000151|102|Contado |102|Contado |102|CAPS|1||0||0|Andres Felipe|Sanchez|79| | |0||0||0||0|0|1|0|20241205201621|82|1|2|1| | |0|18|0|0|0|0|0|230000.00|20241205000000|Eventos|3|Eventos|3|OT1|1|Order Type Master 1|1|Andres Felipe|Sanchez|79|230000.00|1|0
CTND|30000151|202|Master Card|202|Master Card|202|CAPS|1||0||0|Andres Felipe|Sanchez|79| | |0||0||0||0|0|1|0|20241205205333|84|2|4|1| | |0|22|0|0|0|0|0|230000.00|20241205000000|Eventos|3|Eventos|3|OT1|1|Order Type Master 1|1|Andres Felipe|Sanchez|79|230000.00|1|0
CTND|30000158|202|Master Card|202|Master Card|202|CAPS|1||0||0|Andres Felipe|Sanchez|79| | |0||0||0||0|0|1|0|20241205205935|84|2|4|1| | |0|22|0|0|0|0|0|230000.00|20241205000000|Eventos|3|Eventos|3|OT1|1|Order Type Master 1|1|Andres Felipe|Sanchez|79|230000.00|1|0
CTND|30000158|102|Contado |102|Contado |102|CAPS|1||0||0|Andres Felipe|Sanchez|79| | |0||0||0||0|0|1|0|20241205204219|83|1|2|1| | |0|18|0|0|0|0|0|230000.00|20241205000000|Eventos|3|Eventos|3|OT1|1|Order Type Master 1|1|Andres Felipe|Sanchez|79|230000.00|1|0
CTND|30000158|102|Contado |102|Contado |102|CAPS|1||0||0|Andres Felipe|Sanchez|79| | |0||0||0||0|0|1|0|20241205205935|84|2|3|1| | |0|20|0|0|1|0|0|-230000.00|20241205000000|Eventos|3|Eventos|3|OT1|1|Order Type Master 1|1|Andres Felipe|Sanchez|79|-230000.00|-1|0
CVAT|30000138|Eventos|3|Eventos|3|OT1|1|Order Type Master 1|1|TAX1|1|ICO 8%|1|Andres Felipe|Sanchez|79|0.00|0.00|0.00|81|17037.00|0.00|20241205000000
CVAT|30000139|Eventos|3|Eventos|3|OT1|1|Order Type Master 1|1|TAX1|1|ICO 8%|1|Andres Felipe|Sanchez|79|0.00|0.00|0.00|81|17037.00|0.00|20241205000000
CVAT|30000140|Eventos|3|Eventos|3|OT1|1|Order Type Master 1|1|TAX1|1|ICO 8%|1|Andres Felipe|Sanchez|79|0.00|0.00|0.00|81|17037.00|0.00|20241205000000
CVAT|30000141|Eventos|3|Eventos|3|OT1|1|Order Type Master 1|1|TAX1|1|ICO 8%|1|Andres Felipe|Sanchez|79|0.00|0.00|0.00|81|17037.00|0.00|20241205000000
CVAT|30000143|Eventos|3|Eventos|3|OT1|1|Order Type Master 1|1|TAX1|1|ICO 8%|1|Andres Felipe|Sanchez|79|0.00|0.00|0.00|81|17037.00|0.00|20241205000000
CVAT|30000144|Eventos|3|Eventos|3|OT1|1|Order Type Master 1|1|TAX1|1|ICO 8%|1|Andres Felipe|Sanchez|79|0.00|0.00|0.00|81|17037.00|0.00|20241205000000
CVAT|30000145|Eventos|3|Eventos|3|OT1|1|Order Type Master 1|1|TAX1|1|ICO 8%|1|Andres Felipe|Sanchez|79|0.00|0.00|0.00|81|17037.00|0.00|20241205000000
CVAT|30000146|Eventos|3|Eventos|3|OT1|1|Order Type Master 1|1|TAX1|1|ICO 8%|1|Andres Felipe|Sanchez|79|0.00|0.00|0.00|81|17037.00|0.00|20241205000000
CVAT|30000147|Eventos|3|Eventos|3|OT1|1|Order Type Master 1|1|TAX1|1|ICO 8%|1|Andres Felipe|Sanchez|79|0.00|0.00|0.00|81|17037.00|0.00|20241205000000
CVAT|30000148|Eventos|3|Eventos|3|OT1|1|Order Type Master 1|1|TAX1|1|ICO 8%|1|Andres Felipe|Sanchez|79|0.00|0.00|0.00|81|17037.00|0.00|20241205000000
CVAT|30000149|Eventos|3|Eventos|3|OT1|1|Order Type Master 1|1|TAX1|1|ICO 8%|1|Andres Felipe|Sanchez|79|0.00|0.00|0.00|81|17037.00|0.00|20241205000000
CVAT|30000150|Eventos|3|Eventos|3|OT1|1|Order Type Master 1|1|TAX1|1|ICO 8%|1|Andres Felipe|Sanchez|79|0.00|0.00|0.00|81|17037.00|0.00|20241205000000
CVAT|30000151|Eventos|3|Eventos|3|OT1|1|Order Type Master 1|1|TAX1|1|ICO 8%|1|Andres Felipe|Sanchez|79|0.00|0.00|0.00|82|17037.00|0.00|20241205000000
CVAT|30000152|Eventos|3|Eventos|3|OT1|1|Order Type Master 1|1|TAX1|1|ICO 8%|1|Andres Felipe|Sanchez|79|0.00|0.00|0.00|82|17037.00|0.00|20241205000000
CVAT|30000153|Eventos|3|Eventos|3|OT1|1|Order Type Master 1|1|TAX1|1|ICO 8%|1|Andres Felipe|Sanchez|79|0.00|0.00|0.00|82|17037.00|0.00|20241205000000
CVAT|30000154|Eventos|3|Eventos|3|OT1|1|Order Type Master 1|1|TAX1|1|ICO 8%|1|Andres Felipe|Sanchez|79|0.00|0.00|0.00|83|17037.00|0.00|20241205000000
CVAT|30000155|Eventos|3|Eventos|3|OT1|1|Order Type Master 1|1|TAX1|1|ICO 8%|1|Andres Felipe|Sanchez|79|0.00|0.00|0.00|83|17037.00|0.00|20241205000000
CVAT|30000156|Eventos|3|Eventos|3|OT1|1|Order Type Master 1|1|TAX1|1|ICO 8%|1|Andres Felipe|Sanchez|79|0.00|0.00|0.00|83|17037.00|0.00|20241205000000
CVAT|30000157|Eventos|3|Eventos|3|OT1|1|Order Type Master 1|1|TAX1|1|ICO 8%|1|Andres Felipe|Sanchez|79|0.00|0.00|0.00|83|17037.00|0.00|20241205000000
CVAT|30000158|Eventos|3|Eventos|3|OT1|1|Order Type Master 1|1|TAX1|1|ICO 8%|1|Andres Felipe|Sanchez|79|0.00|0.00|0.00|83|17037.00|0.00|20241205000000
CVAT|30000159|Eventos|3|Eventos|3|OT1|1|Order Type Master 1|1|TAX1|1|ICO 8%|1|Andres Felipe|Sanchez|79|0.00|0.00|0.00|83|17037.00|0.00|20241205000000
NONSLS|Restaurante|1|Restaurante|1|Andres Felipe|Sanchez|79|1|CAPS|1| |0| |0| |0| |0|0|0|20241205152044|62|5| |0.00|0|0.00|1
NONSLS|Restaurante|1|Restaurante|1|Andres Felipe|Sanchez|79|1|CAPS|1| |0| |0| |0| |0|0|0|20241205203827|83|5| |0.00|0|0.00|1
NONSLS|Restaurante|1|Restaurante|1|Andres Felipe|Sanchez|79|1|CAPS|1| |0| |0| |0| |0|0|0|20241205151941|62|5| |0.00|0|0.00|1
NONSLS|Eventos|3|Eventos|3|Andres Felipe|Sanchez|79|1|CAPS|1| |0| |0| |0| |0|0|0|20241205200705|81|5| |230000.00|0|230000.00|1
NONSLS|Eventos|3|Eventos|3|Guelvis Jose|Chirinos Barbera|84|1|CAPS|1| |0| |0| |0| |0|0|0|20241205143615|59|5| |343151953.00|0|343151953.00|1
NONSLS|Eventos|3|Eventos|3|John|Rozo Moreno|83|1|CAPS|1| |0| |0| |0| |0|0|0|20241205235731|96|5| |73094.00|0|73094.00|1
NONSLS|Eventos|3|Eventos|3|Andres Felipe|Sanchez|79|1|CAPS|1| |0| |0| |0| |0|0|0|20241205093920|39|5| |0.00|0|0.00|1
NONSLS|Eventos|3|Eventos|3|Guelvis Jose|Chirinos Barbera|84|1|CAPS|1| |0| |0| |0| |0|0|0|20241205143008|59|5| |77155965.00|0|77155965.00|1
NONSLS|Eventos|3|Eventos|3|John|Rozo Moreno|83|1|CAPS|1| |0| |0| |0| |0|0|0|20241205235007|96|5| |276749953.00|0|276749953.00|1
OTD|Eventos|3|Eventos|3|OT1|1|Order Type Master 1|1|4472223.00|0.00|0.00|0|0.00|0|357777.00|21|0|0|0|0|0.00|0.00|0.00|0|0|0|0.00|0|0.00|0|697360965.00|6|21|21|0.00|4472223.00|0.00|0.00|4472223.00|0.00|4472223.00|0.00|0.00|0.00|0.00|0.00|0.00|0.00|0.00
OTD|Restaurante|1|Restaurante|1|OT1|1|Order Type Master 1|1|0.00|0.00|0.00|0|0.00|0|0.00|0|0|0|0|0|0.00|0.00|0.00|0|0|0|0.00|0|0.00|0|0.00|3|0|0|0.00|0.00|0.00|0.00|0.00|0.00|0.00|0.00|0.00|0.00|0.00|0.00|0.00|0.00|0.00
