GLID|Andr1|Andres Pruebas 2021|20241218|20241218|20250119|121752|1.00|1.00|Simphony|19.7.2
SUM|3|Eventos|0.00|0.00|0.00|0.00|0|0.00|0|0.00|0.00|0.00|0|0|0|0|0.00|0.00|Eventos|34| |0|0|0.00|0.00|0.00|0.00|0.00|0.00|0.00|0|0.00|0|0|0.00|0.00|0.00|0.00|0.00|0.00|0.00|0.00|0|0.00|0|0.00|0|0.00|1|0.00|0|0.00|0|0.00|0|0.00|0|0.00
SUM|1|Restaurante Prueba|0.00|0.00|0.00|0.00|0|0.00|0|0.00|0.00|0.00|0|0|0|0|0.00|0.00|Restaurante Prueba|42| |0|0|0.00|0.00|0.00|0.00|0.00|0.00|0.00|0|0.00|0|0|0.00|0.00|0.00|0.00|0.00|0.00|0.00|0.00|0|0.00|0|0.00|0|109.00|1|0.00|0|0.00|0|0.00|0|0.00|0|0.00
OT|3|1|Para Aqui|0|0.00|0|0|Para Aqui|1||Eventos|Eventos|34|0|0.00|0|0.00|0.00|0|0.00|0|0.00|0|0.00|1|0.00|0|0|0|0|0.00|0.00
OT|1|1|Para Aqui|0|0.00|0|0|Para Aqui|1||Restaurante Prueba|Restaurante Prueba|42|0|0.00|0|0.00|0.00|0|0.00|0|0.00|0|109.00|1|0.00|0|0|0|0|0.00|0.00
CHDR|1|1|1|20241218000000|20241218000000|20241218153530|20241218154643|5002|0|00|0.00|0.00|0.00|0.00|0.00|0.00|0.00|0.00||0|0.00|0.00|0.00|Restaurante Prueba|Restaurante Prueba|42|Para Aqui|Para Aqui|1|JEYSON STEVEN|RODRIGUEZ GAITAN||0||0||0||0|20241218154653| |0|0|673|0|63|64|882811956|0| | |1|0|0|0|0.00|0.00|0.00|0.00|0| |0.00|0.00|0|0|0|0
CHDR|3|1|1|20241218000000|20241218000000|20241218154811|20241218154926|5002|0|0|0.00|0.00|0.00|0.00|0.00|0.00|0.00|0.00||0|0.00|0.00|0.00|Eventos|Eventos|34|Para Aqui|Para Aqui|1|JEYSON STEVEN|RODRIGUEZ GAITAN||0||0||0||0|20241218154938| |0|0|75|0|64|64|882814012|0| | |1|0|0|0|0.00|0.00|0.00|0.00|0| |0.00|0.00|0|0|0|0
NONSLS|Restaurante Prueba|1|Restaurante Prueba|42|JEYSON STEVEN|RODRIGUEZ GAITAN|5002|1|CAPS    |1| |0| |0| |0| |0|0|0|20241218153530|63|5| |109.00|0|109.00|1
NONSLS|Eventos|3|Eventos|34|JEYSON STEVEN|RODRIGUEZ GAITAN|5002|1|CAPS    |1| |0| |0| |0| |0|0|0|20241218154811|64|5| |0.00|0|0.00|1
OTD|Eventos|3|Eventos|34|Para Aqui|1|Para Aqui|1|0.00|0.00|0.00|0|0.00|0|0.00|0|0|0|0|0|0.00|0.00|0.00|0|0|0|0.00|0|0.00|0|0.00|1|0|0|0.00|0.00|0.00|0.00|0.00|0.00|0.00|0.00|0.00|0.00|0.00|0.00|0.00|0.00|0.00
OTD|Restaurante Prueba|1|Restaurante Prueba|42|Para Aqui|1|Para Aqui|1|0.00|0.00|0.00|0|0.00|0|0.00|0|0|0|0|0|0.00|0.00|0.00|0|0|0|0.00|0|0.00|0|109.00|1|0|0|0.00|0.00|0.00|0.00|0.00|0.00|0.00|0.00|0.00|0.00|0.00|0.00|0.00|0.00|0.00
