PAYID|Andr12|Andres Plaza Hacienda|20241121|20241121|20241223|121950|1.00|1.00|Simphony|19.7.2
PAY|posNum:80000002|20241121|0||0.00|0.00|0.00|0.00|0.00|0.00||0.00|0.00|0.00|4630.00|0.00|0.00|0.00|0.00|0.00||0.00|0.00|0.00|0.00||||||Deyanira|Tequia Hernandez|80000002|||0.00|0.00|0.00|0.00|0.00|0.00|0.00|0.00|0.00|0.00|4630.00|0.00|4630.00|
PAY|posNum:80000002|20241121|0||0.00|0.00|0.00|0.00|0.00|0.00||0.00|0.00|0.00|52100.00|0.00|0.00|0.00|0.00|0.00||0.00|0.00|0.00|0.00||||||Deyanira|Tequia Hernandez|80000002|||0.00|0.00|0.00|0.00|0.00|0.00|0.00|0.00|0.00|0.00|52100.00|0.00|52100.00|
PAY|posNum:80000002|20241121|0||0.00|0.00|0.00|0.00|0.00|0.00||0.00|0.00|0.00|127213.00|0.00|0.00|0.00|0.00|0.00||0.00|0.00|0.00|0.00||||||Deyanira|Tequia Hernandez|80000002|||0.00|0.00|0.00|11564.00|0.00|0.00|0.00|0.00|0.00|0.00|115649.00|0.00|115649.00|
PAY|posNum:80000003|20241121|0||0.00|0.00|0.00|0.00|0.00|0.00||0.00|0.00|0.00|298617.00|0.00|0.00|0.00|0.00|0.00||0.00|0.00|0.00|0.00||||||Jhoana|Galvis Romero|80000003|||0.00|0.00|0.00|0.00|0.00|0.00|0.00|0.00|0.00|0.00|299265.00|-648.00|298617.00|
PAY|posNum:91000007|20241121|0||0.00|0.00|0.00|0.00|0.00|0.00||0.00|0.00|0.00|0.00|0.00|0.00|0.00|0.00|0.00||0.00|0.00|0.00|0.00||||||IVON|SERRATO ULLOA|91000007|||0.00|0.00|0.00|0.00|0.00|0.00|0.00|0.00|0.00|0.00|2044626.00|0.00|2044626.00|
PAY|posNum:80000003|20241121|0||0.00|0.00|0.00|0.00|0.00|0.00||0.00|0.00|0.00|0.00|0.00|0.00|0.00|0.00|0.00||0.00|0.00|0.00|0.00||||||Jhoana|Galvis Romero|80000003|||0.00|0.00|0.00|0.00|0.00|0.00|0.00|0.00|0.00|0.00|137037.00|0.00|137037.00|
PAY|posNum:91000007|20241121|0||0.00|0.00|0.00|0.00|0.00|0.00||0.00|0.00|0.00|423613.00|0.00|0.00|0.00|0.00|0.00||0.00|0.00|0.00|0.00||||||IVON|SERRATO ULLOA|91000007|||0.00|0.00|0.00|0.00|0.00|0.00|0.00|0.00|0.00|0.00|423613.00|0.00|423613.00|
PAY|posNum:91000007|20241121|0||0.00|0.00|0.00|0.00|0.00|0.00||0.00|0.00|0.00|97879.00|0.00|0.00|0.00|0.00|0.00||0.00|0.00|0.00|0.00||||||IVON|SERRATO ULLOA|91000007|||0.00|0.00|0.00|8898.00|0.00|0.00|0.00|0.00|0.00|0.00|88981.00|0.00|88981.00|
PAY|posNum:80000003|20241121|0||0.00|0.00|0.00|0.00|0.00|0.00||0.00|0.00|0.00|15347573.00|0.00|0.00|0.00|0.00|0.00||0.00|0.00|0.00|0.00||||||Jhoana|Galvis Romero|80000003|||0.00|0.00|0.00|1363012.00|0.00|0.00|0.00|0.00|0.00|0.00|13983348.00|-17962.00|13965386.00|
