PAYID|Andr123456|Andres Plaza Retiro|20241121|20241121|20241223|121950|1.00|1.00|Simphony|19.7.2
PAY|posNum:84|20241121|0||0.00|0.00|0.00|0.00|0.00|0.00||0.00|0.00|0.00|0.00|0.00|0.00|0.00|0.00|0.00||0.00|0.00|0.00|0.00||||||Guelvis Jose|Chirinos Barbera|84|||0.00|0.00|0.00|0.00|0.00|0.00|0.00|0.00|0.00|0.00|961854.00|0.00|961854.00|
PAY|posNum:81|20241121|0||0.00|0.00|0.00|0.00|0.00|0.00||0.00|0.00|0.00|86263.00|0.00|0.00|0.00|0.00|0.00||0.00|0.00|0.00|0.00||||||Jhon Jairo|Carmen Cuevas|81|||0.00|0.00|0.00|7842.00|0.00|0.00|0.00|0.00|0.00|0.00|78425.00|0.00|78425.00|
PAY|posNum:81|20241121|0||0.00|0.00|0.00|0.00|0.00|0.00||0.00|0.00|0.00|7037.00|0.00|0.00|0.00|0.00|0.00||0.00|0.00|0.00|0.00||||||Jhon Jairo|Carmen Cuevas|81|||0.00|0.00|0.00|0.00|0.00|0.00|0.00|0.00|0.00|0.00|7037.00|0.00|7037.00|
PAY|posNum:81|20241121|0||0.00|0.00|0.00|0.00|0.00|0.00||0.00|0.00|0.00|0.00|0.00|0.00|0.00|0.00|0.00||0.00|0.00|0.00|0.00||||||Jhon Jairo|Carmen Cuevas|81|||0.00|0.00|0.00|0.00|0.00|0.00|0.00|0.00|0.00|0.00|443333.00|0.00|443333.00|
PAY|posNum:83|20241121|0||0.00|0.00|0.00|0.00|0.00|0.00||0.00|0.00|0.00|0.00|0.00|0.00|0.00|0.00|0.00||0.00|0.00|0.00|0.00||||||John|Rozo Moreno|83|||0.00|0.00|0.00|5784708.00|0.00|0.00|0.00|0.00|0.00|0.00|135228695.00|0.00|135228695.00|
PAY|posNum:83|20241121|0||0.00|0.00|0.00|0.00|0.00|0.00||0.00|0.00|0.00|66297.00|0.00|0.00|0.00|0.00|0.00||0.00|0.00|0.00|0.00||||||John|Rozo Moreno|83|||0.00|0.00|0.00|0.00|0.00|0.00|0.00|0.00|0.00|0.00|66297.00|0.00|66297.00|
PAY|posNum:83|20241121|0||0.00|0.00|0.00|0.00|0.00|0.00||0.00|0.00|0.00|0.00|0.00|0.00|0.00|0.00|0.00||0.00|0.00|0.00|0.00||||||John|Rozo Moreno|83|||0.00|0.00|0.00|0.00|0.00|0.00|0.00|0.00|0.00|0.00|1299074.00|0.00|1299074.00|
PAY|posNum:84|20241121|0||0.00|0.00|0.00|0.00|0.00|0.00||0.00|0.00|0.00|219167.00|0.00|0.00|0.00|0.00|0.00||0.00|0.00|0.00|0.00||||||Guelvis Jose|Chirinos Barbera|84|||0.00|0.00|0.00|0.00|0.00|0.00|0.00|0.00|0.00|0.00|219167.00|0.00|219167.00|
PAY|posNum:84|20241121|0||0.00|0.00|0.00|0.00|0.00|0.00||0.00|0.00|0.00|1747989.00|0.00|0.00|0.00|0.00|0.00||0.00|0.00|0.00|0.00||||||Guelvis Jose|Chirinos Barbera|84|||0.00|0.00|0.00|158900.00|0.00|0.00|0.00|0.00|0.00|0.00|1589074.00|0.00|1589074.00|
