PAYID|Andr1234|Andres Plaza Santafe|20241214|20241214|20250115|122011|1.00|1.00|Simphony|19.7.2
PAY|posNum:90000002|20241214|0||0.00|0.00|0.00|0.00|0.00|0.00||0.00|0.00|0.00|432849.00|0.00|0.00|0.00|0.00|0.00||0.00|0.00|0.00|0.00||||||Danna Carolina|Bueno|90000002|||0.00|0.00|0.00|0.00|0.00|0.00|0.00|0.00|0.00|0.00|437049.00|-4200.00|432849.00|
PAY|posNum:90000002|20241214|0||0.00|0.00|0.00|0.00|0.00|0.00||0.00|0.00|0.00|16818043.00|0.00|0.00|0.00|0.00|0.00||0.00|0.00|0.00|0.00||||||Danna Carolina|Bueno|90000002|||0.00|0.00|0.00|1433723.00|0.00|0.00|0.00|0.00|0.00|0.00|15377819.00|-11600.00|15366219.00|
PAY|posNum:90000002|20241214|0||0.00|0.00|0.00|0.00|0.00|0.00||0.00|0.00|0.00|33613.00|0.00|0.00|0.00|0.00|0.00||0.00|0.00|0.00|0.00||||||Danna Carolina|Bueno|90000002|||0.00|0.00|0.00|0.00|0.00|0.00|0.00|0.00|0.00|0.00|33613.00|0.00|33613.00|
PAY|posNum:90000002|20241214|0||0.00|0.00|0.00|0.00|0.00|0.00||0.00|0.00|0.00|0.00|0.00|0.00|0.00|0.00|0.00||0.00|0.00|0.00|0.00||||||Danna Carolina|Bueno|90000002|||0.00|0.00|0.00|0.00|0.00|0.00|0.00|0.00|0.00|0.00|165463.00|0.00|165463.00|
PAY|posNum:90000005|20241214|0||0.00|0.00|0.00|0.00|0.00|0.00||0.00|0.00|0.00|0.00|0.00|0.00|0.00|0.00|0.00||0.00|0.00|0.00|0.00||||||dispo|dispo|90000005|||0.00|0.00|0.00|0.00|0.00|0.00|0.00|0.00|0.00|0.00|256575.00|0.00|256575.00|
PAY|posNum:90000004|20241214|0||0.00|0.00|0.00|0.00|0.00|0.00||0.00|0.00|0.00|796864.00|0.00|0.00|0.00|0.00|0.00||0.00|0.00|0.00|0.00||||||Marisol|Suarique|90000004|||0.00|0.00|0.00|63434.00|0.00|0.00|0.00|0.00|0.00|0.00|733430.00|0.00|733430.00|
PAY|posNum:90000005|20241214|0||0.00|0.00|0.00|0.00|0.00|0.00||0.00|0.00|0.00|305652.00|0.00|0.00|0.00|0.00|0.00||0.00|0.00|0.00|0.00||||||dispo|dispo|90000005|||0.00|0.00|0.00|0.00|0.00|0.00|0.00|0.00|0.00|0.00|305652.00|0.00|305652.00|
PAY|posNum:90000005|20241214|0||0.00|0.00|0.00|0.00|0.00|0.00||0.00|0.00|0.00|3339201.00|0.00|0.00|0.00|0.00|0.00||0.00|0.00|0.00|0.00||||||dispo|dispo|90000005|||0.00|0.00|0.00|297821.00|0.00|0.00|0.00|0.00|0.00|0.00|2998816.00|0.00|2998816.00|
PAY|posNum:90000004|20241214|0||0.00|0.00|0.00|0.00|0.00|0.00||0.00|0.00|0.00|0.00|0.00|0.00|0.00|0.00|0.00||0.00|0.00|0.00|0.00||||||Marisol|Suarique|90000004|||0.00|0.00|0.00|0.00|0.00|0.00|0.00|0.00|0.00|0.00|24444.00|0.00|24444.00|
