EMPID|CTG|Andres Cartagena|20241129|20241129|20241231|122229|2.00|2.00|Simphony|19.7.2
EMP|1 Restaurante|1|1-Restaurante|22|Marilin Paola|Zabaleta Cuellar|606630003|26|75|0|0|9209235.00|870565.00|0.00|0|0.00|0|-50353.00|4.00|281500.00|7|0.00|0|0.00|1|11829569.00|35|10426831.00|26|0.00|0|0.00|0|0.00|761827.00|0.00|0|9209235.00|0.00|0.00|9209235.00
EMP|1 Restaurante|1|1-Restaurante|22|Gleiner|Montiel Rocha|606630008|7|15|0|0|255377.00|25537.00|0.00|0|0.00|0|0.00|5.00|86600.00|1|0.00|0|25475.00|1|329442.00|8|329442.00|8|0.00|0|0.00|0|0.00|25537.00|0.00|0|255377.00|0.00|0.00|255377.00
EMP|3 Eventos|3|3-Eventos|23|Yasser Enrique|Ortiz Pacheco|606680002|1|1|0|0|11302205.00|1130202.00|0.00|0|0.00|0|0.00|0.00|0.00|0|0.00|0|0.00|7|14579702.00|1|14579702.00|1|0.00|0|0.00|0|0.00|1130202.00|0.00|0|11302205.00|0.00|0.00|11302205.00
EMP|1 Restaurante|1|1-Restaurante|22|Yasser Enrique|Ortiz Pacheco|606680002|0|0|0|0|0.00|0.00|0.00|0|0.00|0|0.00|0.00|0.00|0|0.00|0|0.00|0|0.00|1|0.00|1|0.00|0|0.00|0|0.00|0.00|0.00|0|0.00|0.00|0.00|0.00
EMP|1 Restaurante|1|1-Restaurante|22|Juliander Alexander |Lara Muñoz|606630012|3|6|0|0|106891.00|10690.00|0.00|0|0.00|0|0.00|3.00|1416000.00|1|0.00|0|0.00|0|137893.00|3|137893.00|3|0.00|0|0.00|0|0.00|10690.00|0.00|0|106891.00|0.00|0.00|106891.00
EMP|1 Restaurante|1|1-Restaurante|22|María Isabel|Chica Medina|606630018|2|4|0|0|71766.00|7177.00|0.00|0|0.00|0|0.00|-1.00|0.00|0|0.00|0|0.00|0|92576.00|2|92576.00|2|0.00|0|0.00|0|0.00|7177.00|0.00|0|71766.00|0.00|0.00|71766.00
EMP|20-Domicilios|20|20-Domicilios|29|Domicilios|Rappi|606630025|1|0|0|0|82731.00|0.00|0.00|0|0.00|0|0.00|0.00|0.00|0|0.00|0|0.00|0|98450.00|1|98450.00|1|0.00|0|0.00|0|0.00|0.00|0.00|0|82731.00|0.00|0.00|82731.00
EMP|3 Eventos|3|3-Eventos|23|Viviana|Maldonado|606630033|0|0|0|0|0.00|0.00|0.00|0|0.00|0|0.00|0.00|0.00|0|0.00|0|0.00|1|0.00|0|0.00|0|0.00|0|0.00|0|0.00|0.00|0.00|0|0.00|0.00|0.00|0.00
EMP|1 Restaurante|1|1-Restaurante|22|Moises|Cotes|606630037|45|109|0|0|11446123.00|1100033.00|-337302.00|9|0.00|0|-102834.00|-5.00|1279300.00|22|0.00|0|0.00|1|14720928.00|58|17688901.00|53|0.00|0|0.00|0|0.00|1330106.00|0.00|0|11446123.00|0.00|0.00|11446123.00
EMP|3 Eventos|3|3-Eventos|23|Karem|Lopez|606630046|0|0|0|0|0.00|0.00|0.00|0|0.00|0|0.00|0.00|0.00|0|0.00|0|0.00|1|0.00|0|0.00|0|0.00|0|0.00|0|0.00|0.00|0.00|0|0.00|0.00|0.00|0.00
EMP|1 Restaurante|1|1-Restaurante|22|Karem|Lopez|606630046|1|1|0|0|17983.00|1798.00|0.00|0|0.00|0|0.00|2.00|0.00|0|0.00|0|0.00|0|23200.00|1|23200.00|1|0.00|0|0.00|0|0.00|1798.00|0.00|0|17983.00|0.00|0.00|17983.00
EMP|1 Restaurante|1|1-Restaurante|22|Pedro|Carrero|606630050|4|6|0|0|123949.00|12395.00|-60454.00|2|0.00|0|-11576.00|0.00|65400.00|1|0.00|0|0.00|0|162095.00|4|162095.00|4|0.00|0|0.00|0|0.00|12395.00|0.00|0|135294.00|-11345.00|-11345.00|123949.00
EMP|1 Restaurante|1|1-Restaurante|22|Evelyn|Genes|606630056|1|2|0|0|978319.00|97831.00|0.00|0|0.00|0|0.00|0.00|147400.00|1|0.00|0|0.00|1|1262031.00|1|0.00|0|0.00|0|0.00|0|0.00|0.00|0.00|0|978319.00|0.00|0.00|978319.00
EMP|1 Restaurante|1|1-Restaurante|22|Jhonatan|Gutierrez|606630059|22|51|0|0|6007057.00|600702.00|0.00|0|0.00|0|0.00|-7.00|484900.00|11|0.00|0|0.00|0|7749095.00|26|7749095.00|20|0.00|0|0.00|0|0.00|600702.00|0.00|0|6007057.00|0.00|0.00|6007057.00
EMP|1 Restaurante|1|1-Restaurante|22|Winder|Castaño|606630063|23|54|0|0|24725325.00|2472493.00|-96134.00|7|0.00|0|-16606.00|1.00|4768400.00|26|0.00|0|209218.00|4|31895394.00|34|3520722.00|22|0.00|0|0.00|0|0.00|272921.00|0.00|0|24725325.00|0.00|0.00|24725325.00
EMP|3 Eventos|3|3-Eventos|23|Santiago|Narvaez|606640008|0|0|0|0|0.00|0.00|0.00|0|0.00|0|0.00|0.00|0.00|0|0.00|0|0.00|5|0.00|0|0.00|0|0.00|0|0.00|0|0.00|0.00|0.00|0|0.00|0.00|0.00|0.00
EMP|1 Restaurante|1|1-Restaurante|22|Santiago|Narvaez|606640008|0|0|0|0|0.00|0.00|0.00|0|0.00|0|0.00|0.00|0.00|0|0.00|0|0.00|1|0.00|1|0.00|1|0.00|0|0.00|0|0.00|0.00|0.00|0|0.00|0.00|0.00|0.00
EMP|1 Restaurante|1|1-Restaurante|22|Esther|Gonzalez|606630064|25|55|0|0|11487557.00|1148749.00|0.00|0|0.00|0|-1.00|3.00|392600.00|5|0.00|0|0.00|0|14818952.00|31|3457745.00|16|0.00|0|0.00|0|0.00|268042.00|0.00|0|11487557.00|0.00|0.00|11487557.00
EMP|1 Restaurante|1|1-Restaurante|22|Alvaro|Viloria|606630065|5|7|0|0|4105152.00|398014.00|0.00|0|0.00|0|-1.00|4.00|97426.00|3|0.00|0|0.00|0|5283128.00|8|5777013.00|6|0.00|0|0.00|0|0.00|436299.00|0.00|0|4105152.00|0.00|0.00|4105152.00
EMP|1 Restaurante|1|1-Restaurante|22|Brenda|Castillo|606630072|55|214|0|0|8509282.00|782700.00|-343860.00|5|0.00|0|-59404.00|0.00|1191076.00|10|0.00|0|0.00|1|10908660.00|56|10908660.00|2|0.00|0|0.00|0|0.00|782700.00|0.00|0|8509282.00|0.00|0.00|8509282.00
EMP|3 Eventos|3|3-Eventos|23|Camilo|Tangarife|606670018|0|0|0|0|0.00|0.00|0.00|0|0.00|0|0.00|0.00|0.00|0|0.00|0|0.00|1|0.00|0|0.00|0|0.00|0|0.00|0|0.00|0.00|0.00|0|0.00|0.00|0.00|0.00
EMP|1 Restaurante|1|1-Restaurante|22|Camilo|Tangarife|606670018|4|41|0|0|15804780.00|1525426.00|0.00|0|0.00|0|-1.00|0.00|417700.00|9|0.00|0|0.00|1|20333102.00|12|59271892.00|2|0.00|0|0.00|0|0.00|4543916.00|0.00|0|15804780.00|0.00|0.00|15804780.00
EMP|1 Restaurante|1|1-Restaurante|22|Valentina|Rodriguez|606630077|0|0|0|0|0.00|0.00|0.00|0|0.00|0|0.00|0.00|0.00|0|0.00|0|12792.00|2|0.00|0|0.00|0|0.00|0|0.00|0|0.00|0.00|0.00|0|0.00|0.00|0.00|0.00
EMP|2 Almacen|2|2-Almacen|2|Alba|Quintero|606630079|2|2|0|0|214622.00|0.00|0.00|0|0.00|0|0.00|0.00|0.00|0|0.00|0|239400.00|1|255400.00|2|255400.00|2|0.00|0|0.00|0|0.00|0.00|0.00|0|214622.00|0.00|0.00|214622.00
EMP|1 Restaurante|1|1-Restaurante|22|Hector|Diaz|606680011|12|0|0|0|756300.00|0.00|0.00|0|0.00|0|0.00|0.00|0.00|0|0.00|0|60000.00|1|900000.00|12|900000.00|12|0.00|0|0.00|0|0.00|0.00|0.00|0|756300.00|0.00|0.00|756300.00
EMP|1 Restaurante|1|1-Restaurante|22|Karem |Lopez |606650010|2|2|0|0|59075.00|5907.00|0.00|0|0.00|0|0.00|2.00|0.00|0|0.00|0|0.00|0|76209.00|2|76209.00|2|0.00|0|0.00|0|0.00|5907.00|0.00|0|59075.00|0.00|0.00|59075.00
EMP|1 Restaurante|1|1-Restaurante|22|Jose|Cerchar Colon|302270005|35|0|0|0|2319320.00|0.00|0.00|0|0.00|0|0.00|0.00|1380000.00|3|0.00|0|210000.00|9|2760000.00|35|2760000.00|35|0.00|0|0.00|0|0.00|0.00|0.00|0|2319320.00|0.00|0.00|2319320.00
EMP|1 Restaurante|1|1-Restaurante|22|Leonardo de Jesus|Avila Perez|112|4|6|0|0|48656.00|4867.00|0.00|0|0.00|0|0.00|-5.00|0.00|0|0.00|0|0.00|0|62762.00|4|62762.00|4|0.00|0|0.00|0|0.00|4867.00|0.00|0|48656.00|0.00|0.00|48656.00
EMPSHFT|1 Restaurante|1|1-Restaurante|22|Leonardo de Jesus|Avila Perez|112|1| |0| |0|CAJA 1|6|0|48656.00|0.00|0.00|4867.00|4|6|0.00|0|0.00|0|0.00|0|0.00|0|0.00|0|0|0|4867.00|0|4867.00|4|0.00|0|0.00|0.00|0.00|0.00|0.00|0.00|9244.00|0.00|62767.00|62767.00|4|62767.00|4|0.00|0|0.00|0|0.00|0.00|0|0.00
EMPSHFT|1 Restaurante|1|1-Restaurante|22|Leonardo de Jesus|Avila Perez|112|1| |0| |0|CAJA 2|7|0|0.00|0.00|0.00|0.00|0|0|0.00|0|0.00|0|0.00|0|0.00|0|0.00|0|0|0|0.00|0|0.00|0|0.00|0|53518.00|0.00|0.00|0.00|0.00|0.00|0.00|0.00|0.00|-5.00|0|-5.00|0|0.00|0|0.00|0|-5.00|0.00|0|0.00
EMPSHFT|1 Restaurante|1|1-Restaurante|22|Jose|Cerchar Colon|302270005|1| |0| |0|PUERTO|9|0|2319320.00|0.00|0.00|0.00|35|0|0.00|0|0.00|0|0.00|0|1380000.00|3|0.00|0|0|0|0.00|0|0.00|0|0.00|0|2319320.00|0.00|0.00|0.00|0.00|0.00|440680.00|0.00|2760000.00|2760000.00|35|2760000.00|35|0.00|0|0.00|0|0.00|0.00|0|0.00
EMPSHFT|1 Restaurante|1|1-Restaurante|22|Marilin Paola|Zabaleta Cuellar|606630003|1| |0| |0|MARILYN|5|0|7778562.00|0.00|0.00|777852.00|19|49|0.00|0|0.00|0|0.00|0|281500.00|7|0.00|0|0|0|543300.00|0|543300.00|17|0.00|0|0.00|0.00|0.00|0.00|0.00|0.00|1477938.00|0.00|10034352.00|10034352.00|28|7008600.00|17|0.00|0|0.00|0|0.00|0.00|0|0.00
EMPSHFT|1 Restaurante|1|1-Restaurante|22|Marilin Paola|Zabaleta Cuellar|606630003|1| |0| |0|COCINA LADO|10|0|1416807.00|0.00|0.00|141679.00|7|26|0.00|0|0.00|0|0.00|0|0.00|0|0.00|0|0|0|218527.00|0|218527.00|7|0.00|0|0.00|0.00|0.00|0.00|0.00|0.00|269193.00|0.00|1827679.00|1827679.00|7|2819027.00|7|0.00|0|0.00|0|0.00|0.00|0|0.00
EMPSHFT|1 Restaurante|1|1-Restaurante|22|Marilin Paola|Zabaleta Cuellar|606630003|1| |0| |0|CAJA 2|7|0|0.00|0.00|0.00|-50353.00|0|0|0.00|0|0.00|0|0.00|0|0.00|0|0.00|0|0|0|0.00|0|0.00|0|0.00|0|8901041.00|0.00|0.00|0.00|0.00|0.00|0.00|-50353.00|0.00|-50349.00|0|599204.00|2|0.00|0|0.00|0|4.00|0.00|0|0.00
EMPSHFT|1 Restaurante|1|1-Restaurante|22|Marilin Paola|Zabaleta Cuellar|606630003|1| |0| |0|CAJA 1|6|0|13866.00|0.00|0.00|1387.00|0|0|0.00|0|0.00|0|0.00|0|0.00|0|0.00|0|0|0|0.00|0|0.00|0|0.00|0|0.00|0.00|0.00|0.00|0.00|0.00|2634.00|0.00|17887.00|17887.00|0|0.00|0|0.00|0|0.00|0|0.00|0.00|0|0.00
EMPSHFT|1 Restaurante|1|1-Restaurante|22|Gleiner|Montiel Rocha|606630008|1| |0| |0|CAJA 2|7|0|0.00|0.00|0.00|0.00|0|0|0.00|0|0.00|0|0.00|0|0.00|0|0.00|0|0|0|0.00|0|0.00|0|0.00|0|284995.00|0.00|0.00|0.00|0.00|0.00|0.00|0.00|0.00|5.00|0|5.00|1|0.00|0|0.00|0|5.00|0.00|0|0.00
EMPSHFT|1 Restaurante|1|1-Restaurante|22|Gleiner|Montiel Rocha|606630008|1| |0| |0|COCINA LADO|10|0|40756.00|0.00|0.00|4076.00|1|2|0.00|0|0.00|0|0.00|0|0.00|0|0.00|0|0|0|0.00|0|0.00|0|0.00|0|0.00|0.00|0.00|0.00|0.00|0.00|7744.00|0.00|52576.00|52576.00|1|0.00|0|0.00|0|0.00|0|0.00|0.00|0|0.00
EMPSHFT|1 Restaurante|1|1-Restaurante|22|Gleiner|Montiel Rocha|606630008|1| |0| |0|ALMACEN|2|0|214621.00|0.00|0.00|21461.00|6|13|0.00|0|0.00|0|0.00|0|86600.00|1|0.00|0|0|0|25537.00|0|25537.00|7|0.00|0|0.00|0.00|0.00|0.00|0.00|0.00|40779.00|0.00|276861.00|276861.00|7|329437.00|7|0.00|0|0.00|0|0.00|0.00|0|0.00
EMPSHFT|1 Restaurante|1|1-Restaurante|22|Juliander Alexander |Lara Muñoz|606630012|1| |0| |0|ALMACEN|2|0|106891.00|0.00|0.00|10690.00|3|6|0.00|0|0.00|0|0.00|0|1416000.00|1|0.00|0|0|0|8883.00|0|8883.00|2|0.00|0|0.00|0.00|0.00|0.00|0.00|0.00|20309.00|0.00|137890.00|137890.00|3|114583.00|2|0.00|0|0.00|0|0.00|0.00|0|0.00
EMPSHFT|1 Restaurante|1|1-Restaurante|22|Juliander Alexander |Lara Muñoz|606630012|1| |0| |0|CAJA 1|6|0|0.00|0.00|0.00|0.00|0|0|0.00|0|0.00|0|0.00|0|0.00|0|0.00|0|0|0|1807.00|0|1807.00|1|0.00|0|0.00|0.00|0.00|0.00|0.00|0.00|0.00|0.00|0.00|0.00|0|23307.00|1|0.00|0|0.00|0|0.00|0.00|0|0.00
EMPSHFT|1 Restaurante|1|1-Restaurante|22|Juliander Alexander |Lara Muñoz|606630012|1| |0| |0|CAJA 2|7|0|0.00|0.00|0.00|0.00|0|0|0.00|0|0.00|0|0.00|0|0.00|0|0.00|0|0|0|0.00|0|0.00|0|0.00|0|117584.00|0.00|0.00|0.00|0.00|0.00|0.00|0.00|0.00|3.00|0|3.00|0|0.00|0|0.00|0|3.00|0.00|0|0.00
EMPSHFT|1 Restaurante|1|1-Restaurante|22|María Isabel|Chica Medina|606630018|1| |0| |0|COCINA LADO|10|0|71766.00|0.00|0.00|7177.00|2|4|0.00|0|0.00|0|0.00|0|0.00|0|0.00|0|0|0|7177.00|0|7177.00|2|0.00|0|0.00|0.00|0.00|0.00|0.00|0.00|13634.00|0.00|92577.00|92577.00|2|92577.00|2|0.00|0|0.00|0|0.00|0.00|0|0.00
EMPSHFT|1 Restaurante|1|1-Restaurante|22|María Isabel|Chica Medina|606630018|1| |0| |0|CAJA 2|7|0|0.00|0.00|0.00|0.00|0|0|0.00|0|0.00|0|0.00|0|0.00|0|0.00|0|0|0|0.00|0|0.00|0|0.00|0|78942.00|0.00|0.00|0.00|0.00|0.00|0.00|0.00|0.00|-1.00|0|-1.00|0|0.00|0|0.00|0|-1.00|0.00|0|0.00
EMPSHFT|20-Domicilios|20|20-Domicilios|29|Domicilios|Rappi|606630025|1| |0| |0|MARILYN|5|0|82731.00|0.00|0.00|0.00|1|0|0.00|0|0.00|0|0.00|0|0.00|0|0.00|0|0|0|0.00|0|0.00|0|0.00|0|0.00|0.00|0.00|0.00|0.00|0.00|15719.00|0.00|98450.00|98450.00|1|0.00|0|0.00|0|0.00|0|0.00|0.00|0|0.00
EMPSHFT|20-Domicilios|20|20-Domicilios|29|Domicilios|Rappi|606630025|1| |0| |0|CAJA 2|7|0|0.00|0.00|0.00|0.00|0|0|0.00|0|0.00|0|0.00|0|0.00|0|0.00|0|0|0|0.00|0|0.00|0|0.00|0|0.00|0.00|0.00|0.00|0.00|0.00|0.00|0.00|0.00|0.00|0|98450.00|1|0.00|0|0.00|0|0.00|0.00|0|0.00
EMPSHFT|1 Restaurante|1|1-Restaurante|22|Moises|Cotes|606630037|1| |0| |0|CAJA 1|6|0|322941.00|0.00|0.00|32295.00|1|2|0.00|0|0.00|0|0.00|0|0.00|0|0.00|0|0|0|44437.00|0|44437.00|2|0.00|0|0.00|0.00|0.00|0.00|0.00|0.00|61359.00|0.00|416595.00|416595.00|1|573237.00|2|0.00|0|0.00|0|0.00|0.00|0|0.00
EMPSHFT|1 Restaurante|1|1-Restaurante|22|Moises|Cotes|606630037|1| |0| |0|CAJA 2|7|0|0.00|0.00|0.00|-44571.00|0|0|0.00|0|0.00|0|0.00|0|0.00|0|0.00|0|0|0|0.00|0|0.00|0|0.00|0|15105393.00|0.00|0.00|0.00|0.00|0.00|0.00|-44571.00|0.00|-44576.00|0|530395.00|7|0.00|0|0.00|0|-5.00|0.00|0|0.00
EMPSHFT|1 Restaurante|1|1-Restaurante|22|Moises|Cotes|606630037|1| |0| |0|MARILYN|5|0|416972.00|0.00|0.00|41697.00|2|5|0.00|0|-244588.00|3|0.00|0|1027400.00|2|0.00|0|0|0|81739.00|0|81739.00|2|0.00|0|0.00|0.00|0.00|0.00|0.00|0.00|79228.00|-42247.00|824732.00|537897.00|3|1054439.00|2|0.00|0|0.00|0|0.00|0.00|0|0.00
EMPSHFT|1 Restaurante|1|1-Restaurante|22|Moises|Cotes|606630037|1| |0| |0|ALMACEN|2|0|558318.00|0.00|0.00|55832.00|8|10|0.00|0|0.00|0|0.00|0|89300.00|2|0.00|0|0|0|44319.00|0|44319.00|7|0.00|0|0.00|0.00|0.00|0.00|0.00|0.00|106082.00|0.00|720232.00|720232.00|8|571719.00|7|0.00|0|0.00|0|0.00|0.00|0|0.00
EMPSHFT|1 Restaurante|1|1-Restaurante|22|Moises|Cotes|606630037|1| |0| |0|CABINA DJ|4|0|3764368.00|0.00|0.00|376435.00|9|35|0.00|0|0.00|0|0.00|0|106400.00|11|0.00|0|0|0|247888.00|0|247888.00|9|0.00|0|0.00|0.00|0.00|0.00|0.00|0.00|715232.00|0.00|4856035.00|4856035.00|15|3197788.00|9|0.00|0|0.00|0|0.00|0.00|0|0.00
EMPSHFT|1 Restaurante|1|1-Restaurante|22|Moises|Cotes|606630037|1| |0| |0|COCINA LADO|10|0|6383524.00|0.00|0.00|638345.00|25|57|0.00|0|-92714.00|6|0.00|0|56200.00|7|0.00|0|0|0|911723.00|0|911723.00|26|0.00|0|0.00|0.00|0.00|0.00|0.00|0.00|1212876.00|-16016.00|8343475.00|8234745.00|31|11761323.00|26|0.00|0|0.00|0|0.00|0.00|0|0.00
EMPSHFT|1 Restaurante|1|1-Restaurante|22|Karem|Lopez|606630046|1| |0| |0|CAJA 2|7|0|0.00|0.00|0.00|0.00|0|0|0.00|0|0.00|0|0.00|0|0.00|0|0.00|0|0|0|0.00|0|0.00|0|0.00|0|19783.00|0.00|0.00|0.00|0.00|0.00|0.00|0.00|0.00|2.00|0|2.00|0|0.00|0|0.00|0|2.00|0.00|0|0.00
EMPSHFT|1 Restaurante|1|1-Restaurante|22|Karem|Lopez|606630046|1| |0| |0|COCINA LADO|10|0|17983.00|0.00|0.00|1798.00|1|1|0.00|0|0.00|0|0.00|0|0.00|0|0.00|0|0|0|1798.00|0|1798.00|1|0.00|0|0.00|0.00|0.00|0.00|0.00|0.00|3417.00|0.00|23198.00|23198.00|1|23198.00|1|0.00|0|0.00|0|0.00|0.00|0|0.00
EMPSHFT|1 Restaurante|1|1-Restaurante|22|Pedro|Carrero|606630050|1| |0| |0|ALMACEN|2|0|178907.00|0.00|0.00|17891.00|3|6|0.00|0|0.00|0|0.00|0|65400.00|1|0.00|0|0|0|12395.00|0|12395.00|2|0.00|0|0.00|0.00|0.00|0.00|0.00|0.00|33993.00|0.00|230791.00|230791.00|3|159895.00|2|0.00|0|0.00|0|0.00|0.00|0|0.00
EMPSHFT|1 Restaurante|1|1-Restaurante|22|Pedro|Carrero|606630050|1| |0| |0|CAJA 2|7|0|-11345.00|-11345.00|0.00|-1134.00|0|0|0.00|0|0.00|0|0.00|0|0.00|0|0.00|0|0|0|0.00|0|0.00|0|0.00|0|136344.00|0.00|0.00|0.00|0.00|0.00|0.00|-1134.00|0.00|-12434.00|0|2200.00|2|0.00|0|0.00|0|0.00|0.00|0|0.00
EMPSHFT|1 Restaurante|1|1-Restaurante|22|Pedro|Carrero|606630050|1| |0| |0|COCINA LADO|10|0|-52689.00|0.00|0.00|-5269.00|1|0|0.00|0|-60454.00|2|0.00|0|0.00|0|0.00|0|0|0|0.00|0|0.00|0|0.00|0|0.00|0.00|0.00|0.00|0.00|0.00|-10011.00|-10442.00|2927.00|-67969.00|1|0.00|0|0.00|0|0.00|0|0.00|0.00|0|0.00
EMPSHFT|1 Restaurante|1|1-Restaurante|22|Pedro|Carrero|606630050|1| |0| |0|MARILYN|5|0|4538.00|0.00|0.00|453.00|0|0|0.00|0|0.00|0|0.00|0|0.00|0|0.00|0|0|0|0.00|0|0.00|0|0.00|0|0.00|0.00|0.00|0.00|0.00|0.00|862.00|0.00|5853.00|5853.00|0|0.00|0|0.00|0|0.00|0|0.00|0.00|0|0.00
EMPSHFT|1 Restaurante|1|1-Restaurante|22|Pedro|Carrero|606630050|1| |0| |0|CABINA DJ|4|0|4538.00|0.00|0.00|454.00|0|0|0.00|0|0.00|0|0.00|0|0.00|0|0.00|0|0|0|0.00|0|0.00|0|0.00|0|0.00|0.00|0.00|0.00|0.00|0.00|862.00|0.00|5854.00|5854.00|0|0.00|0|0.00|0|0.00|0|0.00|0.00|0|0.00
EMPSHFT|1 Restaurante|1|1-Restaurante|22|Evelyn|Genes|606630056|1| |0| |0|MARILYN|5|0|978319.00|0.00|0.00|97831.00|1|2|0.00|0|0.00|0|0.00|0|147400.00|1|0.00|0|0|0|0.00|0|0.00|0|0.00|0|0.00|0.00|0.00|0.00|0.00|0.00|185881.00|0.00|1262031.00|1262031.00|1|0.00|0|0.00|0|0.00|0|0.00|0.00|0|0.00
EMPSHFT|1 Restaurante|1|1-Restaurante|22|Jhonatan|Gutierrez|606630059|1| |0| |0|CABINA DJ|4|0|9916.00|0.00|0.00|992.00|1|2|0.00|0|0.00|0|0.00|0|0.00|0|0.00|0|0|0|992.00|0|992.00|1|0.00|0|0.00|0.00|0.00|0.00|0.00|0.00|1884.00|0.00|12792.00|12792.00|1|12792.00|1|0.00|0|0.00|0|0.00|0.00|0|0.00
EMPSHFT|1 Restaurante|1|1-Restaurante|22|Jhonatan|Gutierrez|606630059|1| |0| |0|CAJA 2|7|0|0.00|0.00|0.00|0.00|0|0|0.00|0|0.00|0|0.00|0|0.00|0|0.00|0|0|0|0.00|0|0.00|0|0.00|0|6607752.00|0.00|0.00|0.00|0.00|0.00|0.00|0.00|0.00|-7.00|0|-7.00|0|0.00|0|0.00|0|-7.00|0.00|0|0.00
EMPSHFT|1 Restaurante|1|1-Restaurante|22|Jhonatan|Gutierrez|606630059|1| |0| |0|COCINA LADO|10|0|451849.00|0.00|0.00|45184.00|2|6|0.00|0|0.00|0|0.00|0|86600.00|1|0.00|0|0|0|59579.00|0|59579.00|1|0.00|0|0.00|0.00|0.00|0.00|0.00|0.00|85851.00|0.00|582884.00|582884.00|4|768579.00|1|0.00|0|0.00|0|0.00|0.00|0|0.00
EMPSHFT|1 Restaurante|1|1-Restaurante|22|Jhonatan|Gutierrez|606630059|1| |0| |0|CAJA 1|6|0|215042.00|0.00|0.00|21504.00|2|5|0.00|0|0.00|0|0.00|0|17500.00|1|0.00|0|0|0|0.00|0|0.00|0|0.00|0|0.00|0.00|0.00|0.00|0.00|0.00|40858.00|0.00|277404.00|277404.00|2|0.00|0|0.00|0|0.00|0|0.00|0.00|0|0.00
EMPSHFT|1 Restaurante|1|1-Restaurante|22|Jhonatan|Gutierrez|606630059|1| |0| |0|TERRAZA|8|0|5116720.00|0.00|0.00|511668.00|12|36|0.00|0|0.00|0|0.00|0|380800.00|9|0.00|0|0|0|212998.00|0|212998.00|6|0.00|0|0.00|0.00|0.00|0.00|0.00|0.00|972180.00|0.00|6600568.00|6600568.00|14|2747698.00|6|0.00|0|0.00|0|0.00|0.00|0|0.00
EMPSHFT|1 Restaurante|1|1-Restaurante|22|Jhonatan|Gutierrez|606630059|1| |0| |0|MARILYN|5|0|0.00|0.00|0.00|1.00|4|0|0.00|0|0.00|0|0.00|0|0.00|0|0.00|0|0|0|327133.00|0|327133.00|12|0.00|0|0.00|0.00|0.00|0.00|0.00|0.00|0.00|0.00|1.00|1.00|4|4220033.00|12|0.00|0|0.00|0|0.00|0.00|0|0.00
EMPSHFT|1 Restaurante|1|1-Restaurante|22|Jhonatan|Gutierrez|606630059|1| |0| |0|ALMACEN|2|0|213530.00|0.00|0.00|21353.00|1|2|0.00|0|0.00|0|0.00|0|0.00|0|0.00|0|0|0|0.00|0|0.00|0|0.00|0|0.00|0.00|0.00|0.00|0.00|0.00|40570.00|0.00|275453.00|275453.00|1|0.00|0|0.00|0|0.00|0|0.00|0.00|0|0.00
EMPSHFT|1 Restaurante|1|1-Restaurante|22|Winder|Castaño|606630063|1| |0| |0|CAJA 2|7|0|0.00|0.00|0.00|0.00|0|0|0.00|0|0.00|0|0.00|0|0.00|0|0.00|0|0|0|0.00|0|0.00|0|0.00|0|3002163.00|0.00|0.00|0.00|0.00|0.00|0.00|0.00|0.00|1.00|0|1.00|1|0.00|0|0.00|0|1.00|0.00|0|0.00
EMPSHFT|1 Restaurante|1|1-Restaurante|22|Winder|Castaño|606630063|1| |0| |0|CAJA 1|6|0|933614.00|0.00|0.00|93360.00|0|0|0.00|0|0.00|0|0.00|0|0.00|0|0.00|0|0|0|9176.00|0|9176.00|1|0.00|0|0.00|0.00|0.00|0.00|0.00|0.00|177386.00|-1.00|1204361.00|1204360.00|0|118376.00|1|0.00|0|0.00|0|0.00|0.00|0|0.00
EMPSHFT|1 Restaurante|1|1-Restaurante|22|Winder|Castaño|606630063|1| |0| |0|CABINA DJ|4|0|97900.00|0.00|0.00|9789.00|3|6|0.00|0|0.00|0|0.00|0|0.00|0|0.00|0|0|0|61428.00|0|61428.00|4|0.00|0|0.00|0.00|0.00|0.00|0.00|0.00|18600.00|0.00|126289.00|126289.00|3|792428.00|4|0.00|0|0.00|0|0.00|0.00|0|0.00
EMPSHFT|1 Restaurante|1|1-Restaurante|22|Winder|Castaño|606630063|1| |0| |0|MARILYN|5|0|3159507.00|0.00|0.00|315939.00|0|-1|0.00|0|-96134.00|7|0.00|0|0.00|0|0.00|0|0|0|0.00|0|0.00|0|0.00|0|0.00|0.00|0.00|0.00|0.00|0.00|600193.00|-16605.00|4188378.00|4075639.00|0|0.00|0|0.00|0|0.00|0|0.00|0.00|0|0.00
EMPSHFT|1 Restaurante|1|1-Restaurante|22|Winder|Castaño|606630063|1| |0| |0|BAR_LADO|3|0|102353.00|0.00|0.00|10235.00|1|2|0.00|0|0.00|0|0.00|0|0.00|0|0.00|0|0|0|0.00|0|0.00|0|0.00|0|0.00|0.00|0.00|0.00|0.00|0.00|19447.00|0.00|132035.00|132035.00|1|0.00|0|0.00|0|0.00|0|0.00|0.00|0|0.00
EMPSHFT|1 Restaurante|1|1-Restaurante|22|Winder|Castaño|606630063|1| |0| |0|COCINA LADO|10|0|208571.00|0.00|0.00|20858.00|0|0|0.00|0|0.00|0|0.00|0|0.00|0|0.00|0|0|0|1798.00|0|1798.00|1|0.00|0|0.00|0.00|0.00|0.00|0.00|0.00|39629.00|0.00|269058.00|269058.00|0|23198.00|1|0.00|0|0.00|0|0.00|0.00|0|0.00
EMPSHFT|1 Restaurante|1|1-Restaurante|22|Winder|Castaño|606630063|1| |0| |0|ALMACEN|2|0|20223380.00|0.00|0.00|2022312.00|19|47|0.00|0|0.00|0|0.00|0|4768400.00|26|0.00|0|0|0|200519.00|0|200519.00|15|0.00|0|0.00|0.00|0.00|0.00|0.00|0.00|3842320.00|0.00|26088012.00|26088012.00|30|2586719.00|15|0.00|0|0.00|0|0.00|0.00|0|0.00
EMPSHFT|1 Restaurante|1|1-Restaurante|22|Esther|Gonzalez|606630064|1| |0| |0|CAJA 2|7|0|0.00|0.00|0.00|0.00|0|0|0.00|0|0.00|0|0.00|0|0.00|0|0.00|0|0|0|0.00|0|0.00|0|0.00|0|2955659.00|0.00|0.00|0.00|0.00|0.00|0.00|0.00|0.00|3.00|0|3.00|0|0.00|0|0.00|0|3.00|0.00|0|0.00
EMPSHFT|1 Restaurante|1|1-Restaurante|22|Esther|Gonzalez|606630064|1| |0| |0|CAJA 1|6|0|5779413.00|0.00|0.00|577937.00|18|41|0.00|0|0.00|0|0.00|0|245200.00|3|0.00|0|0|0|168454.00|0|168454.00|8|0.00|0|0.00|0.00|0.00|0.00|0.00|0.00|1098087.00|-1.00|7455438.00|7455437.00|20|2173054.00|8|0.00|0|0.00|0|0.00|0.00|0|0.00
EMPSHFT|1 Restaurante|1|1-Restaurante|22|Esther|Gonzalez|606630064|1| |0| |0|COCINA LADO|10|0|9916.00|0.00|0.00|992.00|0|0|0.00|0|0.00|0|0.00|0|0.00|0|0.00|0|0|0|1807.00|0|1807.00|1|0.00|0|0.00|0.00|0.00|0.00|0.00|0.00|1884.00|0.00|12792.00|12792.00|0|23307.00|1|0.00|0|0.00|0|0.00|0.00|0|0.00
EMPSHFT|1 Restaurante|1|1-Restaurante|22|Esther|Gonzalez|606630064|1| |0| |0|CABINA DJ|4|0|5698228.00|0.00|0.00|569820.00|7|14|0.00|0|0.00|0|0.00|0|147400.00|2|0.00|0|0|0|65840.00|0|65840.00|6|0.00|0|0.00|0.00|0.00|0.00|0.00|0.00|1082672.00|0.00|7350720.00|7350720.00|11|849340.00|6|0.00|0|0.00|0|0.00|0.00|0|0.00
EMPSHFT|1 Restaurante|1|1-Restaurante|22|Esther|Gonzalez|606630064|1| |0| |0|ALMACEN|2|0|0.00|0.00|0.00|0.00|0|0|0.00|0|0.00|0|0.00|0|0.00|0|0.00|0|0|0|31941.00|0|31941.00|1|0.00|0|0.00|0.00|0.00|0.00|0.00|0.00|0.00|0.00|0.00|0.00|0|412041.00|1|0.00|0|0.00|0|0.00|0.00|0|0.00
EMPSHFT|1 Restaurante|1|1-Restaurante|22|Alvaro|Viloria|606630065|1| |0| |0|CAJA 1|6|0|3208171.00|0.00|0.00|308317.00|4|5|0.00|0|0.00|0|0.00|0|97426.00|3|0.00|0|0|0|0.00|0|0.00|0|0.00|0|0.00|0.00|0.00|0.00|0.00|0.00|609539.00|-1.00|4126028.00|4126027.00|6|0.00|0|0.00|0|0.00|0|0.00|0.00|0|0.00
EMPSHFT|1 Restaurante|1|1-Restaurante|22|Alvaro|Viloria|606630065|1| |0| |0|CABINA DJ|4|0|896981.00|0.00|0.00|89697.00|1|2|0.00|0|0.00|0|0.00|0|0.00|0|0.00|0|0|0|90117.00|0|90117.00|3|0.00|0|0.00|0.00|0.00|0.00|0.00|0.00|170419.00|0.00|1157097.00|1157097.00|2|1162517.00|3|0.00|0|0.00|0|0.00|0.00|0|0.00
EMPSHFT|1 Restaurante|1|1-Restaurante|22|Alvaro|Viloria|606630065|1| |0| |0|CAJA 2|7|0|0.00|0.00|0.00|0.00|0|0|0.00|0|0.00|0|0.00|0|0.00|0|0.00|0|0|0|346182.00|0|346182.00|2|0.00|0|1025278.00|0.00|0.00|0.00|0.00|0.00|0.00|0.00|0.00|4.00|0|4614496.00|3|0.00|0|0.00|0|4.00|0.00|0|0.00
EMPSHFT|1 Restaurante|1|1-Restaurante|22|Alvaro|Viloria|606630065|1| |0| |0|COCINA LADO|10|0|0.00|0.00|0.00|0.00|0|0|0.00|0|0.00|0|0.00|0|0.00|0|0.00|0|0|0|0.00|0|0.00|0|0.00|0|0.00|0.00|0.00|0.00|0.00|0.00|0.00|0.00|0.00|0.00|0|0.00|0|0.00|0|0.00|0|0.00|0.00|0|0.00
EMPSHFT|1 Restaurante|1|1-Restaurante|22|Brenda|Castillo|606630072|1| |0| |0|CABINA DJ|4|0|1740152.00|0.00|0.00|174015.00|1|9|0.00|0|0.00|0|0.00|0|297600.00|2|0.00|0|0|0|0.00|0|0.00|0|0.00|0|0.00|0.00|0.00|0.00|0.00|0.00|330648.00|0.00|2244815.00|2244815.00|1|0.00|0|0.00|0|0.00|0|0.00|0.00|0|0.00
EMPSHFT|1 Restaurante|1|1-Restaurante|22|Brenda|Castillo|606630072|1| |0| |0|CAJA 1|6|0|49580.00|0.00|0.00|4958.00|1|0|0.00|0|0.00|0|0.00|0|0.00|0|0.00|0|0|0|0.00|0|0.00|0|0.00|0|0.00|0.00|0.00|0.00|0.00|0.00|9420.00|0.00|63958.00|63958.00|1|0.00|0|0.00|0|0.00|0|0.00|0.00|0|0.00
EMPSHFT|1 Restaurante|1|1-Restaurante|22|Brenda|Castillo|606630072|1| |0| |0|CAJA 2|7|0|0.00|0.00|0.00|0.00|0|0|0.00|0|0.00|0|0.00|0|0.00|0|0.00|0|0|0|782700.00|0|782700.00|1|0.00|0|0.00|0.00|0.00|0.00|0.00|0.00|0.00|0.00|0.00|0.00|0|10908660.00|2|0.00|0|0.00|0|0.00|0.00|0|0.00
EMPSHFT|1 Restaurante|1|1-Restaurante|22|Brenda|Castillo|606630072|1| |0| |0|MARILYN|5|0|1005706.00|0.00|0.00|100571.00|0|0|0.00|0|0.00|0|0.00|0|0.00|0|0.00|0|0|0|0.00|0|0.00|0|0.00|0|0.00|0.00|0.00|0.00|0.00|0.00|191094.00|0.00|1297371.00|1297371.00|0|0.00|0|0.00|0|0.00|0|0.00|0.00|0|0.00
EMPSHFT|1 Restaurante|1|1-Restaurante|22|Brenda|Castillo|606630072|1| |0| |0|COCINA LADO|10|0|705176.00|0.00|0.00|2302.00|0|0|0.00|0|0.00|0|0.00|0|190876.00|2|0.00|0|0|0|0.00|0|0.00|0|0.00|0|0.00|0.00|0.00|0.00|0.00|0.00|133984.00|0.00|841462.00|841462.00|0|0.00|0|0.00|0|0.00|0|0.00|0.00|0|0.00
EMPSHFT|1 Restaurante|1|1-Restaurante|22|Brenda|Castillo|606630072|1| |0| |0|ALMACEN|2|0|5008668.00|0.00|0.00|500854.00|53|205|0.00|0|-343860.00|5|0.00|0|702600.00|6|0.00|0|0|0|0.00|0|0.00|0|0.00|0|0.00|0.00|0.00|0.00|0.00|0.00|951532.00|-59404.00|6864318.00|6461054.00|54|0.00|0|0.00|0|0.00|0|0.00|0.00|0|0.00
EMPSHFT|2 Almacen|2|2-Almacen|2|Alba|Quintero|606630079|1| |0| |0|CAJA 1|6|0|201177.00|0.00|0.00|0.00|1|1|0.00|0|0.00|0|0.00|0|0.00|0|0.00|0|0|0|0.00|0|0.00|0|0.00|0|0.00|0.00|0.00|0.00|0.00|0.00|38223.00|0.00|239400.00|239400.00|1|0.00|0|0.00|0|0.00|0|0.00|0.00|0|0.00
EMPSHFT|2 Almacen|2|2-Almacen|2|Alba|Quintero|606630079|1| |0| |0|BAR_LADO|3|0|13445.00|0.00|0.00|0.00|1|1|0.00|0|0.00|0|0.00|0|0.00|0|0.00|0|0|0|0.00|0|0.00|0|0.00|0|0.00|0.00|0.00|0.00|0.00|0.00|2555.00|0.00|16000.00|16000.00|1|255400.00|2|0.00|0|0.00|0|0.00|0.00|0|0.00
EMPSHFT|2 Almacen|2|2-Almacen|2|Alba|Quintero|606630079|1| |0| |0|CAJA 2|7|0|0.00|0.00|0.00|0.00|0|0|0.00|0|0.00|0|0.00|0|0.00|0|0.00|0|0|0|0.00|0|0.00|0|0.00|0|214622.00|0.00|0.00|0.00|0.00|0.00|0.00|0.00|0.00|0.00|0|0.00|0|0.00|0|0.00|0|0.00|0.00|0|0.00
EMPSHFT|1 Restaurante|1|1-Restaurante|22|Santiago|Narvaez|606640008|1| |0| |0|MARILYN|5|0|0.00|0.00|0.00|0.00|0|0|0.00|0|0.00|0|0.00|0|0.00|0|0.00|0|0|0|0.00|0|0.00|0|0.00|0|0.00|0.00|0.00|0.00|0.00|0.00|0.00|0.00|0.00|0.00|1|0.00|0|0.00|0|0.00|0|0.00|0.00|0|0.00
EMPSHFT|1 Restaurante|1|1-Restaurante|22|Santiago|Narvaez|606640008|1| |0| |0|BAR_LADO|3|0|0.00|0.00|0.00|0.00|0|0|0.00|0|0.00|0|0.00|0|0.00|0|0.00|0|0|0|0.00|0|0.00|0|0.00|0|0.00|0.00|0.00|0.00|0.00|0.00|0.00|0.00|0.00|0.00|0|0.00|1|0.00|0|0.00|0|0.00|0.00|0|0.00
EMPSHFT|1 Restaurante|1|1-Restaurante|22|Karem |Lopez |606650010|1| |0| |0|ALMACEN|2|0|59075.00|0.00|0.00|5907.00|2|2|0.00|0|0.00|0|0.00|0|0.00|0|0.00|0|0|0|5907.00|0|5907.00|2|0.00|0|0.00|0.00|0.00|0.00|0.00|0.00|11225.00|0.00|76207.00|76207.00|2|76207.00|2|0.00|0|0.00|0|0.00|0.00|0|0.00
EMPSHFT|1 Restaurante|1|1-Restaurante|22|Karem |Lopez |606650010|1| |0| |0|CAJA 2|7|0|0.00|0.00|0.00|0.00|0|0|0.00|0|0.00|0|0.00|0|0.00|0|0.00|0|0|0|0.00|0|0.00|0|0.00|0|64984.00|0.00|0.00|0.00|0.00|0.00|0.00|0.00|0.00|2.00|0|2.00|0|0.00|0|0.00|0|2.00|0.00|0|0.00
EMPSHFT|1 Restaurante|1|1-Restaurante|22|Camilo|Tangarife|606670018|1| |0| |0|CAJA 2|7|0|0.00|0.00|0.00|0.00|0|0|0.00|0|0.00|0|0.00|0|0.00|0|0.00|0|0|0|4542874.00|0|4542874.00|1|0.00|0|6098591.00|0.00|0.00|0.00|0.00|0.00|0.00|0.00|0.00|0.00|0|59258450.00|1|0.00|0|0.00|0|0.00|0.00|0|0.00
EMPSHFT|1 Restaurante|1|1-Restaurante|22|Camilo|Tangarife|606670018|1| |0| |0|CAJA 1|6|0|1264029.00|0.00|0.00|126405.00|2|2|0.00|0|0.00|0|0.00|0|23600.00|1|0.00|0|0|0|0.00|0|0.00|0|0.00|0|0.00|0.00|0.00|0.00|0.00|0.00|240171.00|-1.00|1630606.00|1630605.00|2|0.00|0|0.00|0|0.00|0|0.00|0.00|0|0.00
EMPSHFT|1 Restaurante|1|1-Restaurante|22|Camilo|Tangarife|606670018|1| |0| |0|CABINA DJ|4|0|11062875.00|0.00|0.00|1106276.00|2|39|0.00|0|0.00|0|0.00|0|382300.00|7|0.00|0|0|0|1042.00|0|1042.00|1|0.00|0|0.00|0.00|0.00|0.00|0.00|0.00|2101925.00|0.00|14271076.00|14271076.00|10|13442.00|1|0.00|0|0.00|0|0.00|0.00|0|0.00
EMPSHFT|1 Restaurante|1|1-Restaurante|22|Camilo|Tangarife|606670018|1| |0| |0|BAR_LADO|3|0|550400.00|0.00|0.00|1.00|0|0|0.00|0|0.00|0|0.00|0|0.00|0|0.00|0|0|0|0.00|0|0.00|0|0.00|0|0.00|0.00|0.00|0.00|0.00|0.00|104576.00|0.00|654977.00|654977.00|0|0.00|0|0.00|0|0.00|0|0.00|0.00|0|0.00
EMPSHFT|1 Restaurante|1|1-Restaurante|22|Camilo|Tangarife|606670018|1| |0| |0|ALMACEN|2|0|2927476.00|0.00|0.00|292744.00|0|0|0.00|0|0.00|0|0.00|0|11800.00|1|0.00|0|0|0|0.00|0|0.00|0|0.00|0|0.00|0.00|0.00|0.00|0.00|0.00|556224.00|0.00|3776444.00|3776444.00|0|0.00|0|0.00|0|0.00|0|0.00|0.00|0|0.00
EMPSHFT|3 Eventos|3|3-Eventos|23|Yasser Enrique|Ortiz Pacheco|606680002|1| |0| |0|CAJA 2|7|0|0.00|0.00|0.00|0.00|0|0|0.00|0|0.00|0|0.00|0|0.00|0|0.00|0|0|0|1130202.00|0|1130202.00|1|0.00|0|0.00|0.00|0.00|0.00|0.00|0.00|0.00|0.00|0.00|0.00|0|14579702.00|1|0.00|0|0.00|0|0.00|0.00|0|0.00
EMPSHFT|1 Restaurante|1|1-Restaurante|22|Yasser Enrique|Ortiz Pacheco|606680002|1| |0| |0|PUERTO|9|0|0.00|0.00|0.00|0.00|0|0|0.00|0|0.00|0|0.00|0|0.00|0|0.00|0|0|0|0.00|0|0.00|0|0.00|0|0.00|0.00|0.00|0.00|0.00|0.00|0.00|0.00|0.00|0.00|0|0.00|1|0.00|0|0.00|0|0.00|0.00|0|0.00
EMPSHFT|1 Restaurante|1|1-Restaurante|22|Yasser Enrique|Ortiz Pacheco|606680002|1| |0| |0|BAR_LADO|3|0|0.00|0.00|0.00|0.00|0|0|0.00|0|0.00|0|0.00|0|0.00|0|0.00|0|0|0|0.00|0|0.00|0|0.00|0|0.00|0.00|0.00|0.00|0.00|0.00|0.00|0.00|0.00|0.00|1|0.00|0|0.00|0|0.00|0|0.00|0.00|0|0.00
EMPSHFT|3 Eventos|3|3-Eventos|23|Yasser Enrique|Ortiz Pacheco|606680002|1| |0| |0|MARILYN|5|0|11302205.00|0.00|0.00|1130202.00|1|1|0.00|0|0.00|0|0.00|0|0.00|0|0.00|0|0|0|0.00|0|0.00|0|0.00|0|0.00|0.00|0.00|0.00|0.00|0.00|2147295.00|0.00|14579702.00|14579702.00|1|0.00|0|0.00|0|0.00|0|0.00|0.00|0|0.00
EMPSHFT|1 Restaurante|1|1-Restaurante|22|Hector|Diaz|606680011|1| |0| |0|BAR_LADO|3|0|756300.00|0.00|0.00|0.00|12|0|0.00|0|0.00|0|0.00|0|0.00|0|0.00|0|0|0|0.00|0|0.00|0|0.00|0|756300.00|0.00|0.00|0.00|0.00|0.00|143700.00|0.00|900000.00|900000.00|12|900000.00|12|0.00|0|0.00|0|0.00|0.00|0|0.00
EMPDSC|1 Restaurante|1|1-Restaurante|22|Pedro|Carrero|606630050|Descuento %|1|Descuento %|1|-11345.00|1|-11345.00
EMPTM|1 Restaurante|1|1-Restaurante|22|Marilin Paola|Zabaleta Cuellar|606630003|Contado|102|Contado|102|Payment|0.00|0
EMPTM|1 Restaurante|1|1-Restaurante|22|Gleiner|Montiel Rocha|606630008|Contado|102|Contado|102|Payment|0.00|0
EMPTM|1 Restaurante|1|1-Restaurante|22|Juliander Alexander |Lara Muñoz|606630012|Contado|102|Contado|102|Payment|0.00|0
EMPTM|1 Restaurante|1|1-Restaurante|22|Rosmar|Arevalo|606680003|Efectivo |101|Efectivo |101|Payment|3672530.00|31
EMPTM|2 Almacen|2|2-Almacen|2|Rosmar|Arevalo|606680003|Efectivo |101|Efectivo |101|Payment|16000.00|1
EMPTM|1 Restaurante|1|1-Restaurante|22|Rosmar|Arevalo|606680003|Contado|102|Contado|102|Payment|0.00|0
EMPTM|1 Restaurante|1|1-Restaurante|22|Rosmar|Arevalo|606680003|American Express|201|American Express|201|Payment|3277734.00|12
EMPTM|1 Restaurante|1|1-Restaurante|22|Rosmar|Arevalo|606680003|Master Card|202|Master Card|202|Payment|23359341.00|75
EMPTM|1 Restaurante|1|1-Restaurante|22|Rosmar|Arevalo|606680003|Diners|203|Diners|203|Payment|90192.00|1
EMPTM|1 Restaurante|1|1-Restaurante|22|Rosmar|Arevalo|606680003|Cuenta X Cobrar|206|Cuenta X Cobrar|206|Payment|2200.00|1
EMPTM|20-Domicilios|20|20-Domicilios|29|Rosmar|Arevalo|606680003|CxC Rappi|210|CxC Rappi|210|Payment|98450.00|1
EMPTM|1 Restaurante|1|1-Restaurante|22|Rosmar|Arevalo|606680003|Visa|204|Visa|204|Payment|21680954.00|83
EMPTM|2 Almacen|2|2-Almacen|2|Rosmar|Arevalo|606680003|Visa|204|Visa|204|Payment|239400.00|1
EMPTM|3 Eventos|3|3-Eventos|23|Rosmar|Arevalo|606680003|Anticipo|208|Anticipo|208|Payment|14579702.00|1
EMPTM|1 Restaurante|1|1-Restaurante|22|Rosmar|Arevalo|606680003|Anticipo|208|Anticipo|208|Payment|67602085.00|4
EMPTM|1 Restaurante|1|1-Restaurante|22|María Isabel|Chica Medina|606630018|Contado|102|Contado|102|Payment|0.00|0
EMPTM|1 Restaurante|1|1-Restaurante|22|Moises|Cotes|606630037|Contado|102|Contado|102|Payment|0.00|0
EMPTM|1 Restaurante|1|1-Restaurante|22|Karem|Lopez|606630046|Contado|102|Contado|102|Payment|0.00|0
EMPTM|1 Restaurante|1|1-Restaurante|22|Pedro|Carrero|606630050|Contado|102|Contado|102|Payment|0.00|0
EMPTM|1 Restaurante|1|1-Restaurante|22|Juan|Gomez|606640007|Contado|102|Contado|102|Payment|0.00|0
EMPTM|1 Restaurante|1|1-Restaurante|22|Jhonatan|Gutierrez|606630059|Contado|102|Contado|102|Payment|0.00|0
EMPTM|1 Restaurante|1|1-Restaurante|22|Winder|Castaño|606630063|Contado|102|Contado|102|Payment|0.00|0
EMPTM|1 Restaurante|1|1-Restaurante|22|Esther|Gonzalez|606630064|Contado|102|Contado|102|Payment|0.00|0
EMPTM|1 Restaurante|1|1-Restaurante|22|Alvaro|Viloria|606630065|Contado|102|Contado|102|Payment|0.00|0
EMPTM|1 Restaurante|1|1-Restaurante|22|Brenda|Castillo|606630072|Contado|102|Contado|102|Payment|0.00|0
EMPTM|1 Restaurante|1|1-Restaurante|22|Camilo|Tangarife|606670018|Contado|102|Contado|102|Payment|0.00|0
EMPTM|2 Almacen|2|2-Almacen|2|Alba|Quintero|606630079|Contado|102|Contado|102|Payment|0.00|0
EMPTM|1 Restaurante|1|1-Restaurante|22|Hector|Diaz|606680011|Efectivo |101|Efectivo |101|Payment|210000.00|3
EMPTM|1 Restaurante|1|1-Restaurante|22|Hector|Diaz|606680011|American Express|201|American Express|201|Payment|60000.00|1
EMPTM|1 Restaurante|1|1-Restaurante|22|Hector|Diaz|606680011|Master Card|202|Master Card|202|Payment|300000.00|3
EMPTM|1 Restaurante|1|1-Restaurante|22|Hector|Diaz|606680011|Visa|204|Visa|204|Payment|330000.00|5
EMPTM|1 Restaurante|1|1-Restaurante|22|Karem |Lopez |606650010|Contado|102|Contado|102|Payment|0.00|0
EMPTM|1 Restaurante|1|1-Restaurante|22|Jose|Cerchar Colon|302270005|Efectivo |101|Efectivo |101|Payment|600000.00|10
EMPTM|1 Restaurante|1|1-Restaurante|22|Jose|Cerchar Colon|302270005|American Express|201|American Express|201|Payment|240000.00|3
EMPTM|1 Restaurante|1|1-Restaurante|22|Jose|Cerchar Colon|302270005|Master Card|202|Master Card|202|Payment|690000.00|12
EMPTM|1 Restaurante|1|1-Restaurante|22|Jose|Cerchar Colon|302270005|Visa|204|Visa|204|Payment|1230000.00|16
EMPTM|1 Restaurante|1|1-Restaurante|22|Leonardo de Jesus|Avila Perez|112|Contado|102|Contado|102|Payment|0.00|0
EMPOTSLS|1 Restaurante|1|1-Restaurante|22|Moises|Cotes|606630037|Para Aqui|1|Para Aqui|1|45|109|0|0|11446123.00|0.00|0.00|0|0.00|0|0.00|0.00|0|0.00|0|0.00|0|0.00|0|0.00|0|0.00|0|0.00|0|0.00|0|0.00|0.00|11446123.00
EMPOTSLS|2 Almacen|2|2-Almacen|2|Alba|Quintero|606630079|Para Aqui|1|Para Aqui|1|2|2|0|0|214622.00|0.00|0.00|0|0.00|0|0.00|0.00|0|0.00|0|0.00|0|0.00|0|0.00|0|0.00|0|0.00|0|0.00|0|0.00|0.00|214622.00
EMPOTSLS|20-Domicilios|20|20-Domicilios|29|Domicilios|Rappi|606630025|Para Aqui|1|Para Aqui|1|1|0|0|0|82731.00|0.00|0.00|0|0.00|0|0.00|0.00|0|0.00|0|0.00|0|0.00|0|0.00|0|0.00|0|0.00|0|0.00|0|0.00|0.00|82731.00
EMPOTSLS|1 Restaurante|1|1-Restaurante|22|Pedro|Carrero|606630050|Para Aqui|1|Para Aqui|1|4|6|0|0|123949.00|0.00|0.00|0|0.00|0|0.00|0.00|0|0.00|0|0.00|0|0.00|0|0.00|0|0.00|0|0.00|0|0.00|0|0.00|0.00|123949.00
EMPOTSLS|1 Restaurante|1|1-Restaurante|22|Leonardo de Jesus|Avila Perez|112|Para Aqui|1|Para Aqui|1|4|6|0|0|48656.00|0.00|0.00|0|0.00|0|0.00|0.00|0|0.00|0|0.00|0|0.00|0|0.00|0|0.00|0|0.00|0|0.00|0|0.00|0.00|48656.00
EMPOTSLS|1 Restaurante|1|1-Restaurante|22|Winder|Castaño|606630063|Para Aqui|1|Para Aqui|1|23|54|0|0|24725325.00|0.00|0.00|0|0.00|0|0.00|0.00|0|0.00|0|0.00|0|0.00|0|0.00|0|0.00|0|0.00|0|0.00|0|0.00|0.00|24725325.00
EMPOTSLS|1 Restaurante|1|1-Restaurante|22|Esther|Gonzalez|606630064|Para Llevar|2|Para Llevar|2|1|1|0|0|32606.00|0.00|0.00|0|0.00|0|0.00|0.00|0|0.00|0|0.00|0|0.00|0|0.00|0|0.00|0|0.00|0|0.00|0|0.00|0.00|32606.00
EMPOTSLS|1 Restaurante|1|1-Restaurante|22|Alvaro|Viloria|606630065|Para Aqui|1|Para Aqui|1|5|7|0|0|4105152.00|0.00|0.00|0|0.00|0|0.00|0.00|0|0.00|0|0.00|0|0.00|0|0.00|0|0.00|0|0.00|0|0.00|0|0.00|0.00|4105152.00
EMPOTSLS|1 Restaurante|1|1-Restaurante|22|Karem|Lopez|606630046|Para Aqui|1|Para Aqui|1|1|1|0|0|17983.00|0.00|0.00|0|0.00|0|0.00|0.00|0|0.00|0|0.00|0|0.00|0|0.00|0|0.00|0|0.00|0|0.00|0|0.00|0.00|17983.00
EMPOTSLS|1 Restaurante|1|1-Restaurante|22|Karem |Lopez |606650010|Para Aqui|1|Para Aqui|1|2|2|0|0|59075.00|0.00|0.00|0|0.00|0|0.00|0.00|0|0.00|0|0.00|0|0.00|0|0.00|0|0.00|0|0.00|0|0.00|0|0.00|0.00|59075.00
EMPOTSLS|1 Restaurante|1|1-Restaurante|22|Camilo|Tangarife|606670018|Para Aqui|1|Para Aqui|1|4|41|0|0|15804780.00|0.00|0.00|0|0.00|0|0.00|0.00|0|0.00|0|0.00|0|0.00|0|0.00|0|0.00|0|0.00|0|0.00|0|0.00|0.00|15804780.00
EMPOTSLS|1 Restaurante|1|1-Restaurante|22|Gleiner|Montiel Rocha|606630008|Para Aqui|1|Para Aqui|1|7|15|0|0|255377.00|0.00|0.00|0|0.00|0|0.00|0.00|0|0.00|0|0.00|0|0.00|0|0.00|0|0.00|0|0.00|0|0.00|0|0.00|0.00|255377.00
EMPOTSLS|1 Restaurante|1|1-Restaurante|22|María Isabel|Chica Medina|606630018|Para Aqui|1|Para Aqui|1|2|4|0|0|71766.00|0.00|0.00|0|0.00|0|0.00|0.00|0|0.00|0|0.00|0|0.00|0|0.00|0|0.00|0|0.00|0|0.00|0|0.00|0.00|71766.00
EMPOTSLS|1 Restaurante|1|1-Restaurante|22|Jhonatan|Gutierrez|606630059|Para Aqui|1|Para Aqui|1|22|51|0|0|6007057.00|0.00|0.00|0|0.00|0|0.00|0.00|0|0.00|0|0.00|0|0.00|0|0.00|0|0.00|0|0.00|0|0.00|0|0.00|0.00|6007057.00
EMPOTSLS|3 Eventos|3|3-Eventos|23|Yasser Enrique|Ortiz Pacheco|606680002|Para Aqui|1|Para Aqui|1|1|1|0|0|11302205.00|0.00|0.00|0|0.00|0|0.00|0.00|0|0.00|0|0.00|0|0.00|0|0.00|0|0.00|0|0.00|0|0.00|0|0.00|0.00|11302205.00
EMPOTSLS|1 Restaurante|1|1-Restaurante|22|Marilin Paola|Zabaleta Cuellar|606630003|Para Aqui|1|Para Aqui|1|26|75|0|0|9209235.00|0.00|0.00|0|0.00|0|0.00|0.00|0|0.00|0|0.00|0|0.00|0|0.00|0|0.00|0|0.00|0|0.00|0|0.00|0.00|9209235.00
EMPOTSLS|1 Restaurante|1|1-Restaurante|22|Juliander Alexander |Lara Muñoz|606630012|Para Aqui|1|Para Aqui|1|3|6|0|0|106891.00|0.00|0.00|0|0.00|0|0.00|0.00|0|0.00|0|0.00|0|0.00|0|0.00|0|0.00|0|0.00|0|0.00|0|0.00|0.00|106891.00
EMPOTSLS|1 Restaurante|1|1-Restaurante|22|Evelyn|Genes|606630056|Para Aqui|1|Para Aqui|1|1|2|0|0|978319.00|0.00|0.00|0|0.00|0|0.00|0.00|0|0.00|0|0.00|0|0.00|0|0.00|0|0.00|0|0.00|0|0.00|0|0.00|0.00|978319.00
EMPOTSLS|1 Restaurante|1|1-Restaurante|22|Brenda|Castillo|606630072|Para Aqui|1|Para Aqui|1|55|214|0|0|8509282.00|0.00|0.00|0|0.00|0|0.00|0.00|0|0.00|0|0.00|0|0.00|0|0.00|0|0.00|0|0.00|0|0.00|0|0.00|0.00|8509282.00
EMPOTSLS|1 Restaurante|1|1-Restaurante|22|Hector|Diaz|606680011|Para Aqui|1|Para Aqui|1|12|0|0|0|756300.00|0.00|0.00|0|0.00|0|0.00|0.00|0|0.00|0|0.00|0|0.00|0|0.00|0|0.00|0|0.00|0|0.00|0|0.00|0.00|756300.00
EMPOTSLS|1 Restaurante|1|1-Restaurante|22|Jose|Cerchar Colon|302270005|Para Aqui|1|Para Aqui|1|35|0|0|0|2319320.00|0.00|0.00|0|0.00|0|0.00|0.00|0|0.00|0|0.00|0|0.00|0|0.00|0|0.00|0|0.00|0|0.00|0|0.00|0.00|2319320.00
EMPOTSLS|1 Restaurante|1|1-Restaurante|22|Esther|Gonzalez|606630064|Para Aqui|1|Para Aqui|1|24|54|0|0|11454951.00|0.00|0.00|0|0.00|0|0.00|0.00|0|0.00|0|0.00|0|0.00|0|0.00|0|0.00|0|0.00|0|0.00|0|0.00|0.00|11454951.00
