EMPID|Andr123456|Andres Plaza Retiro|20241219|20241219|20250120|122216|2.00|2.00|Simphony|19.7.2
EMP|Domicilios|20|Domicilios|20|Andres Felipe|Sanchez|79|0|0|0|0|0.00|0.00|0.00|0|0.00|0|0.00|0.00|0.00|0|0.00|0|108500.00|1|0.00|0|0.00|0|0.00|0|0.00|0|0.00|0.00|0.00|0|0.00|0.00|0.00|0.00
EMP|Eventos|3|Eventos|3|John|Rozo Moreno|83|1|0|0|0|138252600.00|10484892.00|0.00|0|0.00|0|0.00|0.00|4676000.00|2|0.00|0|0.00|0|163470892.00|1|163470892.00|1|0.00|0|0.00|0|0.00|10484892.00|0.00|0|138252600.00|0.00|0.00|138252600.00
EMP|Restaurante|1|Restaurante|1|Guelvis Jose|Chirinos Barbera|84|1|0|0|0|5094460.00|250000.00|0.00|0|0.00|0|0.00|0.00|111000.00|1|0.00|0|0.00|0|5752000.00|1|5752000.00|1|0.00|0|0.00|0|0.00|250000.00|0.00|0|5094460.00|0.00|0.00|5094460.00
EMP|Eventos|3|Eventos|3|Guelvis Jose|Chirinos Barbera|84|0|0|0|0|0.00|0.00|0.00|0|0.00|0|0.00|0.00|0.00|0|0.00|0|524109921.00|15|0.00|0|0.00|0|0.00|0|0.00|0|0.00|0.00|0.00|0|0.00|0.00|0.00|0.00
EMPSHFT|Eventos|3|Eventos|3|John|Rozo Moreno|83|1| |0| |0|CAFETERIA|2|0|138252600.00|0.00|0.00|10484892.00|1|0|0.00|0|0.00|0|0.00|0|4676000.00|2|0.00|0|0|0|10484892.00|0|10484892.00|1|0.00|0|0.00|0.00|0.00|0.00|0.00|0.00|14733400.00|0.00|163470892.00|163470892.00|1|163470892.00|1|0.00|0|0.00|0|0.00|0.00|0|0.00
EMPSHFT|Restaurante|1|Restaurante|1|Guelvis Jose|Chirinos Barbera|84|1| |0| |0|DOMICILIOS|3|0|5094460.00|0.00|0.00|250000.00|1|0|0.00|0|0.00|0|0.00|0|111000.00|1|0.00|0|0|0|250000.00|0|250000.00|1|0.00|0|0.00|0.00|0.00|0.00|0.00|0.00|407540.00|0.00|5752000.00|5752000.00|1|5752000.00|1|0.00|0|0.00|0|0.00|0.00|0|0.00
EMPTM|Eventos|3|Eventos|3|John|Rozo Moreno|83|Anticipo|208|Anticipo|208|Payment|81330840.00|1
EMPTM|Eventos|3|Eventos|3|John|Rozo Moreno|83|Cuenta X Cobrar|206|Cuenta X Cobrar|206|Payment|82140052.00|1
EMPTM|Restaurante|1|Restaurante|1|Guelvis Jose|Chirinos Barbera|84|Cuenta X Cobrar|206|Cuenta X Cobrar|206|Payment|5752000.00|1
EMPOTSLS|Restaurante|1|Restaurante|1|Guelvis Jose|Chirinos Barbera|84|OT1|1|Order Type Master 1|1|1|0|0|0|5094460.00|0.00|0.00|0|0.00|0|0.00|0.00|0|0.00|0|0.00|0|0.00|0|0.00|0|0.00|0|0.00|0|0.00|0|0.00|0.00|5094460.00
EMPOTSLS|Eventos|3|Eventos|3|John|Rozo Moreno|83|OT1|1|Order Type Master 1|1|1|0|0|0|138252600.00|0.00|0.00|0|0.00|0|0.00|0.00|0|0.00|0|0.00|0|0.00|0|0.00|0|0.00|0|0.00|0|0.00|0|0.00|0.00|138252600.00
