EMPID|IBG|Andres Calera|20241201|20241201|20250102|122253|2.00|2.00|Simphony|19.7.2
EMP|1-Restaurante|1|1-Restaurante|22|Maria Paula|Casas|101160004|15|14|0|0|1580834.00|137922.00|-83417.00|12|0.00|0|-57510.00|-1.00|115900.00|8|0.00|0|45342.00|3|1845221.00|15|1845221.00|15|0.00|0|0.00|0|0.00|137922.00|0.00|0|1580834.00|0.00|0.00|1580834.00
EMP|1-Restaurante|1|1-Restaurante|22|Jari|햢ila C.|202210010|2|5|0|0|132872.00|12824.00|0.00|0|0.00|0|0.00|0.00|0.00|0|0.00|0|0.00|0|156324.00|2|156324.00|2|0.00|0|0.00|0|0.00|12824.00|0.00|0|132872.00|0.00|0.00|132872.00
EMP|1-Restaurante|1|1-Restaurante|22|Andres Felipe|Sanchez Salamanca|5003|0|0|0|0|0.00|0.00|0.00|0|0.00|0|0.00|0.00|0.00|0|0.00|0|84457.00|1|0.00|0|0.00|0|0.00|0|0.00|0|0.00|0.00|0.00|0|0.00|0.00|0.00|0.00
EMP|1-Restaurante|1|1-Restaurante|22|Yan Carlos|Lozano|48|68|124|0|0|9855973.00|948693.00|-588089.00|37|0.00|0|-102871.00|-25.00|1767200.00|30|0.00|0|5376418.00|19|11597768.00|68|11597768.00|67|0.00|0|0.00|0|0.00|948693.00|0.00|0|9914473.00|-58500.00|-58500.00|9855973.00
EMPSHFT|1-Restaurante|1|1-Restaurante|22|Yan Carlos|Lozano|48|1| |0| |0|CAPS|1|0|8440320.00|-58500.00|0.00|827749.00|62|123|0.00|0|-415453.00|19|0.00|0|1767200.00|30|0.00|0|0|0|530567.00|0|530567.00|42|0.00|0|10808029.00|0.00|0.00|0.00|0.00|0.00|679880.00|-69695.00|10491597.00|9947924.00|62|6441042.00|44|0.00|0|0.00|0|-25.00|0.00|0|0.00
EMPSHFT|1-Restaurante|1|1-Restaurante|22|Yan Carlos|Lozano|48|1| |0| |0|BARRA COCINA|2|0|1415653.00|0.00|0.00|120944.00|6|1|0.00|0|-172636.00|18|0.00|0|0.00|0|0.00|0|0|0|418126.00|0|418126.00|15|0.00|0|0.00|0.00|0.00|0.00|0.00|0.00|113247.00|-33176.00|1855656.00|1649844.00|6|5156726.00|23|0.00|0|0.00|0|0.00|0.00|0|0.00
EMPSHFT|1-Restaurante|1|1-Restaurante|22|Maria Paula|Casas|101160004|1| |0| |0|CAPS|1|0|461297.00|0.00|0.00|46128.00|0|0|0.00|0|0.00|0|0.00|0|0.00|0|0.00|0|0|0|86877.00|0|86877.00|7|0.00|0|1737986.00|0.00|0.00|0.00|0.00|0.00|36903.00|-32212.00|576540.00|544327.00|0|1035176.00|6|0.00|0|0.00|0|-1.00|0.00|0|0.00
EMPSHFT|1-Restaurante|1|1-Restaurante|22|Maria Paula|Casas|101160004|1| |0| |0|BARRA COCINA|2|0|1119537.00|0.00|0.00|91794.00|15|14|0.00|0|-83417.00|12|0.00|0|115900.00|8|0.00|0|0|0|51045.00|0|51045.00|3|0.00|0|0.00|0.00|0.00|0.00|0.00|0.00|89563.00|-25298.00|1409609.00|1300894.00|15|810045.00|9|0.00|0|0.00|0|0.00|0.00|0|0.00
EMPSHFT|1-Restaurante|1|1-Restaurante|22|Jari|햢ila C.|202210010|1| |0| |0|BARRA COCINA|2|0|0.00|0.00|0.00|0.00|0|0|0.00|0|0.00|0|0.00|0|0.00|0|0.00|0|0|0|12824.00|0|12824.00|1|0.00|0|0.00|0.00|0.00|0.00|0.00|0.00|0.00|0.00|0.00|0.00|0|151324.00|1|0.00|0|0.00|0|0.00|0.00|0|0.00
EMPSHFT|1-Restaurante|1|1-Restaurante|22|Jari|햢ila C.|202210010|1| |0| |0|CAPS|1|0|132872.00|0.00|0.00|12824.00|2|5|0.00|0|0.00|0|0.00|0|0.00|0|0.00|0|0|0|0.00|0|0.00|0|0.00|0|145696.00|0.00|0.00|0.00|0.00|0.00|10628.00|0.00|156324.00|156324.00|2|5000.00|1|0.00|0|0.00|0|0.00|0.00|0|0.00
EMPDSC|1-Restaurante|1|1-Restaurante|22|Yan Carlos|Lozano|48|Desc. Empleado 20%|8|Desc. Empleado 20%|8|-58500.00|2|-58500.00
EMPTM|1-Restaurante|1|1-Restaurante|22|Maria Paula|Casas|101160004|Contado|102|Contado|102|Payment|0.00|0
EMPTM|1-Restaurante|1|1-Restaurante|22|Jari|햢ila C.|202210010|Contado|102|Contado|102|Payment|0.00|0
EMPTM|1-Restaurante|1|1-Restaurante|22|Yan Carlos|Lozano|48|American Express|201|American Express|201|Payment|592738.00|3
EMPTM|1-Restaurante|1|1-Restaurante|22|Yan Carlos|Lozano|48|Master Card|202|Master Card|202|Payment|6861403.00|40
EMPTM|1-Restaurante|1|1-Restaurante|22|Yan Carlos|Lozano|48|Efectivo|101|Efectivo|101|Payment|800600.00|24
EMPTM|1-Restaurante|1|1-Restaurante|22|Yan Carlos|Lozano|48|Contado|102|Contado|102|Payment|0.00|0
EMPTM|1-Restaurante|1|1-Restaurante|22|Yan Carlos|Lozano|48|Visa|204|Visa|204|Payment|5344572.00|22
EMPOTSLS|1-Restaurante|1|1-Restaurante|22|Maria Paula|Casas|101160004|Para Aqui|1|Para Aqui|1|15|14|0|0|1580834.00|0.00|0.00|0|0.00|0|0.00|0.00|0|0.00|0|0.00|0|0.00|0|0.00|0|0.00|0|0.00|0|0.00|0|0.00|0.00|1580834.00
EMPOTSLS|1-Restaurante|1|1-Restaurante|22|Yan Carlos|Lozano|48|Para Aqui|1|Para Aqui|1|68|124|0|0|9855973.00|0.00|0.00|0|0.00|0|0.00|0.00|0|0.00|0|0.00|0|0.00|0|0.00|0|0.00|0|0.00|0|0.00|0|0.00|0.00|9855973.00
EMPOTSLS|1-Restaurante|1|1-Restaurante|22|Jari|햢ila C.|202210010|Para Aqui|1|Para Aqui|1|2|5|0|0|132872.00|0.00|0.00|0|0.00|0|0.00|0.00|0|0.00|0|0.00|0|0.00|0|0.00|0|0.00|0|0.00|0|0.00|0|0.00|0.00|132872.00
