EMPID|Andr1234|Andres Plaza Santafe|20241221|20241221|20250122|122224|2.00|2.00|Simphony|19.7.2
EMP|Restaurante|1|Restaurante|1|Danna Carolina|Bueno|90000002|55|154|0|0|6221343.00|502013.00|-744615.00|50|0.00|0|-101375.00|0.00|284400.00|11|0.00|0|26004.00|5|7221413.00|56|7077956.00|48|0.00|0|0.00|0|0.00|489856.00|0.00|0|6226143.00|-4800.00|-4800.00|6221343.00
EMP|Domicilios|20|Domicilios|20|Danna Carolina|Bueno|90000002|15|0|0|0|135556.00|0.00|0.00|0|0.00|0|0.00|0.00|0.00|0|0.00|0|0.00|1|146900.00|15|146900.00|15|0.00|0|0.00|0|0.00|0.00|0.00|0|141856.00|-6300.00|-6300.00|135556.00
EMP|Plataformas|21|Plataformas|21|Danna Carolina|Bueno|90000002|3|0|0|0|210740.00|0.00|0.00|0|0.00|0|0.00|0.00|58400.00|2|0.00|0|0.00|1|227600.00|3|227600.00|3|0.00|0|0.00|0|0.00|0.00|0.00|0|210740.00|0.00|0.00|210740.00
EMP|Restaurante|1|Restaurante|1|Marisol|Suarique|90000004|40|84|0|0|4397609.00|404250.00|-489335.00|39|0.00|0|-131141.00|3.00|92900.00|6|0.00|0|0.00|0|5153653.00|40|5302900.00|37|0.00|0|0.00|0|0.00|416897.00|0.00|0|4397609.00|0.00|0.00|4397609.00
EMP|Domicilios|20|Domicilios|20|Marisol|Suarique|90000004|5|0|0|0|23150.00|0.00|0.00|0|0.00|0|0.00|0.00|0.00|0|0.00|0|0.00|0|25000.00|5|25000.00|5|0.00|0|0.00|0|0.00|0.00|0.00|0|23150.00|0.00|0.00|23150.00
EMP|Plataformas|21|Plataformas|21|Marisol|Suarique|90000004|4|0|0|0|392038.00|0.00|0.00|0|0.00|0|0.00|0.00|82400.00|6|0.00|0|0.00|1|423400.00|4|423400.00|4|0.00|0|0.00|0|0.00|0.00|0.00|0|392038.00|0.00|0.00|392038.00
EMP|Restaurante|1|Restaurante|1|dispo|dispo|90000005|103|223|0|0|14085882.00|1202716.00|-464238.00|34|0.00|0|-408953.00|-2.00|502100.00|27|0.00|0|5354.00|4|16415414.00|104|16409624.00|93|0.00|0|0.00|0|0.00|1202226.00|0.00|0|14085882.00|0.00|0.00|14085882.00
EMP|Domicilios|20|Domicilios|20|dispo|dispo|90000005|3|0|0|0|166019.00|0.00|0.00|0|0.00|0|0.00|0.00|21800.00|1|0.00|0|0.00|0|179300.00|3|179300.00|3|0.00|0|0.00|0|0.00|0.00|0.00|0|166019.00|0.00|0.00|166019.00
EMP|Plataformas|21|Plataformas|21|dispo|dispo|90000005|1|0|0|0|111852.00|0.00|0.00|0|0.00|0|0.00|0.00|0.00|0|0.00|0|0.00|0|120800.00|1|120800.00|1|0.00|0|0.00|0|0.00|0.00|0.00|0|111852.00|0.00|0.00|111852.00
EMPSHFT|Domicilios|20|Domicilios|20|Danna Carolina|Bueno|90000002|1| |0| |0|CAPS|1|0|126296.00|-6300.00|0.00|0.00|13|0|0.00|0|0.00|0|0.00|0|0.00|0|0.00|0|0|0|0.00|0|0.00|0|0.00|0|126296.00|0.00|0.00|0.00|0.00|0.00|10604.00|0.00|143200.00|136900.00|13|136900.00|13|0.00|0|0.00|0|0.00|0.00|0|0.00
EMPSHFT|Restaurante|1|Restaurante|1|Danna Carolina|Bueno|90000002|1| |0| |0|CAFETERIA|2|0|54908.00|0.00|0.00|12647.00|4|0|0.00|0|0.00|0|0.00|0|0.00|0|0.00|0|0|0|16629.00|0|16629.00|2|0.00|0|185066.00|0.00|0.00|0.00|0.00|0.00|4392.00|0.00|71947.00|71947.00|4|118929.00|1|0.00|0|0.00|0|0.00|0.00|0|0.00
EMPSHFT|Domicilios|20|Domicilios|20|Danna Carolina|Bueno|90000002|1| |0| |0|ASADERO|3|0|9260.00|0.00|0.00|0.00|2|0|0.00|0|0.00|0|0.00|0|0.00|0|0.00|0|0|0|0.00|0|0.00|0|0.00|0|9260.00|0.00|0.00|0.00|0.00|0.00|740.00|0.00|10000.00|10000.00|2|10000.00|2|0.00|0|0.00|0|0.00|0.00|0|0.00
EMPSHFT|Restaurante|1|Restaurante|1|Danna Carolina|Bueno|90000002|1| |0| |0|CAPS|1|0|5984582.00|-4800.00|0.00|485506.00|50|151|0.00|0|-744615.00|50|0.00|0|284400.00|11|0.00|0|0|0|349823.00|0|349823.00|37|0.00|0|3773715.00|0.00|0.00|0.00|0.00|0.00|479118.00|-87051.00|7785672.00|6949206.00|51|5348123.00|40|0.00|0|0.00|0|0.00|0.00|0|0.00
EMPSHFT|Plataformas|21|Plataformas|21|Danna Carolina|Bueno|90000002|1| |0| |0|CAPS|1|0|210740.00|0.00|0.00|0.00|3|0|0.00|0|0.00|0|0.00|0|58400.00|2|0.00|0|0|0|0.00|0|0.00|0|0.00|0|0.00|0.00|0.00|0.00|0.00|0.00|16860.00|0.00|227600.00|227600.00|3|227600.00|3|0.00|0|0.00|0|0.00|0.00|0|0.00
EMPSHFT|Restaurante|1|Restaurante|1|Danna Carolina|Bueno|90000002|1| |0| |0|ASADERO|3|0|181853.00|0.00|0.00|3860.00|1|3|0.00|0|0.00|0|0.00|0|0.00|0|0.00|0|0|0|123404.00|0|123404.00|6|0.00|0|2656641.00|0.00|0.00|0.00|0.00|0.00|14547.00|-14324.00|214584.00|200260.00|1|1610904.00|7|0.00|0|0.00|0|0.00|0.00|0|0.00
EMPSHFT|Plataformas|21|Plataformas|21|Marisol|Suarique|90000004|1| |0| |0|CAPS|1|0|206483.00|0.00|0.00|0.00|2|0|0.00|0|0.00|0|0.00|0|82400.00|6|0.00|0|0|0|0.00|0|0.00|0|0.00|0|185.00|0.00|0.00|0.00|0.00|0.00|16517.00|0.00|223000.00|223000.00|2|223000.00|2|0.00|0|0.00|0|0.00|0.00|0|0.00
EMPSHFT|Domicilios|20|Domicilios|20|Marisol|Suarique|90000004|1| |0| |0|ASADERO|3|0|18520.00|0.00|0.00|0.00|4|0|0.00|0|0.00|0|0.00|0|0.00|0|0.00|0|0|0|0.00|0|0.00|0|0.00|0|18520.00|0.00|0.00|0.00|0.00|0.00|1480.00|0.00|20000.00|20000.00|4|20000.00|4|0.00|0|0.00|0|0.00|0.00|0|0.00
EMPSHFT|Restaurante|1|Restaurante|1|Marisol|Suarique|90000004|1| |0| |0|CAPS|1|0|1384452.00|0.00|0.00|133312.00|14|25|0.00|0|-264428.00|26|0.00|0|21000.00|1|0.00|0|0|0|267227.00|0|267227.00|23|0.00|0|1670612.00|0.00|0.00|0.00|0.00|0.00|110748.00|-46420.00|1939360.00|1628515.00|14|3208730.00|22|0.00|0|0.00|0|3.00|0.00|0|0.00
EMPSHFT|Restaurante|1|Restaurante|1|Marisol|Suarique|90000004|1| |0| |0|ASADERO|3|0|2861582.00|0.00|0.00|270334.00|25|59|0.00|0|-224907.00|13|0.00|0|71900.00|5|0.00|0|0|0|97598.00|0|97598.00|9|0.00|0|2119018.00|0.00|0.00|0.00|0.00|0.00|228918.00|-61426.00|3647167.00|3360834.00|25|1322498.00|9|0.00|0|0.00|0|0.00|0.00|0|0.00
EMPSHFT|Restaurante|1|Restaurante|1|Marisol|Suarique|90000004|1| |0| |0|CAFETERIA|2|0|151575.00|0.00|0.00|604.00|1|0|0.00|0|0.00|0|0.00|0|0.00|0|0.00|0|0|0|52072.00|0|52072.00|5|0.00|0|1190053.00|0.00|0.00|0.00|0.00|0.00|12125.00|-23295.00|187599.00|164304.00|1|771672.00|6|0.00|0|0.00|0|0.00|0.00|0|0.00
EMPSHFT|Plataformas|21|Plataformas|21|Marisol|Suarique|90000004|1| |0| |0|ASADERO|3|0|185555.00|0.00|0.00|0.00|2|0|0.00|0|0.00|0|0.00|0|0.00|0|0.00|0|0|0|0.00|0|0.00|0|0.00|0|0.00|0.00|0.00|0.00|0.00|0.00|14845.00|0.00|200400.00|200400.00|2|200400.00|2|0.00|0|0.00|0|0.00|0.00|0|0.00
EMPSHFT|Domicilios|20|Domicilios|20|Marisol|Suarique|90000004|1| |0| |0|CAPS|1|0|4630.00|0.00|0.00|0.00|1|0|0.00|0|0.00|0|0.00|0|0.00|0|0.00|0|0|0|0.00|0|0.00|0|0.00|0|4630.00|0.00|0.00|0.00|0.00|0.00|370.00|0.00|5000.00|5000.00|1|5000.00|1|0.00|0|0.00|0|0.00|0.00|0|0.00
EMPSHFT|Restaurante|1|Restaurante|1|dispo|dispo|90000005|1| |0| |0|CAFETERIA|2|0|12297629.00|0.00|0.00|1245981.00|95|226|0.00|0|0.00|0|0.00|0|409500.00|24|0.00|0|0|0|512863.00|0|512863.00|40|0.00|0|4209469.00|0.00|0.00|0.00|0.00|0.00|983771.00|-45479.00|14572860.00|14527381.00|95|5876363.00|40|0.00|0|0.00|0|0.00|0.00|0|0.00
EMPSHFT|Restaurante|1|Restaurante|1|dispo|dispo|90000005|1| |0| |0|CAPS|1|0|1740383.00|0.00|0.00|-64708.00|7|-3|0.00|0|-464238.00|34|0.00|0|92600.00|2|0.00|0|0|0|534469.00|0|534469.00|38|0.00|0|6104081.00|0.00|0.00|0.00|0.00|0.00|139217.00|-307152.00|2586282.00|1814895.00|8|8885372.00|46|0.00|0|0.00|0|3.00|0.00|0|0.00
EMPSHFT|Domicilios|20|Domicilios|20|dispo|dispo|90000005|1| |0| |0|CAFETERIA|2|0|166019.00|0.00|0.00|0.00|3|0|0.00|0|0.00|0|0.00|0|21800.00|1|0.00|0|0|0|0.00|0|0.00|0|0.00|0|166019.00|0.00|0.00|0.00|0.00|0.00|13281.00|0.00|179300.00|179300.00|3|179300.00|3|0.00|0|0.00|0|0.00|0.00|0|0.00
EMPSHFT|Plataformas|21|Plataformas|21|dispo|dispo|90000005|1| |0| |0|CAFETERIA|2|0|111852.00|0.00|0.00|0.00|1|0|0.00|0|0.00|0|0.00|0|0.00|0|0.00|0|0|0|0.00|0|0.00|0|0.00|0|0.00|0.00|0.00|0.00|0.00|0.00|8948.00|0.00|120800.00|120800.00|1|120800.00|1|0.00|0|0.00|0|0.00|0.00|0|0.00
EMPSHFT|Restaurante|1|Restaurante|1|dispo|dispo|90000005|1| |0| |0|ASADERO|3|0|47870.00|0.00|0.00|21443.00|1|0|0.00|0|0.00|0|0.00|0|0.00|1|0.00|0|0|0|154894.00|0|154894.00|9|0.00|0|4982375.00|0.00|0.00|0.00|0.00|0.00|3830.00|-56322.00|129465.00|73138.00|1|1647889.00|7|0.00|0|0.00|0|-5.00|0.00|0|0.00
EMPDSC|Restaurante|1|Restaurante|1|Danna Carolina|Bueno|90000002|Desc. Empleado 20%|8|Desc. Empleado 20%|8|-4800.00|2|-4800.00
EMPDSC|Domicilios|20|Domicilios|20|Danna Carolina|Bueno|90000002|Desc. Empleado 20%|8|Desc. Empleado 20%|8|-6300.00|2|-6300.00
EMPTM|Restaurante|1|Restaurante|1|Danna Carolina|Bueno|90000002|Contado|102|Contado|102|Payment|0.00|0
EMPTM|Domicilios|20|Domicilios|20|Danna Carolina|Bueno|90000002|Contado|102|Contado|102|Payment|0.00|0
EMPTM|Plataformas|21|Plataformas|21|Danna Carolina|Bueno|90000002|CxC Rappi|210|CxC Rappi|210|Payment|450400.00|5
EMPTM|Restaurante|1|Restaurante|1|Danna Carolina|Bueno|90000002|Visa|204|Visa|204|Payment|4895533.00|28
EMPTM|Restaurante|1|Restaurante|1|Danna Carolina|Bueno|90000002|Efectivo|101|Efectivo|101|Payment|1663484.00|26
EMPTM|Domicilios|20|Domicilios|20|Danna Carolina|Bueno|90000002|Efectivo|101|Efectivo|101|Payment|88800.00|9
EMPTM|Plataformas|21|Plataformas|21|Danna Carolina|Bueno|90000002|Efectivo|101|Efectivo|101|Payment|200.00|1
EMPTM|Restaurante|1|Restaurante|1|Danna Carolina|Bueno|90000002|Master Card|202|Master Card|202|Payment|5700053.00|33
EMPTM|Domicilios|20|Domicilios|20|Danna Carolina|Bueno|90000002|Master Card|202|Master Card|202|Payment|58100.00|7
EMPTM|Restaurante|1|Restaurante|1|Marisol|Suarique|90000004|Contado|102|Contado|102|Payment|0.00|0
EMPTM|Plataformas|21|Plataformas|21|Marisol|Suarique|90000004|CxC Rappi|210|CxC Rappi|210|Payment|200400.00|2
EMPTM|Restaurante|1|Restaurante|1|Marisol|Suarique|90000004|Visa|204|Visa|204|Payment|4586263.00|24
EMPTM|Restaurante|1|Restaurante|1|Marisol|Suarique|90000004|Efectivo|101|Efectivo|101|Payment|409280.00|5
EMPTM|Domicilios|20|Domicilios|20|Marisol|Suarique|90000004|Efectivo|101|Efectivo|101|Payment|1800.00|2
EMPTM|Restaurante|1|Restaurante|1|Marisol|Suarique|90000004|Master Card|202|Master Card|202|Payment|5365821.00|34
EMPTM|Domicilios|20|Domicilios|20|Marisol|Suarique|90000004|Master Card|202|Master Card|202|Payment|23200.00|3
EMPTM|Restaurante|1|Restaurante|1|Marisol|Suarique|90000004|Sodexo|303|Sodexo|303|Payment|269323.00|1
EMPTM|Restaurante|1|Restaurante|1|dispo|dispo|90000005|Contado|102|Contado|102|Payment|0.00|0
EMPTM|Plataformas|21|Plataformas|21|dispo|dispo|90000005|CxC Rappi|210|CxC Rappi|210|Payment|120800.00|1
EMPTM|Restaurante|1|Restaurante|1|dispo|dispo|90000005|American Express|201|American Express|201|Payment|586940.00|2
EMPTM|Restaurante|1|Restaurante|1|dispo|dispo|90000005|Diners|203|Diners|203|Payment|135481.00|1
EMPTM|Restaurante|1|Restaurante|1|dispo|dispo|90000005|Visa|204|Visa|204|Payment|1499580.00|10
EMPTM|Domicilios|20|Domicilios|20|dispo|dispo|90000005|Visa|204|Visa|204|Payment|21800.00|1
EMPTM|Restaurante|1|Restaurante|1|dispo|dispo|90000005|Efectivo|101|Efectivo|101|Payment|146200.00|2
EMPTM|Restaurante|1|Restaurante|1|dispo|dispo|90000005|Master Card|202|Master Card|202|Payment|3532522.00|23
EMPTM|Domicilios|20|Domicilios|20|dispo|dispo|90000005|Master Card|202|Master Card|202|Payment|157500.00|2
EMPOTSLS|Restaurante|1|Restaurante|1|Marisol|Suarique|90000004|Para Aqui|1|Para Aqui|1|40|84|0|0|4397609.00|0.00|0.00|0|0.00|0|0.00|0.00|0|0.00|0|0.00|0|0.00|0|0.00|0|0.00|0|0.00|0|0.00|0|0.00|0.00|4397609.00
EMPOTSLS|Domicilios|20|Domicilios|20|dispo|dispo|90000005|Para Llevar|2|Para Llevar|2|1|0|0|0|65278.00|0.00|0.00|0|0.00|0|0.00|0.00|0|0.00|0|0.00|0|0.00|0|0.00|0|0.00|0|0.00|0|0.00|0|0.00|0.00|65278.00
EMPOTSLS|Domicilios|20|Domicilios|20|Danna Carolina|Bueno|90000002|Para Aqui|1|Para Aqui|1|14|0|0|0|115371.00|0.00|0.00|0|0.00|0|0.00|0.00|0|0.00|0|0.00|0|0.00|0|0.00|0|0.00|0|0.00|0|0.00|0|0.00|0.00|115371.00
EMPOTSLS|Domicilios|20|Domicilios|20|dispo|dispo|90000005|Para Aqui|1|Para Aqui|1|2|0|0|0|100741.00|0.00|0.00|0|0.00|0|0.00|0.00|0|0.00|0|0.00|0|0.00|0|0.00|0|0.00|0|0.00|0|0.00|0|0.00|0.00|100741.00
EMPOTSLS|Plataformas|21|Plataformas|21|Marisol|Suarique|90000004|Domicilios|7|Domicilios|7|4|0|0|0|392038.00|0.00|0.00|0|0.00|0|0.00|0.00|0|0.00|0|0.00|0|0.00|0|0.00|0|0.00|0|0.00|0|0.00|0|0.00|0.00|392038.00
EMPOTSLS|Domicilios|20|Domicilios|20|Marisol|Suarique|90000004|Para Aqui|1|Para Aqui|1|5|0|0|0|23150.00|0.00|0.00|0|0.00|0|0.00|0.00|0|0.00|0|0.00|0|0.00|0|0.00|0|0.00|0|0.00|0|0.00|0|0.00|0.00|23150.00
EMPOTSLS|Plataformas|21|Plataformas|21|dispo|dispo|90000005|Domicilios|7|Domicilios|7|1|0|0|0|111852.00|0.00|0.00|0|0.00|0|0.00|0.00|0|0.00|0|0.00|0|0.00|0|0.00|0|0.00|0|0.00|0|0.00|0|0.00|0.00|111852.00
EMPOTSLS|Domicilios|20|Domicilios|20|Danna Carolina|Bueno|90000002|Para Llevar|2|Para Llevar|2|1|0|0|0|20185.00|0.00|0.00|0|0.00|0|0.00|0.00|0|0.00|0|0.00|0|0.00|0|0.00|0|0.00|0|0.00|0|0.00|0|0.00|0.00|20185.00
EMPOTSLS|Restaurante|1|Restaurante|1|Danna Carolina|Bueno|90000002|Para Aqui|1|Para Aqui|1|55|154|0|0|6221343.00|0.00|0.00|0|0.00|0|0.00|0.00|0|0.00|0|0.00|0|0.00|0|0.00|0|0.00|0|0.00|0|0.00|0|0.00|0.00|6221343.00
EMPOTSLS|Plataformas|21|Plataformas|21|Danna Carolina|Bueno|90000002|Domicilios|7|Domicilios|7|3|0|0|0|210740.00|0.00|0.00|0|0.00|0|0.00|0.00|0|0.00|0|0.00|0|0.00|0|0.00|0|0.00|0|0.00|0|0.00|0|0.00|0.00|210740.00
EMPOTSLS|Restaurante|1|Restaurante|1|dispo|dispo|90000005|Para Aqui|1|Para Aqui|1|103|223|0|0|14085882.00|0.00|0.00|0|0.00|0|0.00|0.00|0|0.00|0|0.00|0|0.00|0|0.00|0|0.00|0|0.00|0|0.00|0|0.00|0.00|14085882.00
