EMPID|AHP|Andres Hyatt Place|20241218|20241218|20250119|122221|2.00|2.00|Simphony|19.7.2
EMP|1-Restautante|1|1-Restautante|28|Jonatan |Fernandez Medina|101160002|0|0|0|0|0.00|0.00|0.00|0|0.00|0|0.00|0.00|0.00|0|0.00|0|0.00|1|0.00|0|0.00|0|0.00|0|0.00|0|0.00|0.00|0.00|0|0.00|0.00|0.00|0.00
EMP|1-Restautante|1|1-Restautante|28|Sara|Cardenas Buitrago|270000410|22|21|0|0|1256977.00|46252.00|-102975.00|3|0.00|0|-17786.00|1.00|18000.00|2|0.00|0|370412.00|5|1542053.00|22|1467637.00|19|0.00|0|0.00|0|0.00|41336.00|0.00|0|1256977.00|0.00|0.00|1256977.00
EMP|3-Eventos|3|3-Eventos|23|Yency Lorena|Moreno|220000414|0|0|0|0|0.00|0.00|0.00|0|0.00|0|0.00|0.00|0.00|0|0.00|0|0.00|1|0.00|0|0.00|0|0.00|0|0.00|0|0.00|0.00|0.00|0|0.00|0.00|0.00|0.00
EMP|1-Restautante|1|1-Restautante|28|Yency Lorena|Moreno|220000414|15|13|0|0|7207117.00|495533.00|-360000.00|1|0.00|0|-1.00|11.00|887700.00|14|0.00|0|39892.00|3|9071944.00|15|9722364.00|13|650420.00|1|0.00|0|0.00|545953.00|0.00|0|7207117.00|0.00|0.00|7207117.00
EMP|1-Restautante|1|1-Restautante|28|Joseph Stiven|Segura Lopez|220000415|1|1|0|0|6723.00|0.00|0.00|0|0.00|0|0.00|0.00|0.00|0|0.00|0|0.00|0|8000.00|1|8000.00|1|0.00|0|0.00|0|0.00|0.00|0.00|0|6723.00|0.00|0.00|6723.00
EMP|3-Eventos|3|3-Eventos|23|Juan Sebastian|Rey Navarro|100|1|1|0|0|504180.00|50420.00|0.00|0|0.00|0|0.00|0.00|0.00|0|0.00|0|0.00|0|650420.00|1|0.00|0|0.00|0|650420.00|1|0.00|0.00|0.00|0|504180.00|0.00|0.00|504180.00
EMP|1-Restautante|1|1-Restautante|28|Juan Sebastian|Rey Navarro|100|19|19|0|0|675301.00|67401.00|0.00|0|0.00|0|-4916.00|3.00|34600.00|3|0.00|0|10000.00|4|880304.00|19|954720.00|22|0.00|0|0.00|0|0.00|72317.00|0.00|0|724461.00|-49160.00|-49160.00|675301.00
EMPSHFT|1-Restautante|1|1-Restautante|28|Juan Sebastian|Rey Navarro|100|1| |0| |0|BARRA |3|0|120421.00|0.00|0.00|12041.00|4|4|0.00|0|0.00|0|0.00|0|9000.00|1|0.00|0|0|0|34612.00|0|34612.00|6|0.00|0|0.00|0.00|0.00|0.00|0.00|0.00|22879.00|0.00|155341.00|155341.00|4|446512.00|6|0.00|0|0.00|0|0.00|0.00|0|0.00
EMPSHFT|1-Restautante|1|1-Restautante|28|Juan Sebastian|Rey Navarro|100|1| |0| |0|PRINCIPAL|4|0|227481.00|0.00|0.00|22747.00|3|3|0.00|0|0.00|0|0.00|0|25600.00|2|0.00|0|0|0|0.00|0|0.00|0|0.00|0|0.00|0.00|0.00|0.00|0.00|0.00|43219.00|0.00|293447.00|293447.00|3|0.00|0|0.00|0|0.00|0|0.00|0.00|0|0.00
EMPSHFT|1-Restautante|1|1-Restautante|28|Juan Sebastian|Rey Navarro|100|1| |0| |0|CAPS|1|0|327399.00|-49160.00|0.00|32613.00|12|12|0.00|0|0.00|0|0.00|0|0.00|0|0.00|0|0|0|37705.00|0|37705.00|12|0.00|0|842816.00|0.00|0.00|0.00|0.00|0.00|71541.00|-4916.00|485629.00|431516.00|12|508208.00|16|0.00|0|0.00|0|3.00|0.00|0|0.00
EMPSHFT|3-Eventos|3|3-Eventos|23|Juan Sebastian|Rey Navarro|100|1| |0| |0|PRINCIPAL|4|0|504180.00|0.00|0.00|50420.00|1|1|0.00|0|0.00|0|0.00|0|0.00|0|0.00|0|0|0|0.00|0|0.00|0|0.00|0|0.00|0.00|0.00|0.00|0.00|0.00|95820.00|0.00|650420.00|650420.00|1|0.00|0|0.00|0|0.00|0|0.00|0.00|0|0.00
EMPSHFT|1-Restautante|1|1-Restautante|28|Yency Lorena|Moreno|220000414|1| |0| |0|PRINCIPAL|4|0|5237252.00|0.00|0.00|299224.00|3|3|0.00|0|0.00|0|0.00|0|71900.00|2|0.00|0|0|0|0.00|0|0.00|0|0.00|0|0.00|0.00|0.00|0.00|0.00|0.00|995048.00|-1.00|6531525.00|6531524.00|3|0.00|0|0.00|0|0.00|0|0.00|0.00|0|0.00
EMPSHFT|1-Restautante|1|1-Restautante|28|Yency Lorena|Moreno|220000414|1| |0| |0|BARRA |3|0|1677256.00|0.00|0.00|167721.00|10|10|0.00|0|0.00|0|0.00|0|623400.00|11|0.00|0|0|0|10621.00|0|10621.00|7|0.00|0|0.00|0.00|0.00|0.00|0.00|0.00|318644.00|0.00|2163621.00|2163621.00|10|137021.00|7|0.00|0|0.00|0|0.00|0.00|0|0.00
EMPSHFT|1-Restautante|1|1-Restautante|28|Yency Lorena|Moreno|220000414|1| |0| |0|CAPS|1|0|292609.00|0.00|0.00|28588.00|2|0|0.00|0|-360000.00|1|0.00|0|192400.00|1|0.00|0|0|0|535332.00|0|535332.00|6|0.00|0|152492.00|0.00|0.00|0.00|0.00|0.00|55591.00|0.00|736788.00|376799.00|2|9585343.00|6|0.00|0|0.00|0|11.00|0.00|0|0.00
EMPSHFT|1-Restautante|1|1-Restautante|28|Joseph Stiven|Segura Lopez|220000415|1| |0| |0|PRINCIPAL|4|0|6723.00|0.00|0.00|0.00|1|1|0.00|0|0.00|0|0.00|0|0.00|0|0.00|0|0|0|0.00|0|0.00|0|0.00|0|0.00|0.00|0.00|0.00|0.00|0.00|1277.00|0.00|8000.00|8000.00|1|0.00|0|0.00|0|0.00|0|0.00|0.00|0|0.00
EMPSHFT|1-Restautante|1|1-Restautante|28|Joseph Stiven|Segura Lopez|220000415|1| |0| |0|CAPS|1|0|0.00|0.00|0.00|0.00|0|0|0.00|0|0.00|0|0.00|0|0.00|0|0.00|0|0|0|0.00|0|0.00|0|0.00|0|6723.00|0.00|0.00|0.00|0.00|0.00|0.00|0.00|0.00|0.00|0|8000.00|1|0.00|0|0.00|0|0.00|0.00|0|0.00
EMPSHFT|1-Restautante|1|1-Restautante|28|Sara|Cardenas Buitrago|270000410|1| |0| |0|BARRA |3|0|11008.00|0.00|0.00|1101.00|0|0|0.00|0|0.00|0|0.00|0|0.00|0|0.00|0|0|0|2202.00|0|2202.00|1|0.00|0|0.00|0.00|0.00|0.00|0.00|0.00|2092.00|0.00|14201.00|14201.00|0|890802.00|1|0.00|0|0.00|0|0.00|0.00|0|0.00
EMPSHFT|1-Restautante|1|1-Restautante|28|Sara|Cardenas Buitrago|270000410|1| |0| |0|CAPS|1|0|1234961.00|0.00|0.00|44050.00|22|21|0.00|0|-102975.00|3|0.00|0|18000.00|2|0.00|0|0|0|39134.00|0|39134.00|16|0.00|0|1253976.00|0.00|0.00|0.00|0.00|0.00|234639.00|-17786.00|1634411.00|1513651.00|22|576835.00|18|0.00|0|0.00|0|1.00|0.00|0|0.00
EMPSHFT|1-Restautante|1|1-Restautante|28|Sara|Cardenas Buitrago|270000410|1| |0| |0|PRINCIPAL|4|0|11008.00|0.00|0.00|1101.00|0|0|0.00|0|0.00|0|0.00|0|0.00|0|0.00|0|0|0|0.00|0|0.00|0|0.00|0|0.00|0.00|0.00|0.00|0.00|0.00|2092.00|0.00|14201.00|14201.00|0|0.00|0|0.00|0|0.00|0|0.00|0.00|0|0.00
EMPDSC|1-Restautante|1|1-Restautante|28|Juan Sebastian|Rey Navarro|100|Cortesia 100%|3|Cortesia 100%|3|-49160.00|1|-49160.00
EMPTM|1-Restautante|1|1-Restautante|28|Jonatan |Fernandez Medina|101160002|Contado|102|Contado|102|Payment|0.00|0
EMPTM|1-Restautante|1|1-Restautante|28|Sara|Cardenas Buitrago|270000410|Efectivo |101|Efectivo |101|Payment|376640.00|23
EMPTM|1-Restautante|1|1-Restautante|28|Sara|Cardenas Buitrago|270000410|Master Card|202|Master Card|202|Payment|1595381.00|16
EMPTM|1-Restautante|1|1-Restautante|28|Sara|Cardenas Buitrago|270000410|Cuenta X Cobrar|206|Cuenta X Cobrar|206|Payment|9553587.00|4
EMPTM|1-Restautante|1|1-Restautante|28|Sara|Cardenas Buitrago|270000410|American Express|201|American Express|201|Payment|90408.00|2
EMPTM|1-Restautante|1|1-Restautante|28|Sara|Cardenas Buitrago|270000410|Visa |204|Visa |204|Payment|536705.00|10
EMPTM|1-Restautante|1|1-Restautante|28|Sara|Cardenas Buitrago|270000410|Contado|102|Contado|102|Payment|0.00|0
EMPTM|1-Restautante|1|1-Restautante|28|Yency Lorena|Moreno|220000414|Contado|102|Contado|102|Payment|0.00|0
EMPTM|1-Restautante|1|1-Restautante|28|Juan Sebastian|Rey Navarro|100|Contado|102|Contado|102|Payment|0.00|0
EMPOTSLS|3-Eventos|3|3-Eventos|23|Juan Sebastian|Rey Navarro|100|Para Aqui|1|Para Aqui|1|1|1|0|0|504180.00|0.00|0.00|0|0.00|0|0.00|0.00|0|0.00|0|0.00|0|0.00|0|0.00|0|0.00|0|0.00|0|0.00|0|0.00|0.00|504180.00
EMPOTSLS|1-Restautante|1|1-Restautante|28|Joseph Stiven|Segura Lopez|220000415|Para Aqui|1|Para Aqui|1|1|1|0|0|6723.00|0.00|0.00|0|0.00|0|0.00|0.00|0|0.00|0|0.00|0|0.00|0|0.00|0|0.00|0|0.00|0|0.00|0|0.00|0.00|6723.00
EMPOTSLS|1-Restautante|1|1-Restautante|28|Juan Sebastian|Rey Navarro|100|Para Aqui|1|Para Aqui|1|19|19|0|0|675301.00|0.00|0.00|0|0.00|0|0.00|0.00|0|0.00|0|0.00|0|0.00|0|0.00|0|0.00|0|0.00|0|0.00|0|0.00|0.00|675301.00
EMPOTSLS|1-Restautante|1|1-Restautante|28|Yency Lorena|Moreno|220000414|Para Aqui|1|Para Aqui|1|15|13|0|0|7207117.00|0.00|0.00|0|0.00|0|0.00|0.00|0|0.00|0|0.00|0|0.00|0|0.00|0|0.00|0|0.00|0|0.00|0|0.00|0.00|7207117.00
EMPOTSLS|1-Restautante|1|1-Restautante|28|Sara|Cardenas Buitrago|270000410|Para Aqui|1|Para Aqui|1|22|21|0|0|1256977.00|0.00|0.00|0|0.00|0|0.00|0.00|0|0.00|0|0.00|0|0.00|0|0.00|0|0.00|0|0.00|0|0.00|0|0.00|0.00|1256977.00
