EMPID|CTG|Andres Cartagena|20241214|20241214|20250115|122214|2.00|2.00|Simphony|19.7.2
EMP|1 Restaurante|1|1-Restaurante|22|Marilin Paola|Zabaleta Cuellar|606630003|5|7|0|0|24113286.00|2357882.00|0.00|0|0.00|0|0.00|0.00|246100.00|6|0.00|0|0.00|0|31052640.00|5|30770574.00|2|0.00|0|0.00|0|0.00|2336016.00|0.00|0|24113286.00|0.00|0.00|24113286.00
EMP|1 Restaurante|1|1-Restaurante|22|Gleiner|Montiel Rocha|606630008|8|9|0|0|7180928.00|689626.00|0.00|0|0.00|0|0.00|0.00|252900.00|7|0.00|0|378870.00|1|9234936.00|9|9297268.00|3|0.00|0|0.00|0|0.00|694458.00|0.00|0|7180928.00|0.00|0.00|7180928.00
EMP|1 Restaurante|1|1-Restaurante|22|Yasser Enrique|Ortiz Pacheco|606680002|0|0|0|0|0.00|0.00|0.00|0|0.00|0|0.00|0.00|0.00|0|0.00|0|0.00|0|0.00|1|0.00|1|0.00|0|0.00|0|0.00|0.00|0.00|0|0.00|0.00|0.00|0.00
EMP|1 Restaurante|1|1-Restaurante|22|Juliander Alexander |Lara Muñoz|606630012|5|8|0|0|1161581.00|109377.00|0.00|0|0.00|0|-1361.00|-1.00|298900.00|3|0.00|0|0.00|0|1494258.00|5|1423362.00|4|0.00|0|0.00|0|0.00|103881.00|0.00|0|1175195.00|-13614.00|-13614.00|1161581.00
EMP|1 Restaurante|1|1-Restaurante|22|Rosmar|Arevalo|606680003|1|1|0|0|1.00|999.00|0.00|0|0.00|0|0.00|0.00|0.00|0|0.00|0|0.00|0|1000.00|1|1000.00|1|0.00|0|0.00|0|0.00|999.00|0.00|0|1.00|0.00|0.00|1.00
EMP|20-Domicilios|20|20-Domicilios|29|Domicilios|Rappi|606630025|3|0|0|0|702565.00|0.00|0.00|0|0.00|0|0.00|0.00|18500.00|1|0.00|0|0.00|0|836050.00|3|836050.00|3|0.00|0|0.00|0|0.00|0.00|0.00|0|702565.00|0.00|0.00|702565.00
EMP|1 Restaurante|1|1-Restaurante|22|Viviana|Maldonado|606630033|6|9|0|0|19180917.00|1891430.00|0.00|0|0.00|0|0.00|0.00|2018967.00|21|0.00|0|8050029.00|2|24716733.00|8|27474513.00|7|0.00|0|0.00|0|0.00|2105210.00|0.00|0|19180917.00|0.00|0.00|19180917.00
EMP|1 Restaurante|1|1-Restaurante|22|Moises|Cotes|606630037|10|11|0|0|2140843.00|214081.00|0.00|0|0.00|0|-1.00|0.00|350800.00|5|0.00|0|0.00|0|2761681.00|11|2761681.00|10|0.00|0|0.00|0|0.00|214081.00|0.00|0|2140843.00|0.00|0.00|2140843.00
EMP|1 Restaurante|1|1-Restaurante|22|Karem|Lopez|606630046|5|5|0|0|99495.00|9950.00|0.00|0|0.00|0|0.00|-4.00|0.00|0|0.00|0|13442.00|1|128346.00|6|40322.00|3|0.00|0|0.00|0|0.00|3126.00|0.00|0|99495.00|0.00|0.00|99495.00
EMP|1 Restaurante|1|1-Restaurante|22|Juan|Gomez|606640007|2|1|0|0|-22353.00|-2235.00|-144201.00|7|0.00|0|-24908.00|0.00|0.00|0|0.00|0|0.00|1|-28835.00|4|0.00|2|0.00|0|0.00|0|0.00|0.00|0.00|0|-22353.00|0.00|0.00|-22353.00
EMP|1 Restaurante|1|1-Restaurante|22|Evelyn|Genes|606630056|1|2|0|0|894964.00|89495.00|0.00|0|0.00|0|0.00|0.00|0.00|0|0.00|0|0.00|0|1154495.00|1|0.00|0|0.00|0|0.00|0|0.00|0.00|0.00|0|894964.00|0.00|0.00|894964.00
EMP|1 Restaurante|1|1-Restaurante|22|Jhonatan|Gutierrez|606630059|5|7|0|0|465546.00|46554.00|-256050.00|4|0.00|0|-44227.00|-2.00|0.00|0|0.00|0|0.00|0|600552.00|6|600552.00|4|0.00|0|0.00|0|0.00|46554.00|0.00|0|465546.00|0.00|0.00|465546.00
EMP|1 Restaurante|1|1-Restaurante|22|Winder|Castaño|606630063|46|99|0|0|13701730.00|1338314.00|-215841.00|12|0.00|0|-49671.00|3.00|1063800.00|22|0.00|0|250412.00|2|17643391.00|62|19723109.00|55|0.00|0|0.00|0|0.00|1499532.00|0.00|0|13701730.00|0.00|0.00|13701730.00
EMP|1 Restaurante|1|1-Restaurante|22|Santiago|Narvaez|606640008|1|2|0|0|90084.00|9008.00|0.00|0|0.00|0|0.00|0.00|0.00|0|0.00|0|0.00|0|116208.00|1|116208.00|1|0.00|0|0.00|0|0.00|9008.00|0.00|0|90084.00|0.00|0.00|90084.00
EMP|1 Restaurante|1|1-Restaurante|22|Esther|Gonzalez|606630064|27|48|0|0|25233241.00|2043412.00|-2533881.00|6|0.00|0|-459906.00|-2.00|4971700.00|21|0.00|0|0.00|2|32070964.00|42|32422408.00|24|0.00|0|0.00|0|0.00|2070656.00|0.00|0|25233241.00|0.00|0.00|25233241.00
EMP|1 Restaurante|1|1-Restaurante|22|Alvaro|Viloria|606630065|43|102|0|0|11125116.00|1040595.00|-645672.00|6|0.00|0|-183433.00|1.00|4257600.00|16|0.00|0|0.00|1|14279496.00|51|15806565.00|40|0.00|0|0.00|0|0.00|1142184.00|0.00|0|11125116.00|0.00|0.00|11125116.00
EMP|1 Restaurante|1|1-Restaurante|22|Sebastian|Ortiz|606630068|1|1|0|0|2137800.00|213780.00|0.00|0|0.00|0|0.00|0.00|552000.00|1|0.00|0|0.00|0|2757780.00|1|0.00|0|0.00|0|0.00|0|0.00|0.00|0.00|0|2137800.00|0.00|0.00|2137800.00
EMP|1 Restaurante|1|1-Restaurante|22|Viviana|Maldonado M.|606670017|2|3|0|0|193950.00|19395.00|0.00|0|0.00|0|0.00|3.00|0.00|0|0.00|0|0.00|0|250198.00|2|250198.00|2|0.00|0|0.00|0|0.00|19395.00|0.00|0|193950.00|0.00|0.00|193950.00
EMP|1 Restaurante|1|1-Restaurante|22|Camilo|Tangarife|606670018|1|2|0|0|147646.00|14765.00|0.00|0|0.00|0|0.00|0.00|0.00|0|0.00|0|0.00|0|190465.00|1|0.00|0|0.00|0|0.00|0|0.00|0.00|0.00|0|147646.00|0.00|0.00|147646.00
EMP|1 Restaurante|1|1-Restaurante|22|Valentina|Rodriguez|606630077|11|19|0|0|3873085.00|369108.00|-1290789.00|26|0.00|0|-222955.00|-3.00|217500.00|5|0.00|0|0.00|1|4978085.00|17|2714633.00|11|0.00|0|0.00|0|0.00|210436.00|0.00|0|3873085.00|0.00|0.00|3873085.00
EMP|2 Almacen|2|2-Almacen|2|Alba|Quintero|606630079|6|7|0|0|426887.00|0.00|0.00|0|0.00|0|0.00|0.00|835800.00|14|0.00|0|650000.00|2|508000.00|6|508000.00|6|0.00|0|0.00|0|0.00|0.00|0.00|0|426887.00|0.00|0.00|426887.00
EMP|1 Restaurante|1|1-Restaurante|22|Hector|Diaz|606680011|9|0|0|0|478990.00|0.00|0.00|0|0.00|0|0.00|0.00|0.00|0|0.00|0|990000.00|1|570000.00|9|570000.00|9|0.00|0|0.00|0|0.00|0.00|0.00|0|478990.00|0.00|0.00|478990.00
EMP|1 Restaurante|1|1-Restaurante|22|Jose|Cerchar Colon|302270005|19|0|0|0|1310920.00|0.00|0.00|0|0.00|0|0.00|0.00|0.00|0|0.00|0|0.00|2|1560000.00|19|1560000.00|19|0.00|0|0.00|0|0.00|0.00|0.00|0|1310920.00|0.00|0.00|1310920.00
EMPSHFT|1 Restaurante|1|1-Restaurante|22|Jose|Cerchar Colon|302270005|1| |0| |0|PUERTO|9|0|1310920.00|0.00|0.00|0.00|19|0|0.00|0|0.00|0|0.00|0|0.00|0|0.00|0|0|0|0.00|0|0.00|0|0.00|0|1310920.00|0.00|0.00|0.00|0.00|0.00|249080.00|0.00|1560000.00|1560000.00|19|1560000.00|19|0.00|0|0.00|0|0.00|0.00|0|0.00
EMPSHFT|1 Restaurante|1|1-Restaurante|22|Marilin Paola|Zabaleta Cuellar|606630003|1| |0| |0|COCINA LADO|10|0|66387.00|0.00|0.00|6639.00|0|0|0.00|0|0.00|0|0.00|0|0.00|0|0.00|0|0|0|0.00|0|0.00|0|0.00|0|0.00|0.00|0.00|0.00|0.00|0.00|12613.00|0.00|85639.00|85639.00|0|0.00|0|0.00|0|0.00|0|0.00|0.00|0|0.00
EMPSHFT|1 Restaurante|1|1-Restaurante|22|Marilin Paola|Zabaleta Cuellar|606630003|1| |0| |0|CABINA DJ|4|0|49412.00|0.00|0.00|4941.00|1|1|0.00|0|0.00|0|0.00|0|0.00|0|0.00|0|0|0|0.00|0|0.00|0|0.00|0|0.00|0.00|0.00|0.00|0.00|0.00|9388.00|0.00|63741.00|63741.00|1|0.00|0|0.00|0|0.00|0|0.00|0.00|0|0.00
EMPSHFT|1 Restaurante|1|1-Restaurante|22|Marilin Paola|Zabaleta Cuellar|606630003|1| |0| |0|CAJA 2|7|0|0.00|0.00|0.00|0.00|0|0|0.00|0|0.00|0|0.00|0|0.00|0|0.00|0|0|0|2334386.00|0|2334386.00|1|0.00|0|17933.00|0.00|0.00|0.00|0.00|0.00|0.00|0.00|0.00|0.00|0|30749544.00|1|0.00|0|0.00|0|0.00|0.00|0|0.00
EMPSHFT|1 Restaurante|1|1-Restaurante|22|Marilin Paola|Zabaleta Cuellar|606630003|1| |0| |0|MARILYN|5|0|637108.00|0.00|0.00|10286.00|1|3|0.00|0|0.00|0|0.00|0|0.00|0|0.00|0|0|0|0.00|0|0.00|0|0.00|0|0.00|0.00|0.00|0.00|0.00|0.00|121050.00|0.00|768444.00|768444.00|1|0.00|0|0.00|0|0.00|0|0.00|0.00|0|0.00
EMPSHFT|1 Restaurante|1|1-Restaurante|22|Marilin Paola|Zabaleta Cuellar|606630003|1| |0| |0|ALMACEN|2|0|23360379.00|0.00|0.00|2336016.00|3|3|0.00|0|0.00|0|0.00|0|246100.00|6|0.00|0|0|0|1630.00|0|1630.00|1|0.00|0|0.00|0.00|0.00|0.00|0.00|0.00|4438421.00|0.00|30134816.00|30134816.00|3|21030.00|1|0.00|0|0.00|0|0.00|0.00|0|0.00
EMPSHFT|1 Restaurante|1|1-Restaurante|22|Gleiner|Montiel Rocha|606630008|1| |0| |0|COCINA LADO|10|0|55883.00|0.00|0.00|5588.00|0|0|0.00|0|0.00|0|0.00|0|0.00|0|0.00|0|0|0|0.00|0|0.00|0|0.00|0|0.00|0.00|0.00|0.00|0.00|0.00|10617.00|0.00|72088.00|72088.00|0|0.00|0|0.00|0|0.00|0|0.00|0.00|0|0.00
EMPSHFT|1 Restaurante|1|1-Restaurante|22|Gleiner|Montiel Rocha|606630008|1| |0| |0|CAJA 1|6|0|5901251.00|0.00|0.00|590123.00|6|6|0.00|0|0.00|0|0.00|0|252900.00|7|0.00|0|0|0|61958.00|0|61958.00|2|0.00|0|0.00|0.00|0.00|0.00|0.00|0.00|1121249.00|0.00|7612623.00|7612623.00|7|799258.00|2|0.00|0|0.00|0|0.00|0.00|0|0.00
EMPSHFT|1 Restaurante|1|1-Restaurante|22|Gleiner|Montiel Rocha|606630008|1| |0| |0|MARILYN|5|0|284630.00|0.00|0.00|0.00|0|0|0.00|0|0.00|0|0.00|0|0.00|0|0.00|0|0|0|0.00|0|0.00|0|0.00|0|0.00|0.00|0.00|0.00|0.00|0.00|54080.00|0.00|338710.00|338710.00|0|0.00|0|0.00|0|0.00|0|0.00|0.00|0|0.00
EMPSHFT|1 Restaurante|1|1-Restaurante|22|Gleiner|Montiel Rocha|606630008|1| |0| |0|CAJA 2|7|0|0.00|0.00|0.00|0.00|0|0|0.00|0|0.00|0|0.00|0|0.00|0|0.00|0|0|0|632500.00|0|632500.00|1|0.00|0|3209403.00|0.00|0.00|0.00|0.00|0.00|0.00|0.00|0.00|0.00|0|8498010.00|1|0.00|0|0.00|0|0.00|0.00|0|0.00
EMPSHFT|1 Restaurante|1|1-Restaurante|22|Gleiner|Montiel Rocha|606630008|1| |0| |0|CABINA DJ|4|0|361349.00|0.00|0.00|36134.00|2|3|0.00|0|0.00|0|0.00|0|0.00|0|0.00|0|0|0|0.00|0|0.00|0|0.00|0|0.00|0.00|0.00|0.00|0.00|0.00|68651.00|0.00|466134.00|466134.00|2|0.00|0|0.00|0|0.00|0|0.00|0.00|0|0.00
EMPSHFT|1 Restaurante|1|1-Restaurante|22|Gleiner|Montiel Rocha|606630008|1| |0| |0|ALMACEN|2|0|577815.00|0.00|0.00|57781.00|0|0|0.00|0|0.00|0|0.00|0|0.00|0|0.00|0|0|0|0.00|0|0.00|0|0.00|0|0.00|0.00|0.00|0.00|0.00|0.00|109785.00|0.00|745381.00|745381.00|0|0.00|0|0.00|0|0.00|0|0.00|0.00|0|0.00
EMPSHFT|1 Restaurante|1|1-Restaurante|22|Gleiner|Montiel Rocha|606630008|1| |0| |0|CAPS|1|0|0.00|0.00|0.00|0.00|0|0|0.00|0|0.00|0|0.00|0|0.00|0|0.00|0|0|0|0.00|0|0.00|0|0.00|0|681541.00|0.00|0.00|0.00|0.00|0.00|0.00|0.00|0.00|0.00|0|0.00|0|0.00|0|0.00|0|0.00|0.00|0|0.00
EMPSHFT|1 Restaurante|1|1-Restaurante|22|Juliander Alexander |Lara Muñoz|606630012|1| |0| |0|BAR_LADO|3|0|67800.00|0.00|0.00|0.00|1|2|0.00|0|0.00|0|0.00|0|0.00|0|0.00|0|0|0|0.00|0|0.00|0|0.00|0|0.00|0.00|0.00|0.00|0.00|0.00|12882.00|0.00|80682.00|80682.00|1|0.00|0|0.00|0|0.00|0|0.00|0.00|0|0.00
EMPSHFT|1 Restaurante|1|1-Restaurante|22|Juliander Alexander |Lara Muñoz|606630012|1| |0| |0|CAJA 2|7|0|-13614.00|-13614.00|0.00|-1361.00|0|0|0.00|0|0.00|0|0.00|0|0.00|0|0.00|0|0|0|0.00|0|0.00|0|0.00|0|1210503.00|0.00|0.00|0.00|0.00|0.00|0.00|-1361.00|0.00|-14962.00|0|83281.00|2|0.00|0|0.00|0|-1.00|0.00|0|0.00
EMPSHFT|1 Restaurante|1|1-Restaurante|22|Juliander Alexander |Lara Muñoz|606630012|1| |0| |0|CAJA 1|6|0|6807.00|0.00|0.00|681.00|0|0|0.00|0|0.00|0|0.00|0|0.00|0|0.00|0|0|0|0.00|0|0.00|0|0.00|0|0.00|0.00|0.00|0.00|0.00|0.00|1293.00|0.00|8781.00|8781.00|0|0.00|0|0.00|0|0.00|0|0.00|0.00|0|0.00
EMPSHFT|1 Restaurante|1|1-Restaurante|22|Juliander Alexander |Lara Muñoz|606630012|1| |0| |0|MARILYN|5|0|821008.00|0.00|0.00|82099.00|2|4|0.00|0|0.00|0|0.00|0|298900.00|3|0.00|0|0|0|81646.00|0|81646.00|1|0.00|0|0.00|0.00|0.00|0.00|0.00|0.00|155992.00|0.00|1059099.00|1059099.00|2|1053246.00|1|0.00|0|0.00|0|0.00|0.00|0|0.00
EMPSHFT|1 Restaurante|1|1-Restaurante|22|Juliander Alexander |Lara Muñoz|606630012|1| |0| |0|ALMACEN|2|0|277311.00|0.00|0.00|27731.00|2|2|0.00|0|0.00|0|0.00|0|0.00|0|0.00|0|0|0|22235.00|0|22235.00|1|0.00|0|0.00|0.00|0.00|0.00|0.00|0.00|52689.00|0.00|357731.00|357731.00|2|286835.00|1|0.00|0|0.00|0|0.00|0.00|0|0.00
EMPSHFT|1 Restaurante|1|1-Restaurante|22|Juliander Alexander |Lara Muñoz|606630012|1| |0| |0|CABINA DJ|4|0|2269.00|0.00|0.00|227.00|0|0|0.00|0|0.00|0|0.00|0|0.00|0|0.00|0|0|0|0.00|0|0.00|0|0.00|0|0.00|0.00|0.00|0.00|0.00|0.00|431.00|0.00|2927.00|2927.00|0|0.00|0|0.00|0|0.00|0|0.00|0.00|0|0.00
EMPSHFT|20-Domicilios|20|20-Domicilios|29|Domicilios|Rappi|606630025|1| |0| |0|MARILYN|5|0|702565.00|0.00|0.00|0.00|3|0|0.00|0|0.00|0|0.00|0|18500.00|1|0.00|0|0|0|0.00|0|0.00|0|0.00|0|0.00|0.00|0.00|0.00|0.00|0.00|133485.00|0.00|836050.00|836050.00|3|0.00|0|0.00|0|0.00|0|0.00|0.00|0|0.00
EMPSHFT|20-Domicilios|20|20-Domicilios|29|Domicilios|Rappi|606630025|1| |0| |0|CAJA 2|7|0|0.00|0.00|0.00|0.00|0|0|0.00|0|0.00|0|0.00|0|0.00|0|0.00|0|0|0|0.00|0|0.00|0|0.00|0|0.00|0.00|0.00|0.00|0.00|0.00|0.00|0.00|0.00|0.00|0|836050.00|3|0.00|0|0.00|0|0.00|0.00|0|0.00
EMPSHFT|1 Restaurante|1|1-Restaurante|22|Viviana|Maldonado|606630033|1| |0| |0|MARILYN|5|0|582916.00|0.00|0.00|31991.00|1|2|0.00|0|0.00|0|0.00|0|0.00|0|0.00|0|0|0|31991.00|0|31991.00|1|0.00|0|0.00|0.00|0.00|0.00|0.00|0.00|110754.00|0.00|725661.00|725661.00|1|412691.00|1|0.00|0|0.00|0|0.00|0.00|0|0.00
EMPSHFT|1 Restaurante|1|1-Restaurante|22|Viviana|Maldonado|606630033|1| |0| |0|CABINA DJ|4|0|16096827.00|0.00|0.00|1609323.00|3|2|0.00|0|0.00|0|0.00|0|1819767.00|18|0.00|0|0|0|0.00|0|0.00|0|0.00|0|0.00|0.00|0.00|0.00|0.00|0.00|3058406.00|0.00|20764556.00|20764556.00|3|0.00|0|0.00|0|0.00|0|0.00|0.00|0|0.00
EMPSHFT|1 Restaurante|1|1-Restaurante|22|Viviana|Maldonado|606630033|1| |0| |0|CAJA 2|7|0|0.00|0.00|0.00|0.00|0|0|0.00|0|0.00|0|0.00|0|0.00|0|0.00|0|0|0|1918154.00|0|1918154.00|1|0.00|0|2057638.00|0.00|0.00|0.00|0.00|0.00|0.00|0.00|0.00|0.00|0|25061457.00|2|0.00|0|0.00|0|0.00|0.00|0|0.00
EMPSHFT|1 Restaurante|1|1-Restaurante|22|Viviana|Maldonado|606630033|1| |0| |0|ALMACEN|2|0|1307476.00|0.00|0.00|130747.00|2|5|0.00|0|0.00|0|0.00|0|199200.00|3|0.00|0|0|0|13537.00|0|13537.00|2|0.00|0|0.00|0.00|0.00|0.00|0.00|0.00|248424.00|0.00|1686647.00|1686647.00|4|174637.00|2|0.00|0|0.00|0|0.00|0.00|0|0.00
EMPSHFT|1 Restaurante|1|1-Restaurante|22|Viviana|Maldonado|606630033|1| |0| |0|COCINA LADO|10|0|565042.00|0.00|0.00|56504.00|0|0|0.00|0|0.00|0|0.00|0|0.00|0|0.00|0|0|0|0.00|0|0.00|0|0.00|0|0.00|0.00|0.00|0.00|0.00|0.00|107358.00|0.00|728904.00|728904.00|0|0.00|0|0.00|0|0.00|0|0.00|0.00|0|0.00
EMPSHFT|1 Restaurante|1|1-Restaurante|22|Viviana|Maldonado|606630033|1| |0| |0|CAJA 1|6|0|628656.00|0.00|0.00|62865.00|0|0|0.00|0|0.00|0|0.00|0|0.00|0|0.00|0|0|0|141528.00|0|141528.00|2|0.00|0|0.00|0.00|0.00|0.00|0.00|0.00|119444.00|0.00|810965.00|810965.00|0|1825728.00|2|0.00|0|0.00|0|0.00|0.00|0|0.00
EMPSHFT|1 Restaurante|1|1-Restaurante|22|Moises|Cotes|606630037|1| |0| |0|ALMACEN|2|0|1344792.00|0.00|0.00|134476.00|10|11|0.00|0|0.00|0|0.00|0|207800.00|3|0.00|0|0|0|214081.00|0|214081.00|10|0.00|0|0.00|0.00|0.00|0.00|0.00|0.00|255508.00|-1.00|1734777.00|1734776.00|10|2761681.00|10|0.00|0|0.00|0|0.00|0.00|0|0.00
EMPSHFT|1 Restaurante|1|1-Restaurante|22|Moises|Cotes|606630037|1| |0| |0|CAJA 2|7|0|0.00|0.00|0.00|0.00|0|0|0.00|0|0.00|0|0.00|0|0.00|0|0.00|0|0|0|0.00|0|0.00|0|0.00|0|2382226.00|0.00|0.00|0.00|0.00|0.00|0.00|0.00|0.00|0.00|0|0.00|0|0.00|0|0.00|0|0.00|0.00|0|0.00
EMPSHFT|1 Restaurante|1|1-Restaurante|22|Moises|Cotes|606630037|1| |0| |0|MARILYN|5|0|796051.00|0.00|0.00|79605.00|0|0|0.00|0|0.00|0|0.00|0|143000.00|2|0.00|0|0|0|0.00|0|0.00|0|0.00|0|0.00|0.00|0.00|0.00|0.00|0.00|151249.00|0.00|1026905.00|1026905.00|1|0.00|0|0.00|0|0.00|0|0.00|0.00|0|0.00
EMPSHFT|1 Restaurante|1|1-Restaurante|22|Karem|Lopez|606630046|1| |0| |0|MARILYN|5|0|58319.00|0.00|0.00|5832.00|1|1|0.00|0|0.00|0|0.00|0|0.00|0|0.00|0|0|0|0.00|0|0.00|0|0.00|0|0.00|0.00|0.00|0.00|0.00|0.00|11081.00|0.00|75232.00|75232.00|2|0.00|0|0.00|0|0.00|0|0.00|0.00|0|0.00
EMPSHFT|1 Restaurante|1|1-Restaurante|22|Karem|Lopez|606630046|1| |0| |0|CAJA 2|7|0|0.00|0.00|0.00|0.00|0|0|0.00|0|0.00|0|0.00|0|0.00|0|0.00|0|0|0|0.00|0|0.00|0|0.00|0|34382.00|0.00|0.00|0.00|0.00|0.00|0.00|0.00|0.00|-4.00|0|-4.00|0|0.00|0|0.00|0|-4.00|0.00|0|0.00
EMPSHFT|1 Restaurante|1|1-Restaurante|22|Karem|Lopez|606630046|1| |0| |0|ALMACEN|2|0|41176.00|0.00|0.00|4118.00|4|4|0.00|0|0.00|0|0.00|0|0.00|0|0.00|0|0|0|3126.00|0|3126.00|3|0.00|0|0.00|0.00|0.00|0.00|0.00|0.00|7824.00|0.00|53118.00|53118.00|4|40326.00|3|0.00|0|0.00|0|0.00|0.00|0|0.00
EMPSHFT|1 Restaurante|1|1-Restaurante|22|Evelyn|Genes|606630056|1| |0| |0|CAJA 1|6|0|894964.00|0.00|0.00|89495.00|1|2|0.00|0|0.00|0|0.00|0|0.00|0|0.00|0|0|0|0.00|0|0.00|0|0.00|0|0.00|0.00|0.00|0.00|0.00|0.00|170036.00|0.00|1154495.00|1154495.00|1|0.00|0|0.00|0|0.00|0|0.00|0.00|0|0.00
EMPSHFT|1 Restaurante|1|1-Restaurante|22|Jhonatan|Gutierrez|606630059|1| |0| |0|TERRAZA|8|0|687899.00|0.00|0.00|68789.00|4|7|0.00|0|0.00|0|0.00|0|0.00|0|0.00|0|0|0|46554.00|0|46554.00|3|0.00|0|0.00|0.00|0.00|0.00|0.00|0.00|130701.00|0.00|887389.00|887389.00|5|600554.00|3|0.00|0|0.00|0|0.00|0.00|0|0.00
EMPSHFT|1 Restaurante|1|1-Restaurante|22|Jhonatan|Gutierrez|606630059|1| |0| |0|CAJA 2|7|0|0.00|0.00|0.00|0.00|0|0|0.00|0|0.00|0|0.00|0|0.00|0|0.00|0|0|0|0.00|0|0.00|0|0.00|0|512098.00|0.00|0.00|0.00|0.00|0.00|0.00|0.00|0.00|-2.00|0|-2.00|1|0.00|0|0.00|0|-2.00|0.00|0|0.00
EMPSHFT|1 Restaurante|1|1-Restaurante|22|Jhonatan|Gutierrez|606630059|1| |0| |0|COCINA LADO|10|0|-222353.00|0.00|0.00|-22235.00|1|0|0.00|0|-256050.00|4|0.00|0|0.00|0|0.00|0|0|0|0.00|0|0.00|0|0.00|0|0.00|0.00|0.00|0.00|0.00|0.00|-42247.00|-44227.00|13442.00|-286835.00|1|0.00|0|0.00|0|0.00|0|0.00|0.00|0|0.00
EMPSHFT|1 Restaurante|1|1-Restaurante|22|Winder|Castaño|606630063|1| |0| |0|BAR_LADO|3|0|321345.00|0.00|0.00|32134.00|1|4|0.00|0|0.00|0|0.00|0|31200.00|1|0.00|0|0|0|0.00|0|0.00|0|0.00|0|0.00|0.00|0.00|0.00|0.00|0.00|61055.00|-1.00|414535.00|414534.00|5|0.00|0|0.00|0|0.00|0|0.00|0.00|0|0.00
EMPSHFT|1 Restaurante|1|1-Restaurante|22|Winder|Castaño|606630063|1| |0| |0|COCINA LADO|10|0|-196219.00|0.00|0.00|-19622.00|0|-5|0.00|0|-215841.00|12|0.00|0|0.00|0|0.00|0|0|0|-15798.00|0|-15798.00|1|0.00|0|0.00|0.00|0.00|0.00|0.00|0.00|-37281.00|-37281.00|0.00|-253122.00|1|-203798.00|0|0.00|0|0.00|0|0.00|0.00|0|0.00
EMPSHFT|1 Restaurante|1|1-Restaurante|22|Winder|Castaño|606630063|1| |0| |0|CAJA 2|7|0|0.00|0.00|0.00|-12388.00|0|0|0.00|0|0.00|0|0.00|0|0.00|0|0.00|0|0|0|428718.00|0|428718.00|2|0.00|0|11838623.00|0.00|0.00|0.00|0.00|0.00|0.00|-12388.00|0.00|-12381.00|0|5909499.00|4|0.00|0|0.00|0|7.00|0.00|0|0.00
EMPSHFT|1 Restaurante|1|1-Restaurante|22|Winder|Castaño|606630063|1| |0| |0|MARILYN|5|0|241658.00|0.00|0.00|4707.00|1|1|0.00|0|0.00|0|0.00|0|0.00|0|0.00|0|0|0|32940.00|0|32940.00|3|0.00|0|0.00|0.00|0.00|0.00|0.00|0.00|45916.00|0.00|292281.00|292281.00|2|424940.00|3|0.00|0|0.00|0|0.00|0.00|0|0.00
EMPSHFT|1 Restaurante|1|1-Restaurante|22|Winder|Castaño|606630063|1| |0| |0|CAJA 1|6|0|7729495.00|0.00|0.00|772942.00|20|45|0.00|0|0.00|0|0.00|0|600000.00|15|0.00|0|0|0|316056.00|0|316056.00|15|0.00|0|0.00|0.00|0.00|0.00|0.00|0.00|1468605.00|-1.00|9971043.00|9971042.00|28|4077156.00|15|0.00|0|0.00|0|0.00|0.00|0|0.00
EMPSHFT|1 Restaurante|1|1-Restaurante|22|Winder|Castaño|606630063|1| |0| |0|ALMACEN|2|0|10420.00|0.00|0.00|1042.00|1|1|0.00|0|0.00|0|0.00|0|0.00|0|0.00|0|0|0|1042.00|0|1042.00|1|0.00|0|0.00|0.00|0.00|0.00|0.00|0.00|1980.00|0.00|13442.00|13442.00|1|13442.00|1|0.00|0|0.00|0|0.00|0.00|0|0.00
EMPSHFT|1 Restaurante|1|1-Restaurante|22|Winder|Castaño|606630063|1| |0| |0|CABINA DJ|4|0|5595031.00|0.00|0.00|559499.00|23|53|0.00|0|0.00|0|0.00|0|432600.00|6|0.00|0|0|0|736574.00|0|736574.00|32|0.00|0|0.00|0.00|0.00|0.00|0.00|0.00|1063069.00|0.00|7217599.00|7217599.00|25|9501874.00|32|0.00|0|0.00|0|0.00|0.00|0|0.00
EMPSHFT|1 Restaurante|1|1-Restaurante|22|Winder|Castaño|606630063|1| |0| |0|CAPS|1|0|0.00|0.00|0.00|0.00|0|0|0.00|0|0.00|0|0.00|0|0.00|0|0.00|0|0|0|0.00|0|0.00|0|0.00|0|73299.00|0.00|0.00|0.00|0.00|0.00|0.00|0.00|0.00|-4.00|0|-4.00|0|0.00|0|0.00|0|-4.00|0.00|0|0.00
EMPSHFT|1 Restaurante|1|1-Restaurante|22|Esther|Gonzalez|606630064|1| |0| |0|CAJA 2|7|0|0.00|0.00|0.00|-22235.00|0|0|0.00|0|0.00|0|0.00|0|0.00|0|0.00|0|0|0|1815012.00|0|1815012.00|1|0.00|0|14107701.00|0.00|0.00|0.00|0.00|0.00|0.00|-22235.00|0.00|-22237.00|0|29124564.00|3|0.00|0|0.00|0|-2.00|0.00|0|0.00
EMPSHFT|1 Restaurante|1|1-Restaurante|22|Esther|Gonzalez|606630064|1| |0| |0|ALMACEN|2|0|6356907.00|0.00|0.00|635682.00|19|32|0.00|0|0.00|0|0.00|0|489600.00|8|0.00|0|0|0|240291.00|0|240291.00|17|0.00|0|0.00|0.00|0.00|0.00|0.00|0.00|1207793.00|0.00|8200382.00|8200382.00|23|3099791.00|17|0.00|0|0.00|0|0.00|0.00|0|0.00
EMPSHFT|1 Restaurante|1|1-Restaurante|22|Esther|Gonzalez|606630064|1| |0| |0|CAJA 1|6|0|4473359.00|0.00|0.00|447335.00|3|4|0.00|0|0.00|0|0.00|0|3748600.00|9|0.00|0|0|0|9857.00|0|9857.00|3|0.00|0|0.00|0.00|0.00|0.00|0.00|0.00|849941.00|0.00|5770635.00|5770635.00|3|127157.00|3|0.00|0|0.00|0|0.00|0.00|0|0.00
EMPSHFT|1 Restaurante|1|1-Restaurante|22|Esther|Gonzalez|606630064|1| |0| |0|BAR_LADO|3|0|179333.00|0.00|0.00|17933.00|0|0|0.00|0|0.00|0|0.00|0|0.00|0|0.00|0|0|0|0.00|0|0.00|0|0.00|0|0.00|0.00|0.00|0.00|0.00|0.00|34067.00|0.00|231333.00|231333.00|0|0.00|0|0.00|0|0.00|0|0.00|0.00|0|0.00
EMPSHFT|1 Restaurante|1|1-Restaurante|22|Esther|Gonzalez|606630064|1| |0| |0|MARILYN|5|0|9023660.00|0.00|0.00|444702.00|0|0|0.00|0|0.00|0|0.00|0|529200.00|1|0.00|0|0|0|0.00|0|0.00|0|0.00|0|0.00|0.00|0.00|0.00|0.00|0.00|1714494.00|-1.00|11182857.00|11182856.00|0|0.00|0|0.00|0|0.00|0|0.00|0.00|0|0.00
EMPSHFT|1 Restaurante|1|1-Restaurante|22|Esther|Gonzalez|606630064|1| |0| |0|CABINA DJ|4|0|6704857.00|0.00|0.00|670481.00|3|13|0.00|0|0.00|0|0.00|0|117700.00|2|0.00|0|0|0|5496.00|0|5496.00|1|0.00|0|0.00|0.00|0.00|0.00|0.00|0.00|1273943.00|0.00|8649281.00|8649281.00|14|70896.00|1|0.00|0|0.00|0|0.00|0.00|0|0.00
EMPSHFT|1 Restaurante|1|1-Restaurante|22|Esther|Gonzalez|606630064|1| |0| |0|COCINA LADO|10|0|-1504875.00|0.00|0.00|-150486.00|2|-1|0.00|0|-2533881.00|6|0.00|0|86600.00|1|0.00|0|0|0|0.00|0|0.00|0|0.00|0|0.00|0.00|0.00|0.00|0.00|0.00|-285925.00|-437670.00|1030265.00|-1941286.00|2|0.00|0|0.00|0|0.00|0|0.00|0.00|0|0.00
EMPSHFT|1 Restaurante|1|1-Restaurante|22|Alvaro|Viloria|606630065|1| |0| |0|COCINA LADO|10|0|10326127.00|0.00|0.00|1032602.00|36|91|0.00|0|-645672.00|6|0.00|0|4257600.00|16|0.00|0|0|0|803371.00|0|803371.00|28|0.00|0|0.00|0.00|0.00|0.00|0.00|0.00|1961973.00|-111526.00|14077900.00|13320702.00|44|10363571.00|28|0.00|0|0.00|0|0.00|0.00|0|0.00
EMPSHFT|1 Restaurante|1|1-Restaurante|22|Alvaro|Viloria|606630065|1| |0| |0|ALMACEN|2|0|16303.00|0.00|0.00|1631.00|1|1|0.00|0|0.00|0|0.00|0|0.00|0|0.00|0|0|0|1630.00|0|1630.00|1|0.00|0|0.00|0.00|0.00|0.00|0.00|0.00|3097.00|0.00|21031.00|21031.00|1|21030.00|1|0.00|0|0.00|0|0.00|0.00|0|0.00
EMPSHFT|1 Restaurante|1|1-Restaurante|22|Alvaro|Viloria|606630065|1| |0| |0|MARILYN|5|0|732098.00|0.00|0.00|73209.00|5|9|0.00|0|0.00|0|0.00|0|0.00|0|0.00|0|0|0|69907.00|0|69907.00|3|0.00|0|0.00|0.00|0.00|0.00|0.00|0.00|139102.00|0.00|944409.00|944409.00|5|901807.00|3|0.00|0|0.00|0|0.00|0.00|0|0.00
EMPSHFT|1 Restaurante|1|1-Restaurante|22|Alvaro|Viloria|606630065|1| |0| |0|CABINA DJ|4|0|50588.00|0.00|0.00|5060.00|1|1|0.00|0|0.00|0|0.00|0|0.00|0|0.00|0|0|0|30966.00|0|30966.00|2|0.00|0|0.00|0.00|0.00|0.00|0.00|0.00|9612.00|0.00|65260.00|65260.00|1|399466.00|2|0.00|0|0.00|0|0.00|0.00|0|0.00
EMPSHFT|1 Restaurante|1|1-Restaurante|22|Alvaro|Viloria|606630065|1| |0| |0|CAJA 1|6|0|0.00|0.00|0.00|0.00|0|0|0.00|0|0.00|0|0.00|0|0.00|0|0.00|0|0|0|16118.00|0|16118.00|1|0.00|0|0.00|0.00|0.00|0.00|0.00|0.00|0.00|0.00|0.00|0.00|0|207918.00|1|0.00|0|0.00|0|0.00|0.00|0|0.00
EMPSHFT|1 Restaurante|1|1-Restaurante|22|Alvaro|Viloria|606630065|1| |0| |0|CAJA 2|7|0|0.00|0.00|0.00|-71907.00|0|0|0.00|0|0.00|0|0.00|0|0.00|0|0.00|0|0|0|220192.00|0|220192.00|2|0.00|0|12613364.00|0.00|0.00|0.00|0.00|0.00|0.00|-71907.00|0.00|-71906.00|0|3912773.00|5|0.00|0|0.00|0|1.00|0.00|0|0.00
EMPSHFT|1 Restaurante|1|1-Restaurante|22|Sebastian|Ortiz|606630068|1| |0| |0|CAJA 1|6|0|2137800.00|0.00|0.00|213780.00|1|1|0.00|0|0.00|0|0.00|0|552000.00|1|0.00|0|0|0|0.00|0|0.00|0|0.00|0|0.00|0.00|0.00|0.00|0.00|0.00|406200.00|0.00|2757780.00|2757780.00|1|0.00|0|0.00|0|0.00|0|0.00|0.00|0|0.00
EMPSHFT|1 Restaurante|1|1-Restaurante|22|Valentina|Rodriguez|606630077|1| |0| |0|MARILYN|5|0|3670481.00|0.00|0.00|348848.00|10|18|0.00|0|-1142705.00|16|0.00|0|217500.00|5|0.00|0|0|0|174100.00|0|174100.00|9|0.00|0|0.00|0.00|0.00|0.00|0.00|0.00|697399.00|-197377.00|6056810.00|4716728.00|15|2245900.00|8|0.00|0|0.00|0|0.00|0.00|0|0.00
EMPSHFT|1 Restaurante|1|1-Restaurante|22|Valentina|Rodriguez|606630077|1| |0| |0|COCINA LADO|10|0|202604.00|0.00|0.00|20260.00|1|1|0.00|0|-148084.00|10|0.00|0|0.00|0|0.00|0|0|0|36336.00|0|36336.00|1|0.00|0|0.00|0.00|0.00|0.00|0.00|0.00|38496.00|-25578.00|435022.00|261360.00|2|468736.00|1|0.00|0|0.00|0|0.00|0.00|0|0.00
EMPSHFT|1 Restaurante|1|1-Restaurante|22|Valentina|Rodriguez|606630077|1| |0| |0|CAJA 2|7|0|0.00|0.00|0.00|0.00|0|0|0.00|0|0.00|0|0.00|0|0.00|0|0.00|0|0|0|0.00|0|0.00|0|0.00|0|2314804.00|0.00|0.00|0.00|0.00|0.00|0.00|0.00|0.00|-3.00|0|-3.00|2|0.00|0|0.00|0|-3.00|0.00|0|0.00
EMPSHFT|2 Almacen|2|2-Almacen|2|Alba|Quintero|606630079|1| |0| |0|MARILYN|5|0|0.00|0.00|0.00|0.00|0|0|0.00|0|0.00|0|0.00|0|0.00|0|0.00|0|0|0|0.00|0|0.00|0|0.00|0|0.00|0.00|0.00|0.00|0.00|0.00|0.00|0.00|0.00|0.00|0|136000.00|1|0.00|0|0.00|0|0.00|0.00|0|0.00
EMPSHFT|2 Almacen|2|2-Almacen|2|Alba|Quintero|606630079|1| |0| |0|CABINA DJ|4|0|74788.00|0.00|0.00|0.00|1|2|0.00|0|0.00|0|0.00|0|0.00|0|0.00|0|0|0|0.00|0|0.00|0|0.00|0|0.00|0.00|0.00|0.00|0.00|0.00|14212.00|0.00|89000.00|89000.00|1|0.00|0|0.00|0|0.00|0|0.00|0.00|0|0.00
EMPSHFT|2 Almacen|2|2-Almacen|2|Alba|Quintero|606630079|1| |0| |0|BAR_LADO|3|0|352099.00|0.00|0.00|0.00|5|5|0.00|0|0.00|0|0.00|0|835800.00|14|0.00|0|0|0|0.00|0|0.00|0|0.00|0|0.00|0.00|0.00|0.00|0.00|0.00|66901.00|0.00|419000.00|419000.00|5|283000.00|4|0.00|0|0.00|0|0.00|0.00|0|0.00
EMPSHFT|2 Almacen|2|2-Almacen|2|Alba|Quintero|606630079|1| |0| |0|CAJA 2|7|0|0.00|0.00|0.00|0.00|0|0|0.00|0|0.00|0|0.00|0|0.00|0|0.00|0|0|0|0.00|0|0.00|0|0.00|0|426887.00|0.00|0.00|0.00|0.00|0.00|0.00|0.00|0.00|0.00|0|0.00|0|0.00|0|0.00|0|0.00|0.00|0|0.00
EMPSHFT|2 Almacen|2|2-Almacen|2|Alba|Quintero|606630079|1| |0| |0|CAJA 1|6|0|0.00|0.00|0.00|0.00|0|0|0.00|0|0.00|0|0.00|0|0.00|0|0.00|0|0|0|0.00|0|0.00|0|0.00|0|0.00|0.00|0.00|0.00|0.00|0.00|0.00|0.00|0.00|0.00|0|89000.00|1|0.00|0|0.00|0|0.00|0.00|0|0.00
EMPSHFT|1 Restaurante|1|1-Restaurante|22|Juan|Gomez|606640007|1| |0| |0|MARILYN|5|0|72773.00|0.00|0.00|7277.00|1|1|0.00|0|0.00|0|0.00|0|0.00|0|0.00|0|0|0|0.00|0|0.00|0|0.00|0|0.00|0.00|0.00|0.00|0.00|0.00|13827.00|0.00|93877.00|93877.00|3|0.00|0|0.00|0|0.00|0|0.00|0.00|0|0.00
EMPSHFT|1 Restaurante|1|1-Restaurante|22|Juan|Gomez|606640007|1| |0| |0|ALMACEN|2|0|0.00|0.00|0.00|0.00|0|0|0.00|0|0.00|0|0.00|0|0.00|0|0.00|0|0|0|0.00|0|0.00|0|0.00|0|0.00|0.00|0.00|0.00|0.00|0.00|0.00|0.00|0.00|0.00|0|0.00|0|0.00|0|0.00|0|0.00|0.00|0|0.00
EMPSHFT|1 Restaurante|1|1-Restaurante|22|Juan|Gomez|606640007|1| |0| |0|CAJA 2|7|0|0.00|0.00|0.00|0.00|0|0|0.00|0|0.00|0|0.00|0|0.00|0|0.00|0|0|0|0.00|0|0.00|0|0.00|0|0.00|0.00|0.00|0.00|0.00|0.00|0.00|0.00|0.00|0.00|0|0.00|2|0.00|0|0.00|0|0.00|0.00|0|0.00
EMPSHFT|1 Restaurante|1|1-Restaurante|22|Juan|Gomez|606640007|1| |0| |0|COCINA LADO|10|0|-95126.00|0.00|0.00|-9512.00|1|0|0.00|0|-144201.00|7|0.00|0|0.00|0|0.00|0|0|0|0.00|0|0.00|0|0.00|0|0.00|0.00|0.00|0.00|0.00|0.00|-18074.00|-24908.00|46397.00|-122712.00|1|0.00|0|0.00|0|0.00|0|0.00|0.00|0|0.00
EMPSHFT|1 Restaurante|1|1-Restaurante|22|Santiago|Narvaez|606640008|1| |0| |0|MARILYN|5|0|90084.00|0.00|0.00|9008.00|1|2|0.00|0|0.00|0|0.00|0|0.00|0|0.00|0|0|0|9008.00|0|9008.00|1|0.00|0|0.00|0.00|0.00|0.00|0.00|0.00|17116.00|0.00|116208.00|116208.00|1|116208.00|1|0.00|0|0.00|0|0.00|0.00|0|0.00
EMPSHFT|1 Restaurante|1|1-Restaurante|22|Santiago|Narvaez|606640008|1| |0| |0|CAJA 2|7|0|0.00|0.00|0.00|0.00|0|0|0.00|0|0.00|0|0.00|0|0.00|0|0.00|0|0|0|0.00|0|0.00|0|0.00|0|99092.00|0.00|0.00|0.00|0.00|0.00|0.00|0.00|0.00|0.00|0|0.00|0|0.00|0|0.00|0|0.00|0.00|0|0.00
EMPSHFT|1 Restaurante|1|1-Restaurante|22|Viviana|Maldonado M.|606670017|1| |0| |0|COCINA LADO|10|0|193950.00|0.00|0.00|19395.00|2|3|0.00|0|0.00|0|0.00|0|0.00|0|0.00|0|0|0|19395.00|0|19395.00|2|0.00|0|0.00|0.00|0.00|0.00|0.00|0.00|36850.00|0.00|250195.00|250195.00|2|250195.00|2|0.00|0|0.00|0|0.00|0.00|0|0.00
EMPSHFT|1 Restaurante|1|1-Restaurante|22|Viviana|Maldonado M.|606670017|1| |0| |0|CAJA 2|7|0|0.00|0.00|0.00|0.00|0|0|0.00|0|0.00|0|0.00|0|0.00|0|0.00|0|0|0|0.00|0|0.00|0|0.00|0|213348.00|0.00|0.00|0.00|0.00|0.00|0.00|0.00|0.00|3.00|0|3.00|0|0.00|0|0.00|0|3.00|0.00|0|0.00
EMPSHFT|1 Restaurante|1|1-Restaurante|22|Camilo|Tangarife|606670018|1| |0| |0|CAJA 1|6|0|147646.00|0.00|0.00|14765.00|1|2|0.00|0|0.00|0|0.00|0|0.00|0|0.00|0|0|0|0.00|0|0.00|0|0.00|0|0.00|0.00|0.00|0.00|0.00|0.00|28054.00|0.00|190465.00|190465.00|1|0.00|0|0.00|0|0.00|0|0.00|0.00|0|0.00
EMPSHFT|1 Restaurante|1|1-Restaurante|22|Yasser Enrique|Ortiz Pacheco|606680002|1| |0| |0|COCINA LADO|10|0|0.00|0.00|0.00|0.00|0|0|0.00|0|0.00|0|0.00|0|0.00|0|0.00|0|0|0|0.00|0|0.00|0|0.00|0|0.00|0.00|0.00|0.00|0.00|0.00|0.00|0.00|0.00|0.00|1|0.00|0|0.00|0|0.00|0|0.00|0.00|0|0.00
EMPSHFT|1 Restaurante|1|1-Restaurante|22|Yasser Enrique|Ortiz Pacheco|606680002|1| |0| |0|MARILYN|5|0|0.00|0.00|0.00|0.00|0|0|0.00|0|0.00|0|0.00|0|0.00|0|0.00|0|0|0|0.00|0|0.00|0|0.00|0|0.00|0.00|0.00|0.00|0.00|0.00|0.00|0.00|0.00|0.00|0|0.00|0|0.00|0|0.00|0|0.00|0.00|0|0.00
EMPSHFT|1 Restaurante|1|1-Restaurante|22|Yasser Enrique|Ortiz Pacheco|606680002|1| |0| |0|CAJA 2|7|0|0.00|0.00|0.00|0.00|0|0|0.00|0|0.00|0|0.00|0|0.00|0|0.00|0|0|0|0.00|0|0.00|0|0.00|0|0.00|0.00|0.00|0.00|0.00|0.00|0.00|0.00|0.00|0.00|0|0.00|1|0.00|0|0.00|0|0.00|0.00|0|0.00
EMPSHFT|1 Restaurante|1|1-Restaurante|22|Rosmar|Arevalo|606680003|1| |0| |0|CAJA 2|7|0|1.00|0.00|0.00|999.00|1|1|0.00|0|0.00|0|0.00|0|0.00|0|0.00|0|0|0|999.00|0|999.00|1|0.00|0|1.00|0.00|0.00|0.00|0.00|0.00|0.00|0.00|1000.00|1000.00|1|1000.00|1|0.00|0|0.00|0|0.00|0.00|0|0.00
EMPSHFT|1 Restaurante|1|1-Restaurante|22|Hector|Diaz|606680011|1| |0| |0|BAR_LADO|3|0|478990.00|0.00|0.00|0.00|9|0|0.00|0|0.00|0|0.00|0|0.00|0|0.00|0|0|0|0.00|0|0.00|0|0.00|0|478990.00|0.00|0.00|0.00|0.00|0.00|91010.00|0.00|570000.00|570000.00|9|570000.00|9|0.00|0|0.00|0|0.00|0.00|0|0.00
EMPDSC|1 Restaurante|1|1-Restaurante|22|Juliander Alexander |Lara Muñoz|606630012|Descuento %|1|Descuento %|1|-13614.00|1|-13614.00
EMPTM|1 Restaurante|1|1-Restaurante|22|Marilin Paola|Zabaleta Cuellar|606630003|Contado|102|Contado|102|Payment|0.00|0
EMPTM|1 Restaurante|1|1-Restaurante|22|Gleiner|Montiel Rocha|606630008|Contado|102|Contado|102|Payment|0.00|0
EMPTM|1 Restaurante|1|1-Restaurante|22|Juliander Alexander |Lara Muñoz|606630012|Contado|102|Contado|102|Payment|0.00|0
EMPTM|1 Restaurante|1|1-Restaurante|22|Rosmar|Arevalo|606680003|Efectivo |101|Efectivo |101|Payment|4394750.00|31
EMPTM|2 Almacen|2|2-Almacen|2|Rosmar|Arevalo|606680003|Efectivo |101|Efectivo |101|Payment|93000.00|2
EMPTM|1 Restaurante|1|1-Restaurante|22|Rosmar|Arevalo|606680003|Contado|102|Contado|102|Payment|0.00|0
EMPTM|1 Restaurante|1|1-Restaurante|22|Rosmar|Arevalo|606680003|American Express|201|American Express|201|Payment|1443445.00|5
EMPTM|1 Restaurante|1|1-Restaurante|22|Rosmar|Arevalo|606680003|Master Card|202|Master Card|202|Payment|19485906.00|54
EMPTM|1 Restaurante|1|1-Restaurante|22|Rosmar|Arevalo|606680003|Cuenta X Cobrar|206|Cuenta X Cobrar|206|Payment|78411109.00|6
EMPTM|20-Domicilios|20|20-Domicilios|29|Rosmar|Arevalo|606680003|CxC Rappi|210|CxC Rappi|210|Payment|836050.00|3
EMPTM|1 Restaurante|1|1-Restaurante|22|Rosmar|Arevalo|606680003|Visa|204|Visa|204|Payment|34935110.00|78
EMPTM|2 Almacen|2|2-Almacen|2|Rosmar|Arevalo|606680003|Visa|204|Visa|204|Payment|415000.00|4
EMPTM|1 Restaurante|1|1-Restaurante|22|Rosmar|Arevalo|606680003|Anticipo|208|Anticipo|208|Payment|4732073.00|1
EMPTM|1 Restaurante|1|1-Restaurante|22|Viviana|Maldonado|606630033|Contado|102|Contado|102|Payment|0.00|0
EMPTM|1 Restaurante|1|1-Restaurante|22|Moises|Cotes|606630037|Contado|102|Contado|102|Payment|0.00|0
EMPTM|1 Restaurante|1|1-Restaurante|22|Karem|Lopez|606630046|Contado|102|Contado|102|Payment|0.00|0
EMPTM|1 Restaurante|1|1-Restaurante|22|Winder|Castaño|606630063|Contado|102|Contado|102|Payment|0.00|0
EMPTM|1 Restaurante|1|1-Restaurante|22|Esther|Gonzalez|606630064|Contado|102|Contado|102|Payment|0.00|0
EMPTM|1 Restaurante|1|1-Restaurante|22|Alvaro|Viloria|606630065|Contado|102|Contado|102|Payment|0.00|0
EMPTM|1 Restaurante|1|1-Restaurante|22|Viviana|Maldonado M.|606670017|Contado|102|Contado|102|Payment|0.00|0
EMPTM|1 Restaurante|1|1-Restaurante|22|Camilo|Tangarife|606670018|Contado|102|Contado|102|Payment|0.00|0
EMPTM|1 Restaurante|1|1-Restaurante|22|Valentina|Rodriguez|606630077|Contado|102|Contado|102|Payment|0.00|0
EMPTM|2 Almacen|2|2-Almacen|2|Alba|Quintero|606630079|Contado|102|Contado|102|Payment|0.00|0
EMPTM|1 Restaurante|1|1-Restaurante|22|Hector|Diaz|606680011|Efectivo |101|Efectivo |101|Payment|150000.00|3
EMPTM|1 Restaurante|1|1-Restaurante|22|Hector|Diaz|606680011|Master Card|202|Master Card|202|Payment|120000.00|2
EMPTM|1 Restaurante|1|1-Restaurante|22|Hector|Diaz|606680011|Visa|204|Visa|204|Payment|300000.00|5
EMPTM|1 Restaurante|1|1-Restaurante|22|Jose|Cerchar Colon|302270005|Efectivo |101|Efectivo |101|Payment|450000.00|9
EMPTM|1 Restaurante|1|1-Restaurante|22|Jose|Cerchar Colon|302270005|Contado|102|Contado|102|Payment|0.00|0
EMPTM|1 Restaurante|1|1-Restaurante|22|Jose|Cerchar Colon|302270005|Master Card|202|Master Card|202|Payment|570000.00|6
EMPTM|1 Restaurante|1|1-Restaurante|22|Jose|Cerchar Colon|302270005|Visa|204|Visa|204|Payment|540000.00|10
EMPTM|1 Restaurante|1|1-Restaurante|22|Leonardo de Jesus|Avila Perez|112|Contado|102|Contado|102|Payment|0.00|0
EMPOTSLS|1 Restaurante|1|1-Restaurante|22|Karem|Lopez|606630046|Para Aqui|1|Para Aqui|1|5|5|0|0|99495.00|0.00|0.00|0|0.00|0|0.00|0.00|0|0.00|0|0.00|0|0.00|0|0.00|0|0.00|0|0.00|0|0.00|0|0.00|0.00|99495.00
EMPOTSLS|1 Restaurante|1|1-Restaurante|22|Winder|Castaño|606630063|Para Llevar|2|Para Llevar|2|0|0|0|0|116975.00|0.00|0.00|0|0.00|0|0.00|0.00|0|0.00|0|0.00|0|0.00|0|0.00|0|0.00|0|0.00|0|0.00|0|0.00|0.00|116975.00
EMPOTSLS|1 Restaurante|1|1-Restaurante|22|Esther|Gonzalez|606630064|Para Aqui|1|Para Aqui|1|27|48|0|0|25233241.00|0.00|0.00|0|0.00|0|0.00|0.00|0|0.00|0|0.00|0|0.00|0|0.00|0|0.00|0|0.00|0|0.00|0|0.00|0.00|25233241.00
EMPOTSLS|1 Restaurante|1|1-Restaurante|22|Alvaro|Viloria|606630065|Para Aqui|1|Para Aqui|1|43|102|0|0|11125116.00|0.00|0.00|0|0.00|0|0.00|0.00|0|0.00|0|0.00|0|0.00|0|0.00|0|0.00|0|0.00|0|0.00|0|0.00|0.00|11125116.00
EMPOTSLS|1 Restaurante|1|1-Restaurante|22|Sebastian|Ortiz|606630068|Para Aqui|1|Para Aqui|1|1|1|0|0|2137800.00|0.00|0.00|0|0.00|0|0.00|0.00|0|0.00|0|0.00|0|0.00|0|0.00|0|0.00|0|0.00|0|0.00|0|0.00|0.00|2137800.00
EMPOTSLS|1 Restaurante|1|1-Restaurante|22|Moises|Cotes|606630037|Para Aqui|1|Para Aqui|1|10|11|0|0|2140843.00|0.00|0.00|0|0.00|0|0.00|0.00|0|0.00|0|0.00|0|0.00|0|0.00|0|0.00|0|0.00|0|0.00|0|0.00|0.00|2140843.00
EMPOTSLS|1 Restaurante|1|1-Restaurante|22|Valentina|Rodriguez|606630077|Para Aqui|1|Para Aqui|1|11|19|0|0|3873085.00|0.00|0.00|0|0.00|0|0.00|0.00|0|0.00|0|0.00|0|0.00|0|0.00|0|0.00|0|0.00|0|0.00|0|0.00|0.00|3873085.00
EMPOTSLS|2 Almacen|2|2-Almacen|2|Alba|Quintero|606630079|Para Aqui|1|Para Aqui|1|6|7|0|0|426887.00|0.00|0.00|0|0.00|0|0.00|0.00|0|0.00|0|0.00|0|0.00|0|0.00|0|0.00|0|0.00|0|0.00|0|0.00|0.00|426887.00
EMPOTSLS|1 Restaurante|1|1-Restaurante|22|Santiago|Narvaez|606640008|Para Aqui|1|Para Aqui|1|1|2|0|0|90084.00|0.00|0.00|0|0.00|0|0.00|0.00|0|0.00|0|0.00|0|0.00|0|0.00|0|0.00|0|0.00|0|0.00|0|0.00|0.00|90084.00
EMPOTSLS|1 Restaurante|1|1-Restaurante|22|Camilo|Tangarife|606670018|Para Aqui|1|Para Aqui|1|1|2|0|0|147646.00|0.00|0.00|0|0.00|0|0.00|0.00|0|0.00|0|0.00|0|0.00|0|0.00|0|0.00|0|0.00|0|0.00|0|0.00|0.00|147646.00
EMPOTSLS|1 Restaurante|1|1-Restaurante|22|Viviana|Maldonado|606630033|Para Aqui|1|Para Aqui|1|6|9|0|0|19180917.00|0.00|0.00|0|0.00|0|0.00|0.00|0|0.00|0|0.00|0|0.00|0|0.00|0|0.00|0|0.00|0|0.00|0|0.00|0.00|19180917.00
EMPOTSLS|1 Restaurante|1|1-Restaurante|22|Hector|Diaz|606680011|Para Aqui|1|Para Aqui|1|9|0|0|0|478990.00|0.00|0.00|0|0.00|0|0.00|0.00|0|0.00|0|0.00|0|0.00|0|0.00|0|0.00|0|0.00|0|0.00|0|0.00|0.00|478990.00
EMPOTSLS|1 Restaurante|1|1-Restaurante|22|Jose|Cerchar Colon|302270005|Para Aqui|1|Para Aqui|1|19|0|0|0|1310920.00|0.00|0.00|0|0.00|0|0.00|0.00|0|0.00|0|0.00|0|0.00|0|0.00|0|0.00|0|0.00|0|0.00|0|0.00|0.00|1310920.00
EMPOTSLS|20-Domicilios|20|20-Domicilios|29|Domicilios|Rappi|606630025|Para Aqui|1|Para Aqui|1|3|0|0|0|702565.00|0.00|0.00|0|0.00|0|0.00|0.00|0|0.00|0|0.00|0|0.00|0|0.00|0|0.00|0|0.00|0|0.00|0|0.00|0.00|702565.00
EMPOTSLS|1 Restaurante|1|1-Restaurante|22|Jhonatan|Gutierrez|606630059|Para Aqui|1|Para Aqui|1|5|7|0|0|465546.00|0.00|0.00|0|0.00|0|0.00|0.00|0|0.00|0|0.00|0|0.00|0|0.00|0|0.00|0|0.00|0|0.00|0|0.00|0.00|465546.00
EMPOTSLS|1 Restaurante|1|1-Restaurante|22|Juan|Gomez|606640007|Para Aqui|1|Para Aqui|1|2|1|0|0|-22353.00|0.00|0.00|0|0.00|0|0.00|0.00|0|0.00|0|0.00|0|0.00|0|0.00|0|0.00|0|0.00|0|0.00|0|0.00|0.00|-22353.00
EMPOTSLS|1 Restaurante|1|1-Restaurante|22|Evelyn|Genes|606630056|Para Aqui|1|Para Aqui|1|1|2|0|0|894964.00|0.00|0.00|0|0.00|0|0.00|0.00|0|0.00|0|0.00|0|0.00|0|0.00|0|0.00|0|0.00|0|0.00|0|0.00|0.00|894964.00
EMPOTSLS|1 Restaurante|1|1-Restaurante|22|Juliander Alexander |Lara Muñoz|606630012|Para Aqui|1|Para Aqui|1|5|8|0|0|1161581.00|0.00|0.00|0|0.00|0|0.00|0.00|0|0.00|0|0.00|0|0.00|0|0.00|0|0.00|0|0.00|0|0.00|0|0.00|0.00|1161581.00
EMPOTSLS|1 Restaurante|1|1-Restaurante|22|Marilin Paola|Zabaleta Cuellar|606630003|Para Aqui|1|Para Aqui|1|5|7|0|0|24113286.00|0.00|0.00|0|0.00|0|0.00|0.00|0|0.00|0|0.00|0|0.00|0|0.00|0|0.00|0|0.00|0|0.00|0|0.00|0.00|24113286.00
EMPOTSLS|1 Restaurante|1|1-Restaurante|22|Gleiner|Montiel Rocha|606630008|Para Aqui|1|Para Aqui|1|8|9|0|0|7180928.00|0.00|0.00|0|0.00|0|0.00|0.00|0|0.00|0|0.00|0|0.00|0|0.00|0|0.00|0|0.00|0|0.00|0|0.00|0.00|7180928.00
EMPOTSLS|1 Restaurante|1|1-Restaurante|22|Winder|Castaño|606630063|Para Aqui|1|Para Aqui|1|46|99|0|0|13584755.00|0.00|0.00|0|0.00|0|0.00|0.00|0|0.00|0|0.00|0|0.00|0|0.00|0|0.00|0|0.00|0|0.00|0|0.00|0.00|13584755.00
EMPOTSLS|1 Restaurante|1|1-Restaurante|22|Viviana|Maldonado M.|606670017|Para Aqui|1|Para Aqui|1|2|3|0|0|193950.00|0.00|0.00|0|0.00|0|0.00|0.00|0|0.00|0|0.00|0|0.00|0|0.00|0|0.00|0|0.00|0|0.00|0|0.00|0.00|193950.00
EMPOTSLS|1 Restaurante|1|1-Restaurante|22|Rosmar|Arevalo|606680003|Para Aqui|1|Para Aqui|1|1|1|0|0|1.00|0.00|0.00|0|0.00|0|0.00|0.00|0|0.00|0|0.00|0|0.00|0|0.00|0|0.00|0|0.00|0|0.00|0|0.00|0.00|1.00
