EMPID|CTG|Andres Cartagena|20241125|20241125|20241227|122223|2.00|2.00|Simphony|19.7.2
EMP|1 Restaurante|1|1-Restaurante|22|Marilin Paola|Zabaleta Cuellar|606630003|8|16|0|0|1517054.00|151706.00|-609436.00|42|0.00|0|-105267.00|4.00|110500.00|4|0.00|0|12792.00|2|1957010.00|9|1751044.00|8|0.00|0|0.00|0|0.00|135740.00|0.00|0|1517054.00|0.00|0.00|1517054.00
EMP|1 Restaurante|1|1-Restaurante|22|Juliander Alexander |Lara Muñoz|606630012|2|0|0|0|0.00|0.00|-305412.00|17|0.00|0|-52753.00|0.00|0.00|0|0.00|0|0.00|0|0.00|2|0.00|2|0.00|0|0.00|0|0.00|0.00|0.00|0|0.00|0.00|0.00|0.00
EMP|1 Restaurante|1|1-Restaurante|22|Rosmar|Arevalo|606680003|0|0|0|0|0.00|0.00|0.00|0|0.00|0|0.00|0.00|0.00|0|0.00|0|989505.00|2|0.00|0|0.00|0|0.00|0|0.00|0|0.00|0.00|0.00|0|0.00|0.00|0.00|0.00
EMP|5 Andres en casa|5|5-Andres en casa|31|Rosmar|Arevalo|606680003|0|0|0|0|0.00|0.00|0.00|0|0.00|0|0.00|0.00|0.00|0|0.00|0|533800.00|1|0.00|0|0.00|0|0.00|0|0.00|0|0.00|0.00|0.00|0|0.00|0.00|0.00|0.00
EMP|6-Ventanilla|6|6-Ventanilla|32|Rosmar|Arevalo|606680003|0|0|0|0|0.00|0.00|0.00|0|0.00|0|0.00|0.00|0.00|0|0.00|0|153716.00|1|0.00|0|0.00|0|0.00|0|0.00|0|0.00|0.00|0.00|0|0.00|0.00|0.00|0.00
EMP|1 Restaurante|1|1-Restaurante|22|Moises|Cotes|606630037|8|28|0|0|3136650.00|313660.00|0.00|0|0.00|0|-1.00|4.00|415700.00|8|0.00|0|0.00|0|4046264.00|14|4323126.00|13|0.00|0|0.00|0|0.00|335122.00|0.00|0|3136650.00|0.00|0.00|3136650.00
EMP|1 Restaurante|1|1-Restaurante|22|Pedro|Carrero|606630050|1|2|0|0|-13614.00|-1361.00|0.00|0|0.00|0|-2042.00|0.00|0.00|0|0.00|0|0.00|0|-13661.00|1|3900.00|1|0.00|0|0.00|0|0.00|0.00|0.00|0|6807.00|-20421.00|-20421.00|-13614.00
EMP|1 Restaurante|1|1-Restaurante|22|Juan|Gomez|606640007|1|0|0|0|0.00|0.00|-72470.00|5|0.00|0|-12518.00|0.00|78400.00|1|0.00|0|0.00|0|0.00|1|0.00|1|0.00|0|0.00|0|0.00|0.00|0.00|0|0.00|0.00|0.00|0.00
EMP|1 Restaurante|1|1-Restaurante|22|Evelyn|Genes|606630056|68|151|0|0|18865734.00|1886556.00|-189310.00|7|0.00|0|-32700.00|4.00|868500.00|21|0.00|0|21030.00|3|24336760.00|84|24423808.00|73|0.00|0|0.00|0|0.00|1893304.00|0.00|0|18865734.00|0.00|0.00|18865734.00
EMP|1 Restaurante|1|1-Restaurante|22|Jhonatan|Gutierrez|606630059|49|124|0|0|16688241.00|1651247.00|-362536.00|23|0.00|0|-80186.00|12.00|2718800.00|36|0.00|0|0.00|0|21510259.00|74|20506119.00|56|0.00|0|0.00|0|0.00|1573407.00|0.00|0|16688241.00|0.00|0.00|16688241.00
EMP|1 Restaurante|1|1-Restaurante|22|Santiago|Narvaez|606640008|1|0|0|0|13614.00|1361.00|0.00|0|0.00|0|0.00|0.00|0.00|0|0.00|0|0.00|0|17561.00|1|0.00|0|0.00|0|0.00|0|0.00|0.00|0.00|0|13614.00|0.00|0.00|13614.00
EMP|1 Restaurante|1|1-Restaurante|22|Alba|Quintero|606630079|4|15|0|0|2292684.00|229267.00|0.00|0|0.00|0|0.00|0.00|0.00|0|0.00|0|0.00|0|2957567.00|6|3803763.00|6|0.00|0|0.00|0|0.00|294863.00|0.00|0|2292684.00|0.00|0.00|2292684.00
EMP|2 Almacen|2|2-Almacen|2|Alba|Quintero|606630079|6|7|0|0|385713.00|0.00|0.00|0|0.00|0|0.00|0.00|414000.00|10|0.00|0|0.00|0|459000.00|6|459000.00|6|0.00|0|0.00|0|0.00|0.00|0.00|0|385713.00|0.00|0.00|385713.00
EMP|1 Restaurante|1|1-Restaurante|22|Karem |Lopez |606650010|2|4|0|0|554033.00|55403.00|0.00|0|0.00|0|0.00|0.00|307200.00|3|0.00|0|0.00|0|714703.00|2|714703.00|2|0.00|0|0.00|0|0.00|55403.00|0.00|0|554033.00|0.00|0.00|554033.00
EMPSHFT|1 Restaurante|1|1-Restaurante|22|Marilin Paola|Zabaleta Cuellar|606630003|1| |0| |0|ALMACEN|2|0|159664.00|0.00|0.00|15966.00|1|2|0.00|0|0.00|0|0.00|0|0.00|0|0.00|0|0|0|0.00|0|0.00|0|0.00|0|0.00|0.00|0.00|0.00|0.00|0.00|30336.00|0.00|205966.00|205966.00|1|0.00|0|0.00|0|0.00|0|0.00|0.00|0|0.00
EMPSHFT|1 Restaurante|1|1-Restaurante|22|Marilin Paola|Zabaleta Cuellar|606630003|1| |0| |0|CAJA 2|7|0|0.00|0.00|0.00|0.00|0|0|0.00|0|0.00|0|0.00|0|0.00|0|0.00|0|0|0|0.00|0|0.00|0|0.00|0|1493134.00|0.00|0.00|0.00|0.00|0.00|0.00|0.00|0.00|4.00|0|4.00|1|0.00|0|0.00|0|4.00|0.00|0|0.00
EMPSHFT|1 Restaurante|1|1-Restaurante|22|Marilin Paola|Zabaleta Cuellar|606630003|1| |0| |0|COCINA LADO|10|0|1417812.00|0.00|0.00|141782.00|6|14|0.00|0|0.00|0|0.00|0|53100.00|3|0.00|0|0|0|191143.00|0|191143.00|7|0.00|0|0.00|0.00|0.00|0.00|0.00|0.00|269388.00|0.00|1828982.00|1828982.00|7|2465743.00|7|0.00|0|0.00|0|0.00|0.00|0|0.00
EMPSHFT|1 Restaurante|1|1-Restaurante|22|Marilin Paola|Zabaleta Cuellar|606630003|1| |0| |0|MARILYN|5|0|-60422.00|0.00|0.00|-6042.00|1|0|0.00|0|-609436.00|42|0.00|0|57400.00|1|0.00|0|0|0|-55403.00|0|-55403.00|2|0.00|0|0.00|0.00|0.00|0.00|0.00|0.00|-11478.00|-105267.00|636761.00|-77942.00|1|-714703.00|0|0.00|0|0.00|0|0.00|0.00|0|0.00
EMPSHFT|1 Restaurante|1|1-Restaurante|22|Juliander Alexander |Lara Muñoz|606630012|1| |0| |0|CAJA 2|7|0|0.00|0.00|0.00|0.00|0|0|0.00|0|0.00|0|0.00|0|0.00|0|0.00|0|0|0|0.00|0|0.00|0|0.00|0|0.00|0.00|0.00|0.00|0.00|0.00|0.00|0.00|0.00|0.00|0|0.00|2|0.00|0|0.00|0|0.00|0.00|0|0.00
EMPSHFT|1 Restaurante|1|1-Restaurante|22|Juliander Alexander |Lara Muñoz|606630012|1| |0| |0|COCINA LADO|10|0|277647.00|0.00|0.00|27765.00|1|1|0.00|0|0.00|0|0.00|0|0.00|0|0.00|0|0|0|0.00|0|0.00|0|0.00|0|0.00|0.00|0.00|0.00|0.00|0.00|52753.00|0.00|358165.00|358165.00|1|0.00|0|0.00|0|0.00|0|0.00|0.00|0|0.00
EMPSHFT|1 Restaurante|1|1-Restaurante|22|Juliander Alexander |Lara Muñoz|606630012|1| |0| |0|MARILYN|5|0|-277647.00|0.00|0.00|-27765.00|1|-1|0.00|0|-305412.00|17|0.00|0|0.00|0|0.00|0|0|0|0.00|0|0.00|0|0.00|0|0.00|0.00|0.00|0.00|0.00|0.00|-52753.00|-52753.00|0.00|-358165.00|1|0.00|0|0.00|0|0.00|0|0.00|0.00|0|0.00
EMPSHFT|1 Restaurante|1|1-Restaurante|22|Moises|Cotes|606630037|1| |0| |0|ALMACEN|2|0|122522.00|0.00|0.00|12252.00|0|0|0.00|0|0.00|0|0.00|0|0.00|0|0.00|0|0|0|0.00|0|0.00|0|0.00|0|0.00|0.00|0.00|0.00|0.00|0.00|23278.00|0.00|158052.00|158052.00|1|0.00|0|0.00|0|0.00|0|0.00|0.00|0|0.00
EMPSHFT|1 Restaurante|1|1-Restaurante|22|Moises|Cotes|606630037|1| |0| |0|COCINA LADO|10|0|210761.00|0.00|0.00|21075.00|1|8|0.00|0|0.00|0|0.00|0|11800.00|1|0.00|0|0|0|43327.00|0|43327.00|1|0.00|0|0.00|0.00|0.00|0.00|0.00|0.00|40039.00|0.00|271875.00|271875.00|1|558927.00|1|0.00|0|0.00|0|0.00|0.00|0|0.00
EMPSHFT|1 Restaurante|1|1-Restaurante|22|Moises|Cotes|606630037|1| |0| |0|CAJA 1|6|0|918237.00|0.00|0.00|91821.00|2|7|0.00|0|0.00|0|0.00|0|106000.00|2|0.00|0|0|0|180385.00|0|180385.00|4|0.00|0|0.00|0.00|0.00|0.00|0.00|0.00|174463.00|-1.00|1184522.00|1184521.00|7|2326985.00|4|0.00|0|0.00|0|0.00|0.00|0|0.00
EMPSHFT|1 Restaurante|1|1-Restaurante|22|Moises|Cotes|606630037|1| |0| |0|BAR_LADO|3|0|905464.00|0.00|0.00|90546.00|0|0|0.00|0|0.00|0|0.00|0|197300.00|3|0.00|0|0|0|0.00|0|0.00|0|0.00|0|0.00|0.00|0.00|0.00|0.00|0.00|172036.00|0.00|1168046.00|1168046.00|0|0.00|0|0.00|0|0.00|0|0.00|0.00|0|0.00
EMPSHFT|1 Restaurante|1|1-Restaurante|22|Moises|Cotes|606630037|1| |0| |0|CABINA DJ|4|0|972944.00|0.00|0.00|97294.00|4|9|0.00|0|0.00|0|0.00|0|100600.00|2|0.00|0|0|0|111410.00|0|111410.00|7|0.00|0|0.00|0.00|0.00|0.00|0.00|0.00|184856.00|0.00|1255094.00|1255094.00|4|1437210.00|7|0.00|0|0.00|0|0.00|0.00|0|0.00
EMPSHFT|1 Restaurante|1|1-Restaurante|22|Moises|Cotes|606630037|1| |0| |0|CAJA 2|7|0|0.00|0.00|0.00|0.00|0|0|0.00|0|0.00|0|0.00|0|0.00|0|0.00|0|0|0|0.00|0|0.00|0|0.00|0|3686398.00|0.00|0.00|0.00|0.00|0.00|0.00|0.00|0.00|4.00|0|4.00|1|0.00|0|0.00|0|4.00|0.00|0|0.00
EMPSHFT|1 Restaurante|1|1-Restaurante|22|Moises|Cotes|606630037|1| |0| |0|MARILYN|5|0|6722.00|0.00|0.00|672.00|1|4|0.00|0|0.00|0|0.00|0|0.00|0|0.00|0|0|0|0.00|0|0.00|0|0.00|0|0.00|0.00|0.00|0.00|0.00|0.00|1278.00|0.00|8672.00|8672.00|1|0.00|0|0.00|0|0.00|0|0.00|0.00|0|0.00
EMPSHFT|1 Restaurante|1|1-Restaurante|22|Pedro|Carrero|606630050|1| |0| |0|CABINA DJ|4|0|2269.00|0.00|0.00|227.00|0|0|0.00|0|0.00|0|0.00|0|0.00|0|0.00|0|0|0|0.00|0|0.00|0|0.00|0|0.00|0.00|0.00|0.00|0.00|0.00|431.00|0.00|2927.00|2927.00|0|0.00|0|0.00|0|0.00|0|0.00|0.00|0|0.00
EMPSHFT|1 Restaurante|1|1-Restaurante|22|Pedro|Carrero|606630050|1| |0| |0|CAJA 2|7|0|-20421.00|-20421.00|0.00|-2042.00|0|0|0.00|0|0.00|0|0.00|0|0.00|0|0.00|0|0|0|0.00|0|0.00|0|0.00|0|0.00|0.00|0.00|0.00|0.00|0.00|0.00|-2042.00|0.00|-22442.00|0|3900.00|1|0.00|0|0.00|0|0.00|0.00|0|0.00
EMPSHFT|1 Restaurante|1|1-Restaurante|22|Pedro|Carrero|606630050|1| |0| |0|MARILYN|5|0|2269.00|0.00|0.00|227.00|0|0|0.00|0|0.00|0|0.00|0|0.00|0|0.00|0|0|0|0.00|0|0.00|0|0.00|0|0.00|0.00|0.00|0.00|0.00|0.00|431.00|0.00|2927.00|2927.00|0|0.00|0|0.00|0|0.00|0|0.00|0.00|0|0.00
EMPSHFT|1 Restaurante|1|1-Restaurante|22|Pedro|Carrero|606630050|1| |0| |0|COCINA LADO|10|0|2269.00|0.00|0.00|227.00|1|2|0.00|0|0.00|0|0.00|0|0.00|0|0.00|0|0|0|0.00|0|0.00|0|0.00|0|0.00|0.00|0.00|0.00|0.00|0.00|431.00|0.00|2927.00|2927.00|1|0.00|0|0.00|0|0.00|0|0.00|0.00|0|0.00
EMPSHFT|1 Restaurante|1|1-Restaurante|22|Evelyn|Genes|606630056|1| |0| |0|CAJA 1|6|0|7117907.00|0.00|0.00|711783.00|18|46|0.00|0|0.00|0|0.00|0|252000.00|5|0.00|0|0|0|386292.00|0|386292.00|17|0.00|0|0.00|0.00|0.00|0.00|0.00|0.00|1352393.00|0.00|9182083.00|9182083.00|26|4983192.00|17|0.00|0|0.00|0|0.00|0.00|0|0.00
EMPSHFT|1 Restaurante|1|1-Restaurante|22|Evelyn|Genes|606630056|1| |0| |0|BAR_LADO|3|0|678069.00|0.00|0.00|67806.00|2|5|0.00|0|0.00|0|0.00|0|0.00|0|0.00|0|0|0|68865.00|0|68865.00|2|0.00|0|0.00|0.00|0.00|0.00|0.00|0.00|128831.00|0.00|874706.00|874706.00|3|888365.00|2|0.00|0|0.00|0|0.00|0.00|0|0.00
EMPSHFT|1 Restaurante|1|1-Restaurante|22|Evelyn|Genes|606630056|1| |0| |0|ALMACEN|2|0|1917400.00|0.00|0.00|191740.00|8|23|0.00|0|0.00|0|0.00|0|69400.00|4|0.00|0|0|0|380030.00|0|380030.00|9|0.00|0|0.00|0.00|0.00|0.00|0.00|0.00|364300.00|0.00|2473440.00|2473440.00|13|4902430.00|9|0.00|0|0.00|0|0.00|0.00|0|0.00
EMPSHFT|1 Restaurante|1|1-Restaurante|22|Evelyn|Genes|606630056|1| |0| |0|CAJA 2|7|0|0.00|0.00|0.00|0.00|0|0|0.00|0|0.00|0|0.00|0|0.00|0|0.00|0|0|0|0.00|0|0.00|0|0.00|0|20910042.00|0.00|0.00|0.00|0.00|0.00|0.00|0.00|0.00|4.00|0|4.00|3|0.00|0|0.00|0|4.00|0.00|0|0.00
EMPSHFT|1 Restaurante|1|1-Restaurante|22|Evelyn|Genes|606630056|1| |0| |0|COCINA LADO|10|0|190337.00|0.00|0.00|19035.00|2|1|0.00|0|-189310.00|7|0.00|0|0.00|0|0.00|0|0|0|49966.00|0|49966.00|2|0.00|0|0.00|0.00|0.00|0.00|0.00|0.00|36163.00|-32699.00|467544.00|245535.00|2|644566.00|2|0.00|0|0.00|0|0.00|0.00|0|0.00
EMPSHFT|1 Restaurante|1|1-Restaurante|22|Evelyn|Genes|606630056|1| |0| |0|CABINA DJ|4|0|8472358.00|0.00|0.00|847226.00|34|67|0.00|0|0.00|0|0.00|0|469300.00|10|0.00|0|0|0|952219.00|0|952219.00|38|0.00|0|0.00|0.00|0.00|0.00|0.00|0.00|1609742.00|-1.00|10929327.00|10929326.00|36|12283719.00|38|0.00|0|0.00|0|0.00|0.00|0|0.00
EMPSHFT|1 Restaurante|1|1-Restaurante|22|Evelyn|Genes|606630056|1| |0| |0|MARILYN|5|0|489663.00|0.00|0.00|48966.00|4|9|0.00|0|0.00|0|0.00|0|77800.00|2|0.00|0|0|0|55932.00|0|55932.00|2|0.00|0|0.00|0.00|0.00|0.00|0.00|0.00|93037.00|0.00|631666.00|631666.00|4|721532.00|2|0.00|0|0.00|0|0.00|0.00|0|0.00
EMPSHFT|1 Restaurante|1|1-Restaurante|22|Jhonatan|Gutierrez|606630059|1| |0| |0|CAJA 2|7|0|0.00|0.00|0.00|-17563.00|0|0|0.00|0|0.00|0|0.00|0|0.00|0|0.00|0|0|0|6269.00|0|6269.00|1|0.00|0|17487793.00|0.00|0.00|0.00|0.00|0.00|0.00|-17563.00|0.00|-17551.00|0|289881.00|5|0.00|0|0.00|0|12.00|0.00|0|0.00
EMPSHFT|1 Restaurante|1|1-Restaurante|22|Jhonatan|Gutierrez|606630059|1| |0| |0|MARILYN|5|0|611933.00|0.00|0.00|61192.00|2|2|0.00|0|-29395.00|5|0.00|0|888600.00|9|0.00|0|0|0|59041.00|0|59041.00|2|0.00|0|0.00|0.00|0.00|0.00|0.00|0.00|116267.00|-5078.00|823865.00|789392.00|4|761641.00|2|0.00|0|0.00|0|0.00|0.00|0|0.00
EMPSHFT|1 Restaurante|1|1-Restaurante|22|Jhonatan|Gutierrez|606630059|1| |0| |0|CABINA DJ|4|0|1563359.00|0.00|0.00|156336.00|6|18|0.00|0|0.00|0|0.00|0|119000.00|2|0.00|0|0|0|108419.00|0|108419.00|7|0.00|0|0.00|0.00|0.00|0.00|0.00|0.00|297041.00|-1.00|2016737.00|2016736.00|13|1398619.00|7|0.00|0|0.00|0|0.00|0.00|0|0.00
EMPSHFT|1 Restaurante|1|1-Restaurante|22|Jhonatan|Gutierrez|606630059|1| |0| |0|COCINA LADO|10|0|913365.00|0.00|0.00|91336.00|4|5|0.00|0|-333141.00|18|0.00|0|178100.00|3|0.00|0|0|0|10899.00|0|10899.00|1|0.00|0|0.00|0.00|0.00|0.00|0.00|0.00|173535.00|-57544.00|1568921.00|1178236.00|5|140599.00|1|0.00|0|0.00|0|0.00|0.00|0|0.00
EMPSHFT|1 Restaurante|1|1-Restaurante|22|Jhonatan|Gutierrez|606630059|1| |0| |0|ALMACEN|2|0|12529835.00|0.00|0.00|1252972.00|34|96|0.00|0|0.00|0|0.00|0|1446500.00|21|0.00|0|0|0|1388779.00|0|1388779.00|41|0.00|0|0.00|0.00|0.00|0.00|0.00|0.00|2380665.00|0.00|16163472.00|16163472.00|48|17915379.00|41|0.00|0|0.00|0|0.00|0.00|0|0.00
EMPSHFT|1 Restaurante|1|1-Restaurante|22|Jhonatan|Gutierrez|606630059|1| |0| |0|CAJA 1|6|0|1069749.00|0.00|0.00|106974.00|3|3|0.00|0|0.00|0|0.00|0|86600.00|1|0.00|0|0|0|0.00|0|0.00|0|0.00|0|0.00|0.00|0.00|0.00|0.00|0.00|203251.00|0.00|1379974.00|1379974.00|4|0.00|0|0.00|0|0.00|0|0.00|0.00|0|0.00
EMPSHFT|1 Restaurante|1|1-Restaurante|22|Alba|Quintero|606630079|1| |0| |0|CAJA 1|6|0|1783947.00|0.00|0.00|178393.00|3|7|0.00|0|0.00|0|0.00|0|0.00|0|0.00|0|0|0|236452.00|0|236452.00|3|0.00|0|0.00|0.00|0.00|0.00|0.00|0.00|338953.00|0.00|2301293.00|2301293.00|5|3050252.00|3|0.00|0|0.00|0|0.00|0.00|0|0.00
EMPSHFT|1 Restaurante|1|1-Restaurante|22|Alba|Quintero|606630079|1| |0| |0|CAJA 2|7|0|0.00|0.00|0.00|0.00|0|0|0.00|0|0.00|0|0.00|0|0.00|0|0.00|0|0|0|0.00|0|0.00|0|0.00|0|3243515.00|0.00|0.00|0.00|0.00|0.00|0.00|0.00|0.00|0.00|0|0.00|1|0.00|0|0.00|0|0.00|0.00|0|0.00
EMPSHFT|2 Almacen|2|2-Almacen|2|Alba|Quintero|606630079|1| |0| |0|CAJA 2|7|0|0.00|0.00|0.00|0.00|0|0|0.00|0|0.00|0|0.00|0|0.00|0|0.00|0|0|0|0.00|0|0.00|0|0.00|0|385713.00|0.00|0.00|0.00|0.00|0.00|0.00|0.00|0.00|0.00|0|0.00|0|0.00|0|0.00|0|0.00|0.00|0|0.00
EMPSHFT|2 Almacen|2|2-Almacen|2|Alba|Quintero|606630079|1| |0| |0|BAR_LADO|3|0|385713.00|0.00|0.00|0.00|6|7|0.00|0|0.00|0|0.00|0|414000.00|10|0.00|0|0|0|0.00|0|0.00|0|0.00|0|0.00|0.00|0.00|0.00|0.00|0.00|73287.00|0.00|459000.00|459000.00|6|459000.00|6|0.00|0|0.00|0|0.00|0.00|0|0.00
EMPSHFT|1 Restaurante|1|1-Restaurante|22|Alba|Quintero|606630079|1| |0| |0|CABINA DJ|4|0|0.00|0.00|0.00|0.00|0|0|0.00|0|0.00|0|0.00|0|0.00|0|0.00|0|0|0|51865.00|0|51865.00|1|0.00|0|0.00|0.00|0.00|0.00|0.00|0.00|0.00|0.00|0.00|0.00|0|669065.00|1|0.00|0|0.00|0|0.00|0.00|0|0.00
EMPSHFT|1 Restaurante|1|1-Restaurante|22|Alba|Quintero|606630079|1| |0| |0|BAR_LADO|3|0|508737.00|0.00|0.00|50874.00|1|8|0.00|0|0.00|0|0.00|0|0.00|0|0.00|0|0|0|6546.00|0|6546.00|1|0.00|0|0.00|0.00|0.00|0.00|0.00|0.00|96663.00|0.00|656274.00|656274.00|1|84446.00|1|0.00|0|0.00|0|0.00|0.00|0|0.00
EMPSHFT|1 Restaurante|1|1-Restaurante|22|Juan|Gomez|606640007|1| |0| |0|CAJA 2|7|0|0.00|0.00|0.00|0.00|0|0|0.00|0|0.00|0|0.00|0|0.00|0|0.00|0|0|0|0.00|0|0.00|0|0.00|0|0.00|0.00|0.00|0.00|0.00|0.00|0.00|0.00|0.00|0.00|0|0.00|1|0.00|0|0.00|0|0.00|0.00|0|0.00
EMPSHFT|1 Restaurante|1|1-Restaurante|22|Juan|Gomez|606640007|1| |0| |0|MARILYN|5|0|0.00|0.00|0.00|0.00|1|0|0.00|0|-72470.00|5|0.00|0|78400.00|1|0.00|0|0|0|0.00|0|0.00|0|0.00|0|0.00|0.00|0.00|0.00|0.00|0.00|0.00|-12518.00|84988.00|0.00|1|0.00|0|0.00|0|0.00|0|0.00|0.00|0|0.00
EMPSHFT|1 Restaurante|1|1-Restaurante|22|Santiago|Narvaez|606640008|1| |0| |0|MARILYN|5|0|11345.00|0.00|0.00|1134.00|1|0|0.00|0|0.00|0|0.00|0|0.00|0|0.00|0|0|0|0.00|0|0.00|0|0.00|0|0.00|0.00|0.00|0.00|0.00|0.00|2155.00|0.00|14634.00|14634.00|1|0.00|0|0.00|0|0.00|0|0.00|0.00|0|0.00
EMPSHFT|1 Restaurante|1|1-Restaurante|22|Santiago|Narvaez|606640008|1| |0| |0|COCINA LADO|10|0|2269.00|0.00|0.00|227.00|0|0|0.00|0|0.00|0|0.00|0|0.00|0|0.00|0|0|0|0.00|0|0.00|0|0.00|0|0.00|0.00|0.00|0.00|0.00|0.00|431.00|0.00|2927.00|2927.00|0|0.00|0|0.00|0|0.00|0|0.00|0.00|0|0.00
EMPSHFT|1 Restaurante|1|1-Restaurante|22|Karem |Lopez |606650010|1| |0| |0|MARILYN|5|0|554033.00|0.00|0.00|55403.00|2|4|0.00|0|0.00|0|0.00|0|307200.00|3|0.00|0|0|0|55403.00|0|55403.00|2|0.00|0|0.00|0.00|0.00|0.00|0.00|0.00|105267.00|0.00|714703.00|714703.00|2|714703.00|2|0.00|0|0.00|0|0.00|0.00|0|0.00
EMPSHFT|1 Restaurante|1|1-Restaurante|22|Karem |Lopez |606650010|1| |0| |0|CAJA 2|7|0|0.00|0.00|0.00|0.00|0|0|0.00|0|0.00|0|0.00|0|0.00|0|0.00|0|0|0|0.00|0|0.00|0|0.00|0|609436.00|0.00|0.00|0.00|0.00|0.00|0.00|0.00|0.00|0.00|0|0.00|0|0.00|0|0.00|0|0.00|0.00|0|0.00
EMPDSC|1 Restaurante|1|1-Restaurante|22|Pedro|Carrero|606630050|Descuento %|1|Descuento %|1|-20421.00|1|-20421.00
EMPTM|1 Restaurante|1|1-Restaurante|22|Marilin Paola|Zabaleta Cuellar|606630003|Contado|102|Contado|102|Payment|0.00|0
EMPTM|1 Restaurante|1|1-Restaurante|22|Juliander Alexander |Lara Muñoz|606630012|Contado|102|Contado|102|Payment|0.00|0
EMPTM|1 Restaurante|1|1-Restaurante|22|Rosmar|Arevalo|606680003|Efectivo |101|Efectivo |101|Payment|6376210.00|25
EMPTM|2 Almacen|2|2-Almacen|2|Rosmar|Arevalo|606680003|Efectivo |101|Efectivo |101|Payment|103000.00|2
EMPTM|1 Restaurante|1|1-Restaurante|22|Rosmar|Arevalo|606680003|Contado|102|Contado|102|Payment|0.00|0
EMPTM|1 Restaurante|1|1-Restaurante|22|Rosmar|Arevalo|606680003|American Express|201|American Express|201|Payment|6009847.00|14
EMPTM|2 Almacen|2|2-Almacen|2|Rosmar|Arevalo|606680003|American Express|201|American Express|201|Payment|220000.00|2
EMPTM|1 Restaurante|1|1-Restaurante|22|Rosmar|Arevalo|606680003|Master Card|202|Master Card|202|Payment|18994587.00|55
EMPTM|2 Almacen|2|2-Almacen|2|Rosmar|Arevalo|606680003|Master Card|202|Master Card|202|Payment|24000.00|1
EMPTM|1 Restaurante|1|1-Restaurante|22|Rosmar|Arevalo|606680003|Diners|203|Diners|203|Payment|323692.00|1
EMPTM|1 Restaurante|1|1-Restaurante|22|Rosmar|Arevalo|606680003|Cuenta X Cobrar|206|Cuenta X Cobrar|206|Payment|3900.00|1
EMPTM|1 Restaurante|1|1-Restaurante|22|Rosmar|Arevalo|606680003|Visa|204|Visa|204|Payment|23818227.00|76
EMPTM|2 Almacen|2|2-Almacen|2|Rosmar|Arevalo|606680003|Visa|204|Visa|204|Payment|112000.00|1
EMPTM|1 Restaurante|1|1-Restaurante|22|Moises|Cotes|606630037|Contado|102|Contado|102|Payment|0.00|0
EMPTM|1 Restaurante|1|1-Restaurante|22|Karem|Lopez|606630046|Contado|102|Contado|102|Payment|0.00|0
EMPTM|1 Restaurante|1|1-Restaurante|22|Pedro|Carrero|606630050|Contado|102|Contado|102|Payment|0.00|0
EMPTM|1 Restaurante|1|1-Restaurante|22|Juan|Gomez|606640007|Contado|102|Contado|102|Payment|0.00|0
EMPTM|1 Restaurante|1|1-Restaurante|22|Evelyn|Genes|606630056|Contado|102|Contado|102|Payment|0.00|0
EMPTM|1 Restaurante|1|1-Restaurante|22|Jhonatan|Gutierrez|606630059|Contado|102|Contado|102|Payment|0.00|0
EMPTM|1 Restaurante|1|1-Restaurante|22|Alba|Quintero|606630079|Contado|102|Contado|102|Payment|0.00|0
EMPTM|2 Almacen|2|2-Almacen|2|Alba|Quintero|606630079|Contado|102|Contado|102|Payment|0.00|0
EMPTM|1 Restaurante|1|1-Restaurante|22|Karem |Lopez |606650010|Contado|102|Contado|102|Payment|0.00|0
EMPTM|1 Restaurante|1|1-Restaurante|22|Leonardo de Jesus|Avila Perez|112|Contado|102|Contado|102|Payment|0.00|0
EMPOTSLS|1 Restaurante|1|1-Restaurante|22|Moises|Cotes|606630037|Para Aqui|1|Para Aqui|1|8|28|0|0|3136650.00|0.00|0.00|0|0.00|0|0.00|0.00|0|0.00|0|0.00|0|0.00|0|0.00|0|0.00|0|0.00|0|0.00|0|0.00|0.00|3136650.00
EMPOTSLS|1 Restaurante|1|1-Restaurante|22|Pedro|Carrero|606630050|Para Aqui|1|Para Aqui|1|1|2|0|0|-13614.00|0.00|0.00|0|0.00|0|0.00|0.00|0|0.00|0|0.00|0|0.00|0|0.00|0|0.00|0|0.00|0|0.00|0|0.00|0.00|-13614.00
EMPOTSLS|1 Restaurante|1|1-Restaurante|22|Karem |Lopez |606650010|Para Aqui|1|Para Aqui|1|2|4|0|0|554033.00|0.00|0.00|0|0.00|0|0.00|0.00|0|0.00|0|0.00|0|0.00|0|0.00|0|0.00|0|0.00|0|0.00|0|0.00|0.00|554033.00
EMPOTSLS|2 Almacen|2|2-Almacen|2|Alba|Quintero|606630079|Para Aqui|1|Para Aqui|1|6|7|0|0|385713.00|0.00|0.00|0|0.00|0|0.00|0.00|0|0.00|0|0.00|0|0.00|0|0.00|0|0.00|0|0.00|0|0.00|0|0.00|0.00|385713.00
EMPOTSLS|1 Restaurante|1|1-Restaurante|22|Santiago|Narvaez|606640008|Para Aqui|1|Para Aqui|1|1|0|0|0|13614.00|0.00|0.00|0|0.00|0|0.00|0.00|0|0.00|0|0.00|0|0.00|0|0.00|0|0.00|0|0.00|0|0.00|0|0.00|0.00|13614.00
EMPOTSLS|1 Restaurante|1|1-Restaurante|22|Marilin Paola|Zabaleta Cuellar|606630003|Para Aqui|1|Para Aqui|1|8|16|0|0|1517054.00|0.00|0.00|0|0.00|0|0.00|0.00|0|0.00|0|0.00|0|0.00|0|0.00|0|0.00|0|0.00|0|0.00|0|0.00|0.00|1517054.00
EMPOTSLS|1 Restaurante|1|1-Restaurante|22|Juliander Alexander |Lara Muñoz|606630012|Para Aqui|1|Para Aqui|1|2|0|0|0|0.00|0.00|0.00|0|0.00|0|0.00|0.00|0|0.00|0|0.00|0|0.00|0|0.00|0|0.00|0|0.00|0|0.00|0|0.00|0.00|0.00
EMPOTSLS|1 Restaurante|1|1-Restaurante|22|Jhonatan|Gutierrez|606630059|Para Aqui|1|Para Aqui|1|49|124|0|0|16688241.00|0.00|0.00|0|0.00|0|0.00|0.00|0|0.00|0|0.00|0|0.00|0|0.00|0|0.00|0|0.00|0|0.00|0|0.00|0.00|16688241.00
EMPOTSLS|1 Restaurante|1|1-Restaurante|22|Juan|Gomez|606640007|Para Aqui|1|Para Aqui|1|1|0|0|0|0.00|0.00|0.00|0|0.00|0|0.00|0.00|0|0.00|0|0.00|0|0.00|0|0.00|0|0.00|0|0.00|0|0.00|0|0.00|0.00|0.00
EMPOTSLS|1 Restaurante|1|1-Restaurante|22|Alba|Quintero|606630079|Para Aqui|1|Para Aqui|1|4|15|0|0|2292684.00|0.00|0.00|0|0.00|0|0.00|0.00|0|0.00|0|0.00|0|0.00|0|0.00|0|0.00|0|0.00|0|0.00|0|0.00|0.00|2292684.00
EMPOTSLS|1 Restaurante|1|1-Restaurante|22|Evelyn|Genes|606630056|Para Aqui|1|Para Aqui|1|68|151|0|0|18865734.00|0.00|0.00|0|0.00|0|0.00|0.00|0|0.00|0|0.00|0|0.00|0|0.00|0|0.00|0|0.00|0|0.00|0|0.00|0.00|18865734.00
