EMPID|AHP|Andres Hyatt Place|20241215|20241215|20250116|122208|2.00|2.00|Simphony|19.7.2
EMP|1-Restautante|1|1-Restautante|28|Sara|Cardenas Buitrago|270000410|3|3|0|0|1144117.00|0.00|0.00|0|0.00|0|0.00|0.00|510000.00|2|0.00|0|199462.00|1|1361500.00|3|1361500.00|3|0.00|0|0.00|0|0.00|0.00|0.00|0|1144117.00|0.00|0.00|1144117.00
EMP|1-Restautante|1|1-Restautante|28|Yency Lorena|Moreno|220000414|6|10|0|0|688061.00|55075.00|-63319.00|8|0.00|0|-24670.00|-5.00|0.00|0|0.00|0|0.00|0|873870.00|6|873870.00|6|0.00|0|0.00|0|0.00|55075.00|0.00|0|688061.00|0.00|0.00|688061.00
EMP|3-Eventos|3|3-Eventos|23|Joseph Stiven|Segura Lopez|220000415|0|0|0|0|0.00|0.00|0.00|0|0.00|0|0.00|0.00|0.00|0|0.00|0|0.00|2|0.00|0|0.00|0|0.00|0|0.00|0|0.00|0.00|0.00|0|0.00|0.00|0.00|0.00
EMP|1-Restautante|1|1-Restautante|28|Joseph Stiven|Segura Lopez|220000415|10|8|0|0|1355128.00|135512.00|-16177.00|2|0.00|0|-2794.00|3.00|46300.00|2|0.00|0|0.00|0|1748115.00|10|1748115.00|10|0.00|0|0.00|0|0.00|135512.00|0.00|0|1355128.00|0.00|0.00|1355128.00
EMPSHFT|1-Restautante|1|1-Restautante|28|Yency Lorena|Moreno|220000414|1| |0| |0|CAPS|1|0|-3.00|0.00|0.00|-13731.00|1|-1|0.00|0|-63319.00|8|0.00|0|0.00|0|0.00|0|0|0|32134.00|0|32134.00|2|0.00|0|743134.00|0.00|0.00|0.00|0.00|0.00|0.00|-24670.00|74255.00|-13736.00|1|577929.00|4|0.00|0|0.00|0|-5.00|0.00|0|0.00
EMPSHFT|1-Restautante|1|1-Restautante|28|Yency Lorena|Moreno|220000414|1| |0| |0|PRINCIPAL|4|0|688064.00|0.00|0.00|68806.00|5|11|0.00|0|0.00|0|0.00|0|0.00|0|0.00|0|0|0|0.00|0|0.00|0|0.00|0|0.00|0.00|0.00|0.00|0.00|0.00|130736.00|0.00|887606.00|887606.00|5|0.00|0|0.00|0|0.00|0|0.00|0.00|0|0.00
EMPSHFT|1-Restautante|1|1-Restautante|28|Yency Lorena|Moreno|220000414|1| |0| |0|BARRA |3|0|0.00|0.00|0.00|0.00|0|0|0.00|0|0.00|0|0.00|0|0.00|0|0.00|0|0|0|22941.00|0|22941.00|2|0.00|0|0.00|0.00|0.00|0.00|0.00|0.00|0.00|0.00|0.00|0.00|0|295941.00|2|0.00|0|0.00|0|0.00|0.00|0|0.00
EMPSHFT|1-Restautante|1|1-Restautante|28|Joseph Stiven|Segura Lopez|220000415|1| |0| |0|CAPS|1|0|20588.00|0.00|0.00|2059.00|1|-1|0.00|0|-16177.00|2|0.00|0|17500.00|1|0.00|0|0|0|62924.00|0|62924.00|3|0.00|0|1490643.00|0.00|0.00|0.00|0.00|0.00|3912.00|-2794.00|45530.00|26562.00|1|811727.00|4|0.00|0|0.00|0|3.00|0.00|0|0.00
EMPSHFT|1-Restautante|1|1-Restautante|28|Joseph Stiven|Segura Lopez|220000415|1| |0| |0|PRINCIPAL|4|0|533277.00|0.00|0.00|53329.00|6|6|0.00|0|0.00|0|0.00|0|0.00|0|0.00|0|0|0|15597.00|0|15597.00|1|0.00|0|0.00|0.00|0.00|0.00|0.00|0.00|101323.00|0.00|687929.00|687929.00|6|201197.00|1|0.00|0|0.00|0|0.00|0.00|0|0.00
EMPSHFT|1-Restautante|1|1-Restautante|28|Joseph Stiven|Segura Lopez|220000415|1| |0| |0|BARRA |3|0|801263.00|0.00|0.00|80124.00|3|3|0.00|0|0.00|0|0.00|0|28800.00|1|0.00|0|0|0|56991.00|0|56991.00|5|0.00|0|0.00|0.00|0.00|0.00|0.00|0.00|152237.00|0.00|1033624.00|1033624.00|3|735191.00|5|0.00|0|0.00|0|0.00|0.00|0|0.00
EMPSHFT|1-Restautante|1|1-Restautante|28|Sara|Cardenas Buitrago|270000410|1| |0| |0|CAPS|1|0|1144117.00|0.00|0.00|0.00|3|3|0.00|0|0.00|0|0.00|0|510000.00|2|0.00|0|0|0|0.00|0|0.00|0|0.00|0|1144117.00|0.00|0.00|0.00|0.00|0.00|217383.00|0.00|1361500.00|1361500.00|3|1361500.00|3|0.00|0|0.00|0|0.00|0.00|0|0.00
EMPTM|1-Restautante|1|1-Restautante|28|Sara|Cardenas Buitrago|270000410|Efectivo |101|Efectivo |101|Payment|219640.00|3
EMPTM|1-Restautante|1|1-Restautante|28|Sara|Cardenas Buitrago|270000410|Master Card|202|Master Card|202|Payment|1607732.00|9
EMPTM|1-Restautante|1|1-Restautante|28|Sara|Cardenas Buitrago|270000410|Visa |204|Visa |204|Payment|2156113.00|7
EMPTM|1-Restautante|1|1-Restautante|28|Sara|Cardenas Buitrago|270000410|Contado|102|Contado|102|Payment|0.00|0
EMPTM|1-Restautante|1|1-Restautante|28|Joseph Stiven|Segura Lopez|220000415|Contado|102|Contado|102|Payment|0.00|0
EMPTM|1-Restautante|1|1-Restautante|28|Juan Sebastian|Rey Navarro|100|Contado|102|Contado|102|Payment|0.00|0
EMPOTSLS|1-Restautante|1|1-Restautante|28|Joseph Stiven|Segura Lopez|220000415|Para Aqui|1|Para Aqui|1|10|8|0|0|1355128.00|0.00|0.00|0|0.00|0|0.00|0.00|0|0.00|0|0.00|0|0.00|0|0.00|0|0.00|0|0.00|0|0.00|0|0.00|0.00|1355128.00
EMPOTSLS|1-Restautante|1|1-Restautante|28|Yency Lorena|Moreno|220000414|Para Aqui|1|Para Aqui|1|6|10|0|0|688061.00|0.00|0.00|0|0.00|0|0.00|0.00|0|0.00|0|0.00|0|0.00|0|0.00|0|0.00|0|0.00|0|0.00|0|0.00|0.00|688061.00
EMPOTSLS|1-Restautante|1|1-Restautante|28|Sara|Cardenas Buitrago|270000410|Para Aqui|1|Para Aqui|1|3|3|0|0|1144117.00|0.00|0.00|0|0.00|0|0.00|0.00|0|0.00|0|0.00|0|0.00|0|0.00|0|0.00|0|0.00|0|0.00|0|0.00|0.00|1144117.00
