EMPID|CTG|Andres Cartagena|20241213|20241213|20250114|122228|2.00|2.00|Simphony|19.7.2
EMP|1 Restaurante|1|1-Restaurante|22|Gleiner|Montiel Rocha|606630008|16|33|0|0|12263209.00|743902.00|0.00|0|0.00|0|-461695.00|-1.00|2113000.00|10|0.00|0|0.00|0|15337169.00|21|15308551.00|14|0.00|0|0.00|0|0.00|741684.00|0.00|0|12263209.00|0.00|0.00|12263209.00
EMP|1 Restaurante|1|1-Restaurante|22|Juliander Alexander |Lara Muñoz|606630012|3|4|0|0|153109.00|15311.00|-2071234.00|88|0.00|0|-357759.00|0.00|107000.00|1|0.00|0|0.00|0|197511.00|3|197511.00|3|0.00|0|0.00|0|0.00|15311.00|0.00|0|153109.00|0.00|0.00|153109.00
EMP|1 Restaurante|1|1-Restaurante|22|Rosmar|Arevalo|606680003|0|0|0|0|0.00|0.00|0.00|0|0.00|0|0.00|0.00|0.00|0|0.00|0|0.00|0|0.00|1|0.00|1|0.00|0|0.00|0|0.00|0.00|0.00|0|0.00|0.00|0.00|0.00
EMP|20-Domicilios|20|20-Domicilios|29|Domicilios|Rappi|606630025|1|0|0|0|17395.00|0.00|0.00|0|0.00|0|0.00|0.00|0.00|0|0.00|0|0.00|0|20700.00|1|20700.00|1|0.00|0|0.00|0|0.00|0.00|0.00|0|17395.00|0.00|0.00|17395.00
EMP|1 Restaurante|1|1-Restaurante|22|Mauricio|Acosta|606650004|1|1|0|0|1882941.00|188293.00|0.00|0|0.00|0|0.00|0.00|42800.00|1|0.00|0|0.00|0|2428993.00|1|2428993.00|1|0.00|0|0.00|0|0.00|188293.00|0.00|0|1882941.00|0.00|0.00|1882941.00
EMP|1 Restaurante|1|1-Restaurante|22|Viviana|Maldonado|606630033|7|22|0|0|10574356.00|545988.00|-4349866.00|7|0.00|0|-826228.00|0.00|3871060.00|13|0.00|0|0.00|0|13129424.00|8|12028805.00|3|0.00|0|0.00|0|0.00|460669.00|0.00|0|10574356.00|0.00|0.00|10574356.00
EMP|1 Restaurante|1|1-Restaurante|22|Moises|Cotes|606630037|18|35|0|0|5462948.00|546288.00|0.00|0|0.00|0|0.00|-10.00|214000.00|5|0.00|0|0.00|2|7047178.00|34|7981181.00|21|0.00|0|0.00|0|0.00|618691.00|0.00|0|5462948.00|0.00|0.00|5462948.00
EMP|1 Restaurante|1|1-Restaurante|22|Karem|Lopez|606630046|1|0|0|0|0.00|0.00|-22924.00|6|0.00|0|-3960.00|0.00|0.00|0|0.00|0|0.00|0|0.00|1|0.00|1|0.00|0|0.00|0|0.00|0.00|0.00|0|0.00|0.00|0.00|0.00
EMP|1 Restaurante|1|1-Restaurante|22|Evelyn|Genes|606630056|8|10|0|0|5006818.00|486045.00|0.00|0|0.00|0|-1.00|3.00|106000.00|2|0.00|0|0.00|0|6444148.00|9|7435713.00|4|0.00|0|0.00|0|0.00|562910.00|0.00|0|5006818.00|0.00|0.00|5006818.00
EMP|1 Restaurante|1|1-Restaurante|22|Jhonatan|Gutierrez|606630059|1|2|0|0|32606.00|3260.00|0.00|0|0.00|0|0.00|0.00|0.00|0|0.00|0|5149374.00|1|42060.00|2|42060.00|2|0.00|0|0.00|0|0.00|3260.00|0.00|0|32606.00|0.00|0.00|32606.00
EMP|1 Restaurante|1|1-Restaurante|22|Santiago|Narvaez|606640008|0|0|0|0|0.00|0.00|0.00|0|0.00|0|0.00|0.00|0.00|0|0.00|0|0.00|2|0.00|1|0.00|1|0.00|0|0.00|0|0.00|0.00|0.00|0|0.00|0.00|0.00|0.00
EMP|1 Restaurante|1|1-Restaurante|22|Esther|Gonzalez|606630064|20|61|0|0|5273699.00|527365.00|0.00|0|0.00|0|-2.00|-5.00|427400.00|4|0.00|0|191223.00|1|6803060.00|26|6632867.00|16|0.00|0|0.00|0|0.00|514172.00|0.00|0|5273699.00|0.00|0.00|5273699.00
EMP|1 Restaurante|1|1-Restaurante|22|Alvaro|Viloria|606630065|74|136|0|0|17042449.00|1677828.00|-2354092.00|73|0.00|0|-433024.00|-11.00|1234500.00|22|0.00|0|86506.00|2|21958317.00|92|21737825.00|66|0.00|0|0.00|0|0.00|1660736.00|0.00|0|17042449.00|0.00|0.00|17042449.00
EMP|1 Restaurante|1|1-Restaurante|22|Viviana|Maldonado M.|606670017|1|1|0|0|0.00|0.00|0.00|0|0.00|0|-681.00|0.00|0.00|0|0.00|0|0.00|0|1300.00|1|1300.00|1|0.00|0|0.00|0|0.00|0.00|0.00|0|6807.00|-6807.00|-6807.00|0.00
EMP|1 Restaurante|1|1-Restaurante|22|Camilo|Tangarife|606670018|2|15|0|0|116974.00|11698.00|0.00|0|0.00|0|0.00|0.00|154200.00|3|0.00|0|0.00|0|150898.00|2|0.00|0|0.00|0|0.00|0|0.00|0.00|0.00|0|116974.00|0.00|0.00|116974.00
EMP|3 Eventos|3|3-Eventos|23|Valentina|Rodriguez|606630077|0|0|0|0|0.00|0.00|0.00|0|0.00|0|0.00|0.00|0.00|0|0.00|0|0.00|1|0.00|0|0.00|0|0.00|0|0.00|0|0.00|0.00|0.00|0|0.00|0.00|0.00|0.00
EMP|1 Restaurante|1|1-Restaurante|22|Valentina|Rodriguez|606630077|77|136|0|0|8108775.00|718734.00|0.00|0|0.00|0|0.00|-9.00|638600.00|18|0.00|0|87047.00|5|10368129.00|77|10368129.00|77|0.00|0|0.00|0|0.00|718734.00|0.00|0|8108775.00|0.00|0.00|8108775.00
EMP|1 Restaurante|1|1-Restaurante|22|Hector|Diaz|606680011|14|1|0|0|907560.00|0.00|0.00|0|0.00|0|0.00|0.00|0.00|0|0.00|0|180000.00|2|1080000.00|14|1080000.00|14|0.00|0|0.00|0|0.00|0.00|0.00|0|907560.00|0.00|0.00|907560.00
EMP|1 Restaurante|1|1-Restaurante|22|Jose|Cerchar Colon|302270005|12|2|0|0|857140.00|0.00|-25210.00|1|0.00|0|-4790.00|0.00|0.00|0|0.00|0|0.00|2|1020000.00|12|1020000.00|12|0.00|0|0.00|0|0.00|0.00|0.00|0|857140.00|0.00|0.00|857140.00
EMP|1 Restaurante|1|1-Restaurante|22|Leonardo de Jesus|Avila Perez|112|1|2|0|0|197478.00|19748.00|0.00|0|0.00|0|0.00|0.00|102400.00|1|0.00|0|0.00|0|254748.00|1|0.00|0|0.00|0|0.00|0|0.00|0.00|0.00|0|197478.00|0.00|0.00|197478.00
EMPSHFT|1 Restaurante|1|1-Restaurante|22|Leonardo de Jesus|Avila Perez|112|1| |0| |0|CABINA DJ|4|0|116134.00|0.00|0.00|11614.00|0|0|0.00|0|0.00|0|0.00|0|102400.00|1|0.00|0|0|0|0.00|0|0.00|0|0.00|0|0.00|0.00|0.00|0.00|0.00|0.00|22066.00|0.00|149814.00|149814.00|0|0.00|0|0.00|0|0.00|0|0.00|0.00|0|0.00
EMPSHFT|1 Restaurante|1|1-Restaurante|22|Leonardo de Jesus|Avila Perez|112|1| |0| |0|CAJA 1|6|0|81344.00|0.00|0.00|8134.00|1|2|0.00|0|0.00|0|0.00|0|0.00|0|0.00|0|0|0|0.00|0|0.00|0|0.00|0|0.00|0.00|0.00|0.00|0.00|0.00|15456.00|0.00|104934.00|104934.00|1|0.00|0|0.00|0|0.00|0|0.00|0.00|0|0.00
EMPSHFT|1 Restaurante|1|1-Restaurante|22|Jose|Cerchar Colon|302270005|1| |0| |0|PUERTO|9|0|857140.00|0.00|0.00|0.00|12|2|0.00|0|-25210.00|1|0.00|0|0.00|0|0.00|0|0|0|0.00|0|0.00|0|0.00|0|857140.00|0.00|0.00|0.00|0.00|0.00|162860.00|-4790.00|1050000.00|1020000.00|12|1020000.00|12|0.00|0|0.00|0|0.00|0.00|0|0.00
EMPSHFT|1 Restaurante|1|1-Restaurante|22|Gleiner|Montiel Rocha|606630008|1| |0| |0|CABINA DJ|4|0|89243.00|0.00|0.00|8924.00|0|0|0.00|0|0.00|0|0.00|0|0.00|0|0.00|0|0|0|12555.00|0|12555.00|2|0.00|0|0.00|0.00|0.00|0.00|0.00|0.00|16957.00|0.00|115124.00|115124.00|0|161955.00|2|0.00|0|0.00|0|0.00|0.00|0|0.00
EMPSHFT|1 Restaurante|1|1-Restaurante|22|Gleiner|Montiel Rocha|606630008|1| |0| |0|CAJA 2|7|0|0.00|0.00|0.00|-461694.00|0|0|0.00|0|0.00|0|0.00|0|0.00|0|0.00|0|0|0|623525.00|0|623525.00|1|0.00|0|5408614.00|0.00|0.00|0.00|0.00|0.00|0.00|-461694.00|0.00|-461694.00|0|13784293.00|3|0.00|0|0.00|0|0.00|0.00|0|0.00
EMPSHFT|1 Restaurante|1|1-Restaurante|22|Gleiner|Montiel Rocha|606630008|1| |0| |0|ALMACEN|2|0|11544554.00|0.00|0.00|1133731.00|15|31|0.00|0|0.00|0|0.00|0|2113000.00|10|0.00|0|0|0|105604.00|0|105604.00|9|0.00|0|0.00|0.00|0.00|0.00|0.00|0.00|2193514.00|-1.00|14871800.00|14871799.00|20|1362304.00|9|0.00|0|0.00|0|0.00|0.00|0|0.00
EMPSHFT|1 Restaurante|1|1-Restaurante|22|Gleiner|Montiel Rocha|606630008|1| |0| |0|CAJA 1|6|0|87059.00|0.00|0.00|8707.00|1|2|0.00|0|0.00|0|0.00|0|0.00|0|0.00|0|0|0|0.00|0|0.00|0|0.00|0|0.00|0.00|0.00|0.00|0.00|0.00|16541.00|0.00|112307.00|112307.00|1|0.00|0|0.00|0|0.00|0|0.00|0.00|0|0.00
EMPSHFT|1 Restaurante|1|1-Restaurante|22|Gleiner|Montiel Rocha|606630008|1| |0| |0|CAPS|1|0|0.00|0.00|0.00|0.00|0|0|0.00|0|0.00|0|0.00|0|0.00|0|0.00|0|0|0|0.00|0|0.00|0|0.00|0|188202.00|0.00|0.00|0.00|0.00|0.00|0.00|0.00|0.00|-1.00|0|-1.00|0|0.00|0|0.00|0|-1.00|0.00|0|0.00
EMPSHFT|1 Restaurante|1|1-Restaurante|22|Gleiner|Montiel Rocha|606630008|1| |0| |0|MARILYN|5|0|38656.00|0.00|0.00|3865.00|0|0|0.00|0|0.00|0|0.00|0|0.00|0|0.00|0|0|0|0.00|0|0.00|0|0.00|0|0.00|0.00|0.00|0.00|0.00|0.00|7344.00|0.00|49865.00|49865.00|0|0.00|0|0.00|0|0.00|0|0.00|0.00|0|0.00
EMPSHFT|1 Restaurante|1|1-Restaurante|22|Gleiner|Montiel Rocha|606630008|1| |0| |0|COCINA LADO|10|0|503697.00|0.00|0.00|50369.00|0|0|0.00|0|0.00|0|0.00|0|0.00|0|0.00|0|0|0|0.00|0|0.00|0|0.00|0|0.00|0.00|0.00|0.00|0.00|0.00|95703.00|0.00|649769.00|649769.00|0|0.00|0|0.00|0|0.00|0|0.00|0.00|0|0.00
EMPSHFT|1 Restaurante|1|1-Restaurante|22|Juliander Alexander |Lara Muñoz|606630012|1| |0| |0|COCINA LADO|10|0|1882941.00|0.00|0.00|188293.00|1|1|0.00|0|0.00|0|0.00|0|107000.00|1|0.00|0|0|0|188293.00|0|188293.00|1|0.00|0|0.00|0.00|0.00|0.00|0.00|0.00|357759.00|0.00|2428993.00|2428993.00|1|2428993.00|1|0.00|0|0.00|0|0.00|0.00|0|0.00
EMPSHFT|1 Restaurante|1|1-Restaurante|22|Juliander Alexander |Lara Muñoz|606630012|1| |0| |0|CAJA 2|7|0|0.00|0.00|0.00|0.00|0|0|0.00|0|0.00|0|0.00|0|0.00|0|0.00|0|0|0|0.00|0|0.00|0|0.00|0|168420.00|0.00|0.00|0.00|0.00|0.00|0.00|0.00|0.00|0.00|0|0.00|0|0.00|0|0.00|0|0.00|0.00|0|0.00
EMPSHFT|1 Restaurante|1|1-Restaurante|22|Juliander Alexander |Lara Muñoz|606630012|1| |0| |0|MARILYN|5|0|-1882941.00|0.00|0.00|-188293.00|0|-1|0.00|0|-2071234.00|88|0.00|0|0.00|0|0.00|0|0|0|-188293.00|0|-188293.00|1|0.00|0|0.00|0.00|0.00|0.00|0.00|0.00|-357759.00|-357759.00|0.00|-2428993.00|0|-2428993.00|0|0.00|0|0.00|0|0.00|0.00|0|0.00
EMPSHFT|1 Restaurante|1|1-Restaurante|22|Juliander Alexander |Lara Muñoz|606630012|1| |0| |0|TERRAZA|8|0|153109.00|0.00|0.00|15311.00|2|4|0.00|0|0.00|0|0.00|0|0.00|0|0.00|0|0|0|15311.00|0|15311.00|2|0.00|0|0.00|0.00|0.00|0.00|0.00|0.00|29091.00|0.00|197511.00|197511.00|2|197511.00|2|0.00|0|0.00|0|0.00|0.00|0|0.00
EMPSHFT|20-Domicilios|20|20-Domicilios|29|Domicilios|Rappi|606630025|1| |0| |0|MARILYN|5|0|17395.00|0.00|0.00|0.00|1|0|0.00|0|0.00|0|0.00|0|0.00|0|0.00|0|0|0|0.00|0|0.00|0|0.00|0|0.00|0.00|0.00|0.00|0.00|0.00|3305.00|0.00|20700.00|20700.00|1|0.00|0|0.00|0|0.00|0|0.00|0.00|0|0.00
EMPSHFT|20-Domicilios|20|20-Domicilios|29|Domicilios|Rappi|606630025|1| |0| |0|CAJA 2|7|0|0.00|0.00|0.00|0.00|0|0|0.00|0|0.00|0|0.00|0|0.00|0|0.00|0|0|0|0.00|0|0.00|0|0.00|0|0.00|0.00|0.00|0.00|0.00|0.00|0.00|0.00|0.00|0.00|0|20700.00|1|0.00|0|0.00|0|0.00|0.00|0|0.00
EMPSHFT|1 Restaurante|1|1-Restaurante|22|Viviana|Maldonado|606630033|1| |0| |0|CABINA DJ|4|0|16303.00|0.00|0.00|1630.00|0|0|0.00|0|0.00|0|0.00|0|0.00|0|0.00|0|0|0|0.00|0|0.00|0|0.00|0|0.00|0.00|0.00|0.00|0.00|0.00|3097.00|0.00|21030.00|21030.00|0|0.00|0|0.00|0|0.00|0|0.00|0.00|0|0.00
EMPSHFT|1 Restaurante|1|1-Restaurante|22|Viviana|Maldonado|606630033|1| |0| |0|COCINA LADO|10|0|-4325211.00|0.00|0.00|1042.00|1|-1|0.00|0|-4349866.00|7|0.00|0|0.00|0|0.00|0|0|0|0.00|0|0.00|0|0.00|0|0.00|0.00|0.00|0.00|0.00|0.00|-821789.00|-826228.00|30136.00|-5145958.00|1|0.00|0|0.00|0|0.00|0|0.00|0.00|0|0.00
EMPSHFT|1 Restaurante|1|1-Restaurante|22|Viviana|Maldonado|606630033|1| |0| |0|MARILYN|5|0|14883264.00|0.00|0.00|543316.00|6|23|0.00|0|0.00|0|0.00|0|3871060.00|13|0.00|0|0|0|0.00|0|0.00|0|0.00|0|0.00|0.00|0.00|0.00|0.00|0.00|2827772.00|0.00|18254352.00|18254352.00|7|0.00|0|0.00|0|0.00|0|0.00|0.00|0|0.00
EMPSHFT|1 Restaurante|1|1-Restaurante|22|Viviana|Maldonado|606630033|1| |0| |0|CAJA 2|7|0|0.00|0.00|0.00|0.00|0|0|0.00|0|0.00|0|0.00|0|0.00|0|0.00|0|0|0|460669.00|0|460669.00|1|0.00|0|0.00|0.00|0.00|0.00|0.00|0.00|0.00|0.00|0.00|0.00|0|12028805.00|3|0.00|0|0.00|0|0.00|0.00|0|0.00
EMPSHFT|1 Restaurante|1|1-Restaurante|22|Moises|Cotes|606630037|1| |0| |0|CAJA 1|6|0|2821014.00|0.00|0.00|282100.00|9|17|0.00|0|0.00|0|0.00|0|92200.00|2|0.00|0|0|0|379205.00|0|379205.00|10|0.00|0|0.00|0.00|0.00|0.00|0.00|0.00|535986.00|0.00|3639100.00|3639100.00|15|4891805.00|10|0.00|0|0.00|0|0.00|0.00|0|0.00
EMPSHFT|1 Restaurante|1|1-Restaurante|22|Moises|Cotes|606630037|1| |0| |0|COCINA LADO|10|0|441007.00|0.00|0.00|44100.00|2|2|0.00|0|0.00|0|0.00|0|102400.00|2|0.00|0|0|0|116318.00|0|116318.00|3|0.00|0|0.00|0.00|0.00|0.00|0.00|0.00|83793.00|0.00|568900.00|568900.00|2|1500518.00|3|0.00|0|0.00|0|0.00|0.00|0|0.00
EMPSHFT|1 Restaurante|1|1-Restaurante|22|Moises|Cotes|606630037|1| |0| |0|CAJA 2|7|0|0.00|0.00|0.00|0.00|0|0|0.00|0|0.00|0|0.00|0|0.00|0|0.00|0|0|0|0.00|0|0.00|0|0.00|0|6805662.00|0.00|0.00|0.00|0.00|0.00|0.00|0.00|0.00|-10.00|0|-10.00|1|0.00|0|0.00|0|-10.00|0.00|0|0.00
EMPSHFT|1 Restaurante|1|1-Restaurante|22|Moises|Cotes|606630037|1| |0| |0|CABINA DJ|4|0|2146808.00|0.00|0.00|214677.00|6|13|0.00|0|0.00|0|0.00|0|19400.00|1|0.00|0|0|0|123168.00|0|123168.00|7|0.00|0|0.00|0.00|0.00|0.00|0.00|0.00|407892.00|0.00|2769377.00|2769377.00|15|1588868.00|7|0.00|0|0.00|0|0.00|0.00|0|0.00
EMPSHFT|1 Restaurante|1|1-Restaurante|22|Moises|Cotes|606630037|1| |0| |0|ALMACEN|2|0|54119.00|0.00|0.00|5411.00|1|3|0.00|0|0.00|0|0.00|0|0.00|0|0.00|0|0|0|0.00|0|0.00|0|0.00|0|0.00|0.00|0.00|0.00|0.00|0.00|10281.00|0.00|69811.00|69811.00|2|0.00|0|0.00|0|0.00|0|0.00|0.00|0|0.00
EMPSHFT|1 Restaurante|1|1-Restaurante|22|Karem|Lopez|606630046|1| |0| |0|CAJA 2|7|0|0.00|0.00|0.00|0.00|0|0|0.00|0|0.00|0|0.00|0|0.00|0|0.00|0|0|0|0.00|0|0.00|0|0.00|0|0.00|0.00|0.00|0.00|0.00|0.00|0.00|0.00|0.00|0.00|0|0.00|1|0.00|0|0.00|0|0.00|0.00|0|0.00
EMPSHFT|1 Restaurante|1|1-Restaurante|22|Karem|Lopez|606630046|1| |0| |0|COCINA LADO|10|0|0.00|0.00|0.00|0.00|1|0|0.00|0|-22924.00|6|0.00|0|0.00|0|0.00|0|0|0|0.00|0|0.00|0|0.00|0|0.00|0.00|0.00|0.00|0.00|0.00|0.00|-3960.00|26884.00|0.00|1|0.00|0|0.00|0|0.00|0|0.00|0.00|0|0.00
EMPSHFT|1 Restaurante|1|1-Restaurante|22|Evelyn|Genes|606630056|1| |0| |0|MARILYN|5|0|0.00|0.00|0.00|1.00|0|0|0.00|0|0.00|0|0.00|0|0.00|0|0.00|0|0|0|0.00|0|0.00|0|0.00|0|0.00|0.00|0.00|0.00|0.00|0.00|0.00|0.00|1.00|1.00|0|0.00|0|0.00|0|0.00|0|0.00|0.00|0|0.00
EMPSHFT|1 Restaurante|1|1-Restaurante|22|Evelyn|Genes|606630056|1| |0| |0|CABINA DJ|4|0|605798.00|0.00|0.00|60580.00|2|3|0.00|0|0.00|0|0.00|0|86600.00|1|0.00|0|0|0|0.00|0|0.00|0|0.00|0|0.00|0.00|0.00|0.00|0.00|0.00|115102.00|-1.00|781481.00|781480.00|2|0.00|0|0.00|0|0.00|0|0.00|0.00|0|0.00
EMPSHFT|1 Restaurante|1|1-Restaurante|22|Evelyn|Genes|606630056|1| |0| |0|COCINA LADO|10|0|200000.00|0.00|0.00|0.00|0|0|0.00|0|0.00|0|0.00|0|0.00|0|0.00|0|0|0|0.00|0|0.00|0|0.00|0|0.00|0.00|0.00|0.00|0.00|0.00|38000.00|0.00|238000.00|238000.00|0|0.00|0|0.00|0|0.00|0|0.00|0.00|0|0.00
EMPSHFT|1 Restaurante|1|1-Restaurante|22|Evelyn|Genes|606630056|1| |0| |0|CAPS|1|0|0.00|0.00|0.00|5368.00|0|0|0.00|0|0.00|0|0.00|0|0.00|0|0.00|0|0|0|408113.00|0|408113.00|2|0.00|0|0.00|0.00|0.00|0.00|0.00|0.00|0.00|0.00|5368.00|5368.00|0|5438813.00|1|0.00|0|0.00|0|0.00|0.00|0|0.00
EMPSHFT|1 Restaurante|1|1-Restaurante|22|Evelyn|Genes|606630056|1| |0| |0|BAR_LADO|3|0|189753.00|0.00|0.00|18975.00|0|0|0.00|0|0.00|0|0.00|0|0.00|0|0.00|0|0|0|0.00|0|0.00|0|0.00|0|0.00|0.00|0.00|0.00|0.00|0.00|36047.00|0.00|244775.00|244775.00|0|0.00|0|0.00|0|0.00|0|0.00|0.00|0|0.00
EMPSHFT|1 Restaurante|1|1-Restaurante|22|Evelyn|Genes|606630056|1| |0| |0|ALMACEN|2|0|176475.00|0.00|0.00|17646.00|0|0|0.00|0|0.00|0|0.00|0|19400.00|1|0.00|0|0|0|0.00|0|0.00|0|0.00|0|0.00|0.00|0.00|0.00|0.00|0.00|33525.00|0.00|227646.00|227646.00|0|0.00|0|0.00|0|0.00|0|0.00|0.00|0|0.00
EMPSHFT|1 Restaurante|1|1-Restaurante|22|Evelyn|Genes|606630056|1| |0| |0|TERRAZA|8|0|16303.00|0.00|0.00|1630.00|1|1|0.00|0|0.00|0|0.00|0|0.00|0|0.00|0|0|0|1630.00|0|1630.00|1|0.00|0|0.00|0.00|0.00|0.00|0.00|0.00|3097.00|0.00|21030.00|21030.00|1|21030.00|1|0.00|0|0.00|0|0.00|0.00|0|0.00
EMPSHFT|1 Restaurante|1|1-Restaurante|22|Evelyn|Genes|606630056|1| |0| |0|CAJA 2|7|0|0.00|0.00|0.00|0.00|0|0|0.00|0|0.00|0|0.00|0|0.00|0|0.00|0|0|0|0.00|0|0.00|0|0.00|0|1702780.00|0.00|0.00|0.00|0.00|0.00|0.00|0.00|0.00|3.00|0|3.00|0|0.00|0|0.00|0|3.00|0.00|0|0.00
EMPSHFT|1 Restaurante|1|1-Restaurante|22|Evelyn|Genes|606630056|1| |0| |0|CAJA 1|6|0|3818489.00|0.00|0.00|381845.00|5|6|0.00|0|0.00|0|0.00|0|0.00|0|0.00|0|0|0|153167.00|0|153167.00|2|0.00|0|0.00|0.00|0.00|0.00|0.00|0.00|725511.00|0.00|4925845.00|4925845.00|6|1975867.00|2|0.00|0|0.00|0|0.00|0.00|0|0.00
EMPSHFT|1 Restaurante|1|1-Restaurante|22|Jhonatan|Gutierrez|606630059|1| |0| |0|CAJA 2|7|0|0.00|0.00|0.00|0.00|0|0|0.00|0|0.00|0|0.00|0|0.00|0|0.00|0|0|0|0.00|0|0.00|0|0.00|0|35866.00|0.00|0.00|0.00|0.00|0.00|0.00|0.00|0.00|0.00|0|0.00|1|0.00|0|0.00|0|0.00|0.00|0|0.00
EMPSHFT|1 Restaurante|1|1-Restaurante|22|Jhonatan|Gutierrez|606630059|1| |0| |0|MARILYN|5|0|32606.00|0.00|0.00|3260.00|1|2|0.00|0|0.00|0|0.00|0|0.00|0|0.00|0|0|0|3260.00|0|3260.00|1|0.00|0|0.00|0.00|0.00|0.00|0.00|0.00|6194.00|0.00|42060.00|42060.00|2|42060.00|1|0.00|0|0.00|0|0.00|0.00|0|0.00
EMPSHFT|1 Restaurante|1|1-Restaurante|22|Esther|Gonzalez|606630064|1| |0| |0|CAJA 2|7|0|0.00|0.00|0.00|0.00|0|0|0.00|0|0.00|0|0.00|0|0.00|0|0.00|0|0|0|0.00|0|0.00|0|0.00|0|5655934.00|0.00|0.00|0.00|0.00|0.00|0.00|0.00|0.00|-5.00|0|-5.00|1|0.00|0|0.00|0|-5.00|0.00|0|0.00
EMPSHFT|1 Restaurante|1|1-Restaurante|22|Esther|Gonzalez|606630064|1| |0| |0|COCINA LADO|10|0|5089663.00|0.00|0.00|508962.00|19|58|0.00|0|0.00|0|0.00|0|427400.00|4|0.00|0|0|0|477651.00|0|477651.00|14|0.00|0|0.00|0.00|0.00|0.00|0.00|0.00|967037.00|-2.00|6565664.00|6565662.00|24|6161751.00|14|0.00|0|0.00|0|0.00|0.00|0|0.00
EMPSHFT|1 Restaurante|1|1-Restaurante|22|Esther|Gonzalez|606630064|1| |0| |0|MARILYN|5|0|20840.00|0.00|0.00|2084.00|1|3|0.00|0|0.00|0|0.00|0|0.00|0|0.00|0|0|0|36521.00|0|36521.00|1|0.00|0|0.00|0.00|0.00|0.00|0.00|0.00|3960.00|0.00|26884.00|26884.00|2|471121.00|1|0.00|0|0.00|0|0.00|0.00|0|0.00
EMPSHFT|1 Restaurante|1|1-Restaurante|22|Esther|Gonzalez|606630064|1| |0| |0|CABINA DJ|4|0|107732.00|0.00|0.00|10773.00|0|0|0.00|0|0.00|0|0.00|0|0.00|0|0.00|0|0|0|0.00|0|0.00|0|0.00|0|0.00|0.00|0.00|0.00|0.00|0.00|20468.00|0.00|138973.00|138973.00|0|0.00|0|0.00|0|0.00|0|0.00|0.00|0|0.00
EMPSHFT|1 Restaurante|1|1-Restaurante|22|Esther|Gonzalez|606630064|1| |0| |0|CAJA 1|6|0|55464.00|0.00|0.00|5546.00|0|0|0.00|0|0.00|0|0.00|0|0.00|0|0.00|0|0|0|0.00|0|0.00|0|0.00|0|0.00|0.00|0.00|0.00|0.00|0.00|10536.00|0.00|71546.00|71546.00|0|0.00|0|0.00|0|0.00|0|0.00|0.00|0|0.00
EMPSHFT|1 Restaurante|1|1-Restaurante|22|Alvaro|Viloria|606630065|1| |0| |0|ALMACEN|2|0|3405132.00|0.00|0.00|340509.00|11|21|0.00|0|0.00|0|0.00|0|265400.00|3|0.00|0|0|0|193074.00|0|193074.00|10|0.00|0|0.00|0.00|0.00|0.00|0.00|0.00|646968.00|0.00|4392609.00|4392609.00|12|2490674.00|10|0.00|0|0.00|0|0.00|0.00|0|0.00
EMPSHFT|1 Restaurante|1|1-Restaurante|22|Alvaro|Viloria|606630065|1| |0| |0|CABINA DJ|4|0|11316053.00|0.00|0.00|1131599.00|38|89|0.00|0|0.00|0|0.00|0|614500.00|15|0.00|0|0|0|1003641.00|0|1003641.00|34|0.00|0|0.00|0.00|0.00|0.00|0.00|0.00|2150047.00|-3.00|14597702.00|14597699.00|50|12947041.00|34|0.00|0|0.00|0|0.00|0.00|0|0.00
EMPSHFT|1 Restaurante|1|1-Restaurante|22|Alvaro|Viloria|606630065|1| |0| |0|MARILYN|5|0|0.00|0.00|0.00|1.00|5|0|0.00|0|0.00|0|0.00|0|0.00|0|0.00|0|0|0|0.00|0|0.00|0|0.00|0|0.00|0.00|0.00|0.00|0.00|0.00|0.00|0.00|1.00|1.00|5|0.00|0|0.00|0|0.00|0|0.00|0.00|0|0.00
EMPSHFT|1 Restaurante|1|1-Restaurante|22|Alvaro|Viloria|606630065|1| |0| |0|CAPS|1|0|0.00|0.00|0.00|0.00|0|0|0.00|0|0.00|0|0.00|0|0.00|0|0.00|0|0|0|0.00|0|0.00|0|0.00|0|1112576.00|0.00|0.00|0.00|0.00|0.00|0.00|0.00|0.00|4.00|0|4.00|0|0.00|0|0.00|0|4.00|0.00|0|0.00
EMPSHFT|1 Restaurante|1|1-Restaurante|22|Alvaro|Viloria|606630065|1| |0| |0|TERRAZA|8|0|0.00|0.00|0.00|0.00|0|0|0.00|0|0.00|0|0.00|0|0.00|0|0.00|0|0|0|0.00|0|0.00|0|0.00|0|0.00|0.00|0.00|0.00|0.00|0.00|0.00|0.00|0.00|0.00|0|0.00|0|0.00|0|0.00|0|0.00|0.00|0|0.00
EMPSHFT|1 Restaurante|1|1-Restaurante|22|Alvaro|Viloria|606630065|1| |0| |0|CAJA 1|6|0|4320843.00|0.00|0.00|432081.00|17|29|0.00|0|0.00|0|0.00|0|342200.00|2|0.00|0|0|0|394527.00|0|394527.00|13|0.00|0|0.00|0.00|0.00|0.00|0.00|0.00|820957.00|0.00|5573881.00|5573881.00|22|5089427.00|13|0.00|0|0.00|0|0.00|0.00|0|0.00
EMPSHFT|1 Restaurante|1|1-Restaurante|22|Alvaro|Viloria|606630065|1| |0| |0|CAJA 2|7|0|0.00|0.00|0.00|-26405.00|0|0|0.00|0|0.00|0|0.00|0|12400.00|2|0.00|0|0|0|225745.00|0|225745.00|4|0.00|0|15415947.00|0.00|0.00|0.00|0.00|0.00|0.00|-26405.00|0.00|-26420.00|0|3226330.00|7|0.00|0|0.00|0|-15.00|0.00|0|0.00
EMPSHFT|1 Restaurante|1|1-Restaurante|22|Alvaro|Viloria|606630065|1| |0| |0|COCINA LADO|10|0|-1999579.00|0.00|0.00|-199957.00|3|-3|0.00|0|-2354092.00|73|0.00|0|0.00|0|0.00|0|0|0|-156251.00|0|-156251.00|3|0.00|0|0.00|0.00|0.00|0.00|0.00|0.00|-379921.00|-406616.00|181251.00|-2579457.00|3|-2015651.00|2|0.00|0|0.00|0|0.00|0.00|0|0.00
EMPSHFT|1 Restaurante|1|1-Restaurante|22|Valentina|Rodriguez|606630077|1| |0| |0|COCINA LADO|10|0|803202.00|0.00|0.00|0.00|0|0|0.00|0|0.00|0|0.00|0|0.00|0|0.00|0|0|0|0.00|0|0.00|0|0.00|0|0.00|0.00|0.00|0.00|0.00|0.00|152608.00|0.00|955810.00|955810.00|0|0.00|0|0.00|0|0.00|0|0.00|0.00|0|0.00
EMPSHFT|1 Restaurante|1|1-Restaurante|22|Valentina|Rodriguez|606630077|1| |0| |0|TERRAZA|8|0|7177007.00|0.00|0.00|717692.00|76|134|0.00|0|0.00|0|0.00|0|638600.00|18|0.00|0|0|0|510652.00|0|510652.00|74|0.00|0|0.00|0.00|0.00|0.00|0.00|0.00|1363593.00|0.00|9258292.00|9258292.00|76|6587452.00|74|0.00|0|0.00|0|0.00|0.00|0|0.00
EMPSHFT|1 Restaurante|1|1-Restaurante|22|Valentina|Rodriguez|606630077|1| |0| |0|CAPS|1|0|0.00|0.00|0.00|0.00|0|0|0.00|0|0.00|0|0.00|0|0.00|0|0.00|0|0|0|0.00|0|0.00|0|0.00|0|127193.00|0.00|0.00|0.00|0.00|0.00|0.00|0.00|0.00|0.00|0|0.00|0|0.00|0|0.00|0|0.00|0.00|0|0.00
EMPSHFT|1 Restaurante|1|1-Restaurante|22|Valentina|Rodriguez|606630077|1| |0| |0|MARILYN|5|0|128566.00|0.00|0.00|1042.00|1|2|0.00|0|0.00|0|0.00|0|0.00|0|0.00|0|0|0|2672.00|0|2672.00|2|0.00|0|0.00|0.00|0.00|0.00|0.00|0.00|24428.00|0.00|154036.00|154036.00|1|34472.00|2|0.00|0|0.00|0|0.00|0.00|0|0.00
EMPSHFT|1 Restaurante|1|1-Restaurante|22|Valentina|Rodriguez|606630077|1| |0| |0|CAJA 2|7|0|0.00|0.00|0.00|0.00|0|0|0.00|0|0.00|0|0.00|0|0.00|0|0.00|0|0|0|205410.00|0|205410.00|1|0.00|0|5535513.00|0.00|0.00|0.00|0.00|0.00|0.00|0.00|0.00|-9.00|0|3746205.00|1|0.00|0|0.00|0|-9.00|0.00|0|0.00
EMPSHFT|1 Restaurante|1|1-Restaurante|22|Santiago|Narvaez|606640008|1| |0| |0|CAJA 2|7|0|0.00|0.00|0.00|0.00|0|0|0.00|0|0.00|0|0.00|0|0.00|0|0.00|0|0|0|0.00|0|0.00|0|0.00|0|0.00|0.00|0.00|0.00|0.00|0.00|0.00|0.00|0.00|0.00|0|0.00|1|0.00|0|0.00|0|0.00|0.00|0|0.00
EMPSHFT|1 Restaurante|1|1-Restaurante|22|Santiago|Narvaez|606640008|1| |0| |0|MARILYN|5|0|0.00|0.00|0.00|0.00|0|0|0.00|0|0.00|0|0.00|0|0.00|0|0.00|0|0|0|0.00|0|0.00|0|0.00|0|0.00|0.00|0.00|0.00|0.00|0.00|0.00|0.00|0.00|0.00|1|0.00|0|0.00|0|0.00|0|0.00|0.00|0|0.00
EMPSHFT|1 Restaurante|1|1-Restaurante|22|Mauricio|Acosta|606650004|1| |0| |0|CAJA 2|7|0|0.00|0.00|0.00|0.00|0|0|0.00|0|0.00|0|0.00|0|0.00|0|0.00|0|0|0|0.00|0|0.00|0|0.00|0|2071234.00|0.00|0.00|0.00|0.00|0.00|0.00|0.00|0.00|0.00|0|0.00|0|0.00|0|0.00|0|0.00|0.00|0|0.00
EMPSHFT|1 Restaurante|1|1-Restaurante|22|Mauricio|Acosta|606650004|1| |0| |0|MARILYN|5|0|1882941.00|0.00|0.00|188293.00|1|1|0.00|0|0.00|0|0.00|0|42800.00|1|0.00|0|0|0|188293.00|0|188293.00|1|0.00|0|0.00|0.00|0.00|0.00|0.00|0.00|357759.00|0.00|2428993.00|2428993.00|1|2428993.00|1|0.00|0|0.00|0|0.00|0.00|0|0.00
EMPSHFT|1 Restaurante|1|1-Restaurante|22|Viviana|Maldonado M.|606670017|1| |0| |0|COCINA LADO|10|0|2269.00|0.00|0.00|227.00|0|0|0.00|0|0.00|0|0.00|0|0.00|0|0.00|0|0|0|0.00|0|0.00|0|0.00|0|0.00|0.00|0.00|0.00|0.00|0.00|431.00|0.00|2927.00|2927.00|0|0.00|0|0.00|0|0.00|0|0.00|0.00|0|0.00
EMPSHFT|1 Restaurante|1|1-Restaurante|22|Viviana|Maldonado M.|606670017|1| |0| |0|CABINA DJ|4|0|2269.00|0.00|0.00|227.00|1|1|0.00|0|0.00|0|0.00|0|0.00|0|0.00|0|0|0|0.00|0|0.00|0|0.00|0|0.00|0.00|0.00|0.00|0.00|0.00|431.00|0.00|2927.00|2927.00|1|0.00|0|0.00|0|0.00|0|0.00|0.00|0|0.00
EMPSHFT|1 Restaurante|1|1-Restaurante|22|Viviana|Maldonado M.|606670017|1| |0| |0|CAJA 2|7|0|-6807.00|-6807.00|0.00|-681.00|0|0|0.00|0|0.00|0|0.00|0|0.00|0|0.00|0|0|0|0.00|0|0.00|0|0.00|0|0.00|0.00|0.00|0.00|0.00|0.00|0.00|-681.00|0.00|-7481.00|0|1300.00|1|0.00|0|0.00|0|0.00|0.00|0|0.00
EMPSHFT|1 Restaurante|1|1-Restaurante|22|Viviana|Maldonado M.|606670017|1| |0| |0|MARILYN|5|0|2269.00|0.00|0.00|227.00|0|0|0.00|0|0.00|0|0.00|0|0.00|0|0.00|0|0|0|0.00|0|0.00|0|0.00|0|0.00|0.00|0.00|0.00|0.00|0.00|431.00|0.00|2927.00|2927.00|0|0.00|0|0.00|0|0.00|0|0.00|0.00|0|0.00
EMPSHFT|1 Restaurante|1|1-Restaurante|22|Camilo|Tangarife|606670018|1| |0| |0|CAJA 1|6|0|116974.00|0.00|0.00|11698.00|2|15|0.00|0|0.00|0|0.00|0|154200.00|3|0.00|0|0|0|0.00|0|0.00|0|0.00|0|0.00|0.00|0.00|0.00|0.00|0.00|22226.00|0.00|150898.00|150898.00|2|0.00|0|0.00|0|0.00|0|0.00|0.00|0|0.00
EMPSHFT|1 Restaurante|1|1-Restaurante|22|Rosmar|Arevalo|606680003|1| |0| |0|CAJA 2|7|0|0.00|0.00|0.00|0.00|0|0|0.00|0|0.00|0|0.00|0|0.00|0|0.00|0|0|0|0.00|0|0.00|0|0.00|0|0.00|0.00|0.00|0.00|0.00|0.00|0.00|0.00|0.00|0.00|1|0.00|1|0.00|0|0.00|0|0.00|0.00|0|0.00
EMPSHFT|1 Restaurante|1|1-Restaurante|22|Hector|Diaz|606680011|1| |0| |0|BAR_LADO|3|0|806720.00|0.00|0.00|0.00|12|0|0.00|0|0.00|0|0.00|0|0.00|0|0.00|0|0|0|0.00|0|0.00|0|0.00|0|806720.00|0.00|0.00|0.00|0.00|0.00|153280.00|0.00|960000.00|960000.00|12|960000.00|12|0.00|0|0.00|0|0.00|0.00|0|0.00
EMPSHFT|1 Restaurante|1|1-Restaurante|22|Hector|Diaz|606680011|1| |0| |0|PUERTO|9|0|100840.00|0.00|0.00|0.00|2|1|0.00|0|0.00|0|0.00|0|0.00|0|0.00|0|0|0|0.00|0|0.00|0|0.00|0|100840.00|0.00|0.00|0.00|0.00|0.00|19160.00|0.00|120000.00|120000.00|2|120000.00|2|0.00|0|0.00|0|0.00|0.00|0|0.00
EMPDSC|1 Restaurante|1|1-Restaurante|22|Viviana|Maldonado M.|606670017|Descuento %|1|Descuento %|1|-6807.00|1|-6807.00
EMPTM|1 Restaurante|1|1-Restaurante|22|Gleiner|Montiel Rocha|606630008|Contado|102|Contado|102|Payment|0.00|0
EMPTM|1 Restaurante|1|1-Restaurante|22|Juliander Alexander |Lara Muñoz|606630012|Contado|102|Contado|102|Payment|0.00|0
EMPTM|1 Restaurante|1|1-Restaurante|22|Rosmar|Arevalo|606680003|Efectivo |101|Efectivo |101|Payment|12325940.00|46
EMPTM|1 Restaurante|1|1-Restaurante|22|Rosmar|Arevalo|606680003|American Express|201|American Express|201|Payment|2744293.00|10
EMPTM|1 Restaurante|1|1-Restaurante|22|Rosmar|Arevalo|606680003|Master Card|202|Master Card|202|Payment|12792064.00|76
EMPTM|1 Restaurante|1|1-Restaurante|22|Rosmar|Arevalo|606680003|Cuenta X Cobrar|206|Cuenta X Cobrar|206|Payment|25336935.00|5
EMPTM|20-Domicilios|20|20-Domicilios|29|Rosmar|Arevalo|606680003|CxC Rappi|210|CxC Rappi|210|Payment|20700.00|1
EMPTM|1 Restaurante|1|1-Restaurante|22|Rosmar|Arevalo|606680003|Visa|204|Visa|204|Payment|23968843.00|83
EMPTM|1 Restaurante|1|1-Restaurante|22|Rosmar|Arevalo|606680003|Anticipo|208|Anticipo|208|Payment|4248646.00|2
EMPTM|1 Restaurante|1|1-Restaurante|22|Rosmar|Arevalo|606680003|Consignacion|209|Consignacion|209|Payment|2746214.00|1
EMPTM|1 Restaurante|1|1-Restaurante|22|Mauricio|Acosta|606650004|Contado|102|Contado|102|Payment|0.00|0
EMPTM|1 Restaurante|1|1-Restaurante|22|Moises|Cotes|606630037|Contado|102|Contado|102|Payment|0.00|0
EMPTM|1 Restaurante|1|1-Restaurante|22|Karem|Lopez|606630046|Contado|102|Contado|102|Payment|0.00|0
EMPTM|1 Restaurante|1|1-Restaurante|22|Evelyn|Genes|606630056|Contado|102|Contado|102|Payment|0.00|0
EMPTM|1 Restaurante|1|1-Restaurante|22|Esther|Gonzalez|606630064|Contado|102|Contado|102|Payment|0.00|0
EMPTM|1 Restaurante|1|1-Restaurante|22|Alvaro|Viloria|606630065|Contado|102|Contado|102|Payment|0.00|0
EMPTM|1 Restaurante|1|1-Restaurante|22|Camilo|Tangarife|606670018|Contado|102|Contado|102|Payment|0.00|0
EMPTM|1 Restaurante|1|1-Restaurante|22|Valentina|Rodriguez|606630077|Contado|102|Contado|102|Payment|0.00|0
EMPTM|1 Restaurante|1|1-Restaurante|22|Hector|Diaz|606680011|Efectivo |101|Efectivo |101|Payment|540000.00|6
EMPTM|1 Restaurante|1|1-Restaurante|22|Hector|Diaz|606680011|Contado|102|Contado|102|Payment|0.00|0
EMPTM|1 Restaurante|1|1-Restaurante|22|Hector|Diaz|606680011|Master Card|202|Master Card|202|Payment|90000.00|2
EMPTM|1 Restaurante|1|1-Restaurante|22|Hector|Diaz|606680011|Visa|204|Visa|204|Payment|390000.00|7
EMPTM|1 Restaurante|1|1-Restaurante|22|Jose|Cerchar Colon|302270005|Efectivo |101|Efectivo |101|Payment|120000.00|3
EMPTM|1 Restaurante|1|1-Restaurante|22|Jose|Cerchar Colon|302270005|Contado|102|Contado|102|Payment|0.00|0
EMPTM|1 Restaurante|1|1-Restaurante|22|Jose|Cerchar Colon|302270005|American Express|201|American Express|201|Payment|210000.00|2
EMPTM|1 Restaurante|1|1-Restaurante|22|Jose|Cerchar Colon|302270005|Master Card|202|Master Card|202|Payment|90000.00|2
EMPTM|1 Restaurante|1|1-Restaurante|22|Jose|Cerchar Colon|302270005|Visa|204|Visa|204|Payment|660000.00|8
EMPTM|1 Restaurante|1|1-Restaurante|22|Leonardo de Jesus|Avila Perez|112|Contado|102|Contado|102|Payment|0.00|0
EMPOTSLS|1 Restaurante|1|1-Restaurante|22|Karem|Lopez|606630046|Para Aqui|1|Para Aqui|1|1|0|0|0|0.00|0.00|0.00|0|0.00|0|0.00|0.00|0|0.00|0|0.00|0|0.00|0|0.00|0|0.00|0|0.00|0|0.00|0|0.00|0.00|0.00
EMPOTSLS|1 Restaurante|1|1-Restaurante|22|Evelyn|Genes|606630056|Para Aqui|1|Para Aqui|1|8|10|0|0|5006818.00|0.00|0.00|0|0.00|0|0.00|0.00|0|0.00|0|0.00|0|0.00|0|0.00|0|0.00|0|0.00|0|0.00|0|0.00|0.00|5006818.00
EMPOTSLS|1 Restaurante|1|1-Restaurante|22|Hector|Diaz|606680011|Para Aqui|1|Para Aqui|1|14|1|0|0|907560.00|0.00|0.00|0|0.00|0|0.00|0.00|0|0.00|0|0.00|0|0.00|0|0.00|0|0.00|0|0.00|0|0.00|0|0.00|0.00|907560.00
EMPOTSLS|1 Restaurante|1|1-Restaurante|22|Viviana|Maldonado M.|606670017|Para Aqui|1|Para Aqui|1|1|1|0|0|0.00|0.00|0.00|0|0.00|0|0.00|0.00|0|0.00|0|0.00|0|0.00|0|0.00|0|0.00|0|0.00|0|0.00|0|0.00|0.00|0.00
EMPOTSLS|1 Restaurante|1|1-Restaurante|22|Leonardo de Jesus|Avila Perez|112|Para Aqui|1|Para Aqui|1|1|2|0|0|197478.00|0.00|0.00|0|0.00|0|0.00|0.00|0|0.00|0|0.00|0|0.00|0|0.00|0|0.00|0|0.00|0|0.00|0|0.00|0.00|197478.00
EMPOTSLS|1 Restaurante|1|1-Restaurante|22|Jose|Cerchar Colon|302270005|Para Aqui|1|Para Aqui|1|12|2|0|0|857140.00|0.00|0.00|0|0.00|0|0.00|0.00|0|0.00|0|0.00|0|0.00|0|0.00|0|0.00|0|0.00|0|0.00|0|0.00|0.00|857140.00
EMPOTSLS|1 Restaurante|1|1-Restaurante|22|Alvaro|Viloria|606630065|Para Aqui|1|Para Aqui|1|74|136|0|0|17042449.00|0.00|0.00|0|0.00|0|0.00|0.00|0|0.00|0|0.00|0|0.00|0|0.00|0|0.00|0|0.00|0|0.00|0|0.00|0.00|17042449.00
EMPOTSLS|1 Restaurante|1|1-Restaurante|22|Mauricio|Acosta|606650004|Para Aqui|1|Para Aqui|1|1|1|0|0|1882941.00|0.00|0.00|0|0.00|0|0.00|0.00|0|0.00|0|0.00|0|0.00|0|0.00|0|0.00|0|0.00|0|0.00|0|0.00|0.00|1882941.00
EMPOTSLS|1 Restaurante|1|1-Restaurante|22|Juliander Alexander |Lara Muñoz|606630012|Para Aqui|1|Para Aqui|1|3|4|0|0|153109.00|0.00|0.00|0|0.00|0|0.00|0.00|0|0.00|0|0.00|0|0.00|0|0.00|0|0.00|0|0.00|0|0.00|0|0.00|0.00|153109.00
EMPOTSLS|1 Restaurante|1|1-Restaurante|22|Gleiner|Montiel Rocha|606630008|Para Aqui|1|Para Aqui|1|16|33|0|0|12263209.00|0.00|0.00|0|0.00|0|0.00|0.00|0|0.00|0|0.00|0|0.00|0|0.00|0|0.00|0|0.00|0|0.00|0|0.00|0.00|12263209.00
EMPOTSLS|20-Domicilios|20|20-Domicilios|29|Domicilios|Rappi|606630025|Para Aqui|1|Para Aqui|1|1|0|0|0|17395.00|0.00|0.00|0|0.00|0|0.00|0.00|0|0.00|0|0.00|0|0.00|0|0.00|0|0.00|0|0.00|0|0.00|0|0.00|0.00|17395.00
EMPOTSLS|1 Restaurante|1|1-Restaurante|22|Moises|Cotes|606630037|Para Aqui|1|Para Aqui|1|18|35|0|0|5462948.00|0.00|0.00|0|0.00|0|0.00|0.00|0|0.00|0|0.00|0|0.00|0|0.00|0|0.00|0|0.00|0|0.00|0|0.00|0.00|5462948.00
EMPOTSLS|1 Restaurante|1|1-Restaurante|22|Esther|Gonzalez|606630064|Para Aqui|1|Para Aqui|1|20|61|0|0|5273699.00|0.00|0.00|0|0.00|0|0.00|0.00|0|0.00|0|0.00|0|0.00|0|0.00|0|0.00|0|0.00|0|0.00|0|0.00|0.00|5273699.00
EMPOTSLS|1 Restaurante|1|1-Restaurante|22|Viviana|Maldonado|606630033|Para Aqui|1|Para Aqui|1|7|22|0|0|10574356.00|0.00|0.00|0|0.00|0|0.00|0.00|0|0.00|0|0.00|0|0.00|0|0.00|0|0.00|0|0.00|0|0.00|0|0.00|0.00|10574356.00
EMPOTSLS|1 Restaurante|1|1-Restaurante|22|Jhonatan|Gutierrez|606630059|Para Aqui|1|Para Aqui|1|1|2|0|0|32606.00|0.00|0.00|0|0.00|0|0.00|0.00|0|0.00|0|0.00|0|0.00|0|0.00|0|0.00|0|0.00|0|0.00|0|0.00|0.00|32606.00
EMPOTSLS|1 Restaurante|1|1-Restaurante|22|Camilo|Tangarife|606670018|Para Aqui|1|Para Aqui|1|2|15|0|0|116974.00|0.00|0.00|0|0.00|0|0.00|0.00|0|0.00|0|0.00|0|0.00|0|0.00|0|0.00|0|0.00|0|0.00|0|0.00|0.00|116974.00
EMPOTSLS|1 Restaurante|1|1-Restaurante|22|Valentina|Rodriguez|606630077|Para Aqui|1|Para Aqui|1|77|136|0|0|8108775.00|0.00|0.00|0|0.00|0|0.00|0.00|0|0.00|0|0.00|0|0.00|0|0.00|0|0.00|0|0.00|0|0.00|0|0.00|0.00|8108775.00
