EMPID|AB80|Andres Bazaar 80|20241212|20241212|20250113|125401|2.00|2.00|Simphony|19.7.2
EMP|1-Restaurante|1|1-Restaurante|22|Miguel|Ramirez|404220003|10|9|0|0|1232858.00|123284.00|0.00|0|0.00|0|-4748.00|1.00|66200.00|5|0.00|0|0.00|0|1590385.00|10|1590385.00|10|0.00|0|0.00|0|0.00|123284.00|0.00|0|1232858.00|0.00|0.00|1232858.00
EMP|1-Restaurante|1|1-Restaurante|22|Juan Carlos|Rodriguez|402240001|2|2|0|0|20588.00|2059.00|0.00|0|0.00|0|0.00|0.00|0.00|0|0.00|0|0.00|0|26559.00|2|26559.00|2|0.00|0|0.00|0|0.00|2059.00|0.00|0|20588.00|0.00|0.00|20588.00
EMPSHFT|1-Restaurante|1|1-Restaurante|22|Juan Carlos|Rodriguez|402240001|1| |0| |0|BARRA|3|0|20588.00|0.00|0.00|2059.00|2|2|0.00|0|0.00|0|0.00|0|0.00|0|0.00|0|0|0|2059.00|0|2059.00|2|0.00|0|0.00|0.00|0.00|0.00|0.00|0.00|3912.00|0.00|26559.00|26559.00|2|26559.00|2|0.00|0|0.00|0|0.00|0.00|0|0.00
EMPSHFT|1-Restaurante|1|1-Restaurante|22|Juan Carlos|Rodriguez|402240001|1| |0| |0|CAPS|1|0|0.00|0.00|0.00|0.00|0|0|0.00|0|0.00|0|0.00|0|0.00|0|0.00|0|0|0|0.00|0|0.00|0|0.00|0|22647.00|0.00|0.00|0.00|0.00|0.00|0.00|0.00|0.00|0.00|0|0.00|0|0.00|0|0.00|0|0.00|0.00|0|0.00
EMPSHFT|1-Restaurante|1|1-Restaurante|22|Miguel|Ramirez|404220003|1| |0| |0|PRINCIPAL|4|0|377562.00|0.00|0.00|37757.00|3|2|0.00|0|0.00|0|0.00|0|32400.00|3|0.00|0|0|0|38647.00|0|38647.00|2|0.00|0|0.00|0.00|0.00|0.00|0.00|0.00|71738.00|0.00|487057.00|487057.00|3|555047.00|3|0.00|0|0.00|0|0.00|0.00|0|0.00
EMPSHFT|1-Restaurante|1|1-Restaurante|22|Miguel|Ramirez|404220003|1| |0| |0|CAPS|1|0|6303.00|0.00|0.00|5378.00|0|0|0.00|0|0.00|0|0.00|0|0.00|0|0.00|0|0|0|20453.00|0|20453.00|5|0.00|0|1356269.00|0.00|0.00|0.00|0.00|0.00|1197.00|0.00|12878.00|12879.00|0|207354.00|4|0.00|0|0.00|0|1.00|0.00|0|0.00
EMPSHFT|1-Restaurante|1|1-Restaurante|22|Miguel|Ramirez|404220003|1| |0| |0|BARRA|3|0|848993.00|0.00|0.00|80149.00|7|7|0.00|0|0.00|0|0.00|0|33800.00|2|0.00|0|0|0|64184.00|0|64184.00|3|0.00|0|0.00|0.00|0.00|0.00|0.00|0.00|161307.00|-4748.00|1095197.00|1090449.00|7|827984.00|3|0.00|0|0.00|0|0.00|0.00|0|0.00
EMPTM|1-Restaurante|1|1-Restaurante|22|Miguel|Ramirez|404220003|Contado|102|Contado|102|Payment|0.00|0
EMPTM|1-Restaurante|1|1-Restaurante|22|Juan Carlos|Rodriguez|402240001|Contado|102|Contado|102|Payment|0.00|0
EMPTM|1-Restaurante|1|1-Restaurante|22|Jonatan Steven|Fernandez Medina|76|Contado|102|Contado|102|Payment|0.00|0
EMPTM|1-Restaurante|1|1-Restaurante|22|Jonatan Steven|Fernandez Medina|76|Master Card|202|Master Card|202|Payment|1239592.00|7
EMPTM|1-Restaurante|1|1-Restaurante|22|Jonatan Steven|Fernandez Medina|76|Efectivo |101|Efectivo |101|Payment|355130.00|2
EMPTM|1-Restaurante|1|1-Restaurante|22|Jonatan Steven|Fernandez Medina|76|Visa |204|Visa |204|Payment|22222.00|3
EMPOTSLS|1-Restaurante|1|1-Restaurante|22|Juan Carlos|Rodriguez|402240001|Para Aqui|1|Para Aqui|1|2|2|0|0|20588.00|0.00|0.00|0|0.00|0|0.00|0.00|0|0.00|0|0.00|0|0.00|0|0.00|0|0.00|0|0.00|0|0.00|0|0.00|0.00|20588.00
EMPOTSLS|1-Restaurante|1|1-Restaurante|22|Miguel|Ramirez|404220003|Para Aqui|1|Para Aqui|1|10|9|0|0|1232858.00|0.00|0.00|0|0.00|0|0.00|0.00|0|0.00|0|0.00|0|0.00|0|0.00|0|0.00|0|0.00|0|0.00|0|0.00|0.00|1232858.00
