EMPID|MED|Andres Medellin|20241217|20241217|20250118|122254|2.00|2.00|Simphony|19.7.2
EMP|2-Almacen|2|2-Almacen|2|Anny|Arroyo|30004|1|0|0|0|0.00|0.00|-58824.00|1|0.00|0|-11176.00|0.00|0.00|0|0.00|0|0.00|4|0.00|1|0.00|1|0.00|0|0.00|0|0.00|0.00|0.00|0|0.00|0.00|0.00|0.00
EMP|1-Restaurante|1|1-Restaurante|22|Maria Fernanda|Cano Maria |40022|5|6|0|0|913060.00|74655.00|0.00|0|0.00|0|-16648.00|0.00|132500.00|2|0.00|0|0.00|0|1060755.00|8|1614589.00|7|0.00|0|0.00|0|0.00|121589.00|0.00|0|913060.00|0.00|0.00|913060.00
EMP|1-Restaurante|1|1-Restaurante|22|laura|Laura triana|40031|8|7|0|0|2184818.00|205328.00|0.00|0|0.00|0|-13148.00|0.00|89000.00|3|0.00|0|0.00|0|2564928.00|10|2564928.00|10|0.00|0|0.00|0|0.00|205328.00|0.00|0|2184818.00|0.00|0.00|2184818.00
EMP|1-Restaurante|1|1-Restaurante|22|Andrea|Avila Andrea|40027|0|0|0|0|0.00|0.00|0.00|0|0.00|0|0.00|0.00|0.00|0|0.00|0|0.00|0|0.00|1|0.00|0|0.00|0|0.00|0|0.00|0.00|0.00|0|0.00|0.00|0.00|0.00
EMP|2-Almacen|2|2-Almacen|2|Andrea|Avila Andrea|40027|1|2|0|0|63865.00|0.00|0.00|0|0.00|0|0.00|0.00|56000.00|2|0.00|0|0.00|0|76000.00|1|76000.00|1|0.00|0|0.00|0|0.00|0.00|0.00|0|63865.00|0.00|0.00|63865.00
EMP|1-Restaurante|1|1-Restaurante|22|Ibarra|Alison Ibarra|40054|13|17|0|0|3863164.00|386302.00|-74558.00|11|0.00|0|-5420.00|-1.00|57500.00|3|0.00|0|0.00|0|4558501.00|16|2420631.00|12|0.00|0|0.00|0|0.00|205132.00|0.00|0|3863164.00|0.00|0.00|3863164.00
EMP|1-Restaurante|1|1-Restaurante|22|chaux|Dayana montiel|40057|13|30|0|0|3723899.00|372381.00|0.00|0|0.00|0|0.00|1.00|106800.00|5|0.00|0|0.00|0|4394182.00|14|4665800.00|14|0.00|0|0.00|0|0.00|395399.00|0.00|0|3723899.00|0.00|0.00|3723899.00
EMP|1-Restaurante|1|1-Restaurante|22|Arrieta|Ricardo Arrieta|40063|10|40|0|0|4084563.00|408442.00|0.00|0|0.00|0|0.00|0.00|390500.00|3|0.00|0|0.00|0|4819742.00|15|2474608.00|8|0.00|0|0.00|0|0.00|209708.00|0.00|0|4084563.00|0.00|0.00|4084563.00
EMP|1-Restaurante|1|1-Restaurante|22|Viloria|Miguel viloria|40064|11|11|0|0|3026953.00|302686.00|0.00|0|0.00|0|0.00|3.00|113500.00|2|0.00|0|0.00|0|3571789.00|13|2969116.00|11|0.00|0|0.00|0|0.00|251613.00|0.00|0|3026953.00|0.00|0.00|3026953.00
EMP|1-Restaurante|1|1-Restaurante|22|Gallego|Valerin Gallego|40065|5|11|0|0|1765751.00|151949.00|0.00|0|0.00|0|-24620.00|0.00|318100.00|7|0.00|0|0.00|0|2058949.00|6|2058949.00|6|0.00|0|0.00|0|0.00|151949.00|0.00|0|1765751.00|0.00|0.00|1765751.00
EMP|1-Restaurante|1|1-Restaurante|22|Manuela|Manuela Valencia|40068|18|18|0|0|6268627.00|626844.00|0.00|0|0.00|0|0.00|2.00|416300.00|11|0.00|0|0.00|0|7396946.00|20|5525776.00|15|0.00|0|0.00|0|0.00|468274.00|0.00|0|6268627.00|0.00|0.00|6268627.00
EMP|1-Restaurante|1|1-Restaurante|22|Cardona|AlexandraCardona|40071|19|31|0|0|4940518.00|482462.00|0.00|0|0.00|0|-11574.00|-1.00|481300.00|10|0.00|0|0.00|0|5818201.00|27|5969415.00|25|0.00|0|0.00|0|0.00|495276.00|0.00|0|4940518.00|0.00|0.00|4940518.00
EMP|1-Restaurante|1|1-Restaurante|22|Cordoba|David Cordoba|40094|14|12|0|0|3988442.00|355871.00|0.00|0|0.00|0|-42962.00|-10.00|84500.00|3|0.00|0|0.00|0|4663361.00|15|5986159.00|13|0.00|0|0.00|0|0.00|467969.00|0.00|0|3988442.00|0.00|0.00|3988442.00
EMP|1-Restaurante|1|1-Restaurante|22|Tania|Cardona Tania|30011|3|0|0|0|1326209.00|110979.00|-600230.00|12|0.00|0|-43638.00|0.00|0.00|0|0.00|0|0.00|0|1567079.00|3|10006899.00|3|0.00|0|0.00|0|0.00|826199.00|0.00|0|1326209.00|0.00|0.00|1326209.00
EMP|1-Restaurante|1|1-Restaurante|22|Daniel|Daniel Pineda|30015|0|0|0|0|0.00|0.00|0.00|0|0.00|0|0.00|0.00|0.00|0|0.00|0|0.00|0|0.00|1|0.00|1|0.00|0|0.00|0|0.00|0.00|0.00|0|0.00|0.00|0.00|0.00
EMP|1-Restaurante|1|1-Restaurante|22|John Esteban|Mesa Correa|24|1|1|0|0|0.00|24621.00|0.00|0|0.00|0|0.00|-1.00|0.00|0|0.00|0|0.00|0|24620.00|1|24620.00|1|0.00|0|0.00|0|0.00|24621.00|0.00|0|0.00|0.00|0.00|0.00
EMP|Domicilios|20|Domicilios|20|John Esteban|Mesa Correa|24|3|0|0|0|194817.00|0.00|0.00|0|0.00|0|0.00|0.00|0.00|0|0.00|0|0.00|0|210400.00|3|210400.00|3|0.00|0|0.00|0|0.00|0.00|0.00|0|194817.00|0.00|0.00|194817.00
EMP|1-Restaurante|1|1-Restaurante|22|Maria|Maria Fernanda Londoño|145|8|8|0|0|3495199.00|349509.00|0.00|0|0.00|0|0.00|0.00|56500.00|3|0.00|0|0.00|1|4124309.00|9|341872.00|3|0.00|0|0.00|0|0.00|28972.00|0.00|0|3495199.00|0.00|0.00|3495199.00
EMPSHFT|Domicilios|20|Domicilios|20|John Esteban|Mesa Correa|24|1| |0| |0|CAPS_Almacen|1|1|194817.00|0.00|0.00|0.00|3|0|0.00|0|0.00|0|0.00|0|0.00|0|0.00|0|0|0|0.00|0|0.00|0|0.00|0|0.00|0.00|0.00|0.00|0.00|0.00|15583.00|0.00|210400.00|210400.00|3|210400.00|3|0.00|0|0.00|0|0.00|0.00|0|0.00
EMPSHFT|1-Restaurante|1|1-Restaurante|22|John Esteban|Mesa Correa|24|1| |0| |0|Cava|3|0|0.00|0.00|0.00|24621.00|1|1|0.00|0|0.00|0|0.00|0|0.00|0|0.00|0|0|0|24621.00|0|24621.00|2|0.00|0|0.00|0.00|0.00|0.00|0.00|0.00|0.00|0.00|24621.00|24620.00|1|24620.00|1|0.00|0|0.00|0|-1.00|0.00|0|0.00
EMPSHFT|1-Restaurante|1|1-Restaurante|22|Maria|Maria Fernanda Londoño|145|1| |0| |0|Bar_Lado|9|0|0.00|0.00|0.00|0.00|0|0|0.00|0|0.00|0|0.00|0|0.00|0|0.00|0|0|0|0.00|0|0.00|0|0.00|0|0.00|0.00|0.00|0.00|0.00|0.00|0.00|0.00|0.00|0.00|0|0.00|0|0.00|0|0.00|0|0.00|0.00|0|0.00
EMPSHFT|1-Restaurante|1|1-Restaurante|22|Maria|Maria Fernanda Londoño|145|1| |0| |0|Bar_principal2|5|0|36112.00|0.00|0.00|3611.00|0|0|0.00|0|0.00|0|0.00|0|0.00|0|0.00|0|0|0|17509.00|0|17509.00|1|0.00|0|0.00|0.00|0.00|0.00|0.00|0.00|2888.00|0.00|42611.00|42611.00|0|206609.00|2|0.00|0|0.00|0|0.00|0.00|0|0.00
EMPSHFT|1-Restaurante|1|1-Restaurante|22|Maria|Maria Fernanda Londoño|145|1| |0| |0|Cafes_Bar|15|0|3417884.00|0.00|0.00|341777.00|8|8|0.00|0|0.00|0|0.00|0|56500.00|3|0.00|0|0|0|11463.00|0|11463.00|1|0.00|0|0.00|0.00|0.00|0.00|0.00|0.00|273416.00|0.00|4033077.00|4033077.00|8|135263.00|1|0.00|0|0.00|0|0.00|0.00|0|0.00
EMPSHFT|1-Restaurante|1|1-Restaurante|22|Maria|Maria Fernanda Londoño|145|1| |0| |0|Cafes_Esquina|11|0|0.00|0.00|0.00|0.00|0|0|0.00|0|0.00|0|0.00|0|0.00|0|0.00|0|0|0|0.00|0|0.00|0|0.00|0|0.00|0.00|0.00|0.00|0.00|0.00|0.00|0.00|0.00|0.00|1|0.00|0|0.00|0|0.00|0|0.00|0.00|0|0.00
EMPSHFT|1-Restaurante|1|1-Restaurante|22|Maria|Maria Fernanda Londoño|145|1| |0| |0|Cava|3|0|0.00|0.00|0.00|0.00|0|0|0.00|0|0.00|0|0.00|0|0.00|0|0.00|0|0|0|0.00|0|0.00|0|0.00|0|318698.00|0.00|0.00|0.00|0.00|0.00|0.00|0.00|0.00|0.00|0|0.00|0|0.00|0|0.00|0|0.00|0.00|0|0.00
EMPSHFT|1-Restaurante|1|1-Restaurante|22|Maria|Maria Fernanda Londoño|145|1| |0| |0|Bar_Principal|4|0|41203.00|0.00|0.00|4121.00|0|0|0.00|0|0.00|0|0.00|0|0.00|0|0.00|0|0|0|0.00|0|0.00|0|0.00|0|0.00|0.00|0.00|0.00|0.00|0.00|3297.00|0.00|48621.00|48621.00|0|0.00|0|0.00|0|0.00|0|0.00|0.00|0|0.00
EMPSHFT|2-Almacen|2|2-Almacen|2|Anny|Arroyo|30004|1| |0| |0|Musica|8|0|-58824.00|0.00|0.00|0.00|0|-1|0.00|0|-58824.00|1|0.00|0|0.00|0|0.00|0|0|0|0.00|0|0.00|0|0.00|0|0.00|0.00|0.00|0.00|0.00|0.00|-11176.00|-11176.00|0.00|-70000.00|0|-70000.00|0|0.00|0|0.00|0|0.00|0.00|0|0.00
EMPSHFT|2-Almacen|2|2-Almacen|2|Anny|Arroyo|30004|1| |0| |0|Almacen|16|0|58824.00|0.00|0.00|0.00|1|1|0.00|0|0.00|0|0.00|0|0.00|0|0.00|0|0|0|0.00|0|0.00|0|0.00|0|0.00|0.00|0.00|0.00|0.00|0.00|11176.00|0.00|70000.00|70000.00|1|70000.00|1|0.00|0|0.00|0|0.00|0.00|0|0.00
EMPSHFT|1-Restaurante|1|1-Restaurante|22|Tania|Cardona Tania|30011|1| |0| |0|Cava|3|0|-216204.00|0.00|0.00|-21620.00|0|-1|0.00|0|-237824.00|8|0.00|0|0.00|0|0.00|0|0|0|826199.00|0|826199.00|1|0.00|0|9028921.00|0.00|0.00|0.00|0.00|0.00|-17296.00|-17296.00|0.00|-255120.00|0|10006899.00|2|0.00|0|0.00|0|0.00|0.00|0|0.00
EMPSHFT|1-Restaurante|1|1-Restaurante|22|Tania|Cardona Tania|30011|1| |0| |0|Cafes_Bar|15|0|1429654.00|0.00|0.00|142958.00|3|2|0.00|0|0.00|0|0.00|0|0.00|0|0.00|0|0|0|0.00|0|0.00|0|0.00|0|0.00|0.00|0.00|0.00|0.00|0.00|114346.00|-1.00|1686959.00|1686958.00|3|0.00|0|0.00|0|0.00|0|0.00|0.00|0|0.00
EMPSHFT|1-Restaurante|1|1-Restaurante|22|Tania|Cardona Tania|30011|1| |0| |0|Bar_Principal|4|0|216204.00|0.00|0.00|21620.00|0|0|0.00|0|0.00|0|0.00|0|0.00|0|0.00|0|0|0|0.00|0|0.00|0|0.00|0|0.00|0.00|0.00|0.00|0.00|0.00|17296.00|0.00|255120.00|255120.00|0|0.00|0|0.00|0|0.00|0|0.00|0.00|0|0.00
EMPSHFT|1-Restaurante|1|1-Restaurante|22|Tania|Cardona Tania|30011|1| |0| |0|CAPS_Almacen|1|0|-329462.00|0.00|0.00|-32944.00|0|-1|0.00|0|-362406.00|4|0.00|0|0.00|0|0.00|0|0|0|0.00|0|0.00|0|0.00|0|0.00|0.00|0.00|0.00|0.00|0.00|-26338.00|-26338.00|0.00|-388744.00|0|0.00|0|0.00|0|0.00|0|0.00|0.00|0|0.00
EMPSHFT|1-Restaurante|1|1-Restaurante|22|Tania|Cardona Tania|30011|1| |0| |0|Bar_principal2|5|0|226017.00|0.00|0.00|965.00|0|0|0.00|0|0.00|0|0.00|0|0.00|0|0.00|0|0|0|0.00|0|0.00|0|0.00|0|0.00|0.00|0.00|0.00|0.00|0.00|41883.00|-2.00|268867.00|268865.00|0|0.00|1|0.00|0|0.00|0|0.00|0.00|0|0.00
EMPSHFT|1-Restaurante|1|1-Restaurante|22|Tania|Cardona Tania|30011|1| |0| |0|Bar_Lado|9|0|0.00|0.00|0.00|0.00|0|0|0.00|0|0.00|0|0.00|0|0.00|0|0.00|0|0|0|0.00|0|0.00|0|0.00|0|0.00|0.00|0.00|0.00|0.00|0.00|0.00|-1.00|1.00|0.00|0|0.00|0|0.00|0|0.00|0|0.00|0.00|0|0.00
EMPSHFT|1-Restaurante|1|1-Restaurante|22|Daniel|Daniel Pineda|30015|1| |0| |0|Bar_Lado|9|0|0.00|0.00|0.00|0.00|0|0|0.00|0|0.00|0|0.00|0|0.00|0|0.00|0|0|0|0.00|0|0.00|0|0.00|0|0.00|0.00|0.00|0.00|0.00|0.00|0.00|0.00|0.00|0.00|1|0.00|0|0.00|0|0.00|0|0.00|0.00|0|0.00
EMPSHFT|1-Restaurante|1|1-Restaurante|22|Daniel|Daniel Pineda|30015|1| |0| |0|Cafes_Bar|15|0|0.00|0.00|0.00|0.00|0|0|0.00|0|0.00|0|0.00|0|0.00|0|0.00|0|0|0|0.00|0|0.00|0|0.00|0|0.00|0.00|0.00|0.00|0.00|0.00|0.00|0.00|0.00|0.00|0|0.00|0|0.00|0|0.00|0|0.00|0.00|0|0.00
EMPSHFT|1-Restaurante|1|1-Restaurante|22|Daniel|Daniel Pineda|30015|1| |0| |0|Musica|8|0|0.00|0.00|0.00|0.00|0|0|0.00|0|0.00|0|0.00|0|0.00|0|0.00|0|0|0|0.00|0|0.00|0|0.00|0|0.00|0.00|0.00|0.00|0.00|0.00|0.00|0.00|0.00|0.00|0|0.00|0|0.00|0|0.00|0|0.00|0.00|0|0.00
EMPSHFT|1-Restaurante|1|1-Restaurante|22|Daniel|Daniel Pineda|30015|1| |0| |0|Bar_principal2|5|0|0.00|0.00|0.00|0.00|0|0|0.00|0|0.00|0|0.00|0|0.00|0|0.00|0|0|0|0.00|0|0.00|0|0.00|0|0.00|0.00|0.00|0.00|0.00|0.00|0.00|0.00|0.00|0.00|0|0.00|1|0.00|0|0.00|0|0.00|0.00|0|0.00
EMPSHFT|1-Restaurante|1|1-Restaurante|22|Daniel|Daniel Pineda|30015|1| |0| |0|Cafes_Lado|10|0|0.00|0.00|0.00|0.00|0|0|0.00|0|0.00|0|0.00|0|0.00|0|0.00|0|0|0|0.00|0|0.00|0|0.00|0|0.00|0.00|0.00|0.00|0.00|0.00|0.00|0.00|0.00|0.00|0|0.00|0|0.00|0|0.00|0|0.00|0.00|0|0.00
EMPSHFT|1-Restaurante|1|1-Restaurante|22|Maria Fernanda|Cano Maria |40022|1| |0| |0|Cafes_Lado|10|0|342594.00|0.00|0.00|34258.00|2|2|0.00|0|0.00|0|0.00|0|0.00|0|0.00|0|0|0|13194.00|0|13194.00|1|0.00|0|0.00|0.00|0.00|0.00|0.00|0.00|27406.00|0.00|404258.00|404258.00|3|155694.00|1|0.00|0|0.00|0|0.00|0.00|0|0.00
EMPSHFT|1-Restaurante|1|1-Restaurante|22|Maria Fernanda|Cano Maria |40022|1| |0| |0|Bar_Principal|4|0|0.00|0.00|0.00|0.00|0|0|0.00|0|0.00|0|0.00|0|0.00|0|0.00|0|0|0|0.00|0|0.00|0|0.00|0|0.00|0.00|0.00|0.00|0.00|0.00|0.00|0.00|0.00|0.00|0|0.00|0|0.00|0|0.00|0|0.00|0.00|0|0.00
EMPSHFT|1-Restaurante|1|1-Restaurante|22|Maria Fernanda|Cano Maria |40022|1| |0| |0|Bar_Lado|9|0|0.00|0.00|0.00|0.00|0|0|0.00|0|0.00|0|0.00|0|0.00|0|0.00|0|0|0|0.00|0|0.00|0|0.00|0|0.00|0.00|0.00|0.00|0.00|0.00|0.00|0.00|0.00|0.00|0|0.00|1|0.00|0|0.00|0|0.00|0.00|0|0.00
EMPSHFT|1-Restaurante|1|1-Restaurante|22|Maria Fernanda|Cano Maria |40022|1| |0| |0|Cafes_Esquina|11|0|17130.00|0.00|0.00|1713.00|0|0|0.00|0|0.00|0|0.00|0|0.00|0|0.00|0|0|0|23240.00|0|23240.00|1|0.00|0|0.00|0.00|0.00|0.00|0.00|0.00|1370.00|0.00|20213.00|20213.00|0|274240.00|1|0.00|0|0.00|0|0.00|0.00|0|0.00
EMPSHFT|1-Restaurante|1|1-Restaurante|22|Maria Fernanda|Cano Maria |40022|1| |0| |0|Bar_principal2|5|0|536206.00|0.00|0.00|53619.00|2|4|0.00|0|0.00|0|0.00|0|132500.00|2|0.00|0|0|0|85155.00|0|85155.00|2|0.00|0|0.00|0.00|0.00|0.00|0.00|0.00|42894.00|0.00|632719.00|632719.00|4|1004855.00|3|0.00|0|0.00|0|0.00|0.00|0|0.00
EMPSHFT|1-Restaurante|1|1-Restaurante|22|Maria Fernanda|Cano Maria |40022|1| |0| |0|Cava|3|0|0.00|0.00|0.00|-16648.00|0|0|0.00|0|0.00|0|0.00|0|0.00|0|0.00|0|0|0|0.00|0|0.00|0|0.00|0|1504003.00|0.00|0.00|0.00|0.00|0.00|0.00|-16648.00|0.00|-16648.00|0|179800.00|1|0.00|0|0.00|0|0.00|0.00|0|0.00
EMPSHFT|1-Restaurante|1|1-Restaurante|22|Maria Fernanda|Cano Maria |40022|1| |0| |0|Cafes_Bar|15|0|17130.00|0.00|0.00|1713.00|1|0|0.00|0|0.00|0|0.00|0|0.00|0|0.00|0|0|0|0.00|0|0.00|0|0.00|0|0.00|0.00|0.00|0.00|0.00|0.00|1370.00|0.00|20213.00|20213.00|1|0.00|0|0.00|0|0.00|0|0.00|0.00|0|0.00
EMPSHFT|2-Almacen|2|2-Almacen|2|Andrea|Avila Andrea|40027|1| |0| |0|Almacen|16|0|63865.00|0.00|0.00|0.00|1|2|0.00|0|0.00|0|0.00|0|56000.00|2|0.00|0|0|0|0.00|0|0.00|0|0.00|0|0.00|0.00|0.00|0.00|0.00|0.00|12135.00|0.00|76000.00|76000.00|1|76000.00|1|0.00|0|0.00|0|0.00|0.00|0|0.00
EMPSHFT|1-Restaurante|1|1-Restaurante|22|Andrea|Avila Andrea|40027|1| |0| |0|Cafes_Esquina|11|0|0.00|0.00|0.00|0.00|0|0|0.00|0|0.00|0|0.00|0|0.00|0|0.00|0|0|0|0.00|0|0.00|0|0.00|0|0.00|0.00|0.00|0.00|0.00|0.00|0.00|0.00|0.00|0.00|1|0.00|0|0.00|0|0.00|0|0.00|0.00|0|0.00
EMPSHFT|2-Almacen|2|2-Almacen|2|Andrea|Avila Andrea|40027|1| |0| |0|Cava|3|0|0.00|0.00|0.00|0.00|0|0|0.00|0|0.00|0|0.00|0|0.00|0|0.00|0|0|0|0.00|0|0.00|0|0.00|0|63865.00|0.00|0.00|0.00|0.00|0.00|0.00|0.00|0.00|0.00|0|0.00|0|0.00|0|0.00|0|0.00|0.00|0|0.00
EMPSHFT|1-Restaurante|1|1-Restaurante|22|laura|Laura triana|40031|1| |0| |0|Cava|3|0|0.00|0.00|0.00|-13148.00|0|0|0.00|0|0.00|0|0.00|0|0.00|0|0.00|0|0|0|0.00|0|0.00|0|0.00|0|2474857.00|0.00|0.00|0.00|0.00|0.00|0.00|-13148.00|0.00|-13148.00|0|142000.00|1|0.00|0|0.00|0|0.00|0.00|0|0.00
EMPSHFT|1-Restaurante|1|1-Restaurante|22|laura|Laura triana|40031|1| |0| |0|Cafes_Esquina|11|0|76853.00|0.00|0.00|7685.00|1|1|0.00|0|0.00|0|0.00|0|0.00|0|0.00|0|0|0|0.00|0|0.00|0|0.00|0|0.00|0.00|0.00|0.00|0.00|0.00|6147.00|0.00|90685.00|90685.00|1|0.00|0|0.00|0|0.00|0|0.00|0.00|0|0.00
EMPSHFT|1-Restaurante|1|1-Restaurante|22|laura|Laura triana|40031|1| |0| |0|Bar_principal2|5|0|1740095.00|0.00|0.00|174005.00|4|3|0.00|0|0.00|0|0.00|0|4000.00|1|0.00|0|0|0|205328.00|0|205328.00|7|0.00|0|0.00|0.00|0.00|0.00|0.00|0.00|139205.00|0.00|2053305.00|2053305.00|6|2422928.00|9|0.00|0|0.00|0|0.00|0.00|0|0.00
EMPSHFT|1-Restaurante|1|1-Restaurante|22|laura|Laura triana|40031|1| |0| |0|Cafes_Bar|15|0|143426.00|0.00|0.00|14342.00|1|1|0.00|0|0.00|0|0.00|0|0.00|0|0.00|0|0|0|0.00|0|0.00|0|0.00|0|0.00|0.00|0.00|0.00|0.00|0.00|11474.00|0.00|169242.00|169242.00|1|0.00|0|0.00|0|0.00|0|0.00|0.00|0|0.00
EMPSHFT|1-Restaurante|1|1-Restaurante|22|laura|Laura triana|40031|1| |0| |0|Bar_Lado|9|0|224444.00|0.00|0.00|22444.00|2|2|0.00|0|0.00|0|0.00|0|85000.00|2|0.00|0|0|0|0.00|0|0.00|0|0.00|0|0.00|0.00|0.00|0.00|0.00|0.00|17956.00|0.00|264844.00|264844.00|2|0.00|0|0.00|0|0.00|0|0.00|0.00|0|0.00
EMPSHFT|1-Restaurante|1|1-Restaurante|22|Ibarra|Alison Ibarra|40054|1| |0| |0|Cafes_Bar|15|0|2008990.00|0.00|0.00|200892.00|3|5|0.00|0|0.00|0|0.00|0|18500.00|1|0.00|0|0|0|34879.00|0|34879.00|2|0.00|0|0.00|0.00|0.00|0.00|0.00|0.00|160710.00|0.00|2370592.00|2370592.00|3|411579.00|2|0.00|0|0.00|0|0.00|0.00|0|0.00
EMPSHFT|1-Restaurante|1|1-Restaurante|22|Ibarra|Alison Ibarra|40054|1| |0| |0|Bar_Lado|9|0|253612.00|0.00|0.00|25360.00|1|2|0.00|0|0.00|0|0.00|0|20500.00|1|0.00|0|0|0|0.00|0|0.00|0|0.00|0|0.00|0.00|0.00|0.00|0.00|0.00|20288.00|0.00|299260.00|299260.00|1|0.00|0|0.00|0|0.00|0|0.00|0.00|0|0.00
EMPSHFT|1-Restaurante|1|1-Restaurante|22|Ibarra|Alison Ibarra|40054|1| |0| |0|Cava|3|0|0.00|0.00|0.00|0.00|0|0|0.00|0|0.00|0|0.00|0|0.00|0|0.00|0|0|0|0.00|0|0.00|0|0.00|0|2256530.00|0.00|0.00|0.00|0.00|0.00|0.00|0.00|0.00|-1.00|0|-1.00|3|0.00|0|0.00|0|-1.00|0.00|0|0.00
EMPSHFT|1-Restaurante|1|1-Restaurante|22|Ibarra|Alison Ibarra|40054|1| |0| |0|CAPS_Almacen|1|0|-67780.00|0.00|0.00|-6778.00|0|-3|0.00|0|-74558.00|11|0.00|0|0.00|0|0.00|0|0|0|0.00|0|0.00|0|0.00|0|0.00|0.00|0.00|0.00|0.00|0.00|-5420.00|-5420.00|0.00|-79978.00|0|0.00|0|0.00|0|0.00|0|0.00|0.00|0|0.00
EMPSHFT|1-Restaurante|1|1-Restaurante|22|Ibarra|Alison Ibarra|40054|1| |0| |0|Bar_Principal|4|0|9630.00|0.00|0.00|963.00|1|2|0.00|0|0.00|0|0.00|0|0.00|0|0.00|0|0|0|0.00|0|0.00|0|0.00|0|0.00|0.00|0.00|0.00|0.00|0.00|770.00|0.00|11363.00|11363.00|1|0.00|0|0.00|0|0.00|0|0.00|0.00|0|0.00
EMPSHFT|1-Restaurante|1|1-Restaurante|22|Ibarra|Alison Ibarra|40054|1| |0| |0|Bar_principal2|5|0|766670.00|0.00|0.00|76665.00|2|4|0.00|0|0.00|0|0.00|0|18500.00|1|0.00|0|0|0|35684.00|0|35684.00|1|0.00|0|0.00|0.00|0.00|0.00|0.00|0.00|61330.00|0.00|904665.00|904665.00|3|421084.00|2|0.00|0|0.00|0|0.00|0.00|0|0.00
EMPSHFT|1-Restaurante|1|1-Restaurante|22|Ibarra|Alison Ibarra|40054|1| |0| |0|Cafes_Esquina|11|0|892042.00|0.00|0.00|89200.00|6|7|0.00|0|0.00|0|0.00|0|0.00|0|0.00|0|0|0|134569.00|0|134569.00|5|0.00|0|0.00|0.00|0.00|0.00|0.00|0.00|71358.00|0.00|1052600.00|1052600.00|8|1587969.00|5|0.00|0|0.00|0|0.00|0.00|0|0.00
EMPSHFT|1-Restaurante|1|1-Restaurante|22|chaux|Dayana montiel|40057|1| |0| |0|Cava|3|0|0.00|0.00|0.00|0.00|0|0|0.00|0|0.00|0|0.00|0|0.00|0|0.00|0|0|0|24907.00|0|24907.00|1|0.00|0|4349487.00|0.00|0.00|0.00|0.00|0.00|0.00|0.00|0.00|1.00|0|293908.00|1|0.00|0|0.00|0|1.00|0.00|0|0.00
EMPSHFT|1-Restaurante|1|1-Restaurante|22|chaux|Dayana montiel|40057|1| |0| |0|Bar_Lado|9|0|1101115.00|0.00|0.00|110107.00|4|11|0.00|0|0.00|0|0.00|0|16400.00|2|0.00|0|0|0|38592.00|0|38592.00|1|0.00|0|0.00|0.00|0.00|0.00|0.00|0.00|88085.00|0.00|1299307.00|1299307.00|4|455392.00|1|0.00|0|0.00|0|0.00|0.00|0|0.00
EMPSHFT|1-Restaurante|1|1-Restaurante|22|chaux|Dayana montiel|40057|1| |0| |0|Bar_Principal|4|0|799076.00|0.00|0.00|79906.00|1|3|0.00|0|0.00|0|0.00|0|0.00|0|0.00|0|0|0|0.00|0|0.00|0|0.00|0|0.00|0.00|0.00|0.00|0.00|0.00|63924.00|0.00|942906.00|942906.00|1|0.00|0|0.00|0|0.00|0|0.00|0.00|0|0.00
EMPSHFT|1-Restaurante|1|1-Restaurante|22|chaux|Dayana montiel|40057|1| |0| |0|Cafes_Esquina|11|0|1823708.00|0.00|0.00|182368.00|8|16|0.00|0|0.00|0|0.00|0|90400.00|3|0.00|0|0|0|293642.00|0|293642.00|7|0.00|0|0.00|0.00|0.00|0.00|0.00|0.00|145892.00|0.00|2151968.00|2151968.00|9|3465042.00|7|0.00|0|0.00|0|0.00|0.00|0|0.00
EMPSHFT|1-Restaurante|1|1-Restaurante|22|chaux|Dayana montiel|40057|1| |0| |0|Bar_principal2|5|0|0.00|0.00|0.00|0.00|0|0|0.00|0|0.00|0|0.00|0|0.00|0|0.00|0|0|0|0.00|0|0.00|0|0.00|0|0.00|0.00|0.00|0.00|0.00|0.00|0.00|0.00|0.00|0.00|0|0.00|1|0.00|0|0.00|0|0.00|0.00|0|0.00
EMPSHFT|1-Restaurante|1|1-Restaurante|22|chaux|Dayana montiel|40057|1| |0| |0|Musica|8|0|0.00|0.00|0.00|0.00|0|0|0.00|0|0.00|0|0.00|0|0.00|0|0.00|0|0|0|38258.00|0|38258.00|4|0.00|0|0.00|0.00|0.00|0.00|0.00|0.00|0.00|0.00|0.00|0.00|0|451458.00|4|0.00|0|0.00|0|0.00|0.00|0|0.00
EMPSHFT|1-Restaurante|1|1-Restaurante|22|Arrieta|Ricardo Arrieta|40063|1| |0| |0|Cafes_Esquina|11|0|1037504.00|0.00|0.00|103747.00|4|31|0.00|0|0.00|0|0.00|0|172500.00|1|0.00|0|0|0|164246.00|0|164246.00|5|0.00|0|0.00|0.00|0.00|0.00|0.00|0.00|82996.00|0.00|1224247.00|1224247.00|5|1938146.00|5|0.00|0|0.00|0|0.00|0.00|0|0.00
EMPSHFT|1-Restaurante|1|1-Restaurante|22|Arrieta|Ricardo Arrieta|40063|1| |0| |0|Bar_Principal|4|0|214353.00|0.00|0.00|21435.00|0|0|0.00|0|0.00|0|0.00|0|0.00|0|0.00|0|0|0|0.00|0|0.00|0|0.00|0|0.00|0.00|0.00|0.00|0.00|0.00|17147.00|0.00|252935.00|252935.00|0|0.00|0|0.00|0|0.00|0|0.00|0.00|0|0.00
EMPSHFT|1-Restaurante|1|1-Restaurante|22|Arrieta|Ricardo Arrieta|40063|1| |0| |0|Cava|3|0|0.00|0.00|0.00|0.00|0|0|0.00|0|0.00|0|0.00|0|0.00|0|0.00|0|0|0|0.00|0|0.00|0|0.00|0|2306845.00|0.00|0.00|0.00|0.00|0.00|0.00|0.00|0.00|0.00|0|0.00|0|0.00|0|0.00|0|0.00|0.00|0|0.00
EMPSHFT|1-Restaurante|1|1-Restaurante|22|Arrieta|Ricardo Arrieta|40063|1| |0| |0|Cafes_Bar|15|0|1549643.00|0.00|0.00|154958.00|4|4|0.00|0|0.00|0|0.00|0|218000.00|2|0.00|0|0|0|0.00|0|0.00|0|0.00|0|0.00|0.00|0.00|0.00|0.00|0.00|123957.00|0.00|1828558.00|1828558.00|4|0.00|0|0.00|0|0.00|0|0.00|0.00|0|0.00
EMPSHFT|1-Restaurante|1|1-Restaurante|22|Arrieta|Ricardo Arrieta|40063|1| |0| |0|Bar_principal2|5|0|389263.00|0.00|0.00|38925.00|0|0|0.00|0|0.00|0|0.00|0|0.00|0|0.00|0|0|0|0.00|0|0.00|0|0.00|0|0.00|0.00|0.00|0.00|0.00|0.00|31137.00|0.00|459325.00|459325.00|0|0.00|0|0.00|0|0.00|0|0.00|0.00|0|0.00
EMPSHFT|1-Restaurante|1|1-Restaurante|22|Arrieta|Ricardo Arrieta|40063|1| |0| |0|Bar_Lado|9|0|757224.00|0.00|0.00|75720.00|1|2|0.00|0|0.00|0|0.00|0|0.00|0|0.00|0|0|0|45462.00|0|45462.00|2|0.00|0|0.00|0.00|0.00|0.00|0.00|0.00|60576.00|0.00|893520.00|893520.00|3|536462.00|2|0.00|0|0.00|0|0.00|0.00|0|0.00
EMPSHFT|1-Restaurante|1|1-Restaurante|22|Arrieta|Ricardo Arrieta|40063|1| |0| |0|Musica|8|0|136576.00|0.00|0.00|13657.00|1|3|0.00|0|0.00|0|0.00|0|0.00|0|0.00|0|0|0|0.00|0|0.00|0|0.00|0|0.00|0.00|0.00|0.00|0.00|0.00|10924.00|0.00|161157.00|161157.00|3|0.00|1|0.00|0|0.00|0|0.00|0.00|0|0.00
EMPSHFT|1-Restaurante|1|1-Restaurante|22|Viloria|Miguel viloria|40064|1| |0| |0|Bar_Principal|4|0|14352.00|0.00|0.00|1435.00|0|0|0.00|0|0.00|0|0.00|0|0.00|0|0.00|0|0|0|0.00|0|0.00|0|0.00|0|0.00|0.00|0.00|0.00|0.00|0.00|1148.00|0.00|16935.00|16935.00|0|0.00|0|0.00|0|0.00|0|0.00|0.00|0|0.00
EMPSHFT|1-Restaurante|1|1-Restaurante|22|Viloria|Miguel viloria|40064|1| |0| |0|Bar_Lado|9|0|1684449.00|0.00|0.00|168440.00|4|4|0.00|0|0.00|0|0.00|0|27000.00|1|0.00|0|0|0|82183.00|0|82183.00|1|0.00|0|0.00|0.00|0.00|0.00|0.00|0.00|134751.00|0.00|1987640.00|1987640.00|4|969783.00|1|0.00|0|0.00|0|0.00|0.00|0|0.00
EMPSHFT|1-Restaurante|1|1-Restaurante|22|Viloria|Miguel viloria|40064|1| |0| |0|Cava|3|0|0.00|0.00|0.00|0.00|0|0|0.00|0|0.00|0|0.00|0|0.00|0|0.00|0|0|0|0.00|0|0.00|0|0.00|0|2767824.00|0.00|0.00|0.00|0.00|0.00|0.00|0.00|0.00|3.00|0|3.00|0|0.00|0|0.00|0|3.00|0.00|0|0.00
EMPSHFT|1-Restaurante|1|1-Restaurante|22|Viloria|Miguel viloria|40064|1| |0| |0|Cafes_Esquina|11|0|1324448.00|0.00|0.00|132441.00|7|7|0.00|0|0.00|0|0.00|0|86500.00|1|0.00|0|0|0|169430.00|0|169430.00|10|0.00|0|0.00|0.00|0.00|0.00|0.00|0.00|105952.00|0.00|1562841.00|1562841.00|9|1999330.00|10|0.00|0|0.00|0|0.00|0.00|0|0.00
EMPSHFT|1-Restaurante|1|1-Restaurante|22|Viloria|Miguel viloria|40064|1| |0| |0|Musica|8|0|3704.00|0.00|0.00|370.00|0|0|0.00|0|0.00|0|0.00|0|0.00|0|0.00|0|0|0|0.00|0|0.00|0|0.00|0|0.00|0.00|0.00|0.00|0.00|0.00|296.00|0.00|4370.00|4370.00|0|0.00|0|0.00|0|0.00|0|0.00|0.00|0|0.00
EMPSHFT|1-Restaurante|1|1-Restaurante|22|Gallego|Valerin Gallego|40065|1| |0| |0|Cava|3|0|0.00|0.00|0.00|-24620.00|0|0|0.00|0|0.00|0|0.00|0|0.00|0|0.00|0|0|0|0.00|0|0.00|0|0.00|0|1917700.00|0.00|0.00|0.00|0.00|0.00|0.00|-24620.00|0.00|-24620.00|0|265900.00|1|0.00|0|0.00|0|0.00|0.00|0|0.00
EMPSHFT|1-Restaurante|1|1-Restaurante|22|Gallego|Valerin Gallego|40065|1| |0| |0|Bar_Lado|9|0|1499453.00|0.00|0.00|149940.00|4|8|0.00|0|0.00|0|0.00|0|318100.00|7|0.00|0|0|0|60517.00|0|60517.00|2|0.00|0|0.00|0.00|0.00|0.00|0.00|0.00|119947.00|0.00|1769340.00|1769340.00|4|714117.00|2|0.00|0|0.00|0|0.00|0.00|0|0.00
EMPSHFT|1-Restaurante|1|1-Restaurante|22|Gallego|Valerin Gallego|40065|1| |0| |0|Cafes_Esquina|11|0|152964.00|0.00|0.00|15296.00|1|3|0.00|0|0.00|0|0.00|0|0.00|0|0.00|0|0|0|0.00|0|0.00|0|0.00|0|0.00|0.00|0.00|0.00|0.00|0.00|12236.00|0.00|180496.00|180496.00|2|0.00|0|0.00|0|0.00|0|0.00|0.00|0|0.00
EMPSHFT|1-Restaurante|1|1-Restaurante|22|Gallego|Valerin Gallego|40065|1| |0| |0|Musica|8|0|113334.00|0.00|0.00|11333.00|0|0|0.00|0|0.00|0|0.00|0|0.00|0|0.00|0|0|0|91432.00|0|91432.00|2|0.00|0|0.00|0.00|0.00|0.00|0.00|0.00|9066.00|0.00|133733.00|133733.00|0|1078932.00|2|0.00|0|0.00|0|0.00|0.00|0|0.00
EMPSHFT|1-Restaurante|1|1-Restaurante|22|Gallego|Valerin Gallego|40065|1| |0| |0|Bar_principal2|5|0|0.00|0.00|0.00|0.00|0|0|0.00|0|0.00|0|0.00|0|0.00|0|0.00|0|0|0|0.00|0|0.00|0|0.00|0|0.00|0.00|0.00|0.00|0.00|0.00|0.00|0.00|0.00|0.00|0|0.00|1|0.00|0|0.00|0|0.00|0.00|0|0.00
EMPSHFT|1-Restaurante|1|1-Restaurante|22|Manuela|Manuela Valencia|40068|1| |0| |0|Bar_principal2|5|0|977041.00|0.00|0.00|97701.00|5|5|0.00|0|0.00|0|0.00|0|0.00|0|0.00|0|0|0|116376.00|0|116376.00|4|0.00|0|0.00|0.00|0.00|0.00|0.00|0.00|78159.00|0.00|1152901.00|1152901.00|5|1373276.00|4|0.00|0|0.00|0|0.00|0.00|0|0.00
EMPSHFT|1-Restaurante|1|1-Restaurante|22|Manuela|Manuela Valencia|40068|1| |0| |0|Cafes_Esquina|11|0|998523.00|0.00|0.00|99850.00|5|5|0.00|0|0.00|0|0.00|0|6000.00|1|0.00|0|0|0|199356.00|0|199356.00|5|0.00|0|0.00|0.00|0.00|0.00|0.00|0.00|79877.00|0.00|1178250.00|1178250.00|6|2352456.00|5|0.00|0|0.00|0|0.00|0.00|0|0.00
EMPSHFT|1-Restaurante|1|1-Restaurante|22|Manuela|Manuela Valencia|40068|1| |0| |0|Cava|3|0|0.00|0.00|0.00|0.00|0|0|0.00|0|0.00|0|0.00|0|0.00|0|0.00|0|0|0|0.00|0|0.00|0|0.00|0|5188320.00|0.00|0.00|0.00|0.00|0.00|0.00|0.00|0.00|2.00|0|2.00|0|0.00|0|0.00|0|2.00|0.00|0|0.00
EMPSHFT|1-Restaurante|1|1-Restaurante|22|Manuela|Manuela Valencia|40068|1| |0| |0|Cafes_Bar|15|0|581949.00|0.00|0.00|58192.00|1|1|0.00|0|0.00|0|0.00|0|55500.00|1|0.00|0|0|0|41073.00|0|41073.00|1|0.00|0|0.00|0.00|0.00|0.00|0.00|0.00|46551.00|0.00|686692.00|686692.00|1|484673.00|1|0.00|0|0.00|0|0.00|0.00|0|0.00
EMPSHFT|1-Restaurante|1|1-Restaurante|22|Manuela|Manuela Valencia|40068|1| |0| |0|Bar_Lado|9|0|3711114.00|0.00|0.00|371101.00|7|7|0.00|0|0.00|0|0.00|0|354800.00|9|0.00|0|0|0|111469.00|0|111469.00|5|0.00|0|0.00|0.00|0.00|0.00|0.00|0.00|296886.00|0.00|4379101.00|4379101.00|8|1315369.00|5|0.00|0|0.00|0|0.00|0.00|0|0.00
EMPSHFT|1-Restaurante|1|1-Restaurante|22|Cardona|AlexandraCardona|40071|1| |0| |0|Cafes_Esquina|11|0|2555954.00|0.00|0.00|255587.00|5|12|0.00|0|0.00|0|0.00|0|437500.00|6|0.00|0|0|0|358243.00|0|358243.00|13|0.00|0|0.00|0.00|0.00|0.00|0.00|0.00|204466.00|0.00|3016007.00|3016007.00|12|4227383.00|13|0.00|0|0.00|0|0.00|0.00|0|0.00
EMPSHFT|1-Restaurante|1|1-Restaurante|22|Cardona|AlexandraCardona|40071|1| |0| |0|Cafes_Bar|15|0|556.00|0.00|0.00|56.00|0|0|0.00|0|0.00|0|0.00|0|0.00|0|0.00|0|0|0|0.00|0|0.00|0|0.00|0|0.00|0.00|0.00|0.00|0.00|0.00|44.00|0.00|656.00|656.00|0|0.00|0|0.00|0|0.00|0|0.00|0.00|0|0.00
EMPSHFT|1-Restaurante|1|1-Restaurante|22|Cardona|AlexandraCardona|40071|1| |0| |0|Bar_principal2|5|0|134722.00|0.00|0.00|13472.00|3|2|0.00|0|0.00|0|0.00|0|0.00|0|0.00|0|0|0|42332.00|0|42332.00|4|0.00|0|0.00|0.00|0.00|0.00|0.00|0.00|10778.00|0.00|158972.00|158972.00|3|499532.00|5|0.00|0|0.00|0|0.00|0.00|0|0.00
EMPSHFT|1-Restaurante|1|1-Restaurante|22|Cardona|AlexandraCardona|40071|1| |0| |0|Cava|3|0|0.00|0.00|0.00|-11574.00|0|-1|0.00|0|0.00|0|0.00|0|0.00|0|0.00|0|0|0|0.00|0|0.00|0|0.00|0|5563943.00|0.00|0.00|0.00|0.00|0.00|0.00|-11574.00|0.00|-11575.00|0|124999.00|1|0.00|0|0.00|0|-1.00|0.00|0|0.00
EMPSHFT|1-Restaurante|1|1-Restaurante|22|Cardona|AlexandraCardona|40071|1| |0| |0|Bar_Lado|9|0|2232156.00|0.00|0.00|223208.00|11|18|0.00|0|0.00|0|0.00|0|43800.00|4|0.00|0|0|0|94701.00|0|94701.00|4|0.00|0|0.00|0.00|0.00|0.00|0.00|0.00|178564.00|0.00|2633928.00|2633928.00|12|1117501.00|6|0.00|0|0.00|0|0.00|0.00|0|0.00
EMPSHFT|1-Restaurante|1|1-Restaurante|22|Cardona|AlexandraCardona|40071|1| |0| |0|Musica|8|0|17130.00|0.00|0.00|1713.00|0|0|0.00|0|0.00|0|0.00|0|0.00|0|0.00|0|0|0|0.00|0|0.00|0|0.00|0|0.00|0.00|0.00|0.00|0.00|0.00|1370.00|0.00|20213.00|20213.00|0|0.00|0|0.00|0|0.00|0|0.00|0.00|0|0.00
EMPSHFT|1-Restaurante|1|1-Restaurante|22|Cordoba|David Cordoba|40094|1| |0| |0|Cava|3|0|0.00|0.00|0.00|-42962.00|0|0|0.00|0|0.00|0|0.00|0|0.00|0|0.00|0|0|0|0.00|0|0.00|0|0.00|0|5151208.00|0.00|0.00|0.00|0.00|0.00|0.00|-42962.00|0.00|-42972.00|0|463990.00|1|0.00|0|0.00|0|-10.00|0.00|0|0.00
EMPSHFT|1-Restaurante|1|1-Restaurante|22|Cordoba|David Cordoba|40094|1| |0| |0|Bar_principal2|5|0|463890.00|0.00|0.00|46388.00|2|2|0.00|0|0.00|0|0.00|0|0.00|0|0.00|0|0|0|46786.00|0|46786.00|1|0.00|0|0.00|0.00|0.00|0.00|0.00|0.00|37110.00|0.00|547388.00|547388.00|2|552086.00|1|0.00|0|0.00|0|0.00|0.00|0|0.00
EMPSHFT|1-Restaurante|1|1-Restaurante|22|Cordoba|David Cordoba|40094|1| |0| |0|Cafes_Esquina|11|0|1797694.00|0.00|0.00|179765.00|7|6|0.00|0|0.00|0|0.00|0|84500.00|3|0.00|0|0|0|352370.00|0|352370.00|8|0.00|0|0.00|0.00|0.00|0.00|0.00|0.00|143806.00|0.00|2121265.00|2121265.00|8|4158070.00|8|0.00|0|0.00|0|0.00|0.00|0|0.00
EMPSHFT|1-Restaurante|1|1-Restaurante|22|Cordoba|David Cordoba|40094|1| |0| |0|Bar_Lado|9|0|1726858.00|0.00|0.00|172680.00|5|4|0.00|0|0.00|0|0.00|0|0.00|0|0.00|0|0|0|68813.00|0|68813.00|3|0.00|0|0.00|0.00|0.00|0.00|0.00|0.00|138142.00|0.00|2037680.00|2037680.00|5|812013.00|3|0.00|0|0.00|0|0.00|0.00|0|0.00
EMPTM|2-Almacen|2|2-Almacen|2|Anny|Arroyo|30004|Contado|102|Contado|102|Payment|0.00|0
EMPTM|1-Restaurante|1|1-Restaurante|22|Guillermo|Falla Guillermo|30006|Contado|102|Contado|102|Payment|0.00|0
EMPTM|1-Restaurante|1|1-Restaurante|22|Manuela|Escobar Manuela|40020|Contado|102|Contado|102|Payment|0.00|0
EMPTM|1-Restaurante|1|1-Restaurante|22|Maria Fernanda|Cano Maria |40022|Contado|102|Contado|102|Payment|0.00|0
EMPTM|1-Restaurante|1|1-Restaurante|22|laura|Laura triana|40031|Contado|102|Contado|102|Payment|0.00|0
EMPTM|2-Almacen|2|2-Almacen|2|Andrea|Avila Andrea|40027|Contado|102|Contado|102|Payment|0.00|0
EMPTM|1-Restaurante|1|1-Restaurante|22|Ibarra|Alison Ibarra|40054|Contado|102|Contado|102|Payment|0.00|0
EMPTM|1-Restaurante|1|1-Restaurante|22|chaux|Dayana montiel|40057|Contado|102|Contado|102|Payment|0.00|0
EMPTM|1-Restaurante|1|1-Restaurante|22|Arrieta|Ricardo Arrieta|40063|Contado|102|Contado|102|Payment|0.00|0
EMPTM|1-Restaurante|1|1-Restaurante|22|Viloria|Miguel viloria|40064|Contado|102|Contado|102|Payment|0.00|0
EMPTM|1-Restaurante|1|1-Restaurante|22|Gallego|Valerin Gallego|40065|Contado|102|Contado|102|Payment|0.00|0
EMPTM|1-Restaurante|1|1-Restaurante|22|Manuela|Manuela Valencia|40068|Contado|102|Contado|102|Payment|0.00|0
EMPTM|1-Restaurante|1|1-Restaurante|22|Cardona|AlexandraCardona|40071|Contado|102|Contado|102|Payment|0.00|0
EMPTM|1-Restaurante|1|1-Restaurante|22|Cordoba|David Cordoba|40094|Contado|102|Contado|102|Payment|0.00|0
EMPTM|1-Restaurante|1|1-Restaurante|22|Tania|Cardona Tania|30011|Contado|102|Contado|102|Payment|0.00|0
EMPTM|1-Restaurante|1|1-Restaurante|22|John Esteban|Mesa Correa|24|Visa |204|Visa |204|Payment|23812735.00|47
EMPTM|1-Restaurante|1|1-Restaurante|22|John Esteban|Mesa Correa|24|Cuenta X Cobrar|206|Cuenta X Cobrar|206|Payment|760751.00|2
EMPTM|1-Restaurante|1|1-Restaurante|22|John Esteban|Mesa Correa|24|Efectivo |101|Efectivo |101|Payment|5750004.00|37
EMPTM|1-Restaurante|1|1-Restaurante|22|John Esteban|Mesa Correa|24|American Express|201|American Express|201|Payment|3113226.00|7
EMPTM|1-Restaurante|1|1-Restaurante|22|John Esteban|Mesa Correa|24|Master Card|202|Master Card|202|Payment|13186646.00|36
EMPTM|2-Almacen|2|2-Almacen|2|John Esteban|Mesa Correa|24|Master Card|202|Master Card|202|Payment|76000.00|1
EMPTM|1-Restaurante|1|1-Restaurante|22|John Esteban|Mesa Correa|24|Contado|102|Contado|102|Payment|0.00|0
EMPTM|Domicilios|20|Domicilios|20|John Esteban|Mesa Correa|24|Cxc Rappi|210|Cxc Rappi|210|Payment|210400.00|3
EMPTM|1-Restaurante|1|1-Restaurante|22|LIBARDO|LIBARDO MONTOYA|40127|Contado|102|Contado|102|Payment|0.00|0
EMPTM|1-Restaurante|1|1-Restaurante|22|Maria|Maria Fernanda Londoño|145|Contado|102|Contado|102|Payment|0.00|0
EMPOTSLS|1-Restaurante|1|1-Restaurante|22|Maria|Maria Fernanda Londoño|145|Para Aqui|1|Para Aqui/123|0|8|8|0|0|3495199.00|0.00|0.00|0|0.00|0|0.00|0.00|0|0.00|0|0.00|0|0.00|0|0.00|0|0.00|0|0.00|0|0.00|0|0.00|0.00|3495199.00
EMPOTSLS|1-Restaurante|1|1-Restaurante|22|John Esteban|Mesa Correa|24|Para Aqui|1|Para Aqui/123|0|1|1|0|0|0.00|0.00|0.00|0|0.00|0|0.00|0.00|0|0.00|0|0.00|0|0.00|0|0.00|0|0.00|0|0.00|0|0.00|0|0.00|0.00|0.00
EMPOTSLS|1-Restaurante|1|1-Restaurante|22|Manuela|Manuela Valencia|40068|Para Aqui|1|Para Aqui/123|0|18|18|0|0|6268627.00|0.00|0.00|0|0.00|0|0.00|0.00|0|0.00|0|0.00|0|0.00|0|0.00|0|0.00|0|0.00|0|0.00|0|0.00|0.00|6268627.00
EMPOTSLS|2-Almacen|2|2-Almacen|2|Anny|Arroyo|30004|Para Aqui|1|Para Aqui/123|0|1|0|0|0|0.00|0.00|0.00|0|0.00|0|0.00|0.00|0|0.00|0|0.00|0|0.00|0|0.00|0|0.00|0|0.00|0|0.00|0|0.00|0.00|0.00
EMPOTSLS|1-Restaurante|1|1-Restaurante|22|Maria Fernanda|Cano Maria |40022|Para Aqui|1|Para Aqui/123|0|5|6|0|0|913060.00|0.00|0.00|0|0.00|0|0.00|0.00|0|0.00|0|0.00|0|0.00|0|0.00|0|0.00|0|0.00|0|0.00|0|0.00|0.00|913060.00
EMPOTSLS|1-Restaurante|1|1-Restaurante|22|Cordoba|David Cordoba|40094|Para Aqui|1|Para Aqui/123|0|14|12|0|0|3988442.00|0.00|0.00|0|0.00|0|0.00|0.00|0|0.00|0|0.00|0|0.00|0|0.00|0|0.00|0|0.00|0|0.00|0|0.00|0.00|3988442.00
EMPOTSLS|2-Almacen|2|2-Almacen|2|Andrea|Avila Andrea|40027|Para Aqui|1|Para Aqui/123|0|1|2|0|0|63865.00|0.00|0.00|0|0.00|0|0.00|0.00|0|0.00|0|0.00|0|0.00|0|0.00|0|0.00|0|0.00|0|0.00|0|0.00|0.00|63865.00
EMPOTSLS|1-Restaurante|1|1-Restaurante|22|laura|Laura triana|40031|Para Aqui|1|Para Aqui/123|0|8|7|0|0|2184818.00|0.00|0.00|0|0.00|0|0.00|0.00|0|0.00|0|0.00|0|0.00|0|0.00|0|0.00|0|0.00|0|0.00|0|0.00|0.00|2184818.00
EMPOTSLS|1-Restaurante|1|1-Restaurante|22|Gallego|Valerin Gallego|40065|Para Aqui|1|Para Aqui/123|0|5|11|0|0|1765751.00|0.00|0.00|0|0.00|0|0.00|0.00|0|0.00|0|0.00|0|0.00|0|0.00|0|0.00|0|0.00|0|0.00|0|0.00|0.00|1765751.00
EMPOTSLS|1-Restaurante|1|1-Restaurante|22|Tania|Cardona Tania|30011|Para Aqui|1|Para Aqui/123|0|3|0|0|0|1326209.00|0.00|0.00|0|0.00|0|0.00|0.00|0|0.00|0|0.00|0|0.00|0|0.00|0|0.00|0|0.00|0|0.00|0|0.00|0.00|1326209.00
EMPOTSLS|1-Restaurante|1|1-Restaurante|22|chaux|Dayana montiel|40057|Para Aqui|1|Para Aqui/123|0|13|30|0|0|3723899.00|0.00|0.00|0|0.00|0|0.00|0.00|0|0.00|0|0.00|0|0.00|0|0.00|0|0.00|0|0.00|0|0.00|0|0.00|0.00|3723899.00
EMPOTSLS|1-Restaurante|1|1-Restaurante|22|Cardona|AlexandraCardona|40071|Para Aqui|1|Para Aqui/123|0|19|31|0|0|4940518.00|0.00|0.00|0|0.00|0|0.00|0.00|0|0.00|0|0.00|0|0.00|0|0.00|0|0.00|0|0.00|0|0.00|0|0.00|0.00|4940518.00
EMPOTSLS|1-Restaurante|1|1-Restaurante|22|Ibarra|Alison Ibarra|40054|Para Aqui|1|Para Aqui/123|0|13|17|0|0|3863164.00|0.00|0.00|0|0.00|0|0.00|0.00|0|0.00|0|0.00|0|0.00|0|0.00|0|0.00|0|0.00|0|0.00|0|0.00|0.00|3863164.00
EMPOTSLS|1-Restaurante|1|1-Restaurante|22|Arrieta|Ricardo Arrieta|40063|Para Aqui|1|Para Aqui/123|0|10|40|0|0|4084563.00|0.00|0.00|0|0.00|0|0.00|0.00|0|0.00|0|0.00|0|0.00|0|0.00|0|0.00|0|0.00|0|0.00|0|0.00|0.00|4084563.00
EMPOTSLS|1-Restaurante|1|1-Restaurante|22|Viloria|Miguel viloria|40064|Para Aqui|1|Para Aqui/123|0|11|11|0|0|3026953.00|0.00|0.00|0|0.00|0|0.00|0.00|0|0.00|0|0.00|0|0.00|0|0.00|0|0.00|0|0.00|0|0.00|0|0.00|0.00|3026953.00
EMPOTSLS|Domicilios|20|Domicilios|20|John Esteban|Mesa Correa|24|Para Llevar|2|Para Llevar/123|0|3|0|0|0|194817.00|0.00|0.00|0|0.00|0|0.00|0.00|0|0.00|0|0.00|0|0.00|0|0.00|0|0.00|0|0.00|0|0.00|0|0.00|0.00|194817.00
