EMPID|APC|Andres Plaza Claro|20241127|20241127|20241229|122218|2.00|2.00|Simphony|19.7.2
EMP|1-Restaurante|1|1-Restaurante|22|Sebastian|Rey|405220007|8|15|0|0|866473.00|86646.00|-44832.00|4|0.00|0|-7744.00|4.00|40900.00|4|0.00|0|0.00|0|1117750.00|8|1117750.00|8|0.00|0|0.00|0|0.00|86646.00|0.00|0|866473.00|0.00|0.00|866473.00
EMP|1-Restaurante|1|1-Restaurante|22|Celis|Juan David|405220001|8|18|0|0|1208405.00|120838.00|-386940.00|23|0.00|0|-66836.00|0.00|126000.00|2|0.00|0|0.00|0|1558838.00|8|1558838.00|8|0.00|0|0.00|0|0.00|120838.00|0.00|0|1208405.00|0.00|0.00|1208405.00
EMP|1-Restaurante|1|1-Restaurante|22|Rafael|Gamba|405220008|11|27|0|0|2302854.00|230284.00|0.00|0|0.00|0|0.00|1.00|68500.00|1|0.00|0|0.00|0|2970685.00|11|2970685.00|11|0.00|0|0.00|0|0.00|230284.00|0.00|0|2302854.00|0.00|0.00|2302854.00
EMP|1-Restaurante|1|1-Restaurante|22|Maria Fernanda|Castillo|405220011|14|22|0|0|1365469.00|133738.00|-86891.00|9|0.00|0|-17815.00|6.00|0.00|0|0.00|0|0.00|0|1758644.00|14|1758644.00|14|0.00|0|0.00|0|0.00|133738.00|0.00|0|1365469.00|0.00|0.00|1365469.00
EMP|1-Restaurante|1|1-Restaurante|22|Camila|Caceres|405220010|5|9|0|0|749158.00|74916.00|-12479.00|3|0.00|0|-2155.00|0.00|13100.00|1|0.00|0|0.00|0|966416.00|5|966416.00|5|0.00|0|0.00|0|0.00|74916.00|0.00|0|749158.00|0.00|0.00|749158.00
EMP|1-Restaurante|1|1-Restaurante|22|SEBASTIAN|GARCIA CAVANZO|405260005|1|5|0|0|355211.00|35521.00|0.00|0|0.00|0|0.00|0.00|0.00|0|0.00|0|0.00|0|458221.00|1|458221.00|1|0.00|0|0.00|0|0.00|35521.00|0.00|0|355211.00|0.00|0.00|355211.00
EMP|1-Restaurante|1|1-Restaurante|22|Jenny Katerine|Roa|404270001|4|4|0|0|367732.00|36772.00|0.00|0|0.00|0|0.00|0.00|0.00|0|0.00|0|0.00|0|474372.00|4|474372.00|4|0.00|0|0.00|0|0.00|36772.00|0.00|0|367732.00|0.00|0.00|367732.00
EMP|1-Restaurante|1|1-Restaurante|22|Stefania|Sanchez Chacon|78|2|3|0|0|594369.00|59436.00|0.00|0|0.00|0|0.00|0.00|0.00|0|0.00|0|0.00|0|766736.00|2|766736.00|2|0.00|0|0.00|0|0.00|59436.00|0.00|0|594369.00|0.00|0.00|594369.00
EMPSHFT|1-Restaurante|1|1-Restaurante|22|Stefania|Sanchez Chacon|78|1| |0| |0|BAR|2|0|594369.00|0.00|0.00|59436.00|2|3|0.00|0|0.00|0|0.00|0|0.00|0|0.00|0|0|0|0.00|0|0.00|0|0.00|0|0.00|0.00|0.00|0.00|0.00|0.00|112931.00|0.00|766736.00|766736.00|2|0.00|0|0.00|0|0.00|0|0.00|0.00|0|0.00
EMPSHFT|1-Restaurante|1|1-Restaurante|22|Stefania|Sanchez Chacon|78|1| |0| |0|CAPS|1|0|0.00|0.00|0.00|0.00|0|0|0.00|0|0.00|0|0.00|0|0.00|0|0.00|0|0|0|59436.00|0|59436.00|2|0.00|0|653805.00|0.00|0.00|0.00|0.00|0.00|0.00|0.00|0.00|0.00|0|766736.00|2|0.00|0|0.00|0|0.00|0.00|0|0.00
EMPSHFT|1-Restaurante|1|1-Restaurante|22|Jenny Katerine|Roa|404270001|1| |0| |0|CAPS|1|0|367732.00|0.00|0.00|36772.00|4|4|0.00|0|0.00|0|0.00|0|0.00|0|0.00|0|0|0|36772.00|0|36772.00|4|0.00|0|404504.00|0.00|0.00|0.00|0.00|0.00|69868.00|0.00|474372.00|474372.00|4|474372.00|4|0.00|0|0.00|0|0.00|0.00|0|0.00
EMPSHFT|1-Restaurante|1|1-Restaurante|22|Celis|Juan David|405220001|1| |0| |0|CAPS|1|0|-351764.00|0.00|0.00|-35176.00|0|-2|0.00|0|-386940.00|23|0.00|0|0.00|0|0.00|0|0|0|96166.00|0|96166.00|7|0.00|0|1364419.00|0.00|0.00|0.00|0.00|0.00|-66836.00|-66836.00|0.00|-453776.00|0|1240566.00|6|0.00|0|0.00|0|0.00|0.00|0|0.00
EMPSHFT|1-Restaurante|1|1-Restaurante|22|Celis|Juan David|405220001|1| |0| |0|PRINCIPAL|4|0|524369.00|0.00|0.00|52438.00|1|2|0.00|0|0.00|0|0.00|0|68500.00|1|0.00|0|0|0|24672.00|0|24672.00|2|0.00|0|0.00|0.00|0.00|0.00|0.00|0.00|99631.00|0.00|676438.00|676438.00|1|318272.00|2|0.00|0|0.00|0|0.00|0.00|0|0.00
EMPSHFT|1-Restaurante|1|1-Restaurante|22|Celis|Juan David|405220001|1| |0| |0|BAR|2|0|1035800.00|0.00|0.00|103576.00|7|18|0.00|0|0.00|0|0.00|0|57500.00|1|0.00|0|0|0|0.00|0|0.00|0|0.00|0|0.00|0.00|0.00|0.00|0.00|0.00|196800.00|0.00|1336176.00|1336176.00|7|0.00|0|0.00|0|0.00|0|0.00|0.00|0|0.00
EMPSHFT|1-Restaurante|1|1-Restaurante|22|Sebastian|Rey|405220007|1| |0| |0|PRINCIPAL|4|0|445714.00|0.00|0.00|44571.00|3|3|0.00|0|0.00|0|0.00|0|0.00|0|0.00|0|0|0|14605.00|0|14605.00|1|0.00|0|0.00|0.00|0.00|0.00|0.00|0.00|84686.00|0.00|574971.00|574971.00|3|188405.00|1|0.00|0|0.00|0|0.00|0.00|0|0.00
EMPSHFT|1-Restaurante|1|1-Restaurante|22|Sebastian|Rey|405220007|1| |0| |0|BARRA|3|0|103362.00|0.00|0.00|10336.00|1|2|0.00|0|0.00|0|0.00|0|0.00|0|0.00|0|0|0|0.00|0|0.00|0|0.00|0|0.00|0.00|0.00|0.00|0.00|0.00|19638.00|0.00|133336.00|133336.00|1|0.00|0|0.00|0|0.00|0|0.00|0.00|0|0.00
EMPSHFT|1-Restaurante|1|1-Restaurante|22|Sebastian|Rey|405220007|1| |0| |0|BAR|2|0|358153.00|0.00|0.00|35815.00|4|11|0.00|0|0.00|0|0.00|0|40900.00|4|0.00|0|0|0|0.00|0|0.00|0|0.00|0|0.00|0.00|0.00|0.00|0.00|0.00|68047.00|0.00|462015.00|462015.00|4|0.00|0|0.00|0|0.00|0|0.00|0.00|0|0.00
EMPSHFT|1-Restaurante|1|1-Restaurante|22|Sebastian|Rey|405220007|1| |0| |0|CAPS|1|0|-40756.00|0.00|0.00|-4076.00|0|-1|0.00|0|-44832.00|4|0.00|0|0.00|0|0.00|0|0|0|72041.00|0|72041.00|6|0.00|0|953123.00|0.00|0.00|0.00|0.00|0.00|-7744.00|-7744.00|0.00|-52572.00|0|929345.00|7|0.00|0|0.00|0|4.00|0.00|0|0.00
EMPSHFT|1-Restaurante|1|1-Restaurante|22|Rafael|Gamba|405220008|1| |0| |0|BARRA|3|0|951093.00|0.00|0.00|95108.00|5|9|0.00|0|0.00|0|0.00|0|0.00|0|0.00|0|0|0|0.00|0|0.00|0|0.00|0|0.00|0.00|0.00|0.00|0.00|0.00|180707.00|0.00|1226908.00|1226908.00|5|0.00|0|0.00|0|0.00|0|0.00|0.00|0|0.00
EMPSHFT|1-Restaurante|1|1-Restaurante|22|Rafael|Gamba|405220008|1| |0| |0|CAPS|1|0|0.00|0.00|0.00|0.00|0|0|0.00|0|0.00|0|0.00|0|0.00|0|0.00|0|0|0|210687.00|0|210687.00|9|0.00|0|2533139.00|0.00|0.00|0.00|0.00|0.00|0.00|0.00|0.00|1.00|0|2717888.00|9|0.00|0|0.00|0|1.00|0.00|0|0.00
EMPSHFT|1-Restaurante|1|1-Restaurante|22|Rafael|Gamba|405220008|1| |0| |0|BAR|2|0|585040.00|0.00|0.00|58504.00|4|10|0.00|0|0.00|0|0.00|0|68500.00|1|0.00|0|0|0|0.00|0|0.00|0|0.00|0|0.00|0.00|0.00|0.00|0.00|0.00|111160.00|0.00|754704.00|754704.00|4|0.00|0|0.00|0|0.00|0|0.00|0.00|0|0.00
EMPSHFT|1-Restaurante|1|1-Restaurante|22|Rafael|Gamba|405220008|1| |0| |0|PRINCIPAL|4|0|766721.00|0.00|0.00|76672.00|2|8|0.00|0|0.00|0|0.00|0|0.00|0|0.00|0|0|0|19597.00|0|19597.00|2|0.00|0|0.00|0.00|0.00|0.00|0.00|0.00|145679.00|0.00|989072.00|989072.00|2|252797.00|2|0.00|0|0.00|0|0.00|0.00|0|0.00
EMPSHFT|1-Restaurante|1|1-Restaurante|22|Camila|Caceres|405220010|1| |0| |0|PRINCIPAL|4|0|10504.00|0.00|0.00|1050.00|1|0|0.00|0|0.00|0|0.00|0|0.00|0|0.00|0|0|0|27832.00|0|27832.00|1|0.00|0|0.00|0.00|0.00|0.00|0.00|0.00|1996.00|0.00|13550.00|13550.00|1|359032.00|1|0.00|0|0.00|0|0.00|0.00|0|0.00
EMPSHFT|1-Restaurante|1|1-Restaurante|22|Camila|Caceres|405220010|1| |0| |0|CAPS|1|0|-11345.00|0.00|0.00|-1134.00|0|-1|0.00|0|-12479.00|3|0.00|0|0.00|0|0.00|0|0|0|47084.00|0|47084.00|3|0.00|0|824074.00|0.00|0.00|0.00|0.00|0.00|-2155.00|-2155.00|0.00|-14634.00|0|607384.00|4|0.00|0|0.00|0|0.00|0.00|0|0.00
EMPSHFT|1-Restaurante|1|1-Restaurante|22|Camila|Caceres|405220010|1| |0| |0|BARRA|3|0|749999.00|0.00|0.00|75000.00|4|10|0.00|0|0.00|0|0.00|0|13100.00|1|0.00|0|0|0|0.00|0|0.00|0|0.00|0|0.00|0.00|0.00|0.00|0.00|0.00|142501.00|0.00|967500.00|967500.00|4|0.00|0|0.00|0|0.00|0|0.00|0.00|0|0.00
EMPSHFT|1-Restaurante|1|1-Restaurante|22|Maria Fernanda|Castillo|405220011|1| |0| |0|CAPS|1|0|-78992.00|0.00|0.00|-10706.00|1|-2|0.00|0|-86891.00|9|0.00|0|0.00|0|0.00|0|0|0|130461.00|0|130461.00|10|0.00|0|1499213.00|0.00|0.00|0.00|0.00|0.00|-15008.00|-17815.00|0.00|-104700.00|1|1716367.00|13|0.00|0|0.00|0|6.00|0.00|0|0.00
EMPSHFT|1-Restaurante|1|1-Restaurante|22|Maria Fernanda|Castillo|405220011|1| |0| |0|PRINCIPAL|4|0|574622.00|0.00|0.00|57462.00|4|9|0.00|0|0.00|0|0.00|0|0.00|0|0.00|0|0|0|3277.00|0|3277.00|1|0.00|0|0.00|0.00|0.00|0.00|0.00|0.00|109178.00|0.00|741262.00|741262.00|4|42277.00|1|0.00|0|0.00|0|0.00|0.00|0|0.00
EMPSHFT|1-Restaurante|1|1-Restaurante|22|Maria Fernanda|Castillo|405220011|1| |0| |0|BAR|2|0|508157.00|0.00|0.00|50814.00|7|12|0.00|0|0.00|0|0.00|0|0.00|0|0.00|0|0|0|0.00|0|0.00|0|0.00|0|0.00|0.00|0.00|0.00|0.00|0.00|96543.00|0.00|655514.00|655514.00|7|0.00|0|0.00|0|0.00|0|0.00|0.00|0|0.00
EMPSHFT|1-Restaurante|1|1-Restaurante|22|Maria Fernanda|Castillo|405220011|1| |0| |0|BARRA|3|0|361682.00|0.00|0.00|36168.00|2|3|0.00|0|0.00|0|0.00|0|0.00|0|0.00|0|0|0|0.00|0|0.00|0|0.00|0|0.00|0.00|0.00|0.00|0.00|0.00|68718.00|0.00|466568.00|466568.00|2|0.00|0|0.00|0|0.00|0|0.00|0.00|0|0.00
EMPSHFT|1-Restaurante|1|1-Restaurante|22|SEBASTIAN|GARCIA CAVANZO|405260005|1| |0| |0|BARRA|3|0|355211.00|0.00|0.00|35521.00|1|5|0.00|0|0.00|0|0.00|0|0.00|0|0.00|0|0|0|0.00|0|0.00|0|0.00|0|0.00|0.00|0.00|0.00|0.00|0.00|67489.00|0.00|458221.00|458221.00|1|0.00|0|0.00|0|0.00|0|0.00|0.00|0|0.00
EMPSHFT|1-Restaurante|1|1-Restaurante|22|SEBASTIAN|GARCIA CAVANZO|405260005|1| |0| |0|PRINCIPAL|4|0|0.00|0.00|0.00|0.00|0|0|0.00|0|0.00|0|0.00|0|0.00|0|0.00|0|0|0|35521.00|0|35521.00|1|0.00|0|0.00|0.00|0.00|0.00|0.00|0.00|0.00|0.00|0.00|0.00|0|458221.00|1|0.00|0|0.00|0|0.00|0.00|0|0.00
EMPSHFT|1-Restaurante|1|1-Restaurante|22|SEBASTIAN|GARCIA CAVANZO|405260005|1| |0| |0|CAPS|1|0|0.00|0.00|0.00|0.00|0|0|0.00|0|0.00|0|0.00|0|0.00|0|0.00|0|0|0|0.00|0|0.00|0|0.00|0|390732.00|0.00|0.00|0.00|0.00|0.00|0.00|0.00|0.00|0.00|0|0.00|0|0.00|0|0.00|0|0.00|0.00|0|0.00
EMPTM|1-Restaurante|1|1-Restaurante|22|Sebastian|Rey|405220007|Contado|102|Contado|102|Payment|0.00|0
EMPTM|1-Restaurante|1|1-Restaurante|22|SEBASTIAN|GARCIA CAVANZO|405260005|Contado|102|Contado|102|Payment|0.00|0
EMPTM|1-Restaurante|1|1-Restaurante|22|Jenny Katerine|Roa|404270001|Contado|102|Contado|102|Payment|0.00|0
EMPTM|1-Restaurante|1|1-Restaurante|22|Jenny Katerine|Roa|404270001|Visa |204|Visa |204|Payment|2419019.00|12
EMPTM|1-Restaurante|1|1-Restaurante|22|Jenny Katerine|Roa|404270001|Efectivo |101|Efectivo |101|Payment|1125430.00|21
EMPTM|1-Restaurante|1|1-Restaurante|22|Jenny Katerine|Roa|404270001|American Express|201|American Express|201|Payment|589714.00|2
EMPTM|1-Restaurante|1|1-Restaurante|22|Jenny Katerine|Roa|404270001|Master Card|202|Master Card|202|Payment|5937499.00|27
EMPOTSLS|1-Restaurante|1|1-Restaurante|22|Sebastian|Rey|405220007|Para Aqui|1|Para Aqui|1|8|15|0|0|866473.00|0.00|0.00|0|0.00|0|0.00|0.00|0|0.00|0|0.00|0|0.00|0|0.00|0|0.00|0|0.00|0|0.00|0|0.00|0.00|866473.00
EMPOTSLS|1-Restaurante|1|1-Restaurante|22|Maria Fernanda|Castillo|405220011|Para Llevar|2|Para Llevar|2|1|2|0|0|32774.00|0.00|0.00|0|0.00|0|0.00|0.00|0|0.00|0|0.00|0|0.00|0|0.00|0|0.00|0|0.00|0|0.00|0|0.00|0.00|32774.00
EMPOTSLS|1-Restaurante|1|1-Restaurante|22|Celis|Juan David|405220001|Para Aqui|1|Para Aqui|1|8|18|0|0|1208405.00|0.00|0.00|0|0.00|0|0.00|0.00|0|0.00|0|0.00|0|0.00|0|0.00|0|0.00|0|0.00|0|0.00|0|0.00|0.00|1208405.00
EMPOTSLS|1-Restaurante|1|1-Restaurante|22|Rafael|Gamba|405220008|Para Aqui|1|Para Aqui|1|11|27|0|0|2302854.00|0.00|0.00|0|0.00|0|0.00|0.00|0|0.00|0|0.00|0|0.00|0|0.00|0|0.00|0|0.00|0|0.00|0|0.00|0.00|2302854.00
EMPOTSLS|1-Restaurante|1|1-Restaurante|22|Maria Fernanda|Castillo|405220011|Para Aqui|1|Para Aqui|1|13|20|0|0|1332695.00|0.00|0.00|0|0.00|0|0.00|0.00|0|0.00|0|0.00|0|0.00|0|0.00|0|0.00|0|0.00|0|0.00|0|0.00|0.00|1332695.00
EMPOTSLS|1-Restaurante|1|1-Restaurante|22|SEBASTIAN|GARCIA CAVANZO|405260005|Para Aqui|1|Para Aqui|1|1|5|0|0|355211.00|0.00|0.00|0|0.00|0|0.00|0.00|0|0.00|0|0.00|0|0.00|0|0.00|0|0.00|0|0.00|0|0.00|0|0.00|0.00|355211.00
EMPOTSLS|1-Restaurante|1|1-Restaurante|22|Camila|Caceres|405220010|Para Aqui|1|Para Aqui|1|5|9|0|0|749158.00|0.00|0.00|0|0.00|0|0.00|0.00|0|0.00|0|0.00|0|0.00|0|0.00|0|0.00|0|0.00|0|0.00|0|0.00|0.00|749158.00
EMPOTSLS|1-Restaurante|1|1-Restaurante|22|Jenny Katerine|Roa|404270001|Para Aqui|1|Para Aqui|1|4|4|0|0|367732.00|0.00|0.00|0|0.00|0|0.00|0.00|0|0.00|0|0.00|0|0.00|0|0.00|0|0.00|0|0.00|0|0.00|0|0.00|0.00|367732.00
EMPOTSLS|1-Restaurante|1|1-Restaurante|22|Stefania|Sanchez Chacon|78|Para Aqui|1|Para Aqui|1|2|3|0|0|594369.00|0.00|0.00|0|0.00|0|0.00|0.00|0|0.00|0|0.00|0|0.00|0|0.00|0|0.00|0|0.00|0|0.00|0|0.00|0.00|594369.00
