EMPID|AndOrlea|Andres Paradero Viajero|20241215|20241215|20250116|122208|2.00|2.00|Simphony|19.7.2
EMP|Restaurante|1|Restaurante|1|Osorio|Arley |810000001|103|95|0|0|6664196.00|530327.00|0.00|0|0.00|0|-1.00|-4.00|497900.00|22|0.00|0|539141.00|23|7727623.00|103|7736145.00|102|0.00|0|0.00|0|0.00|531049.00|0.00|0|6664196.00|0.00|0.00|6664196.00
EMP|Restaurante|1|Restaurante|1|Cardenas|Rosalbina|810000002|18|6|0|0|613613.00|36702.00|0.00|0|0.00|0|0.00|-5.00|25400.00|2|0.00|0|0.00|0|699397.00|18|699397.00|18|0.00|0|0.00|0|0.00|36702.00|0.00|0|613613.00|0.00|0.00|613613.00
EMP|Restaurante|1|Restaurante|1|Migdalis|Diaz|810000003|327|464|0|0|29930219.00|2992934.00|0.00|0|0.00|0|-5.00|-62.00|672600.00|39|0.00|0|121277.00|12|35317472.00|328|35134463.00|316|0.00|0|0.00|0|0.00|2977425.00|0.00|0|29930219.00|0.00|0.00|29930219.00
EMP|Restaurante|1|Restaurante|1|Laura|Galvis|810000005|12|7|0|0|452875.00|27231.00|0.00|0|0.00|0|0.00|0.00|37600.00|4|0.00|0|27096.00|1|516331.00|12|516331.00|12|0.00|0|0.00|0|0.00|27231.00|0.00|0|452875.00|0.00|0.00|452875.00
EMP|Restaurante|1|Restaurante|1|Valeria|Vivas|810000006|57|28|0|0|3867796.00|301863.00|0.00|0|0.00|0|-1.00|4.00|287400.00|12|0.00|0|333568.00|9|4479067.00|57|4653554.00|57|0.00|0|0.00|0|0.00|316650.00|0.00|0|3867796.00|0.00|0.00|3867796.00
EMPSHFT|Restaurante|1|Restaurante|1|Osorio|Arley |810000001|1| |0| |0|BAR|2|0|320835.00|0.00|0.00|32081.00|1|0|0.00|0|0.00|0|0.00|0|0.00|0|0.00|0|0|0|0.00|0|0.00|0|0.00|0|0.00|0.00|0.00|0.00|0.00|0.00|25665.00|-1.00|378582.00|378581.00|1|0.00|0|0.00|0|0.00|0|0.00|0.00|0|0.00
EMPSHFT|Restaurante|1|Restaurante|1|Osorio|Arley |810000001|1| |0| |0|CAPS|1|0|6343361.00|0.00|0.00|498246.00|102|95|0.00|0|0.00|0|0.00|0|497900.00|22|0.00|0|0|0|510837.00|0|510837.00|58|0.00|0|7079806.00|0.00|0.00|0.00|0.00|0.00|507439.00|0.00|7349046.00|7349042.00|102|7497633.00|98|0.00|0|0.00|0|-4.00|0.00|0|0.00
EMPSHFT|Restaurante|1|Restaurante|1|Osorio|Arley |810000001|1| |0| |0|CAPS|1|1|0.00|0.00|0.00|0.00|0|0|0.00|0|0.00|0|0.00|0|0.00|0|0.00|0|0|0|20212.00|0|20212.00|4|0.00|0|136583.00|0.00|0.00|0.00|0.00|0.00|0.00|0.00|0.00|0.00|0|238512.00|4|0.00|0|0.00|0|0.00|0.00|0|0.00
EMPSHFT|Restaurante|1|Restaurante|1|Cardenas|Rosalbina|810000002|1| |0| |0|CAPS|1|0|594169.00|0.00|0.00|34758.00|18|6|0.00|0|0.00|0|0.00|0|25400.00|2|0.00|0|0|0|36702.00|0|36702.00|6|0.00|0|651884.00|0.00|0.00|0.00|0.00|0.00|47531.00|0.00|676458.00|676453.00|18|699397.00|18|0.00|0|0.00|0|-5.00|0.00|0|0.00
EMPSHFT|Restaurante|1|Restaurante|1|Cardenas|Rosalbina|810000002|1| |0| |0|BAR|2|0|19444.00|0.00|0.00|1944.00|0|0|0.00|0|0.00|0|0.00|0|0.00|0|0.00|0|0|0|0.00|0|0.00|0|0.00|0|0.00|0.00|0.00|0.00|0.00|0.00|1556.00|0.00|22944.00|22944.00|0|0.00|0|0.00|0|0.00|0|0.00|0.00|0|0.00
EMPSHFT|Restaurante|1|Restaurante|1|Migdalis|Diaz|810000003|1| |0| |0|CAPS|1|1|56019.00|0.00|0.00|5602.00|0|0|0.00|0|0.00|0|0.00|0|0.00|0|0.00|0|0|0|1568965.00|0|1568965.00|151|0.00|0|13522352.00|0.00|0.00|0.00|0.00|0.00|4481.00|0.00|66102.00|66102.00|0|18514265.00|151|0.00|0|0.00|0|0.00|0.00|0|0.00
EMPSHFT|Restaurante|1|Restaurante|1|Migdalis|Diaz|810000003|1| |0| |0|CAPS|1|0|699445.00|0.00|0.00|69942.00|6|0|0.00|0|0.00|0|0.00|0|0.00|0|0.00|0|0|0|1408460.00|0|1408460.00|164|0.00|0|19375680.00|0.00|0.00|0.00|0.00|0.00|55955.00|-3.00|825345.00|825280.00|6|16620198.00|164|0.00|0|0.00|0|-62.00|0.00|0|0.00
EMPSHFT|Restaurante|1|Restaurante|1|Migdalis|Diaz|810000003|1| |0| |0|BAR|2|0|29174755.00|0.00|0.00|2917390.00|321|464|0.00|0|0.00|0|0.00|0|672600.00|39|0.00|0|0|0|0.00|0|0.00|0|0.00|0|0.00|0.00|0.00|0.00|0.00|0.00|2333945.00|-2.00|34426092.00|34426090.00|322|0.00|1|0.00|0|0.00|0|0.00|0.00|0|0.00
EMPSHFT|Restaurante|1|Restaurante|1|Laura|Galvis|810000005|1| |0| |0|BAR|2|0|8519.00|0.00|0.00|852.00|0|0|0.00|0|0.00|0|0.00|0|0.00|0|0.00|0|0|0|0.00|0|0.00|0|0.00|0|0.00|0.00|0.00|0.00|0.00|0.00|681.00|0.00|10052.00|10052.00|0|0.00|0|0.00|0|0.00|0|0.00|0.00|0|0.00
EMPSHFT|Restaurante|1|Restaurante|1|Laura|Galvis|810000005|1| |0| |0|CAPS|1|0|444356.00|0.00|0.00|26379.00|12|7|0.00|0|0.00|0|0.00|0|37600.00|4|0.00|0|0|0|27231.00|0|27231.00|2|0.00|0|480106.00|0.00|0.00|0.00|0.00|0.00|35544.00|0.00|506279.00|506279.00|12|516331.00|12|0.00|0|0.00|0|0.00|0.00|0|0.00
EMPSHFT|Restaurante|1|Restaurante|1|Valeria|Vivas|810000006|1| |0| |0|CAPS|1|1|448892.00|0.00|0.00|1009.00|14|1|0.00|0|0.00|0|0.00|0|72200.00|2|0.00|0|0|0|301650.00|0|301650.00|26|0.00|0|2991533.00|0.00|0.00|0.00|0.00|0.00|35908.00|0.00|485809.00|485809.00|14|4171850.00|42|0.00|0|0.00|0|0.00|0.00|0|0.00
EMPSHFT|Restaurante|1|Restaurante|1|Valeria|Vivas|810000006|1| |0| |0|BAR|2|0|538704.00|0.00|0.00|53870.00|1|0|0.00|0|0.00|0|0.00|0|0.00|0|0.00|0|0|0|0.00|0|0.00|0|0.00|0|0.00|0.00|0.00|0.00|0.00|0.00|43096.00|-1.00|635671.00|635670.00|1|0.00|0|0.00|0|0.00|0|0.00|0.00|0|0.00
EMPSHFT|Restaurante|1|Restaurante|1|Valeria|Vivas|810000006|1| |0| |0|CAPS|1|0|2880200.00|0.00|0.00|246984.00|42|27|0.00|0|0.00|0|0.00|0|215200.00|10|0.00|0|0|0|15000.00|0|15000.00|3|0.00|0|1352046.00|0.00|0.00|0.00|0.00|0.00|230400.00|0.00|3357584.00|3357588.00|42|481704.00|15|0.00|0|0.00|0|4.00|0.00|0|0.00
EMPTM|Restaurante|1|Restaurante|1|Osorio|Arley |810000001|Efectivo |101|Efectivo |101|Payment|3556129.00|89
EMPTM|Restaurante|1|Restaurante|1|Osorio|Arley |810000001|American Express|201|American Express|201|Payment|1039696.00|8
EMPTM|Restaurante|1|Restaurante|1|Osorio|Arley |810000001|Visa |204|Visa |204|Payment|7498760.00|72
EMPTM|Restaurante|1|Restaurante|1|Osorio|Arley |810000001|Master Card|202|Master Card|202|Payment|7192464.00|78
EMPTM|Restaurante|1|Restaurante|1|Osorio|Arley |810000001|Diners|203|Diners|203|Payment|158753.00|2
EMPTM|Restaurante|1|Restaurante|1|Osorio|Arley |810000001|Contado|102|Contado|102|Payment|0.00|0
EMPTM|Restaurante|1|Restaurante|1|Cardenas|Rosalbina|810000002|Efectivo |101|Efectivo |101|Payment|839290.00|17
EMPTM|Restaurante|1|Restaurante|1|Cardenas|Rosalbina|810000002|American Express|201|American Express|201|Payment|159846.00|2
EMPTM|Restaurante|1|Restaurante|1|Cardenas|Rosalbina|810000002|Visa |204|Visa |204|Payment|1824549.00|19
EMPTM|Restaurante|1|Restaurante|1|Cardenas|Rosalbina|810000002|Master Card|202|Master Card|202|Payment|721571.00|8
EMPTM|Restaurante|1|Restaurante|1|Cardenas|Rosalbina|810000002|Diners|203|Diners|203|Payment|730178.00|1
EMPTM|Restaurante|1|Restaurante|1|Cardenas|Rosalbina|810000002|Contado|102|Contado|102|Payment|0.00|0
EMPTM|Restaurante|1|Restaurante|1|Laura|Galvis|810000005|Efectivo |101|Efectivo |101|Payment|284810.00|9
EMPTM|Restaurante|1|Restaurante|1|Laura|Galvis|810000005|Visa |204|Visa |204|Payment|503755.00|7
EMPTM|Restaurante|1|Restaurante|1|Laura|Galvis|810000005|Master Card|202|Master Card|202|Payment|445158.00|7
EMPTM|Restaurante|1|Restaurante|1|Laura|Galvis|810000005|Contado|102|Contado|102|Payment|0.00|0
EMPTM|Restaurante|1|Restaurante|1|Valeria|Vivas|810000006|Efectivo |101|Efectivo |101|Payment|5128590.00|85
EMPTM|Restaurante|1|Restaurante|1|Valeria|Vivas|810000006|American Express|201|American Express|201|Payment|1948790.00|15
EMPTM|Restaurante|1|Restaurante|1|Valeria|Vivas|810000006|Visa |204|Visa |204|Payment|9868279.00|93
EMPTM|Restaurante|1|Restaurante|1|Valeria|Vivas|810000006|Master Card|202|Master Card|202|Payment|6749898.00|63
EMPTM|Restaurante|1|Restaurante|1|Valeria|Vivas|810000006|Diners|203|Diners|203|Payment|89374.00|1
EMPTM|Restaurante|1|Restaurante|1|Valeria|Vivas|810000006|Contado|102|Contado|102|Payment|0.00|0
EMPOTSLS|Restaurante|1|Restaurante|1|Cardenas|Rosalbina|810000002|Para Aqui|1|Para Aqui|1|6|6|0|0|367034.00|0.00|0.00|0|0.00|0|0.00|0.00|0|0.00|0|0.00|0|0.00|0|0.00|0|0.00|0|0.00|0|0.00|0|0.00|0.00|367034.00
EMPOTSLS|Restaurante|1|Restaurante|1|Laura|Galvis|810000005|Para Llevar|2|Para Llevar|2|10|0|0|0|180559.00|0.00|0.00|0|0.00|0|0.00|0.00|0|0.00|0|0.00|0|0.00|0|0.00|0|0.00|0|0.00|0|0.00|0|0.00|0.00|180559.00
EMPOTSLS|Restaurante|1|Restaurante|1|Migdalis|Diaz|810000003|Para Aqui|1|Para Aqui|1|327|464|0|0|29930219.00|0.00|0.00|0|0.00|0|0.00|0.00|0|0.00|0|0.00|0|0.00|0|0.00|0|0.00|0|0.00|0|0.00|0|0.00|0.00|29930219.00
EMPOTSLS|Restaurante|1|Restaurante|1|Laura|Galvis|810000005|Para Aqui|1|Para Aqui|1|2|7|0|0|272316.00|0.00|0.00|0|0.00|0|0.00|0.00|0|0.00|0|0.00|0|0.00|0|0.00|0|0.00|0|0.00|0|0.00|0|0.00|0.00|272316.00
EMPOTSLS|Restaurante|1|Restaurante|1|Valeria|Vivas|810000006|Para Aqui|1|Para Aqui|1|29|27|0|0|3018715.00|0.00|0.00|0|0.00|0|0.00|0.00|0|0.00|0|0.00|0|0.00|0|0.00|0|0.00|0|0.00|0|0.00|0|0.00|0.00|3018715.00
EMPOTSLS|Restaurante|1|Restaurante|1|Osorio|Arley |810000001|Para Aqui|1|Para Aqui|1|63|95|0|0|5303443.00|0.00|0.00|0|0.00|0|0.00|0.00|0|0.00|0|0.00|0|0.00|0|0.00|0|0.00|0|0.00|0|0.00|0|0.00|0.00|5303443.00
EMPOTSLS|Restaurante|1|Restaurante|1|Cardenas|Rosalbina|810000002|Para Llevar|2|Para Llevar|2|12|0|0|0|246579.00|0.00|0.00|0|0.00|0|0.00|0.00|0|0.00|0|0.00|0|0.00|0|0.00|0|0.00|0|0.00|0|0.00|0|0.00|0.00|246579.00
EMPOTSLS|Restaurante|1|Restaurante|1|Osorio|Arley |810000001|Para Llevar|2|Para Llevar|2|40|0|0|0|1360753.00|0.00|0.00|0|0.00|0|0.00|0.00|0|0.00|0|0.00|0|0.00|0|0.00|0|0.00|0|0.00|0|0.00|0|0.00|0.00|1360753.00
EMPOTSLS|Restaurante|1|Restaurante|1|Valeria|Vivas|810000006|Para Llevar|2|Para Llevar|2|28|1|0|0|849081.00|0.00|0.00|0|0.00|0|0.00|0.00|0|0.00|0|0.00|0|0.00|0|0.00|0|0.00|0|0.00|0|0.00|0|0.00|0.00|849081.00
