EMPID|APC|Andres Plaza Claro|20241123|20241123|20241225|122231|2.00|2.00|Simphony|19.7.2
EMP|1-Restaurante|1|1-Restaurante|22|Sebastian|Rey|405220007|20|40|0|0|3006724.00|300669.00|-8319.00|3|0.00|0|-1437.00|-2.00|69400.00|5|0.00|0|0.00|3|3878667.00|20|3878667.00|20|0.00|0|0.00|0|0.00|300669.00|0.00|0|3006724.00|0.00|0.00|3006724.00
EMP|1-Restaurante|1|1-Restaurante|22|Celis|Juan David|405220001|2|3|0|0|151682.00|15168.00|0.00|0|0.00|0|0.00|1.00|0.00|0|0.00|0|0.00|0|195669.00|2|195669.00|2|0.00|0|0.00|0|0.00|15168.00|0.00|0|151682.00|0.00|0.00|151682.00
EMP|1-Restaurante|1|1-Restaurante|22|Rafael|Gamba|405220008|5|13|0|0|1236142.00|110823.00|0.00|0|0.00|0|-12790.00|0.00|0.00|0|0.00|0|0.00|0|1581823.00|5|1581823.00|5|0.00|0|0.00|0|0.00|110823.00|0.00|0|1236142.00|0.00|0.00|1236142.00
EMP|1-Restaurante|1|1-Restaurante|22|Maria Fernanda|Castillo|405220011|15|32|0|0|2225292.00|222527.00|0.00|0|0.00|0|0.00|0.00|57100.00|3|0.00|0|0.00|0|2870627.00|15|2870627.00|15|0.00|0|0.00|0|0.00|222527.00|0.00|0|2225292.00|0.00|0.00|2225292.00
EMP|1-Restaurante|1|1-Restaurante|22|Camila|Caceres|405220010|9|29|0|0|1625129.00|154235.00|0.00|0|0.00|0|-8277.00|0.00|35500.00|2|0.00|0|0.00|0|2088135.00|9|2088135.00|9|0.00|0|0.00|0|0.00|154235.00|0.00|0|1625129.00|0.00|0.00|1625129.00
EMP|1-Restaurante|1|1-Restaurante|22|SEBASTIAN|GARCIA CAVANZO|405260005|4|7|0|0|330337.00|33033.00|0.00|0|0.00|0|0.00|-1.00|68500.00|1|0.00|0|0.00|0|426132.00|4|426132.00|4|0.00|0|0.00|0|0.00|33033.00|0.00|0|330337.00|0.00|0.00|330337.00
EMP|1-Restaurante|1|1-Restaurante|22|Jenny Katerine|Roa|404270001|5|5|0|0|15550.00|1554.00|0.00|0|0.00|0|0.00|6.00|0.00|0|0.00|0|0.00|0|20060.00|5|20060.00|5|0.00|0|0.00|0|0.00|1554.00|0.00|0|15550.00|0.00|0.00|15550.00
EMPSHFT|1-Restaurante|1|1-Restaurante|22|Jenny Katerine|Roa|404270001|1| |0| |0|CAPS|1|0|15550.00|0.00|0.00|1554.00|5|5|0.00|0|0.00|0|0.00|0|0.00|0|0.00|0|0|0|1554.00|0|1554.00|5|0.00|0|17362.00|0.00|0.00|0.00|0.00|0.00|2950.00|0.00|20054.00|20060.00|5|20060.00|5|0.00|0|0.00|0|6.00|0.00|0|0.00
EMPSHFT|1-Restaurante|1|1-Restaurante|22|Celis|Juan David|405220001|1| |0| |0|PRINCIPAL|4|0|12185.00|0.00|0.00|1218.00|0|0|0.00|0|0.00|0|0.00|0|0.00|0|0.00|0|0|0|0.00|0|0.00|0|0.00|0|0.00|0.00|0.00|0.00|0.00|0.00|2315.00|0.00|15718.00|15718.00|0|0.00|0|0.00|0|0.00|0|0.00|0.00|0|0.00
EMPSHFT|1-Restaurante|1|1-Restaurante|22|Celis|Juan David|405220001|1| |0| |0|BAR|2|0|139497.00|0.00|0.00|13950.00|2|3|0.00|0|0.00|0|0.00|0|0.00|0|0.00|0|0|0|0.00|0|0.00|0|0.00|0|0.00|0.00|0.00|0.00|0.00|0.00|26503.00|0.00|179950.00|179950.00|2|0.00|0|0.00|0|0.00|0|0.00|0.00|0|0.00
EMPSHFT|1-Restaurante|1|1-Restaurante|22|Celis|Juan David|405220001|1| |0| |0|CAPS|1|0|0.00|0.00|0.00|0.00|0|0|0.00|0|0.00|0|0.00|0|0.00|0|0.00|0|0|0|15168.00|0|15168.00|2|0.00|0|166851.00|0.00|0.00|0.00|0.00|0.00|0.00|0.00|0.00|1.00|0|195669.00|2|0.00|0|0.00|0|1.00|0.00|0|0.00
EMPSHFT|1-Restaurante|1|1-Restaurante|22|Sebastian|Rey|405220007|1| |0| |0|CAPS|1|0|-7563.00|0.00|0.00|-756.00|0|-1|0.00|0|-8319.00|3|0.00|0|0.00|0|0.00|0|0|0|220241.00|0|220241.00|15|0.00|0|3324651.00|0.00|0.00|0.00|0.00|0.00|-1437.00|-1437.00|0.00|-9758.00|0|2841139.00|16|0.00|0|0.00|0|-2.00|0.00|0|0.00
EMPSHFT|1-Restaurante|1|1-Restaurante|22|Sebastian|Rey|405220007|1| |0| |0|PRINCIPAL|4|0|450003.00|0.00|0.00|45000.00|2|5|0.00|0|0.00|0|0.00|0|4500.00|1|0.00|0|0|0|80428.00|0|80428.00|4|0.00|0|0.00|0.00|0.00|0.00|0.00|0.00|85497.00|0.00|580500.00|580500.00|2|1037528.00|4|0.00|0|0.00|0|0.00|0.00|0|0.00
EMPSHFT|1-Restaurante|1|1-Restaurante|22|Sebastian|Rey|405220007|1| |0| |0|BAR|2|0|2564284.00|0.00|0.00|256425.00|18|36|0.00|0|0.00|0|0.00|0|64900.00|4|0.00|0|0|0|0.00|0|0.00|0|0.00|0|0.00|0.00|0.00|0.00|0.00|0.00|487216.00|0.00|3307925.00|3307925.00|18|0.00|0|0.00|0|0.00|0|0.00|0.00|0|0.00
EMPSHFT|1-Restaurante|1|1-Restaurante|22|Rafael|Gamba|405220008|1| |0| |0|CAPS|1|0|0.00|0.00|0.00|-12790.00|0|0|0.00|0|0.00|0|0.00|0|0.00|0|0.00|0|0|0|110823.00|0|110823.00|4|0.00|0|1356923.00|0.00|0.00|0.00|0.00|0.00|0.00|-12790.00|0.00|-12790.00|0|1581823.00|5|0.00|0|0.00|0|0.00|0.00|0|0.00
EMPSHFT|1-Restaurante|1|1-Restaurante|22|Rafael|Gamba|405220008|1| |0| |0|PRINCIPAL|4|0|237817.00|0.00|0.00|23782.00|2|5|0.00|0|0.00|0|0.00|0|0.00|0|0.00|0|0|0|0.00|0|0.00|0|0.00|0|0.00|0.00|0.00|0.00|0.00|0.00|45183.00|0.00|306782.00|306782.00|2|0.00|0|0.00|0|0.00|0|0.00|0.00|0|0.00
EMPSHFT|1-Restaurante|1|1-Restaurante|22|Rafael|Gamba|405220008|1| |0| |0|BAR|2|0|998325.00|0.00|0.00|99831.00|3|8|0.00|0|0.00|0|0.00|0|0.00|0|0.00|0|0|0|0.00|0|0.00|0|0.00|0|0.00|0.00|0.00|0.00|0.00|0.00|189675.00|0.00|1287831.00|1287831.00|3|0.00|0|0.00|0|0.00|0|0.00|0.00|0|0.00
EMPSHFT|1-Restaurante|1|1-Restaurante|22|Camila|Caceres|405220010|1| |0| |0|BAR|2|0|1224961.00|0.00|0.00|122495.00|8|26|0.00|0|0.00|0|0.00|0|35500.00|2|0.00|0|0|0|0.00|0|0.00|0|0.00|0|0.00|0.00|0.00|0.00|0.00|0.00|232739.00|0.00|1580195.00|1580195.00|8|0.00|0|0.00|0|0.00|0|0.00|0.00|0|0.00
EMPSHFT|1-Restaurante|1|1-Restaurante|22|Camila|Caceres|405220010|1| |0| |0|PRINCIPAL|4|0|400168.00|0.00|0.00|40017.00|1|3|0.00|0|0.00|0|0.00|0|0.00|0|0.00|0|0|0|0.00|0|0.00|0|0.00|0|0.00|0.00|0.00|0.00|0.00|0.00|76032.00|0.00|516217.00|516217.00|1|0.00|0|0.00|0|0.00|0|0.00|0.00|0|0.00
EMPSHFT|1-Restaurante|1|1-Restaurante|22|Camila|Caceres|405220010|1| |0| |0|CAPS|1|0|0.00|0.00|0.00|-8277.00|0|0|0.00|0|0.00|0|0.00|0|0.00|0|0.00|0|0|0|154235.00|0|154235.00|8|0.00|0|1779364.00|0.00|0.00|0.00|0.00|0.00|0.00|-8277.00|0.00|-8277.00|0|2088135.00|9|0.00|0|0.00|0|0.00|0.00|0|0.00
EMPSHFT|1-Restaurante|1|1-Restaurante|22|Maria Fernanda|Castillo|405220011|1| |0| |0|CAPS|1|0|0.00|0.00|0.00|0.00|0|0|0.00|0|0.00|0|0.00|0|0.00|0|0.00|0|0|0|221477.00|0|221477.00|14|0.00|0|2469181.00|0.00|0.00|0.00|0.00|0.00|0.00|0.00|0.00|0.00|0|2857077.00|14|0.00|0|0.00|0|0.00|0.00|0|0.00
EMPSHFT|1-Restaurante|1|1-Restaurante|22|Maria Fernanda|Castillo|405220011|1| |0| |0|BAR|2|0|2035375.00|0.00|0.00|203536.00|12|27|0.00|0|0.00|0|0.00|0|44600.00|2|0.00|0|0|0|0.00|0|0.00|0|0.00|0|0.00|0.00|0.00|0.00|0.00|0.00|386725.00|0.00|2625636.00|2625636.00|12|0.00|0|0.00|0|0.00|0|0.00|0.00|0|0.00
EMPSHFT|1-Restaurante|1|1-Restaurante|22|Maria Fernanda|Castillo|405220011|1| |0| |0|PRINCIPAL|4|0|189917.00|0.00|0.00|18991.00|3|5|0.00|0|0.00|0|0.00|0|12500.00|1|0.00|0|0|0|1050.00|0|1050.00|1|0.00|0|0.00|0.00|0.00|0.00|0.00|0.00|36083.00|0.00|244991.00|244991.00|3|13550.00|1|0.00|0|0.00|0|0.00|0.00|0|0.00
EMPSHFT|1-Restaurante|1|1-Restaurante|22|SEBASTIAN|GARCIA CAVANZO|405260005|1| |0| |0|BAR|2|0|328572.00|0.00|0.00|32856.00|4|7|0.00|0|0.00|0|0.00|0|68500.00|1|0.00|0|0|0|0.00|0|0.00|0|0.00|0|0.00|0.00|0.00|0.00|0.00|0.00|62428.00|0.00|423856.00|423856.00|4|0.00|0|0.00|0|0.00|0|0.00|0.00|0|0.00
EMPSHFT|1-Restaurante|1|1-Restaurante|22|SEBASTIAN|GARCIA CAVANZO|405260005|1| |0| |0|CAPS|1|0|1765.00|0.00|0.00|177.00|0|0|0.00|0|0.00|0|0.00|0|0.00|0|0.00|0|0|0|33033.00|0|33033.00|4|0.00|0|363369.00|0.00|0.00|0.00|0.00|0.00|335.00|0.00|2277.00|2276.00|0|426132.00|4|0.00|0|0.00|0|-1.00|0.00|0|0.00
EMPTM|1-Restaurante|1|1-Restaurante|22|Sebastian|Rey|405220007|Contado|102|Contado|102|Payment|0.00|0
EMPTM|1-Restaurante|1|1-Restaurante|22|Maria Fernanda|Castillo|405220011|Contado|102|Contado|102|Payment|0.00|0
EMPTM|1-Restaurante|1|1-Restaurante|22|SEBASTIAN|GARCIA CAVANZO|405260005|Contado|102|Contado|102|Payment|0.00|0
EMPTM|1-Restaurante|1|1-Restaurante|22|Jenny Katerine|Roa|404270001|Contado|102|Contado|102|Payment|0.00|0
EMPTM|1-Restaurante|1|1-Restaurante|22|Jenny Katerine|Roa|404270001|Visa |204|Visa |204|Payment|3872359.00|20
EMPTM|1-Restaurante|1|1-Restaurante|22|Jenny Katerine|Roa|404270001|Efectivo |101|Efectivo |101|Payment|897490.00|19
EMPTM|1-Restaurante|1|1-Restaurante|22|Jenny Katerine|Roa|404270001|American Express|201|American Express|201|Payment|71546.00|1
EMPTM|1-Restaurante|1|1-Restaurante|22|Jenny Katerine|Roa|404270001|Master Card|202|Master Card|202|Payment|6219718.00|35
EMPOTSLS|1-Restaurante|1|1-Restaurante|22|Jenny Katerine|Roa|404270001|Para Aqui|1|Para Aqui|1|5|5|0|0|15550.00|0.00|0.00|0|0.00|0|0.00|0.00|0|0.00|0|0.00|0|0.00|0|0.00|0|0.00|0|0.00|0|0.00|0|0.00|0.00|15550.00
EMPOTSLS|1-Restaurante|1|1-Restaurante|22|Celis|Juan David|405220001|Para Aqui|1|Para Aqui|1|2|3|0|0|151682.00|0.00|0.00|0|0.00|0|0.00|0.00|0|0.00|0|0.00|0|0.00|0|0.00|0|0.00|0|0.00|0|0.00|0|0.00|0.00|151682.00
EMPOTSLS|1-Restaurante|1|1-Restaurante|22|Rafael|Gamba|405220008|Para Aqui|1|Para Aqui|1|5|13|0|0|1236142.00|0.00|0.00|0|0.00|0|0.00|0.00|0|0.00|0|0.00|0|0.00|0|0.00|0|0.00|0|0.00|0|0.00|0|0.00|0.00|1236142.00
EMPOTSLS|1-Restaurante|1|1-Restaurante|22|SEBASTIAN|GARCIA CAVANZO|405260005|Para Aqui|1|Para Aqui|1|4|7|0|0|330337.00|0.00|0.00|0|0.00|0|0.00|0.00|0|0.00|0|0.00|0|0.00|0|0.00|0|0.00|0|0.00|0|0.00|0|0.00|0.00|330337.00
EMPOTSLS|1-Restaurante|1|1-Restaurante|22|Maria Fernanda|Castillo|405220011|Para Llevar|2|Para Llevar|2|1|1|0|0|10504.00|0.00|0.00|0|0.00|0|0.00|0.00|0|0.00|0|0.00|0|0.00|0|0.00|0|0.00|0|0.00|0|0.00|0|0.00|0.00|10504.00
EMPOTSLS|1-Restaurante|1|1-Restaurante|22|Maria Fernanda|Castillo|405220011|Para Aqui|1|Para Aqui|1|14|31|0|0|2214788.00|0.00|0.00|0|0.00|0|0.00|0.00|0|0.00|0|0.00|0|0.00|0|0.00|0|0.00|0|0.00|0|0.00|0|0.00|0.00|2214788.00
EMPOTSLS|1-Restaurante|1|1-Restaurante|22|Sebastian|Rey|405220007|Para Aqui|1|Para Aqui|1|20|40|0|0|3006724.00|0.00|0.00|0|0.00|0|0.00|0.00|0|0.00|0|0.00|0|0.00|0|0.00|0|0.00|0|0.00|0|0.00|0|0.00|0.00|3006724.00
EMPOTSLS|1-Restaurante|1|1-Restaurante|22|Camila|Caceres|405220010|Para Aqui|1|Para Aqui|1|9|29|0|0|1625129.00|0.00|0.00|0|0.00|0|0.00|0.00|0|0.00|0|0.00|0|0.00|0|0.00|0|0.00|0|0.00|0|0.00|0|0.00|0.00|1625129.00
