EMPID|CTG|Andres Cartagena|20241217|20241217|20250118|122254|2.00|2.00|Simphony|19.7.2
EMP|1 Restaurante|1|1-Restaurante|22|Marilin Paola|Zabaleta Cuellar|606630003|57|143|0|0|15567154.00|1530031.00|-131630.00|7|0.00|0|-49409.00|-25.00|1615800.00|30|0.00|0|0.00|1|20054906.00|65|19945635.00|60|0.00|0|0.00|0|0.00|1521560.00|0.00|0|15567154.00|0.00|0.00|15567154.00
EMP|1 Restaurante|1|1-Restaurante|22|María Isabel|Chica Medina|606630018|13|35|0|0|5857903.00|548197.00|-119799.00|7|0.00|0|-58281.00|-2.00|1786300.00|11|0.00|0|0.00|0|7519095.00|17|7519095.00|15|0.00|0|0.00|0|0.00|548197.00|0.00|0|5857903.00|0.00|0.00|5857903.00
EMP|20-Domicilios|20|20-Domicilios|29|Domicilios|Rappi|606630025|1|0|0|0|90839.00|0.00|0.00|0|0.00|0|0.00|0.00|0.00|0|0.00|0|108100.00|1|108100.00|1|108100.00|1|0.00|0|0.00|0|0.00|0.00|0.00|0|90839.00|0.00|0.00|90839.00
EMP|1 Restaurante|1|1-Restaurante|22|Moises|Cotes|606630037|26|76|0|0|10108082.00|1010798.00|-409496.00|14|0.00|0|-70732.00|-4.00|808700.00|13|0.00|0|144610.00|1|13039394.00|39|13379130.00|27|0.00|0|0.00|0|0.00|1037134.00|0.00|0|10108082.00|0.00|0.00|10108082.00
EMP|1 Restaurante|1|1-Restaurante|22|Santiago|Narvaez|606640008|0|0|0|0|0.00|0.00|0.00|0|0.00|0|0.00|0.00|0.00|0|0.00|0|0.00|0|0.00|1|0.00|1|0.00|0|0.00|0|0.00|0.00|0.00|0|0.00|0.00|0.00|0.00
EMP|1 Restaurante|1|1-Restaurante|22|Leonardo de Jesus|Avila Perez|112|3|7|0|0|330420.00|33041.00|0.00|0|0.00|0|-2269.00|0.00|15500.00|1|0.00|0|0.00|0|430541.00|3|200076.00|2|0.00|0|0.00|0|0.00|15176.00|0.00|0|353110.00|-22690.00|-22690.00|330420.00
EMPSHFT|1 Restaurante|1|1-Restaurante|22|Leonardo de Jesus|Avila Perez|112|1| |0| |0|ALMACEN|2|0|317395.00|0.00|0.00|31739.00|2|5|0.00|0|0.00|0|0.00|0|0.00|0|0.00|0|0|0|0.00|0|0.00|0|0.00|0|0.00|0.00|0.00|0.00|0.00|0.00|60305.00|0.00|409439.00|409439.00|2|0.00|0|0.00|0|0.00|0|0.00|0.00|0|0.00
EMPSHFT|1 Restaurante|1|1-Restaurante|22|Leonardo de Jesus|Avila Perez|112|1| |0| |0|CABINA DJ|4|0|13614.00|0.00|0.00|1361.00|1|2|0.00|0|0.00|0|0.00|0|0.00|0|0.00|0|0|0|15176.00|0|15176.00|1|0.00|0|0.00|0.00|0.00|0.00|0.00|0.00|2586.00|0.00|17561.00|17561.00|1|195776.00|1|0.00|0|0.00|0|0.00|0.00|0|0.00
EMPSHFT|1 Restaurante|1|1-Restaurante|22|Leonardo de Jesus|Avila Perez|112|1| |0| |0|MARILYN|5|0|22101.00|0.00|0.00|2210.00|0|0|0.00|0|0.00|0|0.00|0|15500.00|1|0.00|0|0|0|0.00|0|0.00|0|0.00|0|0.00|0.00|0.00|0.00|0.00|0.00|4199.00|0.00|28510.00|28510.00|0|0.00|0|0.00|0|0.00|0|0.00|0.00|0|0.00
EMPSHFT|1 Restaurante|1|1-Restaurante|22|Leonardo de Jesus|Avila Perez|112|1| |0| |0|CAJA 2|7|0|-22690.00|-22690.00|0.00|-2269.00|0|0|0.00|0|0.00|0|0.00|0|0.00|0|0.00|0|0|0|0.00|0|0.00|0|0.00|0|166940.00|0.00|0.00|0.00|0.00|0.00|0.00|-2269.00|0.00|-24969.00|0|4300.00|1|0.00|0|0.00|0|0.00|0.00|0|0.00
EMPSHFT|1 Restaurante|1|1-Restaurante|22|Marilin Paola|Zabaleta Cuellar|606630003|1| |0| |0|COCINA LADO|10|0|671263.00|0.00|0.00|67126.00|2|3|0.00|0|0.00|0|0.00|0|12000.00|3|0.00|0|0|0|147629.00|0|147629.00|5|0.00|0|0.00|0.00|0.00|0.00|0.00|0.00|127537.00|0.00|865926.00|865926.00|2|1904429.00|5|0.00|0|0.00|0|0.00|0.00|0|0.00
EMPSHFT|1 Restaurante|1|1-Restaurante|22|Marilin Paola|Zabaleta Cuellar|606630003|1| |0| |0|CAJA 2|7|0|0.00|0.00|0.00|-26672.00|0|0|0.00|0|0.00|0|0.00|0|0.00|0|0.00|0|0|0|0.00|0|0.00|0|0.00|0|17072722.00|0.00|0.00|0.00|0.00|0.00|0.00|-26672.00|0.00|-26697.00|0|317375.00|4|0.00|0|0.00|0|-25.00|0.00|0|0.00
EMPSHFT|1 Restaurante|1|1-Restaurante|22|Marilin Paola|Zabaleta Cuellar|606630003|1| |0| |0|MARILYN|5|0|-59832.00|0.00|0.00|-5983.00|0|-2|0.00|0|-131630.00|7|0.00|0|0.00|0|0.00|0|0|0|0.00|0|0.00|0|0.00|0|0.00|0.00|0.00|0.00|0.00|0.00|-11368.00|-22736.00|77183.00|-77183.00|0|0.00|0|0.00|0|0.00|0|0.00|0.00|0|0.00
EMPSHFT|1 Restaurante|1|1-Restaurante|22|Marilin Paola|Zabaleta Cuellar|606630003|1| |0| |0|ALMACEN|2|0|1760762.00|0.00|0.00|176077.00|4|5|0.00|0|0.00|0|0.00|0|55100.00|2|0.00|0|0|0|206788.00|0|206788.00|7|0.00|0|0.00|0.00|0.00|0.00|0.00|0.00|334538.00|0.00|2271377.00|2271377.00|7|2667588.00|7|0.00|0|0.00|0|0.00|0.00|0|0.00
EMPSHFT|1 Restaurante|1|1-Restaurante|22|Marilin Paola|Zabaleta Cuellar|606630003|1| |0| |0|BAR_LADO|3|0|2213610.00|0.00|0.00|221360.00|8|17|0.00|0|0.00|0|0.00|0|144000.00|2|0.00|0|0|0|186006.00|0|186006.00|7|0.00|0|0.00|0.00|0.00|0.00|0.00|0.00|420590.00|-1.00|2855561.00|2855560.00|9|2399506.00|7|0.00|0|0.00|0|0.00|0.00|0|0.00
EMPSHFT|1 Restaurante|1|1-Restaurante|22|Marilin Paola|Zabaleta Cuellar|606630003|1| |0| |0|CAJA 1|6|0|6421600.00|0.00|0.00|642153.00|24|70|0.00|0|0.00|0|0.00|0|228000.00|5|0.00|0|0|0|676685.00|0|676685.00|20|0.00|0|0.00|0.00|0.00|0.00|0.00|0.00|1220100.00|0.00|8283853.00|8283853.00|25|8729285.00|21|0.00|0|0.00|0|0.00|0.00|0|0.00
EMPSHFT|1 Restaurante|1|1-Restaurante|22|Marilin Paola|Zabaleta Cuellar|606630003|1| |0| |0|CABINA DJ|4|0|4559751.00|0.00|0.00|455970.00|19|50|0.00|0|0.00|0|0.00|0|1176700.00|18|0.00|0|0|0|304452.00|0|304452.00|16|0.00|0|0.00|0.00|0.00|0.00|0.00|0.00|866349.00|0.00|5882070.00|5882070.00|22|3927452.00|16|0.00|0|0.00|0|0.00|0.00|0|0.00
EMPSHFT|1 Restaurante|1|1-Restaurante|22|María Isabel|Chica Medina|606630018|1| |0| |0|CAJA 2|7|0|0.00|0.00|0.00|-37588.00|0|0|0.00|0|0.00|0|0.00|0|0.00|0|0.00|0|0|0|0.00|0|0.00|0|0.00|0|6406098.00|0.00|0.00|0.00|0.00|0.00|0.00|-37588.00|0.00|-37590.00|0|447298.00|3|0.00|0|0.00|0|-2.00|0.00|0|0.00
EMPSHFT|1 Restaurante|1|1-Restaurante|22|María Isabel|Chica Medina|606630018|1| |0| |0|MARILYN|5|0|0.00|0.00|0.00|0.00|1|-1|0.00|0|-119799.00|7|0.00|0|0.00|0|0.00|0|0|0|0.00|0|0.00|0|0.00|0|0.00|0.00|0.00|0.00|0.00|0.00|0.00|-20692.00|140491.00|0.00|1|0.00|0|0.00|0|0.00|0|0.00|0.00|0|0.00
EMPSHFT|1 Restaurante|1|1-Restaurante|22|María Isabel|Chica Medina|606630018|1| |0| |0|CABINA DJ|4|0|540419.00|0.00|0.00|54041.00|1|2|0.00|0|0.00|0|0.00|0|51200.00|3|0.00|0|0|0|347326.00|0|347326.00|3|0.00|0|0.00|0.00|0.00|0.00|0.00|0.00|102681.00|0.00|697141.00|697141.00|1|4480526.00|3|0.00|0|0.00|0|0.00|0.00|0|0.00
EMPSHFT|1 Restaurante|1|1-Restaurante|22|María Isabel|Chica Medina|606630018|1| |0| |0|COCINA LADO|10|0|417144.00|0.00|0.00|41715.00|0|0|0.00|0|0.00|0|0.00|0|17900.00|1|0.00|0|0|0|95100.00|0|95100.00|2|0.00|0|0.00|0.00|0.00|0.00|0.00|0.00|79256.00|0.00|538115.00|538115.00|0|1226800.00|2|0.00|0|0.00|0|0.00|0.00|0|0.00
EMPSHFT|1 Restaurante|1|1-Restaurante|22|María Isabel|Chica Medina|606630018|1| |0| |0|CAJA 1|6|0|4900340.00|0.00|0.00|490029.00|11|33|0.00|0|0.00|0|0.00|0|1717200.00|7|0.00|0|0|0|98158.00|0|98158.00|6|0.00|0|0.00|0.00|0.00|0.00|0.00|0.00|931060.00|-1.00|6321430.00|6321429.00|14|1266258.00|6|0.00|0|0.00|0|0.00|0.00|0|0.00
EMPSHFT|1 Restaurante|1|1-Restaurante|22|María Isabel|Chica Medina|606630018|1| |0| |0|ALMACEN|2|0|0.00|0.00|0.00|0.00|0|1|0.00|0|0.00|0|0.00|0|0.00|0|0.00|0|0|0|7613.00|0|7613.00|1|0.00|0|0.00|0.00|0.00|0.00|0.00|0.00|0.00|0.00|0.00|0.00|1|98213.00|1|0.00|0|0.00|0|0.00|0.00|0|0.00
EMPSHFT|20-Domicilios|20|20-Domicilios|29|Domicilios|Rappi|606630025|1| |0| |0|MARILYN|5|0|90839.00|0.00|0.00|0.00|1|0|0.00|0|0.00|0|0.00|0|0.00|0|0.00|0|0|0|0.00|0|0.00|0|0.00|0|0.00|0.00|0.00|0.00|0.00|0.00|17261.00|0.00|108100.00|108100.00|1|0.00|0|0.00|0|0.00|0|0.00|0.00|0|0.00
EMPSHFT|20-Domicilios|20|20-Domicilios|29|Domicilios|Rappi|606630025|1| |0| |0|CAJA 2|7|0|0.00|0.00|0.00|0.00|0|0|0.00|0|0.00|0|0.00|0|0.00|0|0.00|0|0|0|0.00|0|0.00|0|0.00|0|0.00|0.00|0.00|0.00|0.00|0.00|0.00|0.00|0.00|0.00|0|108100.00|1|0.00|0|0.00|0|0.00|0.00|0|0.00
EMPSHFT|1 Restaurante|1|1-Restaurante|22|Moises|Cotes|606630037|1| |0| |0|ALMACEN|2|0|6863792.00|0.00|0.00|686373.00|17|50|0.00|0|0.00|0|0.00|0|677500.00|9|0.00|0|0|0|396282.00|0|396282.00|13|0.00|0|0.00|0.00|0.00|0.00|0.00|0.00|1304108.00|-1.00|8854274.00|8854273.00|28|5112082.00|13|0.00|0|0.00|0|0.00|0.00|0|0.00
EMPSHFT|1 Restaurante|1|1-Restaurante|22|Moises|Cotes|606630037|1| |0| |0|CAJA 1|6|0|435716.00|0.00|0.00|43570.00|1|6|0.00|0|0.00|0|0.00|0|111800.00|3|0.00|0|0|0|181259.00|0|181259.00|3|0.00|0|0.00|0.00|0.00|0.00|0.00|0.00|82784.00|0.00|562070.00|562070.00|1|2338259.00|3|0.00|0|0.00|0|0.00|0.00|0|0.00
EMPSHFT|1 Restaurante|1|1-Restaurante|22|Moises|Cotes|606630037|1| |0| |0|MARILYN|5|0|-372269.00|0.00|0.00|-37226.00|2|-1|0.00|0|-409496.00|14|0.00|0|0.00|0|0.00|0|0|0|121495.00|0|121495.00|1|0.00|0|0.00|0.00|0.00|0.00|0.00|0.00|-70731.00|-70731.00|1.00|-480226.00|3|1567295.00|1|0.00|0|0.00|0|0.00|0.00|0|0.00
EMPSHFT|1 Restaurante|1|1-Restaurante|22|Moises|Cotes|606630037|1| |0| |0|COCINA LADO|10|0|3093615.00|0.00|0.00|309359.00|5|17|0.00|0|0.00|0|0.00|0|19400.00|1|0.00|0|0|0|338098.00|0|338098.00|7|0.00|0|0.00|0.00|0.00|0.00|0.00|0.00|587785.00|0.00|3990759.00|3990759.00|5|4361498.00|7|0.00|0|0.00|0|0.00|0.00|0|0.00
EMPSHFT|1 Restaurante|1|1-Restaurante|22|Moises|Cotes|606630037|1| |0| |0|CAJA 2|7|0|0.00|0.00|0.00|0.00|0|0|0.00|0|0.00|0|0.00|0|0.00|0|0.00|0|0|0|0.00|0|0.00|0|0.00|0|11417682.00|0.00|0.00|0.00|0.00|0.00|0.00|0.00|0.00|-4.00|0|-4.00|3|0.00|0|0.00|0|-4.00|0.00|0|0.00
EMPSHFT|1 Restaurante|1|1-Restaurante|22|Moises|Cotes|606630037|1| |0| |0|CABINA DJ|4|0|87228.00|0.00|0.00|8722.00|1|4|0.00|0|0.00|0|0.00|0|0.00|0|0.00|0|0|0|0.00|0|0.00|0|0.00|0|0.00|0.00|0.00|0.00|0.00|0.00|16572.00|0.00|112522.00|112522.00|2|0.00|0|0.00|0|0.00|0|0.00|0.00|0|0.00
EMPSHFT|1 Restaurante|1|1-Restaurante|22|Santiago|Narvaez|606640008|1| |0| |0|CAJA 2|7|0|0.00|0.00|0.00|0.00|0|0|0.00|0|0.00|0|0.00|0|0.00|0|0.00|0|0|0|0.00|0|0.00|0|0.00|0|0.00|0.00|0.00|0.00|0.00|0.00|0.00|0.00|0.00|0.00|0|0.00|1|0.00|0|0.00|0|0.00|0.00|0|0.00
EMPSHFT|1 Restaurante|1|1-Restaurante|22|Santiago|Narvaez|606640008|1| |0| |0|MARILYN|5|0|0.00|0.00|0.00|0.00|0|0|0.00|0|0.00|0|0.00|0|0.00|0|0.00|0|0|0|0.00|0|0.00|0|0.00|0|0.00|0.00|0.00|0.00|0.00|0.00|0.00|0.00|0.00|0.00|1|0.00|0|0.00|0|0.00|0|0.00|0.00|0|0.00
EMPSHFT|1 Restaurante|1|1-Restaurante|22|Santiago|Narvaez|606640008|1| |0| |0|CAJA 1|6|0|0.00|0.00|0.00|0.00|0|0|0.00|0|0.00|0|0.00|0|0.00|0|0.00|0|0|0|0.00|0|0.00|0|0.00|0|0.00|0.00|0.00|0.00|0.00|0.00|0.00|0.00|0.00|0.00|0|0.00|0|0.00|0|0.00|0|0.00|0.00|0|0.00
EMPDSC|1 Restaurante|1|1-Restaurante|22|Leonardo de Jesus|Avila Perez|112|Descuento %|1|Descuento %|1|-22690.00|1|-22690.00
EMPTM|1 Restaurante|1|1-Restaurante|22|Marilin Paola|Zabaleta Cuellar|606630003|Contado|102|Contado|102|Payment|0.00|0
EMPTM|1 Restaurante|1|1-Restaurante|22|Rosmar|Arevalo|606680003|Efectivo |101|Efectivo |101|Payment|8510460.00|19
EMPTM|1 Restaurante|1|1-Restaurante|22|Rosmar|Arevalo|606680003|American Express|201|American Express|201|Payment|1414555.00|4
EMPTM|1 Restaurante|1|1-Restaurante|22|Rosmar|Arevalo|606680003|Master Card|202|Master Card|202|Payment|14938448.00|39
EMPTM|1 Restaurante|1|1-Restaurante|22|Rosmar|Arevalo|606680003|Diners|203|Diners|203|Payment|1190702.00|2
EMPTM|1 Restaurante|1|1-Restaurante|22|Rosmar|Arevalo|606680003|Cuenta X Cobrar|206|Cuenta X Cobrar|206|Payment|4300.00|1
EMPTM|20-Domicilios|20|20-Domicilios|29|Rosmar|Arevalo|606680003|CxC Rappi|210|CxC Rappi|210|Payment|108100.00|1
EMPTM|1 Restaurante|1|1-Restaurante|22|Rosmar|Arevalo|606680003|Visa|204|Visa|204|Payment|14985471.00|42
EMPTM|1 Restaurante|1|1-Restaurante|22|María Isabel|Chica Medina|606630018|Contado|102|Contado|102|Payment|0.00|0
EMPTM|1 Restaurante|1|1-Restaurante|22|Moises|Cotes|606630037|Contado|102|Contado|102|Payment|0.00|0
EMPTM|1 Restaurante|1|1-Restaurante|22|Pedro|Carrero|606630050|Contado|102|Contado|102|Payment|0.00|0
EMPTM|1 Restaurante|1|1-Restaurante|22|Karem |Lopez |606650010|Contado|102|Contado|102|Payment|0.00|0
EMPTM|1 Restaurante|1|1-Restaurante|22|Leonardo de Jesus|Avila Perez|112|Contado|102|Contado|102|Payment|0.00|0
EMPOTSLS|1 Restaurante|1|1-Restaurante|22|María Isabel|Chica Medina|606630018|Para Aqui|1|Para Aqui|1|13|35|0|0|5857903.00|0.00|0.00|0|0.00|0|0.00|0.00|0|0.00|0|0.00|0|0.00|0|0.00|0|0.00|0|0.00|0|0.00|0|0.00|0.00|5857903.00
EMPOTSLS|1 Restaurante|1|1-Restaurante|22|Leonardo de Jesus|Avila Perez|112|Para Aqui|1|Para Aqui|1|3|7|0|0|330420.00|0.00|0.00|0|0.00|0|0.00|0.00|0|0.00|0|0.00|0|0.00|0|0.00|0|0.00|0|0.00|0|0.00|0|0.00|0.00|330420.00
EMPOTSLS|1 Restaurante|1|1-Restaurante|22|Marilin Paola|Zabaleta Cuellar|606630003|Para Aqui|1|Para Aqui|1|57|143|0|0|15567154.00|0.00|0.00|0|0.00|0|0.00|0.00|0|0.00|0|0.00|0|0.00|0|0.00|0|0.00|0|0.00|0|0.00|0|0.00|0.00|15567154.00
EMPOTSLS|20-Domicilios|20|20-Domicilios|29|Domicilios|Rappi|606630025|Para Aqui|1|Para Aqui|1|1|0|0|0|90839.00|0.00|0.00|0|0.00|0|0.00|0.00|0|0.00|0|0.00|0|0.00|0|0.00|0|0.00|0|0.00|0|0.00|0|0.00|0.00|90839.00
EMPOTSLS|1 Restaurante|1|1-Restaurante|22|Moises|Cotes|606630037|Para Aqui|1|Para Aqui|1|26|76|0|0|10108082.00|0.00|0.00|0|0.00|0|0.00|0.00|0|0.00|0|0.00|0|0.00|0|0.00|0|0.00|0|0.00|0|0.00|0|0.00|0.00|10108082.00
