EMPID|Expr1234|Expres Multiparque|20241221|20241221|20241222|122257|2.00|2.00|Simphony|19.7.2
EMP|Restaurante|1|Restaurante|1|Andres Felipe|Sanchez|79|0|0|0|0|0.00|0.00|0.00|0|0.00|0|0.00|0.00|0.00|0|0.00|0|0.00|1|0.00|0|0.00|1|0.00|0|0.00|0|0.00|0.00|0.00|0|0.00|0.00|0.00|0.00
EMP|Domicilios|20|Domicilios|20|Andres Felipe|Sanchez|79|0|0|0|0|0.00|0.00|0.00|0|0.00|0|0.00|0.00|0.00|0|0.00|0|0.00|1|0.00|0|0.00|0|0.00|0|0.00|0|0.00|0.00|0.00|0|0.00|0.00|0.00|0.00
EMP|Restaurante|1|Restaurante|1|PAULA|MONSALVO GARCIA|175|9|0|0|0|1400654.00|125395.00|-38138.00|4|0.00|0|-16511.00|-5.00|-24900.00|2|0.00|0|395299.00|2|1638090.00|9|1638090.00|9|0.00|0|0.00|0|0.00|125395.00|0.00|0|1400654.00|0.00|0.00|1400654.00
EMP|Domicilios|20|Domicilios|20|PAULA|MONSALVO GARCIA|175|2|0|0|0|40463.00|0.00|-18520.00|5|0.00|0|-1480.00|0.00|0.00|0|0.00|0|0.00|0|43700.00|2|43700.00|2|0.00|0|0.00|0|0.00|0.00|0.00|0|40463.00|0.00|0.00|40463.00
EMP|Restaurante|1|Restaurante|1|DANIELA|CALDERON GONZÁLEZ|176|6|0|0|0|982873.00|98284.00|-6852.00|1|0.00|0|0.00|-4.00|7400.00|2|0.00|0|2042379.00|16|1159780.00|6|1159780.00|6|0.00|0|0.00|0|0.00|98284.00|0.00|0|982873.00|0.00|0.00|982873.00
EMP|Domicilios|20|Domicilios|20|DANIELA|CALDERON GONZÁLEZ|176|4|0|0|0|173038.00|0.00|0.00|0|0.00|0|0.00|0.00|0.00|0|0.00|0|0.00|1|185200.00|4|185200.00|4|0.00|0|0.00|0|0.00|0.00|0.00|0|173038.00|0.00|0.00|173038.00
EMP|Restaurante|1|Restaurante|1|FELIPE|DIAZ|179|1|0|0|0|455279.00|45527.00|0.00|0|0.00|0|0.00|0.00|0.00|0|0.00|0|0.00|0|537227.00|1|537227.00|1|0.00|0|0.00|0|0.00|45527.00|0.00|0|455279.00|0.00|0.00|455279.00
EMP|Restaurante|1|Restaurante|1|GABRIELLE|SANCHEZ|180|17|0|0|0|4269093.00|426894.00|-13750.00|2|0.00|0|-1000.00|2.00|153100.00|4|0.00|0|69052.00|2|5037496.00|17|5037496.00|17|0.00|0|0.00|0|0.00|426894.00|0.00|0|4269093.00|0.00|0.00|4269093.00
EMP|Restaurante|1|Restaurante|1|PAULA|INFANTE|181|4|0|0|0|557127.00|55711.00|0.00|0|0.00|0|0.00|0.00|0.00|0|0.00|0|268013.00|2|657411.00|4|657411.00|4|0.00|0|0.00|0|0.00|55711.00|0.00|0|557127.00|0.00|0.00|557127.00
EMPSHFT|Restaurante|1|Restaurante|1|Andres Felipe|Sanchez|79|1| |0| |0|CAPS|1|0|0.00|0.00|0.00|0.00|0|0|0.00|0|0.00|0|0.00|0|0.00|0|0.00|0|0|0|0.00|0|0.00|0|0.00|0|0.00|0.00|0.00|0.00|0.00|0.00|0.00|0.00|0.00|0.00|0|0.00|1|0.00|0|0.00|0|0.00|0.00|0|0.00
EMPSHFT|Restaurante|1|Restaurante|1|PAULA|MONSALVO GARCIA|175|1| |0| |0|CAPS|1|0|437501.00|0.00|0.00|29082.00|4|0|0.00|0|-38138.00|4|0.00|0|-36800.00|1|0.00|0|0|0|125395.00|0|125395.00|8|0.00|0|1526498.00|0.00|0.00|0.00|0.00|0.00|34999.00|-16511.00|556231.00|501577.00|4|1638090.00|9|0.00|0|0.00|0|-5.00|0.00|0|0.00
EMPSHFT|Domicilios|20|Domicilios|20|PAULA|MONSALVO GARCIA|175|1| |0| |0|CAPS|1|0|40463.00|0.00|0.00|0.00|2|0|0.00|0|-18520.00|5|0.00|0|0.00|0|0.00|0|0|0|0.00|0|0.00|0|0.00|0|40463.00|0.00|0.00|0.00|0.00|0.00|3237.00|-1480.00|63700.00|43700.00|2|43700.00|2|0.00|0|0.00|0|0.00|0.00|0|0.00
EMPSHFT|Restaurante|1|Restaurante|1|PAULA|MONSALVO GARCIA|175|1| |0| |0|TOMAPEDIDOS 2|3|0|963153.00|0.00|0.00|96313.00|5|0|0.00|0|0.00|0|0.00|0|11900.00|1|0.00|0|0|0|0.00|0|0.00|0|0.00|0|0.00|0.00|0.00|0.00|0.00|0.00|77047.00|0.00|1136513.00|1136513.00|5|0.00|0|0.00|0|0.00|0|0.00|0.00|0|0.00
EMPSHFT|Restaurante|1|Restaurante|1|DANIELA|CALDERON GONZÁLEZ|176|1| |0| |0|TOMAPEDIDOS 2|3|0|599906.00|0.00|0.00|59989.00|3|0|0.00|0|0.00|0|0.00|0|7400.00|1|0.00|0|0|0|0.00|0|0.00|0|0.00|0|0.00|0.00|0.00|0.00|0.00|0.00|47994.00|0.00|707889.00|707889.00|3|0.00|0|0.00|0|0.00|0|0.00|0.00|0|0.00
EMPSHFT|Domicilios|20|Domicilios|20|DANIELA|CALDERON GONZÁLEZ|176|1| |0| |0|TOMAPEDIDOS 2|3|0|18520.00|0.00|0.00|0.00|1|0|0.00|0|0.00|0|0.00|0|0.00|0|0.00|0|0|0|0.00|0|0.00|0|0.00|0|0.00|0.00|0.00|0.00|0.00|0.00|1480.00|0.00|20000.00|20000.00|1|0.00|0|0.00|0|0.00|0|0.00|0.00|0|0.00
EMPSHFT|Domicilios|20|Domicilios|20|DANIELA|CALDERON GONZÁLEZ|176|1| |0| |0|CAPS|1|0|154518.00|0.00|0.00|0.00|3|0|0.00|0|0.00|0|0.00|0|0.00|0|0.00|0|0|0|0.00|0|0.00|0|0.00|0|173038.00|0.00|0.00|0.00|0.00|0.00|10682.00|0.00|165200.00|165200.00|3|185200.00|4|0.00|0|0.00|0|0.00|0.00|0|0.00
EMPSHFT|Restaurante|1|Restaurante|1|DANIELA|CALDERON GONZÁLEZ|176|1| |0| |0|CAPS|1|0|382967.00|0.00|0.00|38295.00|3|0|0.00|0|-6852.00|1|0.00|0|0.00|1|0.00|0|0|0|98284.00|0|98284.00|6|0.00|0|1081153.00|0.00|0.00|0.00|0.00|0.00|30633.00|0.00|458747.00|451891.00|3|1159780.00|6|0.00|0|0.00|0|-4.00|0.00|0|0.00
EMPSHFT|Restaurante|1|Restaurante|1|FELIPE|DIAZ|179|1| |0| |0|CAPS|1|0|0.00|0.00|0.00|0.00|0|0|0.00|0|0.00|0|0.00|0|0.00|0|0.00|0|0|0|45527.00|0|45527.00|1|0.00|0|546333.00|0.00|0.00|0.00|0.00|0.00|0.00|0.00|0.00|0.00|0|537227.00|1|0.00|0|0.00|0|0.00|0.00|0|0.00
EMPSHFT|Restaurante|1|Restaurante|1|FELIPE|DIAZ|179|1| |0| |0|TOMAPEDIDOS 2|3|0|455279.00|0.00|0.00|45527.00|1|0|0.00|0|0.00|0|0.00|0|0.00|0|0.00|0|0|0|0.00|0|0.00|0|0.00|0|0.00|0.00|0.00|0.00|0.00|0.00|36421.00|0.00|537227.00|537227.00|1|0.00|0|0.00|0|0.00|0|0.00|0.00|0|0.00
EMPSHFT|Restaurante|1|Restaurante|1|GABRIELLE|SANCHEZ|180|1| |0| |0|CAPS|1|0|525187.00|0.00|0.00|52517.00|0|0|0.00|0|-13750.00|2|0.00|0|53800.00|1|0.00|0|0|0|426894.00|0|426894.00|17|0.00|0|4962167.00|0.00|0.00|0.00|0.00|0.00|42013.00|-1000.00|634467.00|619719.00|0|5037496.00|17|0.00|0|0.00|0|2.00|0.00|0|0.00
EMPSHFT|Restaurante|1|Restaurante|1|GABRIELLE|SANCHEZ|180|1| |0| |0|TOMAPEDIDOS 2|3|0|3743906.00|0.00|0.00|374377.00|17|0|0.00|0|0.00|0|0.00|0|99300.00|3|0.00|0|0|0|0.00|0|0.00|0|0.00|0|0.00|0.00|0.00|0.00|0.00|0.00|299494.00|0.00|4417777.00|4417777.00|17|0.00|0|0.00|0|0.00|0|0.00|0.00|0|0.00
EMPSHFT|Restaurante|1|Restaurante|1|PAULA|INFANTE|181|1| |0| |0|TOMAPEDIDOS 2|3|0|548053.00|0.00|0.00|54804.00|4|0|0.00|0|0.00|0|0.00|0|0.00|0|0.00|0|0|0|0.00|0|0.00|0|0.00|0|0.00|0.00|0.00|0.00|0.00|0.00|43847.00|0.00|646704.00|646704.00|4|0.00|0|0.00|0|0.00|0|0.00|0.00|0|0.00
EMPSHFT|Restaurante|1|Restaurante|1|PAULA|INFANTE|181|1| |0| |0|CAPS|1|0|9074.00|0.00|0.00|907.00|0|0|0.00|0|0.00|0|0.00|0|0.00|0|0.00|0|0|0|55711.00|0|55711.00|4|0.00|0|643114.00|0.00|0.00|0.00|0.00|0.00|726.00|0.00|10707.00|10707.00|0|657411.00|4|0.00|0|0.00|0|0.00|0.00|0|0.00
EMPTM|Domicilios|20|Domicilios|20|Andres Felipe|Sanchez|79|Efectivo |101|Efectivo |101|Payment|48700.00|1
EMPTM|Restaurante|1|Restaurante|1|PAULA|MONSALVO GARCIA|175|Contado |102|Contado |102|Payment|0.00|0
EMPTM|Domicilios|20|Domicilios|20|PAULA|MONSALVO GARCIA|175|Contado |102|Contado |102|Payment|0.00|0
EMPTM|Restaurante|1|Restaurante|1|PAULA|MONSALVO GARCIA|175|Efectivo |101|Efectivo |101|Payment|-5350.00|0
EMPTM|Domicilios|20|Domicilios|20|PAULA|MONSALVO GARCIA|175|Efectivo |101|Efectivo |101|Payment|20000.00|1
EMPTM|Restaurante|1|Restaurante|1|PAULA|MONSALVO GARCIA|175|Master Card|202|Master Card|202|Payment|865660.00|5
EMPTM|Domicilios|20|Domicilios|20|PAULA|MONSALVO GARCIA|175|Master Card|202|Master Card|202|Payment|43700.00|2
EMPTM|Restaurante|1|Restaurante|1|PAULA|MONSALVO GARCIA|175|Visa |204|Visa |204|Payment|399451.00|2
EMPTM|Restaurante|1|Restaurante|1|PAULA|MONSALVO GARCIA|175|American Express|201|American Express|201|Payment|365362.00|1
EMPTM|Restaurante|1|Restaurante|1|DANIELA|CALDERON GONZÁLEZ|176|Contado |102|Contado |102|Payment|0.00|0
EMPTM|Restaurante|1|Restaurante|1|DANIELA|CALDERON GONZÁLEZ|176|Efectivo |101|Efectivo |101|Payment|443254.00|5
EMPTM|Domicilios|20|Domicilios|20|DANIELA|CALDERON GONZÁLEZ|176|Efectivo |101|Efectivo |101|Payment|116500.00|2
EMPTM|Restaurante|1|Restaurante|1|DANIELA|CALDERON GONZÁLEZ|176|Master Card|202|Master Card|202|Payment|4221681.00|21
EMPTM|Restaurante|1|Restaurante|1|DANIELA|CALDERON GONZÁLEZ|176|Visa |204|Visa |204|Payment|2739946.00|12
EMPOTSLS|Restaurante|1|Restaurante|1|PAULA|MONSALVO GARCIA|175|OT1|1|Order Type Master 1|1|9|0|0|0|1400654.00|0.00|0.00|0|0.00|0|0.00|0.00|0|0.00|0|0.00|0|0.00|0|0.00|0|0.00|0|0.00|0|0.00|0|0.00|0.00|1400654.00
EMPOTSLS|Domicilios|20|Domicilios|20|PAULA|MONSALVO GARCIA|175|OT2|2|Order Type Master 2|2|2|0|0|0|40463.00|0.00|0.00|0|0.00|0|0.00|0.00|0|0.00|0|0.00|0|0.00|0|0.00|0|0.00|0|0.00|0|0.00|0|0.00|0.00|40463.00
EMPOTSLS|Restaurante|1|Restaurante|1|DANIELA|CALDERON GONZÁLEZ|176|OT1|1|Order Type Master 1|1|6|0|0|0|982873.00|0.00|0.00|0|0.00|0|0.00|0.00|0|0.00|0|0.00|0|0.00|0|0.00|0|0.00|0|0.00|0|0.00|0|0.00|0.00|982873.00
EMPOTSLS|Restaurante|1|Restaurante|1|GABRIELLE|SANCHEZ|180|OT1|1|Order Type Master 1|1|17|0|0|0|4269093.00|0.00|0.00|0|0.00|0|0.00|0.00|0|0.00|0|0.00|0|0.00|0|0.00|0|0.00|0|0.00|0|0.00|0|0.00|0.00|4269093.00
EMPOTSLS|Restaurante|1|Restaurante|1|PAULA|INFANTE|181|OT1|1|Order Type Master 1|1|4|0|0|0|557127.00|0.00|0.00|0|0.00|0|0.00|0.00|0|0.00|0|0.00|0|0.00|0|0.00|0|0.00|0|0.00|0|0.00|0|0.00|0.00|557127.00
EMPOTSLS|Restaurante|1|Restaurante|1|FELIPE|DIAZ|179|OT1|1|Order Type Master 1|1|1|0|0|0|455279.00|0.00|0.00|0|0.00|0|0.00|0.00|0|0.00|0|0.00|0|0.00|0|0.00|0|0.00|0|0.00|0|0.00|0|0.00|0.00|455279.00
EMPOTSLS|Domicilios|20|Domicilios|20|DANIELA|CALDERON GONZÁLEZ|176|OT2|2|Order Type Master 2|2|4|0|0|0|173038.00|0.00|0.00|0|0.00|0|0.00|0.00|0|0.00|0|0.00|0|0.00|0|0.00|0|0.00|0|0.00|0|0.00|0|0.00|0.00|173038.00
