EMPID|CTG|Andres Cartagena|20241128|20241128|20241230|211405|2.00|2.00|Simphony|19.7.2
EMP|1 Restaurante|1|1-Restaurante|22|Marilin Paola|Zabaleta Cuellar|606630003|11|28|0|0|8436597.00|763145.00|-684968.00|17|0.00|0|-118301.00|-7.00|1976600.00|8|0.00|0|0.00|1|10802638.00|15|10366206.00|8|0.00|0|0.00|0|0.00|729313.00|0.00|0|8436597.00|0.00|0.00|8436597.00
EMP|1 Restaurante|1|1-Restaurante|22|Yasser Enrique|Ortiz Pacheco|606680002|0|0|0|0|0.00|0.00|0.00|0|0.00|0|0.00|0.00|0.00|0|0.00|0|0.00|0|0.00|1|0.00|1|0.00|0|0.00|0|0.00|0.00|0.00|0|0.00|0.00|0.00|0.00
EMP|1 Restaurante|1|1-Restaurante|22|Mauricio|Acosta|606650004|1|0|0|0|0.00|0.00|0.00|0|0.00|0|-1588.00|0.00|0.00|0|0.00|0|0.00|0|3000.00|1|3000.00|1|0.00|0|0.00|0|0.00|0.00|0.00|0|15883.00|-15883.00|-15883.00|0.00
EMP|2 Almacen|2|2-Almacen|2|Viviana|Maldonado|606630033|2|1|0|0|82352.00|0.00|0.00|0|0.00|0|0.00|0.00|1616800.00|7|0.00|0|0.00|1|98000.00|2|98000.00|2|0.00|0|0.00|0|0.00|0.00|0.00|0|82352.00|0.00|0.00|82352.00
EMP|1 Restaurante|1|1-Restaurante|22|Evelyn|Genes|606630056|14|42|0|0|6921850.00|668353.00|0.00|0|0.00|0|-12607.00|-4.00|236500.00|7|0.00|0|0.00|0|8905349.00|22|8905349.00|18|0.00|0|0.00|0|0.00|668353.00|0.00|0|6921850.00|0.00|0.00|6921850.00
EMP|1 Restaurante|1|1-Restaurante|22|Jhonatan|Gutierrez|606630059|38|100|0|0|14836480.00|1482123.00|0.00|0|0.00|0|-2.00|-3.00|1692500.00|31|0.00|0|0.00|2|19137520.00|70|20425351.00|54|0.00|0|0.00|0|0.00|1581954.00|0.00|0|14836480.00|0.00|0.00|14836480.00
EMP|1 Restaurante|1|1-Restaurante|22|Winder|Castaño|606630063|8|15|0|0|4528815.00|452878.00|-53058.00|3|0.00|0|-9165.00|-2.00|246500.00|5|0.00|0|0.00|0|5842176.00|10|6036001.00|8|0.00|0|0.00|0|0.00|467903.00|0.00|0|4528815.00|0.00|0.00|4528815.00
EMP|1 Restaurante|1|1-Restaurante|22|Santiago|Narvaez|606640008|0|0|0|0|0.00|0.00|0.00|0|0.00|0|0.00|0.00|0.00|0|0.00|0|0.00|1|0.00|0|0.00|0|0.00|0|0.00|0|0.00|0.00|0.00|0|0.00|0.00|0.00|0.00
EMP|1 Restaurante|1|1-Restaurante|22|Esther|Gonzalez|606630064|36|67|0|0|13582681.00|1285069.00|-63042.00|6|0.00|0|-65884.00|3.00|1225900.00|22|0.00|0|0.00|1|17448452.00|41|19069189.00|37|0.00|0|0.00|0|0.00|1410706.00|0.00|0|13582681.00|0.00|0.00|13582681.00
EMP|1 Restaurante|1|1-Restaurante|22|Alvaro|Viloria|606630065|31|78|0|0|6738069.00|640107.00|0.00|0|0.00|0|-33690.00|-4.00|562100.00|11|0.00|0|0.00|0|8658403.00|42|6560042.00|26|0.00|0|0.00|0|0.00|477446.00|0.00|0|6738069.00|0.00|0.00|6738069.00
EMP|1 Restaurante|1|1-Restaurante|22|Camilo|Tangarife|606670018|2|3|0|0|61680.00|6168.00|0.00|0|0.00|0|0.00|0.00|0.00|0|0.00|0|0.00|0|79568.00|4|79568.00|2|0.00|0|0.00|0|0.00|6168.00|0.00|0|61680.00|0.00|0.00|61680.00
EMP|1 Restaurante|1|1-Restaurante|22|Valentina|Rodriguez|606630077|8|44|0|0|2370001.00|236998.00|0.00|0|0.00|0|0.00|-4.00|223000.00|4|0.00|0|0.00|0|3057294.00|13|2489694.00|9|0.00|0|0.00|0|0.00|192998.00|0.00|0|2370001.00|0.00|0.00|2370001.00
EMP|2 Almacen|2|2-Almacen|2|Alba|Quintero|606630079|3|4|0|0|181513.00|0.00|0.00|0|0.00|0|0.00|0.00|370001.00|3|0.00|0|0.00|2|216000.00|3|216000.00|3|0.00|0|0.00|0|0.00|0.00|0.00|0|181513.00|0.00|0.00|181513.00
EMP|1 Restaurante|1|1-Restaurante|22|Hector|Diaz|606680011|25|0|0|0|1663860.00|0.00|0.00|0|0.00|0|0.00|0.00|0.00|0|0.00|0|30000.00|1|1980000.00|25|1980000.00|25|0.00|0|0.00|0|0.00|0.00|0.00|0|1663860.00|0.00|0.00|1663860.00
EMP|1 Restaurante|1|1-Restaurante|22|Jose|Cerchar Colon|302270005|2|0|0|0|100840.00|0.00|0.00|0|0.00|0|0.00|0.00|0.00|0|0.00|0|0.00|0|120000.00|2|120000.00|2|0.00|0|0.00|0|0.00|0.00|0.00|0|100840.00|0.00|0.00|100840.00
EMP|6-Ventanilla|6|6-Ventanilla|32|Jose|Cerchar Colon|302270005|8|0|0|0|579830.00|0.00|0.00|0|0.00|0|0.00|0.00|0.00|0|0.00|0|30000.00|1|690000.00|8|690000.00|8|0.00|0|0.00|0|0.00|0.00|0.00|0|579830.00|0.00|0.00|579830.00
EMPSHFT|1 Restaurante|1|1-Restaurante|22|Jose|Cerchar Colon|302270005|1| |0| |0|BAR_LADO|3|0|100840.00|0.00|0.00|0.00|2|0|0.00|0|0.00|0|0.00|0|0.00|0|0.00|0|0|0|0.00|0|0.00|0|0.00|0|100840.00|0.00|0.00|0.00|0.00|0.00|19160.00|0.00|120000.00|120000.00|2|120000.00|2|0.00|0|0.00|0|0.00|0.00|0|0.00
EMPSHFT|6-Ventanilla|6|6-Ventanilla|32|Jose|Cerchar Colon|302270005|1| |0| |0|BAR_LADO|3|0|579830.00|0.00|0.00|0.00|8|0|0.00|0|0.00|0|0.00|0|0.00|0|0.00|0|0|0|0.00|0|0.00|0|0.00|0|579830.00|0.00|0.00|0.00|0.00|0.00|110170.00|0.00|690000.00|690000.00|8|690000.00|8|0.00|0|0.00|0|0.00|0.00|0|0.00
EMPSHFT|1 Restaurante|1|1-Restaurante|22|Marilin Paola|Zabaleta Cuellar|606630003|1| |0| |0|ALMACEN|2|0|805040.00|0.00|0.00|0.00|0|0|0.00|0|0.00|0|0.00|0|0.00|0|0.00|0|0|0|0.00|0|0.00|0|0.00|0|0.00|0.00|0.00|0.00|0.00|0.00|152960.00|0.00|958000.00|958000.00|0|0.00|0|0.00|0|0.00|0|0.00|0.00|0|0.00
EMPSHFT|1 Restaurante|1|1-Restaurante|22|Marilin Paola|Zabaleta Cuellar|606630003|1| |0| |0|COCINA LADO|10|0|-603287.00|0.00|0.00|-60329.00|0|-5|0.00|0|-684968.00|17|0.00|0|0.00|0|0.00|0|0|0|0.00|0|0.00|0|0.00|0|0.00|0.00|0.00|0.00|0.00|0.00|-114613.00|-118301.00|25040.00|-778229.00|0|0.00|0|0.00|0|0.00|0|0.00|0.00|0|0.00
EMPSHFT|1 Restaurante|1|1-Restaurante|22|Marilin Paola|Zabaleta Cuellar|606630003|1| |0| |0|CABINA DJ|4|0|3441554.00|0.00|0.00|344148.00|3|7|0.00|0|0.00|0|0.00|0|1916800.00|7|0.00|0|0|0|26109.00|0|26109.00|1|0.00|0|0.00|0.00|0.00|0.00|0.00|0.00|653846.00|0.00|4439548.00|4439548.00|3|336809.00|1|0.00|0|0.00|0|0.00|0.00|0|0.00
EMPSHFT|1 Restaurante|1|1-Restaurante|22|Marilin Paola|Zabaleta Cuellar|606630003|1| |0| |0|CAJA 1|6|0|4647744.00|0.00|0.00|464771.00|6|26|0.00|0|0.00|0|0.00|0|59800.00|1|0.00|0|0|0|163200.00|0|163200.00|4|0.00|0|0.00|0.00|0.00|0.00|0.00|0.00|883056.00|0.00|5995571.00|5995571.00|10|2105300.00|4|0.00|0|0.00|0|0.00|0.00|0|0.00
EMPSHFT|1 Restaurante|1|1-Restaurante|22|Marilin Paola|Zabaleta Cuellar|606630003|1| |0| |0|CAJA 2|7|0|0.00|0.00|0.00|0.00|0|0|0.00|0|0.00|0|0.00|0|0.00|0|0.00|0|0|0|498080.00|0|498080.00|1|0.00|0|2543586.00|0.00|0.00|0.00|0.00|0.00|0.00|0.00|0.00|-7.00|0|7383273.00|2|0.00|0|0.00|0|-7.00|0.00|0|0.00
EMPSHFT|1 Restaurante|1|1-Restaurante|22|Marilin Paola|Zabaleta Cuellar|606630003|1| |0| |0|MARILYN|5|0|145546.00|0.00|0.00|14555.00|2|0|0.00|0|0.00|0|0.00|0|0.00|0|0.00|0|0|0|41924.00|0|41924.00|1|0.00|0|0.00|0.00|0.00|0.00|0.00|0.00|27654.00|0.00|187755.00|187755.00|2|540824.00|1|0.00|0|0.00|0|0.00|0.00|0|0.00
EMPSHFT|2 Almacen|2|2-Almacen|2|Viviana|Maldonado|606630033|1| |0| |0|CAJA 2|7|0|0.00|0.00|0.00|0.00|0|0|0.00|0|0.00|0|0.00|0|0.00|0|0.00|0|0|0|0.00|0|0.00|0|0.00|0|82352.00|0.00|0.00|0.00|0.00|0.00|0.00|0.00|0.00|0.00|0|0.00|0|0.00|0|0.00|0|0.00|0.00|0|0.00
EMPSHFT|2 Almacen|2|2-Almacen|2|Viviana|Maldonado|606630033|1| |0| |0|BAR_LADO|3|0|82352.00|0.00|0.00|0.00|2|1|0.00|0|0.00|0|0.00|0|1616800.00|7|0.00|0|0|0|0.00|0|0.00|0|0.00|0|0.00|0.00|0.00|0.00|0.00|0.00|15648.00|0.00|98000.00|98000.00|2|98000.00|2|0.00|0|0.00|0|0.00|0.00|0|0.00
EMPSHFT|1 Restaurante|1|1-Restaurante|22|Evelyn|Genes|606630056|1| |0| |0|ALMACEN|2|0|227731.00|0.00|0.00|22773.00|1|2|0.00|0|0.00|0|0.00|0|0.00|0|0.00|0|0|0|0.00|0|0.00|0|0.00|0|0.00|0.00|0.00|0.00|0.00|0.00|43269.00|0.00|293773.00|293773.00|1|0.00|0|0.00|0|0.00|0|0.00|0.00|0|0.00
EMPSHFT|1 Restaurante|1|1-Restaurante|22|Evelyn|Genes|606630056|1| |0| |0|COCINA LADO|10|0|1260003.00|0.00|0.00|124486.00|4|10|0.00|0|0.00|0|0.00|0|136000.00|1|0.00|0|0|0|244519.00|0|244519.00|8|0.00|0|0.00|0.00|0.00|0.00|0.00|0.00|239397.00|0.00|1623886.00|1623886.00|5|3172319.00|8|0.00|0|0.00|0|0.00|0.00|0|0.00
EMPSHFT|1 Restaurante|1|1-Restaurante|22|Evelyn|Genes|606630056|1| |0| |0|CABINA DJ|4|0|53277.00|0.00|0.00|5328.00|1|2|0.00|0|0.00|0|0.00|0|0.00|0|0.00|0|0|0|2084.00|0|2084.00|1|0.00|0|0.00|0.00|0.00|0.00|0.00|0.00|10123.00|0.00|68728.00|68728.00|1|26884.00|1|0.00|0|0.00|0|0.00|0.00|0|0.00
EMPSHFT|1 Restaurante|1|1-Restaurante|22|Evelyn|Genes|606630056|1| |0| |0|MARILYN|5|0|4854284.00|0.00|0.00|475718.00|7|27|0.00|0|0.00|0|0.00|0|100500.00|6|0.00|0|0|0|410366.00|0|410366.00|7|0.00|0|0.00|0.00|0.00|0.00|0.00|0.00|922316.00|0.00|6252318.00|6252318.00|14|5409266.00|7|0.00|0|0.00|0|0.00|0.00|0|0.00
EMPSHFT|1 Restaurante|1|1-Restaurante|22|Evelyn|Genes|606630056|1| |0| |0|CAPS|1|0|0.00|0.00|0.00|0.00|0|0|0.00|0|0.00|0|0.00|0|0.00|0|0.00|0|0|0|0.00|0|0.00|0|0.00|0|22920.00|0.00|0.00|0.00|0.00|0.00|0.00|0.00|0.00|-4.00|0|-4.00|0|0.00|0|0.00|0|-4.00|0.00|0|0.00
EMPSHFT|1 Restaurante|1|1-Restaurante|22|Evelyn|Genes|606630056|1| |0| |0|CAJA 2|7|0|0.00|0.00|0.00|-12607.00|0|0|0.00|0|0.00|0|0.00|0|0.00|0|0.00|0|0|0|9300.00|0|9300.00|1|0.00|0|7557979.00|0.00|0.00|0.00|0.00|0.00|0.00|-12607.00|0.00|-12607.00|0|270000.00|1|0.00|0|0.00|0|0.00|0.00|0|0.00
EMPSHFT|1 Restaurante|1|1-Restaurante|22|Evelyn|Genes|606630056|1| |0| |0|CAJA 1|6|0|526555.00|0.00|0.00|52655.00|1|1|0.00|0|0.00|0|0.00|0|0.00|0|0.00|0|0|0|2084.00|0|2084.00|1|0.00|0|0.00|0.00|0.00|0.00|0.00|0.00|100045.00|0.00|679255.00|679255.00|1|26884.00|1|0.00|0|0.00|0|0.00|0.00|0|0.00
EMPSHFT|1 Restaurante|1|1-Restaurante|22|Jhonatan|Gutierrez|606630059|1| |0| |0|ALMACEN|2|0|1300335.00|0.00|0.00|130036.00|3|11|0.00|0|0.00|0|0.00|0|217800.00|3|0.00|0|0|0|99419.00|0|99419.00|2|0.00|0|0.00|0.00|0.00|0.00|0.00|0.00|247065.00|0.00|1677436.00|1677436.00|10|1282519.00|2|0.00|0|0.00|0|0.00|0.00|0|0.00
EMPSHFT|1 Restaurante|1|1-Restaurante|22|Jhonatan|Gutierrez|606630059|1| |0| |0|CAJA 2|7|0|0.00|0.00|0.00|0.00|0|0|0.00|0|0.00|0|0.00|0|0.00|0|0.00|0|0|0|0.00|0|0.00|0|0.00|0|17416751.00|0.00|0.00|0.00|0.00|0.00|0.00|0.00|0.00|-3.00|0|-3.00|0|0.00|0|0.00|0|-3.00|0.00|0|0.00
EMPSHFT|1 Restaurante|1|1-Restaurante|22|Jhonatan|Gutierrez|606630059|1| |0| |0|BAR_LADO|3|0|29244.00|0.00|0.00|2924.00|0|0|0.00|0|0.00|0|0.00|0|0.00|0|0.00|0|0|0|0.00|0|0.00|0|0.00|0|0.00|0.00|0.00|0.00|0.00|0.00|5556.00|0.00|37724.00|37724.00|0|0.00|0|0.00|0|0.00|0|0.00|0.00|0|0.00
EMPSHFT|1 Restaurante|1|1-Restaurante|22|Jhonatan|Gutierrez|606630059|1| |0| |0|MARILYN|5|0|353781.00|0.00|0.00|35378.00|1|3|0.00|0|0.00|0|0.00|0|131300.00|3|0.00|0|0|0|73722.00|0|73722.00|2|0.00|0|0.00|0.00|0.00|0.00|0.00|0.00|67219.00|0.00|456378.00|456378.00|1|951022.00|2|0.00|0|0.00|0|0.00|0.00|0|0.00
EMPSHFT|1 Restaurante|1|1-Restaurante|22|Jhonatan|Gutierrez|606630059|1| |0| |0|COCINA LADO|10|0|382103.00|0.00|0.00|38211.00|0|0|0.00|0|0.00|0|0.00|0|94000.00|2|0.00|0|0|0|28302.00|0|28302.00|2|0.00|0|0.00|0.00|0.00|0.00|0.00|0.00|72597.00|0.00|492911.00|492911.00|0|365102.00|2|0.00|0|0.00|0|0.00|0.00|0|0.00
EMPSHFT|1 Restaurante|1|1-Restaurante|22|Jhonatan|Gutierrez|606630059|1| |0| |0|CAJA 1|6|0|3968492.00|0.00|0.00|395332.00|7|30|0.00|0|0.00|0|0.00|0|250800.00|7|0.00|0|0|0|606827.00|0|606827.00|13|0.00|0|0.00|0.00|0.00|0.00|0.00|0.00|754008.00|0.00|5117832.00|5117832.00|8|7828127.00|13|0.00|0|0.00|0|0.00|0.00|0|0.00
EMPSHFT|1 Restaurante|1|1-Restaurante|22|Jhonatan|Gutierrez|606630059|1| |0| |0|CABINA DJ|4|0|8802525.00|0.00|0.00|880242.00|27|56|0.00|0|0.00|0|0.00|0|998600.00|16|0.00|0|0|0|773684.00|0|773684.00|35|0.00|0|0.00|0.00|0.00|0.00|0.00|0.00|1672475.00|-2.00|11355244.00|11355242.00|51|9998584.00|35|0.00|0|0.00|0|0.00|0.00|0|0.00
EMPSHFT|1 Restaurante|1|1-Restaurante|22|Winder|Castaño|606630063|1| |0| |0|CAJA 2|7|0|0.00|0.00|0.00|0.00|0|0|0.00|0|0.00|0|0.00|0|0.00|0|0.00|0|0|0|0.00|0|0.00|0|0.00|0|5150682.00|0.00|0.00|0.00|0.00|0.00|0.00|0.00|0.00|-2.00|0|-2.00|0|0.00|0|0.00|0|-2.00|0.00|0|0.00
EMPSHFT|1 Restaurante|1|1-Restaurante|22|Winder|Castaño|606630063|1| |0| |0|CAJA 1|6|0|3544111.00|0.00|0.00|354408.00|5|15|0.00|0|0.00|0|0.00|0|234100.00|4|0.00|0|0|0|246938.00|0|246938.00|7|0.00|0|0.00|0.00|0.00|0.00|0.00|0.00|673389.00|0.00|4571908.00|4571908.00|6|3185538.00|7|0.00|0|0.00|0|0.00|0.00|0|0.00
EMPSHFT|1 Restaurante|1|1-Restaurante|22|Winder|Castaño|606630063|1| |0| |0|MARILYN|5|0|0.00|0.00|0.00|0.00|1|0|0.00|0|0.00|0|0.00|0|0.00|0|0.00|0|0|0|0.00|0|0.00|0|0.00|0|0.00|0.00|0.00|0.00|0.00|0.00|0.00|0.00|0.00|0.00|1|0.00|0|0.00|0|0.00|0|0.00|0.00|0|0.00
EMPSHFT|1 Restaurante|1|1-Restaurante|22|Winder|Castaño|606630063|1| |0| |0|COCINA LADO|10|0|794957.00|0.00|0.00|79496.00|0|-1|0.00|0|-53058.00|3|0.00|0|0.00|0|0.00|0|0|0|0.00|0|0.00|0|0.00|0|0.00|0.00|0.00|0.00|0.00|0.00|151043.00|-9165.00|1087719.00|1025496.00|1|0.00|0|0.00|0|0.00|0|0.00|0.00|0|0.00
EMPSHFT|1 Restaurante|1|1-Restaurante|22|Winder|Castaño|606630063|1| |0| |0|CABINA DJ|4|0|189747.00|0.00|0.00|18974.00|2|1|0.00|0|0.00|0|0.00|0|12400.00|1|0.00|0|0|0|220965.00|0|220965.00|1|0.00|0|0.00|0.00|0.00|0.00|0.00|0.00|36053.00|0.00|244774.00|244774.00|2|2850465.00|1|0.00|0|0.00|0|0.00|0.00|0|0.00
EMPSHFT|1 Restaurante|1|1-Restaurante|22|Esther|Gonzalez|606630064|1| |0| |0|MARILYN|5|0|260168.00|0.00|0.00|26017.00|0|1|0.00|0|0.00|0|0.00|0|0.00|0|0.00|0|0|0|23562.00|0|23562.00|4|0.00|0|0.00|0.00|0.00|0.00|0.00|0.00|49432.00|0.00|335617.00|335617.00|1|303962.00|4|0.00|0|0.00|0|0.00|0.00|0|0.00
EMPSHFT|1 Restaurante|1|1-Restaurante|22|Esther|Gonzalez|606630064|1| |0| |0|ALMACEN|2|0|12032342.00|0.00|0.00|1185028.00|29|52|0.00|0|0.00|0|0.00|0|1065400.00|20|0.00|0|0|0|964423.00|0|964423.00|21|0.00|0|0.00|0.00|0.00|0.00|0.00|0.00|2286138.00|-3.00|15503511.00|15503508.00|32|12657703.00|21|0.00|0|0.00|0|0.00|0.00|0|0.00
EMPSHFT|1 Restaurante|1|1-Restaurante|22|Esther|Gonzalez|606630064|1| |0| |0|CAJA 2|7|0|0.00|0.00|0.00|-54992.00|0|0|0.00|0|0.00|0|0.00|0|0.00|0|0.00|0|0|0|-23580.00|0|-23580.00|1|0.00|0|16103363.00|0.00|0.00|0.00|0.00|0.00|0.00|-54992.00|0.00|-54989.00|0|350223.00|2|0.00|0|0.00|0|3.00|0.00|0|0.00
EMPSHFT|1 Restaurante|1|1-Restaurante|22|Esther|Gonzalez|606630064|1| |0| |0|CAJA 1|6|0|463613.00|0.00|0.00|46360.00|1|2|0.00|0|0.00|0|0.00|0|24500.00|1|0.00|0|0|0|23580.00|0|23580.00|1|0.00|0|0.00|0.00|0.00|0.00|0.00|0.00|88087.00|0.00|598060.00|598060.00|1|304180.00|1|0.00|0|0.00|0|0.00|0.00|0|0.00
EMPSHFT|1 Restaurante|1|1-Restaurante|22|Esther|Gonzalez|606630064|1| |0| |0|COCINA LADO|10|0|269413.00|0.00|0.00|26941.00|3|5|0.00|0|-63042.00|6|0.00|0|0.00|0|0.00|0|0|0|272318.00|0|272318.00|4|0.00|0|0.00|0.00|0.00|0.00|0.00|0.00|51187.00|-10889.00|421472.00|347541.00|3|3512918.00|4|0.00|0|0.00|0|0.00|0.00|0|0.00
EMPSHFT|1 Restaurante|1|1-Restaurante|22|Esther|Gonzalez|606630064|1| |0| |0|CABINA DJ|4|0|557145.00|0.00|0.00|55715.00|3|7|0.00|0|0.00|0|0.00|0|136000.00|1|0.00|0|0|0|113126.00|0|113126.00|4|0.00|0|0.00|0.00|0.00|0.00|0.00|0.00|105855.00|0.00|718715.00|718715.00|4|1459326.00|4|0.00|0|0.00|0|0.00|0.00|0|0.00
EMPSHFT|1 Restaurante|1|1-Restaurante|22|Esther|Gonzalez|606630064|1| |0| |0|BAR_LADO|3|0|0.00|0.00|0.00|0.00|0|0|0.00|0|0.00|0|0.00|0|0.00|0|0.00|0|0|0|37277.00|0|37277.00|1|0.00|0|0.00|0.00|0.00|0.00|0.00|0.00|0.00|0.00|0.00|0.00|0|480877.00|1|0.00|0|0.00|0|0.00|0.00|0|0.00
EMPSHFT|1 Restaurante|1|1-Restaurante|22|Alvaro|Viloria|606630065|1| |0| |0|CAJA 1|6|0|316723.00|0.00|0.00|31672.00|2|5|0.00|0|0.00|0|0.00|0|0.00|0|0.00|0|0|0|0.00|0|0.00|0|0.00|0|0.00|0.00|0.00|0.00|0.00|0.00|60177.00|0.00|408572.00|408572.00|2|0.00|0|0.00|0|0.00|0|0.00|0.00|0|0.00
EMPSHFT|1 Restaurante|1|1-Restaurante|22|Alvaro|Viloria|606630065|1| |0| |0|ALMACEN|2|0|6255633.00|0.00|0.00|625554.00|27|69|0.00|0|0.00|0|0.00|0|562100.00|11|0.00|0|0|0|328617.00|0|328617.00|14|0.00|0|0.00|0.00|0.00|0.00|0.00|0.00|1188567.00|-1.00|8069755.00|8069754.00|37|4239217.00|14|0.00|0|0.00|0|0.00|0.00|0|0.00
EMPSHFT|1 Restaurante|1|1-Restaurante|22|Alvaro|Viloria|606630065|1| |0| |0|COCINA LADO|10|0|33445.00|0.00|0.00|3344.00|1|2|0.00|0|0.00|0|0.00|0|0.00|0|0.00|0|0|0|148829.00|0|148829.00|11|0.00|0|0.00|0.00|0.00|0.00|0.00|0.00|6355.00|0.00|43144.00|43144.00|1|1919929.00|11|0.00|0|0.00|0|0.00|0.00|0|0.00
EMPSHFT|1 Restaurante|1|1-Restaurante|22|Alvaro|Viloria|606630065|1| |0| |0|CAJA 2|7|0|0.00|0.00|0.00|-33689.00|0|0|0.00|0|0.00|0|0.00|0|0.00|0|0.00|0|0|0|0.00|0|0.00|0|0.00|0|5614529.00|0.00|0.00|0.00|0.00|0.00|0.00|-33689.00|0.00|-33693.00|0|400896.00|1|0.00|0|0.00|0|-4.00|0.00|0|0.00
EMPSHFT|1 Restaurante|1|1-Restaurante|22|Alvaro|Viloria|606630065|1| |0| |0|MARILYN|5|0|12437.00|0.00|0.00|1244.00|0|0|0.00|0|0.00|0|0.00|0|0.00|0|0.00|0|0|0|0.00|0|0.00|0|0.00|0|0.00|0.00|0.00|0.00|0.00|0.00|2363.00|0.00|16044.00|16044.00|0|0.00|0|0.00|0|0.00|0|0.00|0.00|0|0.00
EMPSHFT|1 Restaurante|1|1-Restaurante|22|Alvaro|Viloria|606630065|1| |0| |0|CABINA DJ|4|0|119831.00|0.00|0.00|11982.00|1|2|0.00|0|0.00|0|0.00|0|0.00|0|0.00|0|0|0|0.00|0|0.00|0|0.00|0|0.00|0.00|0.00|0.00|0.00|0.00|22769.00|0.00|154582.00|154582.00|2|0.00|0|0.00|0|0.00|0|0.00|0.00|0|0.00
EMPSHFT|1 Restaurante|1|1-Restaurante|22|Valentina|Rodriguez|606630077|1| |0| |0|COCINA LADO|10|0|2350253.00|0.00|0.00|235023.00|8|44|0.00|0|0.00|0|0.00|0|223000.00|4|0.00|0|0|0|182679.00|0|182679.00|8|0.00|0|0.00|0.00|0.00|0.00|0.00|0.00|446547.00|0.00|3031823.00|3031823.00|13|2356579.00|8|0.00|0|0.00|0|0.00|0.00|0|0.00
EMPSHFT|1 Restaurante|1|1-Restaurante|22|Valentina|Rodriguez|606630077|1| |0| |0|CABINA DJ|4|0|0.00|0.00|0.00|0.00|0|0|0.00|0|0.00|0|0.00|0|0.00|0|0.00|0|0|0|10319.00|0|10319.00|1|0.00|0|0.00|0.00|0.00|0.00|0.00|0.00|0.00|0.00|0.00|0.00|0|133119.00|1|0.00|0|0.00|0|0.00|0.00|0|0.00
EMPSHFT|1 Restaurante|1|1-Restaurante|22|Valentina|Rodriguez|606630077|1| |0| |0|MARILYN|5|0|19748.00|0.00|0.00|1975.00|0|0|0.00|0|0.00|0|0.00|0|0.00|0|0.00|0|0|0|0.00|0|0.00|0|0.00|0|0.00|0.00|0.00|0.00|0.00|0.00|3752.00|0.00|25475.00|25475.00|0|0.00|0|0.00|0|0.00|0|0.00|0.00|0|0.00
EMPSHFT|1 Restaurante|1|1-Restaurante|22|Valentina|Rodriguez|606630077|1| |0| |0|CAJA 2|7|0|0.00|0.00|0.00|0.00|0|0|0.00|0|0.00|0|0.00|0|0.00|0|0.00|0|0|0|0.00|0|0.00|0|0.00|0|2122996.00|0.00|0.00|0.00|0.00|0.00|0.00|0.00|0.00|-4.00|0|-4.00|0|0.00|0|0.00|0|-4.00|0.00|0|0.00
EMPSHFT|2 Almacen|2|2-Almacen|2|Alba|Quintero|606630079|1| |0| |0|BAR_LADO|3|0|168068.00|0.00|0.00|0.00|2|3|0.00|0|0.00|0|0.00|0|370001.00|3|0.00|0|0|0|0.00|0|0.00|0|0.00|0|0.00|0.00|0.00|0.00|0.00|0.00|31932.00|0.00|200000.00|200000.00|2|200000.00|2|0.00|0|0.00|0|0.00|0.00|0|0.00
EMPSHFT|2 Almacen|2|2-Almacen|2|Alba|Quintero|606630079|1| |0| |0|CAJA 2|7|0|0.00|0.00|0.00|0.00|0|0|0.00|0|0.00|0|0.00|0|0.00|0|0.00|0|0|0|0.00|0|0.00|0|0.00|0|181513.00|0.00|0.00|0.00|0.00|0.00|0.00|0.00|0.00|0.00|0|0.00|0|0.00|0|0.00|0|0.00|0.00|0|0.00
EMPSHFT|2 Almacen|2|2-Almacen|2|Alba|Quintero|606630079|1| |0| |0|CAJA 1|6|0|13445.00|0.00|0.00|0.00|1|1|0.00|0|0.00|0|0.00|0|0.00|0|0.00|0|0|0|0.00|0|0.00|0|0.00|0|0.00|0.00|0.00|0.00|0.00|0.00|2555.00|0.00|16000.00|16000.00|1|16000.00|1|0.00|0|0.00|0|0.00|0.00|0|0.00
EMPSHFT|1 Restaurante|1|1-Restaurante|22|Mauricio|Acosta|606650004|1| |0| |0|CABINA DJ|4|0|4538.00|0.00|0.00|453.00|0|0|0.00|0|0.00|0|0.00|0|0.00|0|0.00|0|0|0|0.00|0|0.00|0|0.00|0|0.00|0.00|0.00|0.00|0.00|0.00|862.00|0.00|5853.00|5853.00|0|0.00|0|0.00|0|0.00|0|0.00|0.00|0|0.00
EMPSHFT|1 Restaurante|1|1-Restaurante|22|Mauricio|Acosta|606650004|1| |0| |0|CAJA 1|6|0|6807.00|0.00|0.00|681.00|1|0|0.00|0|0.00|0|0.00|0|0.00|0|0.00|0|0|0|0.00|0|0.00|0|0.00|0|0.00|0.00|0.00|0.00|0.00|0.00|1293.00|0.00|8781.00|8781.00|1|0.00|0|0.00|0|0.00|0|0.00|0.00|0|0.00
EMPSHFT|1 Restaurante|1|1-Restaurante|22|Mauricio|Acosta|606650004|1| |0| |0|ALMACEN|2|0|2269.00|0.00|0.00|227.00|0|0|0.00|0|0.00|0|0.00|0|0.00|0|0.00|0|0|0|0.00|0|0.00|0|0.00|0|0.00|0.00|0.00|0.00|0.00|0.00|431.00|0.00|2927.00|2927.00|0|0.00|0|0.00|0|0.00|0|0.00|0.00|0|0.00
EMPSHFT|1 Restaurante|1|1-Restaurante|22|Mauricio|Acosta|606650004|1| |0| |0|MARILYN|5|0|2269.00|0.00|0.00|227.00|0|0|0.00|0|0.00|0|0.00|0|0.00|0|0.00|0|0|0|0.00|0|0.00|0|0.00|0|0.00|0.00|0.00|0.00|0.00|0.00|431.00|0.00|2927.00|2927.00|0|0.00|0|0.00|0|0.00|0|0.00|0.00|0|0.00
EMPSHFT|1 Restaurante|1|1-Restaurante|22|Mauricio|Acosta|606650004|1| |0| |0|CAJA 2|7|0|-15883.00|-15883.00|0.00|-1588.00|0|0|0.00|0|0.00|0|0.00|0|0.00|0|0.00|0|0|0|0.00|0|0.00|0|0.00|0|0.00|0.00|0.00|0.00|0.00|0.00|0.00|-1588.00|0.00|-17488.00|0|3000.00|1|0.00|0|0.00|0|0.00|0.00|0|0.00
EMPSHFT|1 Restaurante|1|1-Restaurante|22|Camilo|Tangarife|606670018|1| |0| |0|CAJA 2|7|0|0.00|0.00|0.00|0.00|0|0|0.00|0|0.00|0|0.00|0|0.00|0|0.00|0|0|0|0.00|0|0.00|0|0.00|0|67848.00|0.00|0.00|0.00|0.00|0.00|0.00|0.00|0.00|0.00|0|0.00|0|0.00|0|0.00|0|0.00|0.00|0|0.00
EMPSHFT|1 Restaurante|1|1-Restaurante|22|Camilo|Tangarife|606670018|1| |0| |0|MARILYN|5|0|0.00|0.00|0.00|0.00|0|0|0.00|0|0.00|0|0.00|0|0.00|0|0.00|0|0|0|4588.00|0|4588.00|1|0.00|0|0.00|0.00|0.00|0.00|0.00|0.00|0.00|0.00|0.00|0.00|0|59188.00|1|0.00|0|0.00|0|0.00|0.00|0|0.00
EMPSHFT|1 Restaurante|1|1-Restaurante|22|Camilo|Tangarife|606670018|1| |0| |0|CABINA DJ|4|0|15798.00|0.00|0.00|1580.00|1|1|0.00|0|0.00|0|0.00|0|0.00|0|0.00|0|0|0|1580.00|0|1580.00|1|0.00|0|0.00|0.00|0.00|0.00|0.00|0.00|3002.00|0.00|20380.00|20380.00|2|20380.00|1|0.00|0|0.00|0|0.00|0.00|0|0.00
EMPSHFT|1 Restaurante|1|1-Restaurante|22|Camilo|Tangarife|606670018|1| |0| |0|COCINA LADO|10|0|45882.00|0.00|0.00|4588.00|1|2|0.00|0|0.00|0|0.00|0|0.00|0|0.00|0|0|0|0.00|0|0.00|0|0.00|0|0.00|0.00|0.00|0.00|0.00|0.00|8718.00|0.00|59188.00|59188.00|2|0.00|0|0.00|0|0.00|0|0.00|0.00|0|0.00
EMPSHFT|1 Restaurante|1|1-Restaurante|22|Yasser Enrique|Ortiz Pacheco|606680002|1| |0| |0|CABINA DJ|4|0|0.00|0.00|0.00|0.00|0|0|0.00|0|0.00|0|0.00|0|0.00|0|0.00|0|0|0|0.00|0|0.00|0|0.00|0|0.00|0.00|0.00|0.00|0.00|0.00|0.00|0.00|0.00|0.00|1|0.00|0|0.00|0|0.00|0|0.00|0.00|0|0.00
EMPSHFT|1 Restaurante|1|1-Restaurante|22|Yasser Enrique|Ortiz Pacheco|606680002|1| |0| |0|CAJA 2|7|0|0.00|0.00|0.00|0.00|0|0|0.00|0|0.00|0|0.00|0|0.00|0|0.00|0|0|0|0.00|0|0.00|0|0.00|0|0.00|0.00|0.00|0.00|0.00|0.00|0.00|0.00|0.00|0.00|0|0.00|1|0.00|0|0.00|0|0.00|0.00|0|0.00
EMPSHFT|1 Restaurante|1|1-Restaurante|22|Yasser Enrique|Ortiz Pacheco|606680002|1| |0| |0|MARILYN|5|0|0.00|0.00|0.00|0.00|0|0|0.00|0|0.00|0|0.00|0|0.00|0|0.00|0|0|0|0.00|0|0.00|0|0.00|0|0.00|0.00|0.00|0.00|0.00|0.00|0.00|0.00|0.00|0.00|0|0.00|0|0.00|0|0.00|0|0.00|0.00|0|0.00
EMPSHFT|1 Restaurante|1|1-Restaurante|22|Yasser Enrique|Ortiz Pacheco|606680002|1| |0| |0|CAJA 1|6|0|0.00|0.00|0.00|0.00|0|0|0.00|0|0.00|0|0.00|0|0.00|0|0.00|0|0|0|0.00|0|0.00|0|0.00|0|0.00|0.00|0.00|0.00|0.00|0.00|0.00|0.00|0.00|0.00|0|0.00|0|0.00|0|0.00|0|0.00|0.00|0|0.00
EMPSHFT|1 Restaurante|1|1-Restaurante|22|Hector|Diaz|606680011|1| |0| |0|PUERTO|9|0|1663860.00|0.00|0.00|0.00|25|0|0.00|0|0.00|0|0.00|0|0.00|0|0.00|0|0|0|0.00|0|0.00|0|0.00|0|1663860.00|0.00|0.00|0.00|0.00|0.00|316140.00|0.00|1980000.00|1980000.00|25|1980000.00|25|0.00|0|0.00|0|0.00|0.00|0|0.00
EMPDSC|1 Restaurante|1|1-Restaurante|22|Mauricio|Acosta|606650004|Descuento %|1|Descuento %|1|-15883.00|1|-15883.00
EMPTM|1 Restaurante|1|1-Restaurante|22|Marilin Paola|Zabaleta Cuellar|606630003|Contado|102|Contado|102|Payment|0.00|0
EMPTM|1 Restaurante|1|1-Restaurante|22|Juliander Alexander |Lara Muñoz|606630012|Contado|102|Contado|102|Payment|0.00|0
EMPTM|1 Restaurante|1|1-Restaurante|22|Rosmar|Arevalo|606680003|Efectivo |101|Efectivo |101|Payment|7854660.00|35
EMPTM|2 Almacen|2|2-Almacen|2|Rosmar|Arevalo|606680003|Efectivo |101|Efectivo |101|Payment|20000.00|1
EMPTM|1 Restaurante|1|1-Restaurante|22|Rosmar|Arevalo|606680003|Contado|102|Contado|102|Payment|0.00|0
EMPTM|1 Restaurante|1|1-Restaurante|22|Rosmar|Arevalo|606680003|American Express|201|American Express|201|Payment|11038102.00|25
EMPTM|2 Almacen|2|2-Almacen|2|Rosmar|Arevalo|606680003|American Express|201|American Express|201|Payment|16000.00|1
EMPTM|1 Restaurante|1|1-Restaurante|22|Rosmar|Arevalo|606680003|Master Card|202|Master Card|202|Payment|18103267.00|58
EMPTM|2 Almacen|2|2-Almacen|2|Rosmar|Arevalo|606680003|Master Card|202|Master Card|202|Payment|235000.00|2
EMPTM|1 Restaurante|1|1-Restaurante|22|Rosmar|Arevalo|606680003|Diners|203|Diners|203|Payment|1349730.00|4
EMPTM|1 Restaurante|1|1-Restaurante|22|Rosmar|Arevalo|606680003|Cuenta X Cobrar|206|Cuenta X Cobrar|206|Payment|7585634.00|3
EMPTM|1 Restaurante|1|1-Restaurante|22|Rosmar|Arevalo|606680003|Visa|204|Visa|204|Payment|28003007.00|89
EMPTM|2 Almacen|2|2-Almacen|2|Rosmar|Arevalo|606680003|Visa|204|Visa|204|Payment|43000.00|1
EMPTM|1 Restaurante|1|1-Restaurante|22|Mauricio|Acosta|606650004|Contado|102|Contado|102|Payment|0.00|0
EMPTM|2 Almacen|2|2-Almacen|2|Viviana|Maldonado|606630033|Contado|102|Contado|102|Payment|0.00|0
EMPTM|1 Restaurante|1|1-Restaurante|22|Karem|Lopez|606630046|Contado|102|Contado|102|Payment|0.00|0
EMPTM|1 Restaurante|1|1-Restaurante|22|Pedro|Carrero|606630050|Contado|102|Contado|102|Payment|0.00|0
EMPTM|1 Restaurante|1|1-Restaurante|22|Juan|Gomez|606640007|Contado|102|Contado|102|Payment|0.00|0
EMPTM|1 Restaurante|1|1-Restaurante|22|Evelyn|Genes|606630056|Contado|102|Contado|102|Payment|0.00|0
EMPTM|1 Restaurante|1|1-Restaurante|22|Jhonatan|Gutierrez|606630059|Contado|102|Contado|102|Payment|0.00|0
EMPTM|1 Restaurante|1|1-Restaurante|22|Winder|Castaño|606630063|Contado|102|Contado|102|Payment|0.00|0
EMPTM|1 Restaurante|1|1-Restaurante|22|Esther|Gonzalez|606630064|Contado|102|Contado|102|Payment|0.00|0
EMPTM|1 Restaurante|1|1-Restaurante|22|Alvaro|Viloria|606630065|Contado|102|Contado|102|Payment|0.00|0
EMPTM|1 Restaurante|1|1-Restaurante|22|Camilo|Tangarife|606670018|Contado|102|Contado|102|Payment|0.00|0
EMPTM|1 Restaurante|1|1-Restaurante|22|Valentina|Rodriguez|606630077|Contado|102|Contado|102|Payment|0.00|0
EMPTM|2 Almacen|2|2-Almacen|2|Alba|Quintero|606630079|Contado|102|Contado|102|Payment|0.00|0
EMPTM|1 Restaurante|1|1-Restaurante|22|Hector|Diaz|606680011|Efectivo |101|Efectivo |101|Payment|900000.00|12
EMPTM|1 Restaurante|1|1-Restaurante|22|Hector|Diaz|606680011|American Express|201|American Express|201|Payment|120000.00|2
EMPTM|1 Restaurante|1|1-Restaurante|22|Hector|Diaz|606680011|Master Card|202|Master Card|202|Payment|270000.00|3
EMPTM|1 Restaurante|1|1-Restaurante|22|Hector|Diaz|606680011|Visa|204|Visa|204|Payment|690000.00|13
EMPTM|1 Restaurante|1|1-Restaurante|22|Karem |Lopez |606650010|Contado|102|Contado|102|Payment|0.00|0
EMPTM|1 Restaurante|1|1-Restaurante|22|Jose|Cerchar Colon|302270005|Efectivo |101|Efectivo |101|Payment|60000.00|1
EMPTM|6-Ventanilla|6|6-Ventanilla|32|Jose|Cerchar Colon|302270005|Efectivo |101|Efectivo |101|Payment|240000.00|2
EMPTM|1 Restaurante|1|1-Restaurante|22|Jose|Cerchar Colon|302270005|American Express|201|American Express|201|Payment|60000.00|1
EMPTM|6-Ventanilla|6|6-Ventanilla|32|Jose|Cerchar Colon|302270005|Master Card|202|Master Card|202|Payment|180000.00|4
EMPTM|6-Ventanilla|6|6-Ventanilla|32|Jose|Cerchar Colon|302270005|Visa|204|Visa|204|Payment|270000.00|5
EMPTM|1 Restaurante|1|1-Restaurante|22|Leonardo de Jesus|Avila Perez|112|Contado|102|Contado|102|Payment|0.00|0
EMPOTSLS|1 Restaurante|1|1-Restaurante|22|Jhonatan|Gutierrez|606630059|Para Aqui|1|Para Aqui|1|38|100|0|0|14836480.00|0.00|0.00|0|0.00|0|0.00|0.00|0|0.00|0|0.00|0|0.00|0|0.00|0|0.00|0|0.00|0|0.00|0|0.00|0.00|14836480.00
EMPOTSLS|1 Restaurante|1|1-Restaurante|22|Hector|Diaz|606680011|Para Aqui|1|Para Aqui|1|25|0|0|0|1663860.00|0.00|0.00|0|0.00|0|0.00|0.00|0|0.00|0|0.00|0|0.00|0|0.00|0|0.00|0|0.00|0|0.00|0|0.00|0.00|1663860.00
EMPOTSLS|1 Restaurante|1|1-Restaurante|22|Evelyn|Genes|606630056|Para Aqui|1|Para Aqui|1|14|42|0|0|6921850.00|0.00|0.00|0|0.00|0|0.00|0.00|0|0.00|0|0.00|0|0.00|0|0.00|0|0.00|0|0.00|0|0.00|0|0.00|0.00|6921850.00
EMPOTSLS|1 Restaurante|1|1-Restaurante|22|Mauricio|Acosta|606650004|Para Aqui|1|Para Aqui|1|1|0|0|0|0.00|0.00|0.00|0|0.00|0|0.00|0.00|0|0.00|0|0.00|0|0.00|0|0.00|0|0.00|0|0.00|0|0.00|0|0.00|0.00|0.00
EMPOTSLS|1 Restaurante|1|1-Restaurante|22|Camilo|Tangarife|606670018|Para Aqui|1|Para Aqui|1|2|3|0|0|61680.00|0.00|0.00|0|0.00|0|0.00|0.00|0|0.00|0|0.00|0|0.00|0|0.00|0|0.00|0|0.00|0|0.00|0|0.00|0.00|61680.00
EMPOTSLS|1 Restaurante|1|1-Restaurante|22|Jose|Cerchar Colon|302270005|Para Aqui|1|Para Aqui|1|2|0|0|0|100840.00|0.00|0.00|0|0.00|0|0.00|0.00|0|0.00|0|0.00|0|0.00|0|0.00|0|0.00|0|0.00|0|0.00|0|0.00|0.00|100840.00
EMPOTSLS|1 Restaurante|1|1-Restaurante|22|Marilin Paola|Zabaleta Cuellar|606630003|Para Aqui|1|Para Aqui|1|11|28|0|0|8436597.00|0.00|0.00|0|0.00|0|0.00|0.00|0|0.00|0|0.00|0|0.00|0|0.00|0|0.00|0|0.00|0|0.00|0|0.00|0.00|8436597.00
EMPOTSLS|1 Restaurante|1|1-Restaurante|22|Winder|Castaño|606630063|Para Aqui|1|Para Aqui|1|8|15|0|0|4528815.00|0.00|0.00|0|0.00|0|0.00|0.00|0|0.00|0|0.00|0|0.00|0|0.00|0|0.00|0|0.00|0|0.00|0|0.00|0.00|4528815.00
EMPOTSLS|2 Almacen|2|2-Almacen|2|Alba|Quintero|606630079|Para Aqui|1|Para Aqui|1|3|4|0|0|181513.00|0.00|0.00|0|0.00|0|0.00|0.00|0|0.00|0|0.00|0|0.00|0|0.00|0|0.00|0|0.00|0|0.00|0|0.00|0.00|181513.00
EMPOTSLS|6-Ventanilla|6|6-Ventanilla|32|Jose|Cerchar Colon|302270005|Para Aqui|1|Para Aqui|1|8|0|0|0|579830.00|0.00|0.00|0|0.00|0|0.00|0.00|0|0.00|0|0.00|0|0.00|0|0.00|0|0.00|0|0.00|0|0.00|0|0.00|0.00|579830.00
EMPOTSLS|2 Almacen|2|2-Almacen|2|Viviana|Maldonado|606630033|Para Aqui|1|Para Aqui|1|2|1|0|0|82352.00|0.00|0.00|0|0.00|0|0.00|0.00|0|0.00|0|0.00|0|0.00|0|0.00|0|0.00|0|0.00|0|0.00|0|0.00|0.00|82352.00
EMPOTSLS|1 Restaurante|1|1-Restaurante|22|Esther|Gonzalez|606630064|Para Aqui|1|Para Aqui|1|36|67|0|0|13582681.00|0.00|0.00|0|0.00|0|0.00|0.00|0|0.00|0|0.00|0|0.00|0|0.00|0|0.00|0|0.00|0|0.00|0|0.00|0.00|13582681.00
EMPOTSLS|1 Restaurante|1|1-Restaurante|22|Alvaro|Viloria|606630065|Para Aqui|1|Para Aqui|1|31|78|0|0|6738069.00|0.00|0.00|0|0.00|0|0.00|0.00|0|0.00|0|0.00|0|0.00|0|0.00|0|0.00|0|0.00|0|0.00|0|0.00|0.00|6738069.00
EMPOTSLS|1 Restaurante|1|1-Restaurante|22|Valentina|Rodriguez|606630077|Para Aqui|1|Para Aqui|1|8|44|0|0|2370001.00|0.00|0.00|0|0.00|0|0.00|0.00|0|0.00|0|0.00|0|0.00|0|0.00|0|0.00|0|0.00|0|0.00|0|0.00|0.00|2370001.00
