EMPID|APC|Andres Plaza Claro|20241221|20241221|20250122|122225|2.00|2.00|Simphony|19.7.2
EMP|1-Restaurante|1|1-Restaurante|22|Sebastian|Rey|405220007|20|43|0|0|2783783.00|253679.00|-8319.00|3|0.00|0|-26134.00|-2.00|169500.00|7|0.00|0|0.00|1|3566377.00|21|3566377.00|21|0.00|0|0.00|0|0.00|253679.00|0.00|0|2783783.00|0.00|0.00|2783783.00
EMP|1-Restaurante|1|1-Restaurante|22|Rafael|Gamba|405220008|15|29|0|0|1970598.00|174639.00|0.00|0|0.00|0|-22420.00|-1.00|14500.00|1|0.00|0|0.00|0|2519638.00|15|2519638.00|15|0.00|0|0.00|0|0.00|174639.00|0.00|0|1970598.00|0.00|0.00|1970598.00
EMP|1-Restaurante|1|1-Restaurante|22|Maria Fernanda|Castillo|405220011|11|24|0|0|1490255.00|149025.00|-12849.00|3|0.00|0|-2219.00|6.00|0.00|0|0.00|0|40651.00|1|1922431.00|11|1922431.00|11|0.00|0|0.00|0|0.00|149025.00|0.00|0|1490255.00|0.00|0.00|1490255.00
EMP|1-Restaurante|1|1-Restaurante|22|Camila|Caceres|405220010|15|44|0|0|3016465.00|299124.00|-30504.00|4|0.00|0|-5269.00|-4.00|247500.00|4|0.00|0|525106.00|1|3888720.00|15|3888720.00|15|0.00|0|0.00|0|0.00|299124.00|0.00|0|3016465.00|0.00|0.00|3016465.00
EMP|2-Almacen|2|2-Almacen|2|Camila|Caceres|405220010|0|0|0|0|0.00|0.00|0.00|0|0.00|0|0.00|0.00|0.00|0|0.00|0|0.00|1|0.00|0|0.00|0|0.00|0|0.00|0|0.00|0.00|0.00|0|0.00|0.00|0.00|0.00
EMP|1-Restaurante|1|1-Restaurante|22|Jenny Katerine|Roa|404270001|7|7|0|0|832356.00|5923.00|0.00|0|0.00|0|0.00|-2.00|1430000.00|2|0.00|0|30000.00|1|996421.00|7|996421.00|7|0.00|0|0.00|0|0.00|5923.00|0.00|0|832356.00|0.00|0.00|832356.00
EMPSHFT|1-Restaurante|1|1-Restaurante|22|Jenny Katerine|Roa|404270001|1| |0| |0|CAPS|1|0|831095.00|0.00|0.00|5797.00|7|7|0.00|0|0.00|0|0.00|0|1430000.00|2|0.00|0|0|0|5923.00|0|5923.00|6|0.00|0|839747.00|0.00|0.00|0.00|0.00|0.00|157905.00|0.00|994797.00|994795.00|7|996421.00|7|0.00|0|0.00|0|-2.00|0.00|0|0.00
EMPSHFT|1-Restaurante|1|1-Restaurante|22|Jenny Katerine|Roa|404270001|1| |0| |0|PRINCIPAL|4|0|1261.00|0.00|0.00|126.00|0|0|0.00|0|0.00|0|0.00|0|0.00|0|0.00|0|0|0|0.00|0|0.00|0|0.00|0|0.00|0.00|0.00|0.00|0.00|0.00|239.00|0.00|1626.00|1626.00|0|0.00|0|0.00|0|0.00|0|0.00|0.00|0|0.00
EMPSHFT|1-Restaurante|1|1-Restaurante|22|Sebastian|Rey|405220007|1| |0| |0|BAR|2|0|1802858.00|0.00|0.00|180284.00|14|29|0.00|0|0.00|0|0.00|0|69500.00|4|0.00|0|0|0|0.00|0|0.00|0|0.00|0|0.00|0.00|0.00|0.00|0.00|0.00|342542.00|0.00|2325684.00|2325684.00|14|0.00|0|0.00|0|0.00|0|0.00|0.00|0|0.00
EMPSHFT|1-Restaurante|1|1-Restaurante|22|Sebastian|Rey|405220007|1| |0| |0|CAPS|1|0|12185.00|0.00|0.00|-23479.00|0|0|0.00|0|0.00|0|0.00|0|37500.00|1|0.00|0|0|0|238267.00|0|238267.00|15|0.00|0|3059880.00|0.00|0.00|0.00|0.00|0.00|2315.00|-24697.00|15718.00|-8981.00|0|3367565.00|19|0.00|0|0.00|0|-2.00|0.00|0|0.00
EMPSHFT|1-Restaurante|1|1-Restaurante|22|Sebastian|Rey|405220007|1| |0| |0|PRINCIPAL|4|0|968740.00|0.00|0.00|96874.00|6|14|0.00|0|-8319.00|3|0.00|0|62500.00|2|0.00|0|0|0|15412.00|0|15412.00|2|0.00|0|0.00|0.00|0.00|0.00|0.00|0.00|184060.00|-1437.00|1259430.00|1249674.00|7|198812.00|2|0.00|0|0.00|0|0.00|0.00|0|0.00
EMPSHFT|1-Restaurante|1|1-Restaurante|22|Rafael|Gamba|405220008|1| |0| |0|BAR|2|0|1158240.00|0.00|0.00|115824.00|10|20|0.00|0|0.00|0|0.00|0|14500.00|1|0.00|0|0|0|0.00|0|0.00|0|0.00|0|0.00|0.00|0.00|0.00|0.00|0.00|220060.00|0.00|1494124.00|1494124.00|10|0.00|0|0.00|0|0.00|0|0.00|0.00|0|0.00
EMPSHFT|1-Restaurante|1|1-Restaurante|22|Rafael|Gamba|405220008|1| |0| |0|PRINCIPAL|4|0|812358.00|0.00|0.00|81235.00|5|9|0.00|0|0.00|0|0.00|0|0.00|0|0.00|0|0|0|33672.00|0|33672.00|2|0.00|0|0.00|0.00|0.00|0.00|0.00|0.00|154342.00|0.00|1047935.00|1047935.00|5|434372.00|2|0.00|0|0.00|0|0.00|0.00|0|0.00
EMPSHFT|1-Restaurante|1|1-Restaurante|22|Rafael|Gamba|405220008|1| |0| |0|CAPS|1|0|0.00|0.00|0.00|-22420.00|0|0|0.00|0|0.00|0|0.00|0|0.00|0|0.00|0|0|0|140967.00|0|140967.00|12|0.00|0|2145236.00|0.00|0.00|0.00|0.00|0.00|0.00|-22420.00|0.00|-22421.00|0|2085266.00|13|0.00|0|0.00|0|-1.00|0.00|0|0.00
EMPSHFT|1-Restaurante|1|1-Restaurante|22|Camila|Caceres|405220010|1| |0| |0|PRINCIPAL|4|0|1587725.00|0.00|0.00|156251.00|4|15|0.00|0|-30504.00|4|0.00|0|137000.00|1|0.00|0|0|0|92907.00|0|92907.00|4|0.00|0|0.00|0.00|0.00|0.00|0.00|0.00|301675.00|-5269.00|2081424.00|2045651.00|4|1228507.00|4|0.00|0|0.00|0|0.00|0.00|0|0.00
EMPSHFT|1-Restaurante|1|1-Restaurante|22|Camila|Caceres|405220010|1| |0| |0|CAPS|1|0|0.00|0.00|0.00|0.00|0|0|0.00|0|0.00|0|0.00|0|0.00|0|0.00|0|0|0|206217.00|0|206217.00|9|0.00|0|3315585.00|0.00|0.00|0.00|0.00|0.00|0.00|0.00|0.00|-4.00|0|2660213.00|11|0.00|0|0.00|0|-4.00|0.00|0|0.00
EMPSHFT|1-Restaurante|1|1-Restaurante|22|Camila|Caceres|405220010|1| |0| |0|BAR|2|0|1428740.00|0.00|0.00|142873.00|11|29|0.00|0|0.00|0|0.00|0|110500.00|3|0.00|0|0|0|0.00|0|0.00|0|0.00|0|0.00|0.00|0.00|0.00|0.00|0.00|271460.00|0.00|1843073.00|1843073.00|11|0.00|0|0.00|0|0.00|0|0.00|0.00|0|0.00
EMPSHFT|1-Restaurante|1|1-Restaurante|22|Maria Fernanda|Castillo|405220011|1| |0| |0|BAR|2|0|1167986.00|0.00|0.00|116798.00|8|20|0.00|0|0.00|0|0.00|0|0.00|0|0.00|0|0|0|0.00|0|0.00|0|0.00|0|0.00|0.00|0.00|0.00|0.00|0.00|221914.00|0.00|1506698.00|1506698.00|8|0.00|0|0.00|0|0.00|0|0.00|0.00|0|0.00
EMPSHFT|1-Restaurante|1|1-Restaurante|22|Maria Fernanda|Castillo|405220011|1| |0| |0|PRINCIPAL|4|0|322269.00|0.00|0.00|32227.00|3|4|0.00|0|-12849.00|3|0.00|0|0.00|0|0.00|0|0|0|35429.00|0|35429.00|3|0.00|0|0.00|0.00|0.00|0.00|0.00|0.00|61231.00|-2219.00|430795.00|415727.00|3|457029.00|3|0.00|0|0.00|0|0.00|0.00|0|0.00
EMPSHFT|1-Restaurante|1|1-Restaurante|22|Maria Fernanda|Castillo|405220011|1| |0| |0|CAPS|1|0|0.00|0.00|0.00|0.00|0|0|0.00|0|0.00|0|0.00|0|0.00|0|0.00|0|0|0|113596.00|0|113596.00|7|0.00|0|1639286.00|0.00|0.00|0.00|0.00|0.00|0.00|0.00|0.00|6.00|0|1465402.00|8|0.00|0|0.00|0|6.00|0.00|0|0.00
EMPTM|1-Restaurante|1|1-Restaurante|22|Sebastian|Rey|405220007|Contado|102|Contado|102|Payment|0.00|0
EMPTM|1-Restaurante|1|1-Restaurante|22|Maria Fernanda|Castillo|405220011|Contado|102|Contado|102|Payment|0.00|0
EMPTM|1-Restaurante|1|1-Restaurante|22|Jenny Katerine|Roa|404270001|Contado|102|Contado|102|Payment|0.00|0
EMPTM|1-Restaurante|1|1-Restaurante|22|Jenny Katerine|Roa|404270001|Visa |204|Visa |204|Payment|5033853.00|23
EMPTM|1-Restaurante|1|1-Restaurante|22|Jenny Katerine|Roa|404270001|Efectivo |101|Efectivo |101|Payment|1981776.00|31
EMPTM|1-Restaurante|1|1-Restaurante|22|Jenny Katerine|Roa|404270001|Master Card|202|Master Card|202|Payment|5877958.00|28
EMPOTSLS|1-Restaurante|1|1-Restaurante|22|Sebastian|Rey|405220007|Para Aqui|1|Para Aqui|1|20|43|0|0|2751010.00|0.00|0.00|0|0.00|0|0.00|0.00|0|0.00|0|0.00|0|0.00|0|0.00|0|0.00|0|0.00|0|0.00|0|0.00|0.00|2751010.00
EMPOTSLS|1-Restaurante|1|1-Restaurante|22|Maria Fernanda|Castillo|405220011|Para Aqui|1|Para Aqui|1|11|24|0|0|1490255.00|0.00|0.00|0|0.00|0|0.00|0.00|0|0.00|0|0.00|0|0.00|0|0.00|0|0.00|0|0.00|0|0.00|0|0.00|0.00|1490255.00
EMPOTSLS|1-Restaurante|1|1-Restaurante|22|Jenny Katerine|Roa|404270001|Para Aqui|1|Para Aqui|1|7|7|0|0|832356.00|0.00|0.00|0|0.00|0|0.00|0.00|0|0.00|0|0.00|0|0.00|0|0.00|0|0.00|0|0.00|0|0.00|0|0.00|0.00|832356.00
EMPOTSLS|1-Restaurante|1|1-Restaurante|22|Sebastian|Rey|405220007|Para Llevar|2|Para Llevar|2|0|0|0|0|32773.00|0.00|0.00|0|0.00|0|0.00|0.00|0|0.00|0|0.00|0|0.00|0|0.00|0|0.00|0|0.00|0|0.00|0|0.00|0.00|32773.00
EMPOTSLS|1-Restaurante|1|1-Restaurante|22|Rafael|Gamba|405220008|Para Aqui|1|Para Aqui|1|15|29|0|0|1970598.00|0.00|0.00|0|0.00|0|0.00|0.00|0|0.00|0|0.00|0|0.00|0|0.00|0|0.00|0|0.00|0|0.00|0|0.00|0.00|1970598.00
EMPOTSLS|1-Restaurante|1|1-Restaurante|22|Camila|Caceres|405220010|Para Aqui|1|Para Aqui|1|15|44|0|0|3016465.00|0.00|0.00|0|0.00|0|0.00|0.00|0|0.00|0|0.00|0|0.00|0|0.00|0|0.00|0|0.00|0|0.00|0|0.00|0.00|3016465.00
