EMPID|AB80|Andres Bazaar 80|20241210|20241210|20250111|122205|2.00|2.00|Simphony|19.7.2
EMP|1-Restaurante|1|1-Restaurante|22|Miguel|Ramirez|404220003|15|13|0|0|5852786.00|569816.00|-17747.00|2|0.00|0|-18524.00|-5.00|73000.00|2|0.00|0|53660.00|1|7534611.00|15|7544367.00|15|0.00|0|0.00|0|0.00|570572.00|0.00|0|5852786.00|0.00|0.00|5852786.00
EMP|1-Restaurante|1|1-Restaurante|22|Juan Carlos|Rodriguez|402240001|0|0|0|0|0.00|0.00|0.00|0|0.00|0|0.00|0.00|0.00|0|0.00|0|0.00|1|0.00|0|0.00|0|0.00|0|0.00|0|0.00|0.00|0.00|0|0.00|0.00|0.00|0.00
EMP|1-Restaurante|1|1-Restaurante|22|Gabriela|Jurado Giraldo|404220006|7|6|0|0|539076.00|53906.00|0.00|0|0.00|0|0.00|-5.00|29000.00|1|0.00|0|0.00|0|695401.00|7|685645.00|6|0.00|0|0.00|0|0.00|53150.00|0.00|0|539076.00|0.00|0.00|539076.00
EMP|1-Restaurante|1|1-Restaurante|22|Jonatan Steven|Fernandez Medina|76|1|1|0|0|1.00|9999.00|0.00|0|0.00|0|0.00|0.00|0.00|0|0.00|0|0.00|0|10000.00|1|10000.00|1|0.00|0|0.00|0|0.00|9999.00|0.00|0|1.00|0.00|0.00|1.00
EMPSHFT|1-Restaurante|1|1-Restaurante|22|Jonatan Steven|Fernandez Medina|76|1| |0| |0|CAPS|1|0|1.00|0.00|0.00|9999.00|1|1|0.00|0|0.00|0|0.00|0|0.00|0|0.00|0|0|0|9999.00|0|9999.00|1|0.00|0|1.00|0.00|0.00|0.00|0.00|0.00|0.00|0.00|10000.00|10000.00|1|10000.00|1|0.00|0|0.00|0|0.00|0.00|0|0.00
EMPSHFT|1-Restaurante|1|1-Restaurante|22|Miguel|Ramirez|404220003|1| |0| |0|PRINCIPAL|4|0|3898413.00|0.00|0.00|389838.00|13|13|0.00|0|0.00|0|0.00|0|73000.00|2|0.00|0|0|0|435215.00|0|435215.00|4|0.00|0|0.00|0.00|0.00|0.00|0.00|0.00|740687.00|0.00|5028938.00|5028938.00|13|5614315.00|4|0.00|0|0.00|0|0.00|0.00|0|0.00
EMPSHFT|1-Restaurante|1|1-Restaurante|22|Miguel|Ramirez|404220003|1| |0| |0|BARRA|3|0|1954373.00|0.00|0.00|179978.00|2|0|0.00|0|-17747.00|2|0.00|0|0.00|0|0.00|0|0|0|135357.00|0|135357.00|9|0.00|0|0.00|0.00|0.00|0.00|0.00|0.00|371327.00|-18524.00|2541949.00|2505678.00|2|1930057.00|11|0.00|0|0.00|0|0.00|0.00|0|0.00
EMPSHFT|1-Restaurante|1|1-Restaurante|22|Miguel|Ramirez|404220003|1| |0| |0|CAPS|1|0|0.00|0.00|0.00|0.00|0|0|0.00|0|0.00|0|0.00|0|0.00|0|0.00|0|0|0|0.00|0|0.00|0|0.00|0|6423811.00|0.00|0.00|0.00|0.00|0.00|0.00|0.00|0.00|-5.00|0|-5.00|0|0.00|0|0.00|0|-5.00|0.00|0|0.00
EMPSHFT|1-Restaurante|1|1-Restaurante|22|Gabriela|Jurado Giraldo|404220006|1| |0| |0|BARRA|3|0|350420.00|0.00|0.00|35041.00|5|4|0.00|0|0.00|0|0.00|0|29000.00|1|0.00|0|0|0|9344.00|0|9344.00|1|0.00|0|0.00|0.00|0.00|0.00|0.00|0.00|66580.00|0.00|452041.00|452041.00|5|120544.00|1|0.00|0|0.00|0|0.00|0.00|0|0.00
EMPSHFT|1-Restaurante|1|1-Restaurante|22|Gabriela|Jurado Giraldo|404220006|1| |0| |0|PRINCIPAL|4|0|49160.00|0.00|0.00|4916.00|1|1|0.00|0|0.00|0|0.00|0|0.00|0|0.00|0|0|0|43134.00|0|43134.00|4|0.00|0|0.00|0.00|0.00|0.00|0.00|0.00|9340.00|0.00|63416.00|63416.00|1|556434.00|4|0.00|0|0.00|0|0.00|0.00|0|0.00
EMPSHFT|1-Restaurante|1|1-Restaurante|22|Gabriela|Jurado Giraldo|404220006|1| |0| |0|BAR|2|0|139496.00|0.00|0.00|13949.00|1|1|0.00|0|0.00|0|0.00|0|0.00|0|0.00|0|0|0|0.00|0|0.00|0|0.00|0|0.00|0.00|0.00|0.00|0.00|0.00|26504.00|0.00|179949.00|179949.00|1|0.00|0|0.00|0|0.00|0|0.00|0.00|0|0.00
EMPSHFT|1-Restaurante|1|1-Restaurante|22|Gabriela|Jurado Giraldo|404220006|1| |0| |0|CAPS|1|0|0.00|0.00|0.00|0.00|0|0|0.00|0|0.00|0|0.00|0|0.00|0|0.00|0|0|0|672.00|0|672.00|1|0.00|0|584658.00|0.00|0.00|0.00|0.00|0.00|0.00|0.00|0.00|-5.00|0|8667.00|1|0.00|0|0.00|0|-5.00|0.00|0|0.00
EMPTM|1-Restaurante|1|1-Restaurante|22|Miguel|Ramirez|404220003|Contado|102|Contado|102|Payment|0.00|0
EMPTM|1-Restaurante|1|1-Restaurante|22|Juan Carlos|Rodriguez|402240001|Contado|102|Contado|102|Payment|0.00|0
EMPTM|1-Restaurante|1|1-Restaurante|22|Gabriela|Jurado Giraldo|404220006|Contado|102|Contado|102|Payment|0.00|0
EMPTM|1-Restaurante|1|1-Restaurante|22|Jonatan Steven|Fernandez Medina|76|Contado|102|Contado|102|Payment|0.00|0
EMPTM|1-Restaurante|1|1-Restaurante|22|Jonatan Steven|Fernandez Medina|76|Master Card|202|Master Card|202|Payment|1397544.00|6
EMPTM|1-Restaurante|1|1-Restaurante|22|Jonatan Steven|Fernandez Medina|76|Efectivo |101|Efectivo |101|Payment|230160.00|4
EMPTM|1-Restaurante|1|1-Restaurante|22|Jonatan Steven|Fernandez Medina|76|Visa |204|Visa |204|Payment|6612308.00|14
EMPOTSLS|1-Restaurante|1|1-Restaurante|22|Jonatan Steven|Fernandez Medina|76|Para Aqui|1|Para Aqui|1|1|1|0|0|1.00|0.00|0.00|0|0.00|0|0.00|0.00|0|0.00|0|0.00|0|0.00|0|0.00|0|0.00|0|0.00|0|0.00|0|0.00|0.00|1.00
EMPOTSLS|1-Restaurante|1|1-Restaurante|22|Miguel|Ramirez|404220003|Para Aqui|1|Para Aqui|1|0|0|0|0|34370.00|0.00|0.00|0|0.00|0|0.00|0.00|0|0.00|0|0.00|0|0.00|0|0.00|0|0.00|0|0.00|0|0.00|0|0.00|0.00|34370.00
EMPOTSLS|1-Restaurante|1|1-Restaurante|22|Miguel|Ramirez|404220003|Para Aqui|1|Para Aqui|1|0|0|0|0|7563.00|0.00|0.00|0|0.00|0|0.00|0.00|0|0.00|0|0.00|0|0.00|0|0.00|0|0.00|0|0.00|0|0.00|0|0.00|0.00|7563.00
EMPOTSLS|1-Restaurante|1|1-Restaurante|22|Miguel|Ramirez|404220003|Para Aqui|1|Para Aqui|1|0|0|0|0|12185.00|0.00|0.00|0|0.00|0|0.00|0.00|0|0.00|0|0.00|0|0.00|0|0.00|0|0.00|0|0.00|0|0.00|0|0.00|0.00|12185.00
EMPOTSLS|1-Restaurante|1|1-Restaurante|22|Miguel|Ramirez|404220003|Para Aqui|1|Para Aqui|1|0|0|0|0|83361.00|0.00|0.00|0|0.00|0|0.00|0.00|0|0.00|0|0.00|0|0.00|0|0.00|0|0.00|0|0.00|0|0.00|0|0.00|0.00|83361.00
EMPOTSLS|1-Restaurante|1|1-Restaurante|22|Miguel|Ramirez|404220003|Para Aqui|1|Para Aqui|1|1|1|0|0|106219.00|0.00|0.00|0|0.00|0|0.00|0.00|0|0.00|0|0.00|0|0.00|0|0.00|0|0.00|0|0.00|0|0.00|0|0.00|0.00|106219.00
EMPOTSLS|1-Restaurante|1|1-Restaurante|22|Miguel|Ramirez|404220003|Para Aqui|1|Para Aqui|1|0|0|0|0|48319.00|0.00|0.00|0|0.00|0|0.00|0.00|0|0.00|0|0.00|0|0.00|0|0.00|0|0.00|0|0.00|0|0.00|0|0.00|0.00|48319.00
EMPOTSLS|1-Restaurante|1|1-Restaurante|22|Miguel|Ramirez|404220003|Para Aqui|1|Para Aqui|1|0|0|0|0|81933.00|0.00|0.00|0|0.00|0|0.00|0.00|0|0.00|0|0.00|0|0.00|0|0.00|0|0.00|0|0.00|0|0.00|0|0.00|0.00|81933.00
EMPOTSLS|1-Restaurante|1|1-Restaurante|22|Miguel|Ramirez|404220003|Para Aqui|1|Para Aqui|1|1|1|0|0|115463.00|0.00|0.00|0|0.00|0|0.00|0.00|0|0.00|0|0.00|0|0.00|0|0.00|0|0.00|0|0.00|0|0.00|0|0.00|0.00|115463.00
EMPOTSLS|1-Restaurante|1|1-Restaurante|22|Miguel|Ramirez|404220003|Para Aqui|1|Para Aqui|1|0|0|0|0|23362.00|0.00|0.00|0|0.00|0|0.00|0.00|0|0.00|0|0.00|0|0.00|0|0.00|0|0.00|0|0.00|0|0.00|0|0.00|0.00|23362.00
EMPOTSLS|1-Restaurante|1|1-Restaurante|22|Miguel|Ramirez|404220003|Para Aqui|1|Para Aqui|1|0|0|0|0|93025.00|0.00|0.00|0|0.00|0|0.00|0.00|0|0.00|0|0.00|0|0.00|0|0.00|0|0.00|0|0.00|0|0.00|0|0.00|0.00|93025.00
EMPOTSLS|1-Restaurante|1|1-Restaurante|22|Miguel|Ramirez|404220003|Para Aqui|1|Para Aqui|1|0|0|0|0|17983.00|0.00|0.00|0|0.00|0|0.00|0.00|0|0.00|0|0.00|0|0.00|0|0.00|0|0.00|0|0.00|0|0.00|0|0.00|0.00|17983.00
EMPOTSLS|1-Restaurante|1|1-Restaurante|22|Miguel|Ramirez|404220003|Para Aqui|1|Para Aqui|1|1|0|0|0|0.00|0.00|0.00|0|0.00|0|0.00|0.00|0|0.00|0|0.00|0|0.00|0|0.00|0|0.00|0|0.00|0|0.00|0|0.00|0.00|0.00
EMPOTSLS|1-Restaurante|1|1-Restaurante|22|Miguel|Ramirez|404220003|Para Aqui|1|Para Aqui|1|1|1|0|0|61512.00|0.00|0.00|0|0.00|0|0.00|0.00|0|0.00|0|0.00|0|0.00|0|0.00|0|0.00|0|0.00|0|0.00|0|0.00|0.00|61512.00
EMPOTSLS|1-Restaurante|1|1-Restaurante|22|Miguel|Ramirez|404220003|Para Aqui|1|Para Aqui|1|0|0|0|0|54202.00|0.00|0.00|0|0.00|0|0.00|0.00|0|0.00|0|0.00|0|0.00|0|0.00|0|0.00|0|0.00|0|0.00|0|0.00|0.00|54202.00
EMPOTSLS|1-Restaurante|1|1-Restaurante|22|Miguel|Ramirez|404220003|Para Aqui|1|Para Aqui|1|0|0|0|0|7563.00|0.00|0.00|0|0.00|0|0.00|0.00|0|0.00|0|0.00|0|0.00|0|0.00|0|0.00|0|0.00|0|0.00|0|0.00|0.00|7563.00
EMPOTSLS|1-Restaurante|1|1-Restaurante|22|Miguel|Ramirez|404220003|Para Aqui|1|Para Aqui|1|0|0|0|0|103782.00|0.00|0.00|0|0.00|0|0.00|0.00|0|0.00|0|0.00|0|0.00|0|0.00|0|0.00|0|0.00|0|0.00|0|0.00|0.00|103782.00
EMPOTSLS|1-Restaurante|1|1-Restaurante|22|Gabriela|Jurado Giraldo|404220006|Para Aqui|1|Para Aqui|1|1|1|0|0|32689.00|0.00|0.00|0|0.00|0|0.00|0.00|0|0.00|0|0.00|0|0.00|0|0.00|0|0.00|0|0.00|0|0.00|0|0.00|0.00|32689.00
EMPOTSLS|1-Restaurante|1|1-Restaurante|22|Gabriela|Jurado Giraldo|404220006|Para Aqui|1|Para Aqui|1|1|1|0|0|39916.00|0.00|0.00|0|0.00|0|0.00|0.00|0|0.00|0|0.00|0|0.00|0|0.00|0|0.00|0|0.00|0|0.00|0|0.00|0.00|39916.00
EMPOTSLS|1-Restaurante|1|1-Restaurante|22|Miguel|Ramirez|404220003|Para Aqui|1|Para Aqui|1|0|0|0|0|57563.00|0.00|0.00|0|0.00|0|0.00|0.00|0|0.00|0|0.00|0|0.00|0|0.00|0|0.00|0|0.00|0|0.00|0|0.00|0.00|57563.00
EMPOTSLS|1-Restaurante|1|1-Restaurante|22|Miguel|Ramirez|404220003|Para Aqui|1|Para Aqui|1|1|1|0|0|119411.00|0.00|0.00|0|0.00|0|0.00|0.00|0|0.00|0|0.00|0|0.00|0|0.00|0|0.00|0|0.00|0|0.00|0|0.00|0.00|119411.00
EMPOTSLS|1-Restaurante|1|1-Restaurante|22|Miguel|Ramirez|404220003|Para Aqui|1|Para Aqui|1|0|0|0|0|8151.00|0.00|0.00|0|0.00|0|0.00|0.00|0|0.00|0|0.00|0|0.00|0|0.00|0|0.00|0|0.00|0|0.00|0|0.00|0.00|8151.00
EMPOTSLS|1-Restaurante|1|1-Restaurante|22|Miguel|Ramirez|404220003|Para Aqui|1|Para Aqui|1|0|0|0|0|37818.00|0.00|0.00|0|0.00|0|0.00|0.00|0|0.00|0|0.00|0|0.00|0|0.00|0|0.00|0|0.00|0|0.00|0|0.00|0.00|37818.00
EMPOTSLS|1-Restaurante|1|1-Restaurante|22|Miguel|Ramirez|404220003|Para Aqui|1|Para Aqui|1|0|0|0|0|15126.00|0.00|0.00|0|0.00|0|0.00|0.00|0|0.00|0|0.00|0|0.00|0|0.00|0|0.00|0|0.00|0|0.00|0|0.00|0.00|15126.00
EMPOTSLS|1-Restaurante|1|1-Restaurante|22|Miguel|Ramirez|404220003|Para Aqui|1|Para Aqui|1|0|-1|0|0|-16134.00|0.00|0.00|0|0.00|0|0.00|0.00|0|0.00|0|0.00|0|0.00|0|0.00|0|0.00|0|0.00|0|0.00|0|0.00|0.00|-16134.00
EMPOTSLS|1-Restaurante|1|1-Restaurante|22|Miguel|Ramirez|404220003|Para Aqui|1|Para Aqui|1|0|0|0|0|753613.00|0.00|0.00|0|0.00|0|0.00|0.00|0|0.00|0|0.00|0|0.00|0|0.00|0|0.00|0|0.00|0|0.00|0|0.00|0.00|753613.00
EMPOTSLS|1-Restaurante|1|1-Restaurante|22|Gabriela|Jurado Giraldo|404220006|Para Aqui|1|Para Aqui|1|1|1|0|0|139496.00|0.00|0.00|0|0.00|0|0.00|0.00|0|0.00|0|0.00|0|0.00|0|0.00|0|0.00|0|0.00|0|0.00|0|0.00|0.00|139496.00
EMPOTSLS|1-Restaurante|1|1-Restaurante|22|Gabriela|Jurado Giraldo|404220006|Para Aqui|1|Para Aqui|1|0|0|0|0|50252.00|0.00|0.00|0|0.00|0|0.00|0.00|0|0.00|0|0.00|0|0.00|0|0.00|0|0.00|0|0.00|0|0.00|0|0.00|0.00|50252.00
EMPOTSLS|1-Restaurante|1|1-Restaurante|22|Miguel|Ramirez|404220003|Para Aqui|1|Para Aqui|1|1|1|0|0|115463.00|0.00|0.00|0|0.00|0|0.00|0.00|0|0.00|0|0.00|0|0.00|0|0.00|0|0.00|0|0.00|0|0.00|0|0.00|0.00|115463.00
EMPOTSLS|1-Restaurante|1|1-Restaurante|22|Miguel|Ramirez|404220003|Para Aqui|1|Para Aqui|1|0|0|0|0|116218.00|0.00|0.00|0|0.00|0|0.00|0.00|0|0.00|0|0.00|0|0.00|0|0.00|0|0.00|0|0.00|0|0.00|0|0.00|0.00|116218.00
EMPOTSLS|1-Restaurante|1|1-Restaurante|22|Miguel|Ramirez|404220003|Para Aqui|1|Para Aqui|1|0|0|0|0|142439.00|0.00|0.00|0|0.00|0|0.00|0.00|0|0.00|0|0.00|0|0.00|0|0.00|0|0.00|0|0.00|0|0.00|0|0.00|0.00|142439.00
EMPOTSLS|1-Restaurante|1|1-Restaurante|22|Miguel|Ramirez|404220003|Para Aqui|1|Para Aqui|1|1|1|0|0|1070426.00|0.00|0.00|0|0.00|0|0.00|0.00|0|0.00|0|0.00|0|0.00|0|0.00|0|0.00|0|0.00|0|0.00|0|0.00|0.00|1070426.00
EMPOTSLS|1-Restaurante|1|1-Restaurante|22|Miguel|Ramirez|404220003|Para Aqui|1|Para Aqui|1|0|0|0|0|255882.00|0.00|0.00|0|0.00|0|0.00|0.00|0|0.00|0|0.00|0|0.00|0|0.00|0|0.00|0|0.00|0|0.00|0|0.00|0.00|255882.00
EMPOTSLS|1-Restaurante|1|1-Restaurante|22|Miguel|Ramirez|404220003|Para Aqui|1|Para Aqui|1|0|0|0|0|252942.00|0.00|0.00|0|0.00|0|0.00|0.00|0|0.00|0|0.00|0|0.00|0|0.00|0|0.00|0|0.00|0|0.00|0|0.00|0.00|252942.00
EMPOTSLS|1-Restaurante|1|1-Restaurante|22|Miguel|Ramirez|404220003|Para Aqui|1|Para Aqui|1|0|0|0|0|16134.00|0.00|0.00|0|0.00|0|0.00|0.00|0|0.00|0|0.00|0|0.00|0|0.00|0|0.00|0|0.00|0|0.00|0|0.00|0.00|16134.00
EMPOTSLS|1-Restaurante|1|1-Restaurante|22|Gabriela|Jurado Giraldo|404220006|Para Aqui|1|Para Aqui|1|1|1|0|0|6723.00|0.00|0.00|0|0.00|0|0.00|0.00|0|0.00|0|0.00|0|0.00|0|0.00|0|0.00|0|0.00|0|0.00|0|0.00|0.00|6723.00
EMPOTSLS|1-Restaurante|1|1-Restaurante|22|Miguel|Ramirez|404220003|Para Aqui|1|Para Aqui|1|1|1|0|0|7563.00|0.00|0.00|0|0.00|0|0.00|0.00|0|0.00|0|0.00|0|0.00|0|0.00|0|0.00|0|0.00|0|0.00|0|0.00|0.00|7563.00
EMPOTSLS|1-Restaurante|1|1-Restaurante|22|Miguel|Ramirez|404220003|Para Aqui|1|Para Aqui|1|0|0|0|0|123026.00|0.00|0.00|0|0.00|0|0.00|0.00|0|0.00|0|0.00|0|0.00|0|0.00|0|0.00|0|0.00|0|0.00|0|0.00|0.00|123026.00
EMPOTSLS|1-Restaurante|1|1-Restaurante|22|Miguel|Ramirez|404220003|Para Aqui|1|Para Aqui|1|0|0|0|0|10420.00|0.00|0.00|0|0.00|0|0.00|0.00|0|0.00|0|0.00|0|0.00|0|0.00|0|0.00|0|0.00|0|0.00|0|0.00|0.00|10420.00
EMPOTSLS|1-Restaurante|1|1-Restaurante|22|Miguel|Ramirez|404220003|Para Aqui|1|Para Aqui|1|0|0|0|0|103782.00|0.00|0.00|0|0.00|0|0.00|0.00|0|0.00|0|0.00|0|0.00|0|0.00|0|0.00|0|0.00|0|0.00|0|0.00|0.00|103782.00
EMPOTSLS|1-Restaurante|1|1-Restaurante|22|Miguel|Ramirez|404220003|Para Aqui|1|Para Aqui|1|1|1|0|0|149832.00|0.00|0.00|0|0.00|0|0.00|0.00|0|0.00|0|0.00|0|0.00|0|0.00|0|0.00|0|0.00|0|0.00|0|0.00|0.00|149832.00
EMPOTSLS|1-Restaurante|1|1-Restaurante|22|Miguel|Ramirez|404220003|Para Aqui|1|Para Aqui|1|0|0|0|0|15126.00|0.00|0.00|0|0.00|0|0.00|0.00|0|0.00|0|0.00|0|0.00|0|0.00|0|0.00|0|0.00|0|0.00|0|0.00|0.00|15126.00
EMPOTSLS|1-Restaurante|1|1-Restaurante|22|Miguel|Ramirez|404220003|Para Aqui|1|Para Aqui|1|0|0|0|0|11681.00|0.00|0.00|0|0.00|0|0.00|0.00|0|0.00|0|0.00|0|0.00|0|0.00|0|0.00|0|0.00|0|0.00|0|0.00|0.00|11681.00
EMPOTSLS|1-Restaurante|1|1-Restaurante|22|Miguel|Ramirez|404220003|Para Aqui|1|Para Aqui|1|1|1|0|0|11596.00|0.00|0.00|0|0.00|0|0.00|0.00|0|0.00|0|0.00|0|0.00|0|0.00|0|0.00|0|0.00|0|0.00|0|0.00|0.00|11596.00
EMPOTSLS|1-Restaurante|1|1-Restaurante|22|Miguel|Ramirez|404220003|Para Aqui|1|Para Aqui|1|0|0|0|0|440503.00|0.00|0.00|0|0.00|0|0.00|0.00|0|0.00|0|0.00|0|0.00|0|0.00|0|0.00|0|0.00|0|0.00|0|0.00|0.00|440503.00
EMPOTSLS|1-Restaurante|1|1-Restaurante|22|Miguel|Ramirez|404220003|Para Aqui|1|Para Aqui|1|0|0|0|0|207900.00|0.00|0.00|0|0.00|0|0.00|0.00|0|0.00|0|0.00|0|0.00|0|0.00|0|0.00|0|0.00|0|0.00|0|0.00|0.00|207900.00
EMPOTSLS|1-Restaurante|1|1-Restaurante|22|Gabriela|Jurado Giraldo|404220006|Para Aqui|1|Para Aqui|1|0|0|0|0|10420.00|0.00|0.00|0|0.00|0|0.00|0.00|0|0.00|0|0.00|0|0.00|0|0.00|0|0.00|0|0.00|0|0.00|0|0.00|0.00|10420.00
EMPOTSLS|1-Restaurante|1|1-Restaurante|22|Gabriela|Jurado Giraldo|404220006|Para Aqui|1|Para Aqui|1|1|1|0|0|49160.00|0.00|0.00|0|0.00|0|0.00|0.00|0|0.00|0|0.00|0|0.00|0|0.00|0|0.00|0|0.00|0|0.00|0|0.00|0.00|49160.00
EMPOTSLS|1-Restaurante|1|1-Restaurante|22|Miguel|Ramirez|404220003|Para Aqui|1|Para Aqui|1|0|0|0|0|22269.00|0.00|0.00|0|0.00|0|0.00|0.00|0|0.00|0|0.00|0|0.00|0|0.00|0|0.00|0|0.00|0|0.00|0|0.00|0.00|22269.00
EMPOTSLS|1-Restaurante|1|1-Restaurante|22|Miguel|Ramirez|404220003|Para Aqui|1|Para Aqui|1|0|0|0|0|7563.00|0.00|0.00|0|0.00|0|0.00|0.00|0|0.00|0|0.00|0|0.00|0|0.00|0|0.00|0|0.00|0|0.00|0|0.00|0.00|7563.00
EMPOTSLS|1-Restaurante|1|1-Restaurante|22|Miguel|Ramirez|404220003|Para Aqui|1|Para Aqui|1|0|0|0|0|11681.00|0.00|0.00|0|0.00|0|0.00|0.00|0|0.00|0|0.00|0|0.00|0|0.00|0|0.00|0|0.00|0|0.00|0|0.00|0.00|11681.00
EMPOTSLS|1-Restaurante|1|1-Restaurante|22|Miguel|Ramirez|404220003|Para Aqui|1|Para Aqui|1|1|1|0|0|36134.00|0.00|0.00|0|0.00|0|0.00|0.00|0|0.00|0|0.00|0|0.00|0|0.00|0|0.00|0|0.00|0|0.00|0|0.00|0.00|36134.00
EMPOTSLS|1-Restaurante|1|1-Restaurante|22|Miguel|Ramirez|404220003|Para Aqui|1|Para Aqui|1|0|0|0|0|11681.00|0.00|0.00|0|0.00|0|0.00|0.00|0|0.00|0|0.00|0|0.00|0|0.00|0|0.00|0|0.00|0|0.00|0|0.00|0.00|11681.00
EMPOTSLS|1-Restaurante|1|1-Restaurante|22|Miguel|Ramirez|404220003|Para Aqui|1|Para Aqui|1|1|1|0|0|38656.00|0.00|0.00|0|0.00|0|0.00|0.00|0|0.00|0|0.00|0|0.00|0|0.00|0|0.00|0|0.00|0|0.00|0|0.00|0.00|38656.00
EMPOTSLS|1-Restaurante|1|1-Restaurante|22|Miguel|Ramirez|404220003|Para Aqui|1|Para Aqui|1|0|0|0|0|11681.00|0.00|0.00|0|0.00|0|0.00|0.00|0|0.00|0|0.00|0|0.00|0|0.00|0|0.00|0|0.00|0|0.00|0|0.00|0.00|11681.00
EMPOTSLS|1-Restaurante|1|1-Restaurante|22|Miguel|Ramirez|404220003|Para Aqui|1|Para Aqui|1|0|0|0|0|137565.00|0.00|0.00|0|0.00|0|0.00|0.00|0|0.00|0|0.00|0|0.00|0|0.00|0|0.00|0|0.00|0|0.00|0|0.00|0.00|137565.00
EMPOTSLS|1-Restaurante|1|1-Restaurante|22|Gabriela|Jurado Giraldo|404220006|Para Aqui|1|Para Aqui|1|1|1|0|0|199916.00|0.00|0.00|0|0.00|0|0.00|0.00|0|0.00|0|0.00|0|0.00|0|0.00|0|0.00|0|0.00|0|0.00|0|0.00|0.00|199916.00
EMPOTSLS|1-Restaurante|1|1-Restaurante|22|Miguel|Ramirez|404220003|Para Aqui|1|Para Aqui|1|1|1|0|0|39411.00|0.00|0.00|0|0.00|0|0.00|0.00|0|0.00|0|0.00|0|0.00|0|0.00|0|0.00|0|0.00|0|0.00|0|0.00|0.00|39411.00
EMPOTSLS|1-Restaurante|1|1-Restaurante|22|Miguel|Ramirez|404220003|Para Aqui|1|Para Aqui|1|0|0|0|0|14706.00|0.00|0.00|0|0.00|0|0.00|0.00|0|0.00|0|0.00|0|0.00|0|0.00|0|0.00|0|0.00|0|0.00|0|0.00|0.00|14706.00
EMPOTSLS|1-Restaurante|1|1-Restaurante|22|Miguel|Ramirez|404220003|Para Aqui|1|Para Aqui|1|0|0|0|0|7563.00|0.00|0.00|0|0.00|0|0.00|0.00|0|0.00|0|0.00|0|0.00|0|0.00|0|0.00|0|0.00|0|0.00|0|0.00|0.00|7563.00
EMPOTSLS|1-Restaurante|1|1-Restaurante|22|Miguel|Ramirez|404220003|Para Aqui|1|Para Aqui|1|1|1|0|0|30840.00|0.00|0.00|0|0.00|0|0.00|0.00|0|0.00|0|0.00|0|0.00|0|0.00|0|0.00|0|0.00|0|0.00|0|0.00|0.00|30840.00
EMPOTSLS|1-Restaurante|1|1-Restaurante|22|Miguel|Ramirez|404220003|Para Aqui|1|Para Aqui|1|0|0|0|0|330252.00|0.00|0.00|0|0.00|0|0.00|0.00|0|0.00|0|0.00|0|0.00|0|0.00|0|0.00|0|0.00|0|0.00|0|0.00|0.00|330252.00
EMPOTSLS|1-Restaurante|1|1-Restaurante|22|Miguel|Ramirez|404220003|Para Aqui|1|Para Aqui|1|0|0|0|0|11345.00|0.00|0.00|0|0.00|0|0.00|0.00|0|0.00|0|0.00|0|0.00|0|0.00|0|0.00|0|0.00|0|0.00|0|0.00|0.00|11345.00
EMPOTSLS|1-Restaurante|1|1-Restaurante|22|Miguel|Ramirez|404220003|Para Aqui|1|Para Aqui|1|0|0|0|0|7563.00|0.00|0.00|0|0.00|0|0.00|0.00|0|0.00|0|0.00|0|0.00|0|0.00|0|0.00|0|0.00|0|0.00|0|0.00|0.00|7563.00
EMPOTSLS|1-Restaurante|1|1-Restaurante|22|Miguel|Ramirez|404220003|Para Aqui|1|Para Aqui|1|0|0|0|0|12185.00|0.00|0.00|0|0.00|0|0.00|0.00|0|0.00|0|0.00|0|0.00|0|0.00|0|0.00|0|0.00|0|0.00|0|0.00|0.00|12185.00
EMPOTSLS|1-Restaurante|1|1-Restaurante|22|Miguel|Ramirez|404220003|Para Aqui|1|Para Aqui|1|0|0|0|0|10420.00|0.00|0.00|0|0.00|0|0.00|0.00|0|0.00|0|0.00|0|0.00|0|0.00|0|0.00|0|0.00|0|0.00|0|0.00|0.00|10420.00
EMPOTSLS|1-Restaurante|1|1-Restaurante|22|Miguel|Ramirez|404220003|Para Aqui|1|Para Aqui|1|0|0|0|0|66218.00|0.00|0.00|0|0.00|0|0.00|0.00|0|0.00|0|0.00|0|0.00|0|0.00|0|0.00|0|0.00|0|0.00|0|0.00|0.00|66218.00
EMPOTSLS|1-Restaurante|1|1-Restaurante|22|Miguel|Ramirez|404220003|Para Aqui|1|Para Aqui|1|0|0|0|0|40672.00|0.00|0.00|0|0.00|0|0.00|0.00|0|0.00|0|0.00|0|0.00|0|0.00|0|0.00|0|0.00|0|0.00|0|0.00|0.00|40672.00
EMPOTSLS|1-Restaurante|1|1-Restaurante|22|Miguel|Ramirez|404220003|Para Aqui|1|Para Aqui|1|0|0|0|0|42857.00|0.00|0.00|0|0.00|0|0.00|0.00|0|0.00|0|0.00|0|0.00|0|0.00|0|0.00|0|0.00|0|0.00|0|0.00|0.00|42857.00
EMPOTSLS|1-Restaurante|1|1-Restaurante|22|Miguel|Ramirez|404220003|Para Aqui|1|Para Aqui|1|1|1|0|0|84201.00|0.00|0.00|0|0.00|0|0.00|0.00|0|0.00|0|0.00|0|0.00|0|0.00|0|0.00|0|0.00|0|0.00|0|0.00|0.00|84201.00
EMPOTSLS|1-Restaurante|1|1-Restaurante|22|Gabriela|Jurado Giraldo|404220006|Para Aqui|1|Para Aqui|1|1|0|0|0|0.00|0.00|0.00|0|0.00|0|0.00|0.00|0|0.00|0|0.00|0|0.00|0|0.00|0|0.00|0|0.00|0|0.00|0|0.00|0.00|0.00
EMPOTSLS|1-Restaurante|1|1-Restaurante|22|Gabriela|Jurado Giraldo|404220006|Para Aqui|1|Para Aqui|1|0|0|0|0|10504.00|0.00|0.00|0|0.00|0|0.00|0.00|0|0.00|0|0.00|0|0.00|0|0.00|0|0.00|0|0.00|0|0.00|0|0.00|0.00|10504.00
