EMPID|APC|Andres Plaza Claro|20241207|20241207|20250108|122219|2.00|2.00|Simphony|19.7.2
EMP|1-Restaurante|1|1-Restaurante|22|Sebastian|Rey|405220007|15|34|0|0|2485794.00|242985.00|-4345869.00|59|0.00|0|-776669.00|-3.00|56337800.00|9|0.00|0|458546.00|3|3213582.00|15|3056397.00|14|0.00|0|0.00|0|0.00|230800.00|0.00|0|2551508.00|-65714.00|-65714.00|2485794.00
EMP|1-Restaurante|1|1-Restaurante|22|Maria Fernanda|Castillo|405220011|11|23|0|0|1751430.00|155762.00|-38731.00|3|0.00|0|-45446.00|-2.00|98300.00|3|0.00|0|85639.00|1|2239960.00|11|2239960.00|12|0.00|0|0.00|0|0.00|155762.00|0.00|0|1751430.00|0.00|0.00|1751430.00
EMP|1-Restaurante|1|1-Restaurante|22|Camila|Caceres|405220010|10|18|0|0|888739.00|88872.00|-1223212.00|70|0.00|0|-211289.00|0.00|316900.00|3|0.00|0|0.00|0|1146472.00|10|1303657.00|9|0.00|0|0.00|0|0.00|101057.00|0.00|0|888739.00|0.00|0.00|888739.00
EMP|1-Restaurante|1|1-Restaurante|22|SEBASTIAN|GARCIA CAVANZO|405260005|2|2|0|0|4032082.00|323124.00|0.00|0|0.00|0|0.00|0.00|939000.00|2|0.00|0|0.00|0|5121324.00|2|5121324.00|2|0.00|0|0.00|0|0.00|323124.00|0.00|0|4032082.00|0.00|0.00|4032082.00
EMP|1-Restaurante|1|1-Restaurante|22|Jenny Katerine|Roa|404270001|12|12|0|0|1146469.00|104379.00|0.00|0|0.00|0|-10264.00|28.00|167800.00|4|0.00|0|0.00|1|1468707.00|13|1468707.00|13|0.00|0|0.00|0|0.00|104379.00|0.00|0|1146469.00|0.00|0.00|1146469.00
EMPSHFT|1-Restaurante|1|1-Restaurante|22|Jenny Katerine|Roa|404270001|1| |0| |0|BARRA|3|0|165379.00|0.00|0.00|16538.00|1|1|0.00|0|0.00|0|0.00|0|0.00|0|0.00|0|0|0|0.00|0|0.00|0|0.00|0|0.00|0.00|0.00|0.00|0.00|0.00|31421.00|0.00|213338.00|213338.00|1|0.00|0|0.00|0|0.00|0|0.00|0.00|0|0.00
EMPSHFT|1-Restaurante|1|1-Restaurante|22|Jenny Katerine|Roa|404270001|1| |0| |0|CAPS|1|0|968905.00|0.00|0.00|86623.00|11|11|0.00|0|0.00|0|0.00|0|167800.00|4|0.00|0|0|0|104379.00|0|104379.00|12|0.00|0|1184552.00|0.00|0.00|0.00|0.00|0.00|184095.00|-10264.00|1249887.00|1239651.00|12|1468707.00|13|0.00|0|0.00|0|28.00|0.00|0|0.00
EMPSHFT|1-Restaurante|1|1-Restaurante|22|Jenny Katerine|Roa|404270001|1| |0| |0|BAR|2|0|12185.00|0.00|0.00|1218.00|0|0|0.00|0|0.00|0|0.00|0|0.00|0|0.00|0|0|0|0.00|0|0.00|0|0.00|0|0.00|0.00|0.00|0.00|0.00|0.00|2315.00|0.00|15718.00|15718.00|0|0.00|0|0.00|0|0.00|0|0.00|0.00|0|0.00
EMPSHFT|1-Restaurante|1|1-Restaurante|22|Sebastian|Rey|405220007|1| |0| |0|PRINCIPAL|4|0|758819.00|0.00|0.00|75881.00|3|10|0.00|0|0.00|0|0.00|0|0.00|0|0.00|0|0|0|401787.00|0|401787.00|4|0.00|0|0.00|0.00|0.00|0.00|0.00|0.00|144181.00|0.00|978881.00|978881.00|3|6136087.00|4|0.00|0|0.00|0|0.00|0.00|0|0.00
EMPSHFT|1-Restaurante|1|1-Restaurante|22|Sebastian|Rey|405220007|1| |0| |0|BARRA|3|0|2061328.00|0.00|0.00|206133.00|4|9|0.00|0|0.00|0|0.00|0|232300.00|2|0.00|0|0|0|0.00|0|0.00|0|0.00|0|0.00|0.00|0.00|0.00|0.00|0.00|391672.00|0.00|2659133.00|2659133.00|4|0.00|0|0.00|0|0.00|0|0.00|0.00|0|0.00
EMPSHFT|1-Restaurante|1|1-Restaurante|22|Sebastian|Rey|405220007|1| |0| |0|BAR|2|0|2536544.00|0.00|0.00|253654.00|7|15|0.00|0|0.00|0|0.00|0|56056000.00|6|0.00|0|0|0|0.00|0|0.00|0|0.00|0|0.00|0.00|0.00|0.00|0.00|0.00|481956.00|0.00|3272154.00|3272154.00|7|0.00|0|0.00|0|0.00|0|0.00|0.00|0|0.00
EMPSHFT|1-Restaurante|1|1-Restaurante|22|Sebastian|Rey|405220007|1| |0| |0|CAPS|1|0|-2870897.00|-65714.00|0.00|-292683.00|1|0|0.00|0|-4345869.00|59|0.00|0|49500.00|1|0.00|0|0|0|-170987.00|0|-170987.00|10|0.00|0|2635039.00|0.00|0.00|0.00|0.00|0.00|-533017.00|-776669.00|1491655.00|-3696586.00|1|-3079690.00|10|0.00|0|0.00|0|-3.00|0.00|0|0.00
EMPSHFT|1-Restaurante|1|1-Restaurante|22|Camila|Caceres|405220010|1| |0| |0|BAR|2|0|921260.00|0.00|0.00|92124.00|7|19|0.00|0|0.00|0|0.00|0|15800.00|1|0.00|0|0|0|0.00|0|0.00|0|0.00|0|0.00|0.00|0.00|0.00|0.00|0.00|175040.00|0.00|1188424.00|1188424.00|7|0.00|0|0.00|0|0.00|0|0.00|0.00|0|0.00
EMPSHFT|1-Restaurante|1|1-Restaurante|22|Camila|Caceres|405220010|1| |0| |0|PRINCIPAL|4|0|1079490.00|0.00|0.00|107949.00|3|14|0.00|0|0.00|0|0.00|0|301100.00|2|0.00|0|0|0|155006.00|0|155006.00|6|0.00|0|0.00|0.00|0.00|0.00|0.00|0.00|205110.00|0.00|1392549.00|1392549.00|3|1999606.00|6|0.00|0|0.00|0|0.00|0.00|0|0.00
EMPSHFT|1-Restaurante|1|1-Restaurante|22|Camila|Caceres|405220010|1| |0| |0|CAPS|1|0|-1112011.00|0.00|0.00|-111201.00|0|-15|0.00|0|-1223212.00|70|0.00|0|0.00|0|0.00|0|0|0|-53949.00|0|-53949.00|6|0.00|0|1111645.00|0.00|0.00|0.00|0.00|0.00|-211289.00|-211289.00|0.00|-1434501.00|0|-695949.00|3|0.00|0|0.00|0|0.00|0.00|0|0.00
EMPSHFT|1-Restaurante|1|1-Restaurante|22|Maria Fernanda|Castillo|405220011|1| |0| |0|CAPS|1|0|-35210.00|0.00|0.00|-42277.00|0|-1|0.00|0|-38731.00|3|0.00|0|0.00|0|0.00|0|0|0|90939.00|0|90939.00|7|0.00|0|1907190.00|0.00|0.00|0.00|0.00|0.00|-6690.00|-45446.00|0.00|-84179.00|0|1634337.00|9|0.00|0|0.00|0|-2.00|0.00|0|0.00
EMPSHFT|1-Restaurante|1|1-Restaurante|22|Maria Fernanda|Castillo|405220011|1| |0| |0|PRINCIPAL|4|0|0.00|0.00|0.00|19378.00|0|0|0.00|0|0.00|0|0.00|0|0.00|0|0.00|0|0|0|64823.00|0|64823.00|4|0.00|0|0.00|0.00|0.00|0.00|0.00|0.00|0.00|0.00|19378.00|19378.00|0|605623.00|3|0.00|0|0.00|0|0.00|0.00|0|0.00
EMPSHFT|1-Restaurante|1|1-Restaurante|22|Maria Fernanda|Castillo|405220011|1| |0| |0|BARRA|3|0|696892.00|0.00|0.00|69690.00|8|18|0.00|0|0.00|0|0.00|0|78800.00|2|0.00|0|0|0|0.00|0|0.00|0|0.00|0|0.00|0.00|0.00|0.00|0.00|0.00|132408.00|0.00|898990.00|898990.00|8|0.00|0|0.00|0|0.00|0|0.00|0.00|0|0.00
EMPSHFT|1-Restaurante|1|1-Restaurante|22|Maria Fernanda|Castillo|405220011|1| |0| |0|BAR|2|0|1089748.00|0.00|0.00|108971.00|3|6|0.00|0|0.00|0|0.00|0|19500.00|1|0.00|0|0|0|0.00|0|0.00|0|0.00|0|0.00|0.00|0.00|0.00|0.00|0.00|207052.00|0.00|1405771.00|1405771.00|3|0.00|0|0.00|0|0.00|0|0.00|0.00|0|0.00
EMPSHFT|1-Restaurante|1|1-Restaurante|22|SEBASTIAN|GARCIA CAVANZO|405260005|1| |0| |0|CAPS|1|0|4032082.00|0.00|0.00|323124.00|2|2|0.00|0|0.00|0|0.00|0|939000.00|2|0.00|0|0|0|323124.00|0|323124.00|2|0.00|0|2572026.00|0.00|0.00|0.00|0.00|0.00|766118.00|0.00|5121324.00|5121324.00|2|5121324.00|2|0.00|0|0.00|0|0.00|0.00|0|0.00
EMPDSC|1-Restaurante|1|1-Restaurante|22|Sebastian|Rey|405220007|Cortesia 100%|3|Cortesia 100%|3|-65714.00|1|-65714.00
EMPTM|1-Restaurante|1|1-Restaurante|22|Sebastian|Rey|405220007|Contado|102|Contado|102|Payment|0.00|0
EMPTM|1-Restaurante|1|1-Restaurante|22|Kevin|Sacristar Burger|405270001|Contado|102|Contado|102|Payment|0.00|0
EMPTM|1-Restaurante|1|1-Restaurante|22|Maria Fernanda|Castillo|405220011|Contado|102|Contado|102|Payment|0.00|0
EMPTM|1-Restaurante|1|1-Restaurante|22|SEBASTIAN|GARCIA CAVANZO|405260005|Contado|102|Contado|102|Payment|0.00|0
EMPTM|1-Restaurante|1|1-Restaurante|22|Jenny Katerine|Roa|404270001|Contado|102|Contado|102|Payment|0.00|0
EMPTM|1-Restaurante|1|1-Restaurante|22|Jenny Katerine|Roa|404270001|Visa |204|Visa |204|Payment|4358087.00|9
EMPTM|1-Restaurante|1|1-Restaurante|22|Jenny Katerine|Roa|404270001|Efectivo |101|Efectivo |101|Payment|1317700.00|13
EMPTM|1-Restaurante|1|1-Restaurante|22|Jenny Katerine|Roa|404270001|American Express|201|American Express|201|Payment|172512.00|1
EMPTM|1-Restaurante|1|1-Restaurante|22|Jenny Katerine|Roa|404270001|Master Card|202|Master Card|202|Payment|5232377.00|28
EMPTM|1-Restaurante|1|1-Restaurante|22|Jenny Katerine|Roa|404270001|Cuenta X Cobrar|206|Cuenta X Cobrar|206|Payment|2109369.00|2
EMPOTSLS|1-Restaurante|1|1-Restaurante|22|Jenny Katerine|Roa|404270001|Para Aqui|1|Para Aqui|1|1|1|0|0|1261.00|0.00|0.00|0|0.00|0|0.00|0.00|0|0.00|0|0.00|0|0.00|0|0.00|0|0.00|0|0.00|0|0.00|0|0.00|0.00|1261.00
EMPOTSLS|1-Restaurante|1|1-Restaurante|22|Jenny Katerine|Roa|404270001|Para Aqui|1|Para Aqui|1|1|1|0|0|1765.00|0.00|0.00|0|0.00|0|0.00|0.00|0|0.00|0|0.00|0|0.00|0|0.00|0|0.00|0|0.00|0|0.00|0|0.00|0.00|1765.00
EMPOTSLS|1-Restaurante|1|1-Restaurante|22|Sebastian|Rey|405220007|Para Aqui|1|Para Aqui|1|1|1|0|0|127563.00|0.00|0.00|0|0.00|0|0.00|0.00|0|0.00|0|0.00|0|0.00|0|0.00|0|0.00|0|0.00|0|0.00|0|0.00|0.00|127563.00
EMPOTSLS|1-Restaurante|1|1-Restaurante|22|Sebastian|Rey|405220007|Para Aqui|1|Para Aqui|1|1|3|0|0|46555.00|0.00|0.00|0|0.00|0|0.00|0.00|0|0.00|0|0.00|0|0.00|0|0.00|0|0.00|0|0.00|0|0.00|0|0.00|0.00|46555.00
EMPOTSLS|1-Restaurante|1|1-Restaurante|22|Sebastian|Rey|405220007|Para Aqui|1|Para Aqui|1|0|0|0|0|11092.00|0.00|0.00|0|0.00|0|0.00|0.00|0|0.00|0|0.00|0|0.00|0|0.00|0|0.00|0|0.00|0|0.00|0|0.00|0.00|11092.00
EMPOTSLS|1-Restaurante|1|1-Restaurante|22|Sebastian|Rey|405220007|Para Aqui|1|Para Aqui|1|1|5|0|0|58404.00|0.00|0.00|0|0.00|0|0.00|0.00|0|0.00|0|0.00|0|0.00|0|0.00|0|0.00|0|0.00|0|0.00|0|0.00|0.00|58404.00
EMPOTSLS|1-Restaurante|1|1-Restaurante|22|Sebastian|Rey|405220007|Para Aqui|1|Para Aqui|1|1|8|0|0|467141.00|0.00|0.00|0|0.00|0|0.00|0.00|0|0.00|0|0.00|0|0.00|0|0.00|0|0.00|0|0.00|0|0.00|0|0.00|0.00|467141.00
EMPOTSLS|1-Restaurante|1|1-Restaurante|22|Sebastian|Rey|405220007|Para Aqui|1|Para Aqui|1|0|0|0|0|24370.00|0.00|0.00|0|0.00|0|0.00|0.00|0|0.00|0|0.00|0|0.00|0|0.00|0|0.00|0|0.00|0|0.00|0|0.00|0.00|24370.00
EMPOTSLS|1-Restaurante|1|1-Restaurante|22|Sebastian|Rey|405220007|Para Aqui|1|Para Aqui|1|0|0|0|0|378311.00|0.00|0.00|0|0.00|0|0.00|0.00|0|0.00|0|0.00|0|0.00|0|0.00|0|0.00|0|0.00|0|0.00|0|0.00|0.00|378311.00
EMPOTSLS|1-Restaurante|1|1-Restaurante|22|Sebastian|Rey|405220007|Para Aqui|1|Para Aqui|1|0|0|0|0|12185.00|0.00|0.00|0|0.00|0|0.00|0.00|0|0.00|0|0.00|0|0.00|0|0.00|0|0.00|0|0.00|0|0.00|0|0.00|0.00|12185.00
EMPOTSLS|1-Restaurante|1|1-Restaurante|22|Camila|Caceres|405220010|Para Aqui|1|Para Aqui|1|0|0|0|0|17983.00|0.00|0.00|0|0.00|0|0.00|0.00|0|0.00|0|0.00|0|0.00|0|0.00|0|0.00|0|0.00|0|0.00|0|0.00|0.00|17983.00
EMPOTSLS|1-Restaurante|1|1-Restaurante|22|Camila|Caceres|405220010|Para Aqui|1|Para Aqui|1|0|0|0|0|11345.00|0.00|0.00|0|0.00|0|0.00|0.00|0|0.00|0|0.00|0|0.00|0|0.00|0|0.00|0|0.00|0|0.00|0|0.00|0.00|11345.00
EMPOTSLS|1-Restaurante|1|1-Restaurante|22|Camila|Caceres|405220010|Para Aqui|1|Para Aqui|1|0|0|0|0|37899.00|0.00|0.00|0|0.00|0|0.00|0.00|0|0.00|0|0.00|0|0.00|0|0.00|0|0.00|0|0.00|0|0.00|0|0.00|0.00|37899.00
EMPOTSLS|1-Restaurante|1|1-Restaurante|22|Maria Fernanda|Castillo|405220011|Para Aqui|1|Para Aqui|1|0|0|0|0|139748.00|0.00|0.00|0|0.00|0|0.00|0.00|0|0.00|0|0.00|0|0.00|0|0.00|0|0.00|0|0.00|0|0.00|0|0.00|0.00|139748.00
EMPOTSLS|1-Restaurante|1|1-Restaurante|22|Maria Fernanda|Castillo|405220011|Para Aqui|1|Para Aqui|1|0|0|0|0|7563.00|0.00|0.00|0|0.00|0|0.00|0.00|0|0.00|0|0.00|0|0.00|0|0.00|0|0.00|0|0.00|0|0.00|0|0.00|0.00|7563.00
EMPOTSLS|1-Restaurante|1|1-Restaurante|22|Maria Fernanda|Castillo|405220011|Para Aqui|1|Para Aqui|1|0|0|0|0|7563.00|0.00|0.00|0|0.00|0|0.00|0.00|0|0.00|0|0.00|0|0.00|0|0.00|0|0.00|0|0.00|0|0.00|0|0.00|0.00|7563.00
EMPOTSLS|1-Restaurante|1|1-Restaurante|22|Maria Fernanda|Castillo|405220011|Para Aqui|1|Para Aqui|1|0|0|0|0|70085.00|0.00|0.00|0|0.00|0|0.00|0.00|0|0.00|0|0.00|0|0.00|0|0.00|0|0.00|0|0.00|0|0.00|0|0.00|0.00|70085.00
EMPOTSLS|1-Restaurante|1|1-Restaurante|22|Jenny Katerine|Roa|404270001|Para Aqui|1|Para Aqui|1|1|1|0|0|752934.00|0.00|0.00|0|0.00|0|0.00|0.00|0|0.00|0|0.00|0|0.00|0|0.00|0|0.00|0|0.00|0|0.00|0|0.00|0.00|752934.00
EMPOTSLS|1-Restaurante|1|1-Restaurante|22|Jenny Katerine|Roa|404270001|Para Aqui|1|Para Aqui|1|1|1|0|0|1765.00|0.00|0.00|0|0.00|0|0.00|0.00|0|0.00|0|0.00|0|0.00|0|0.00|0|0.00|0|0.00|0|0.00|0|0.00|0.00|1765.00
EMPOTSLS|1-Restaurante|1|1-Restaurante|22|Sebastian|Rey|405220007|Para Aqui|1|Para Aqui|1|1|1|0|0|197395.00|0.00|0.00|0|0.00|0|0.00|0.00|0|0.00|0|0.00|0|0.00|0|0.00|0|0.00|0|0.00|0|0.00|0|0.00|0.00|197395.00
EMPOTSLS|1-Restaurante|1|1-Restaurante|22|Sebastian|Rey|405220007|Para Aqui|1|Para Aqui|1|1|2|0|0|132353.00|0.00|0.00|0|0.00|0|0.00|0.00|0|0.00|0|0.00|0|0.00|0|0.00|0|0.00|0|0.00|0|0.00|0|0.00|0.00|132353.00
EMPOTSLS|1-Restaurante|1|1-Restaurante|22|Sebastian|Rey|405220007|Para Aqui|1|Para Aqui|1|0|0|0|0|184622.00|0.00|0.00|0|0.00|0|0.00|0.00|0|0.00|0|0.00|0|0.00|0|0.00|0|0.00|0|0.00|0|0.00|0|0.00|0.00|184622.00
EMPOTSLS|1-Restaurante|1|1-Restaurante|22|Sebastian|Rey|405220007|Para Aqui|1|Para Aqui|1|0|0|0|0|7563.00|0.00|0.00|0|0.00|0|0.00|0.00|0|0.00|0|0.00|0|0.00|0|0.00|0|0.00|0|0.00|0|0.00|0|0.00|0.00|7563.00
EMPOTSLS|1-Restaurante|1|1-Restaurante|22|Sebastian|Rey|405220007|Para Aqui|1|Para Aqui|1|0|0|0|0|312925.00|0.00|0.00|0|0.00|0|0.00|0.00|0|0.00|0|0.00|0|0.00|0|0.00|0|0.00|0|0.00|0|0.00|0|0.00|0.00|312925.00
EMPOTSLS|1-Restaurante|1|1-Restaurante|22|Sebastian|Rey|405220007|Para Aqui|1|Para Aqui|1|0|0|0|0|12185.00|0.00|0.00|0|0.00|0|0.00|0.00|0|0.00|0|0.00|0|0.00|0|0.00|0|0.00|0|0.00|0|0.00|0|0.00|0.00|12185.00
EMPOTSLS|1-Restaurante|1|1-Restaurante|22|Sebastian|Rey|405220007|Para Aqui|1|Para Aqui|1|0|0|0|0|12185.00|0.00|0.00|0|0.00|0|0.00|0.00|0|0.00|0|0.00|0|0.00|0|0.00|0|0.00|0|0.00|0|0.00|0|0.00|0.00|12185.00
EMPOTSLS|1-Restaurante|1|1-Restaurante|22|Sebastian|Rey|405220007|Para Aqui|1|Para Aqui|1|0|0|0|0|12185.00|0.00|0.00|0|0.00|0|0.00|0.00|0|0.00|0|0.00|0|0.00|0|0.00|0|0.00|0|0.00|0|0.00|0|0.00|0.00|12185.00
EMPOTSLS|1-Restaurante|1|1-Restaurante|22|Sebastian|Rey|405220007|Para Llevar|2|Para Llevar|2|0|-1|0|0|-4023594.00|0.00|0.00|0|0.00|0|0.00|0.00|0|0.00|0|0.00|0|0.00|0|0.00|0|0.00|0|0.00|0|0.00|0|0.00|0.00|-4023594.00
EMPOTSLS|1-Restaurante|1|1-Restaurante|22|Sebastian|Rey|405220007|Para Aqui|1|Para Aqui|1|0|0|0|0|378160.00|0.00|0.00|0|0.00|0|0.00|0.00|0|0.00|0|0.00|0|0.00|0|0.00|0|0.00|0|0.00|0|0.00|0|0.00|0.00|378160.00
EMPOTSLS|1-Restaurante|1|1-Restaurante|22|Camila|Caceres|405220010|Para Aqui|1|Para Aqui|1|1|6|0|0|67815.00|0.00|0.00|0|0.00|0|0.00|0.00|0|0.00|0|0.00|0|0.00|0|0.00|0|0.00|0|0.00|0|0.00|0|0.00|0.00|67815.00
EMPOTSLS|1-Restaurante|1|1-Restaurante|22|Camila|Caceres|405220010|Para Aqui|1|Para Aqui|1|0|0|0|0|7563.00|0.00|0.00|0|0.00|0|0.00|0.00|0|0.00|0|0.00|0|0.00|0|0.00|0|0.00|0|0.00|0|0.00|0|0.00|0.00|7563.00
EMPOTSLS|1-Restaurante|1|1-Restaurante|22|Camila|Caceres|405220010|Para Aqui|1|Para Aqui|1|0|0|0|0|7563.00|0.00|0.00|0|0.00|0|0.00|0.00|0|0.00|0|0.00|0|0.00|0|0.00|0|0.00|0|0.00|0|0.00|0|0.00|0.00|7563.00
EMPOTSLS|1-Restaurante|1|1-Restaurante|22|Maria Fernanda|Castillo|405220011|Para Aqui|1|Para Aqui|1|0|0|0|0|230587.00|0.00|0.00|0|0.00|0|0.00|0.00|0|0.00|0|0.00|0|0.00|0|0.00|0|0.00|0|0.00|0|0.00|0|0.00|0.00|230587.00
EMPOTSLS|1-Restaurante|1|1-Restaurante|22|Maria Fernanda|Castillo|405220011|Para Aqui|1|Para Aqui|1|1|5|0|0|22269.00|0.00|0.00|0|0.00|0|0.00|0.00|0|0.00|0|0.00|0|0.00|0|0.00|0|0.00|0|0.00|0|0.00|0|0.00|0.00|22269.00
EMPOTSLS|1-Restaurante|1|1-Restaurante|22|Maria Fernanda|Castillo|405220011|Para Aqui|1|Para Aqui|1|0|0|0|0|15546.00|0.00|0.00|0|0.00|0|0.00|0.00|0|0.00|0|0.00|0|0.00|0|0.00|0|0.00|0|0.00|0|0.00|0|0.00|0.00|15546.00
EMPOTSLS|1-Restaurante|1|1-Restaurante|22|Maria Fernanda|Castillo|405220011|Para Aqui|1|Para Aqui|1|1|1|0|0|65042.00|0.00|0.00|0|0.00|0|0.00|0.00|0|0.00|0|0.00|0|0.00|0|0.00|0|0.00|0|0.00|0|0.00|0|0.00|0.00|65042.00
EMPOTSLS|1-Restaurante|1|1-Restaurante|22|Maria Fernanda|Castillo|405220011|Para Aqui|1|Para Aqui|1|0|0|0|0|14286.00|0.00|0.00|0|0.00|0|0.00|0.00|0|0.00|0|0.00|0|0.00|0|0.00|0|0.00|0|0.00|0|0.00|0|0.00|0.00|14286.00
EMPOTSLS|1-Restaurante|1|1-Restaurante|22|Maria Fernanda|Castillo|405220011|Para Aqui|1|Para Aqui|1|1|2|0|0|40000.00|0.00|0.00|0|0.00|0|0.00|0.00|0|0.00|0|0.00|0|0.00|0|0.00|0|0.00|0|0.00|0|0.00|0|0.00|0.00|40000.00
EMPOTSLS|1-Restaurante|1|1-Restaurante|22|Jenny Katerine|Roa|404270001|Para Aqui|1|Para Aqui|1|1|1|0|0|7984.00|0.00|0.00|0|0.00|0|0.00|0.00|0|0.00|0|0.00|0|0.00|0|0.00|0|0.00|0|0.00|0|0.00|0|0.00|0.00|7984.00
EMPOTSLS|1-Restaurante|1|1-Restaurante|22|Sebastian|Rey|405220007|Para Aqui|1|Para Aqui|1|0|0|0|0|18571.00|0.00|0.00|0|0.00|0|0.00|0.00|0|0.00|0|0.00|0|0.00|0|0.00|0|0.00|0|0.00|0|0.00|0|0.00|0.00|18571.00
EMPOTSLS|1-Restaurante|1|1-Restaurante|22|Sebastian|Rey|405220007|Para Aqui|1|Para Aqui|1|0|0|0|0|103193.00|0.00|0.00|0|0.00|0|0.00|0.00|0|0.00|0|0.00|0|0.00|0|0.00|0|0.00|0|0.00|0|0.00|0|0.00|0.00|103193.00
EMPOTSLS|1-Restaurante|1|1-Restaurante|22|Sebastian|Rey|405220007|Para Aqui|1|Para Aqui|1|0|0|0|0|10504.00|0.00|0.00|0|0.00|0|0.00|0.00|0|0.00|0|0.00|0|0.00|0|0.00|0|0.00|0|0.00|0|0.00|0|0.00|0.00|10504.00
EMPOTSLS|1-Restaurante|1|1-Restaurante|22|Sebastian|Rey|405220007|Para Aqui|1|Para Aqui|1|1|1|0|0|196639.00|0.00|0.00|0|0.00|0|0.00|0.00|0|0.00|0|0.00|0|0.00|0|0.00|0|0.00|0|0.00|0|0.00|0|0.00|0.00|196639.00
EMPOTSLS|1-Restaurante|1|1-Restaurante|22|Sebastian|Rey|405220007|Para Aqui|1|Para Aqui|1|0|0|0|0|121850.00|0.00|0.00|0|0.00|0|0.00|0.00|0|0.00|0|0.00|0|0.00|0|0.00|0|0.00|0|0.00|0|0.00|0|0.00|0.00|121850.00
EMPOTSLS|1-Restaurante|1|1-Restaurante|22|Sebastian|Rey|405220007|Para Aqui|1|Para Aqui|1|0|0|0|0|985200.00|0.00|0.00|0|0.00|0|0.00|0.00|0|0.00|0|0.00|0|0.00|0|0.00|0|0.00|0|0.00|0|0.00|0|0.00|0.00|985200.00
EMPOTSLS|1-Restaurante|1|1-Restaurante|22|Camila|Caceres|405220010|Para Aqui|1|Para Aqui|1|1|3|0|0|22269.00|0.00|0.00|0|0.00|0|0.00|0.00|0|0.00|0|0.00|0|0.00|0|0.00|0|0.00|0|0.00|0|0.00|0|0.00|0.00|22269.00
EMPOTSLS|1-Restaurante|1|1-Restaurante|22|Camila|Caceres|405220010|Para Aqui|1|Para Aqui|1|0|0|0|0|22016.00|0.00|0.00|0|0.00|0|0.00|0.00|0|0.00|0|0.00|0|0.00|0|0.00|0|0.00|0|0.00|0|0.00|0|0.00|0.00|22016.00
EMPOTSLS|1-Restaurante|1|1-Restaurante|22|Camila|Caceres|405220010|Para Aqui|1|Para Aqui|1|0|-3|0|0|-208740.00|0.00|0.00|0|0.00|0|0.00|0.00|0|0.00|0|0.00|0|0.00|0|0.00|0|0.00|0|0.00|0|0.00|0|0.00|0.00|-208740.00
EMPOTSLS|1-Restaurante|1|1-Restaurante|22|Camila|Caceres|405220010|Para Aqui|1|Para Aqui|1|0|0|0|0|22016.00|0.00|0.00|0|0.00|0|0.00|0.00|0|0.00|0|0.00|0|0.00|0|0.00|0|0.00|0|0.00|0|0.00|0|0.00|0.00|22016.00
EMPOTSLS|1-Restaurante|1|1-Restaurante|22|Maria Fernanda|Castillo|405220011|Para Aqui|1|Para Aqui|1|1|2|0|0|125630.00|0.00|0.00|0|0.00|0|0.00|0.00|0|0.00|0|0.00|0|0.00|0|0.00|0|0.00|0|0.00|0|0.00|0|0.00|0.00|125630.00
EMPOTSLS|1-Restaurante|1|1-Restaurante|22|Maria Fernanda|Castillo|405220011|Para Aqui|1|Para Aqui|1|0|0|0|0|32774.00|0.00|0.00|0|0.00|0|0.00|0.00|0|0.00|0|0.00|0|0.00|0|0.00|0|0.00|0|0.00|0|0.00|0|0.00|0.00|32774.00
EMPOTSLS|1-Restaurante|1|1-Restaurante|22|Maria Fernanda|Castillo|405220011|Para Aqui|1|Para Aqui|1|1|4|0|0|82016.00|0.00|0.00|0|0.00|0|0.00|0.00|0|0.00|0|0.00|0|0.00|0|0.00|0|0.00|0|0.00|0|0.00|0|0.00|0.00|82016.00
EMPOTSLS|1-Restaurante|1|1-Restaurante|22|Maria Fernanda|Castillo|405220011|Para Aqui|1|Para Aqui|1|1|1|0|0|208152.00|0.00|0.00|0|0.00|0|0.00|0.00|0|0.00|0|0.00|0|0.00|0|0.00|0|0.00|0|0.00|0|0.00|0|0.00|0.00|208152.00
EMPOTSLS|1-Restaurante|1|1-Restaurante|22|Jenny Katerine|Roa|404270001|Para Aqui|1|Para Aqui|1|1|1|0|0|1261.00|0.00|0.00|0|0.00|0|0.00|0.00|0|0.00|0|0.00|0|0.00|0|0.00|0|0.00|0|0.00|0|0.00|0|0.00|0.00|1261.00
EMPOTSLS|1-Restaurante|1|1-Restaurante|22|Jenny Katerine|Roa|404270001|Para Aqui|1|Para Aqui|1|1|1|0|0|124286.00|0.00|0.00|0|0.00|0|0.00|0.00|0|0.00|0|0.00|0|0.00|0|0.00|0|0.00|0|0.00|0|0.00|0|0.00|0.00|124286.00
EMPOTSLS|1-Restaurante|1|1-Restaurante|22|Jenny Katerine|Roa|404270001|Para Aqui|1|Para Aqui|1|0|0|0|0|12185.00|0.00|0.00|0|0.00|0|0.00|0.00|0|0.00|0|0.00|0|0.00|0|0.00|0|0.00|0|0.00|0|0.00|0|0.00|0.00|12185.00
EMPOTSLS|1-Restaurante|1|1-Restaurante|22|Sebastian|Rey|405220007|Para Aqui|1|Para Aqui|1|1|1|0|0|68235.00|0.00|0.00|0|0.00|0|0.00|0.00|0|0.00|0|0.00|0|0.00|0|0.00|0|0.00|0|0.00|0|0.00|0|0.00|0.00|68235.00
EMPOTSLS|1-Restaurante|1|1-Restaurante|22|Sebastian|Rey|405220007|Para Aqui|1|Para Aqui|1|0|0|0|0|36555.00|0.00|0.00|0|0.00|0|0.00|0.00|0|0.00|0|0.00|0|0.00|0|0.00|0|0.00|0|0.00|0|0.00|0|0.00|0.00|36555.00
EMPOTSLS|1-Restaurante|1|1-Restaurante|22|Sebastian|Rey|405220007|Para Aqui|1|Para Aqui|1|0|0|0|0|11008.00|0.00|0.00|0|0.00|0|0.00|0.00|0|0.00|0|0.00|0|0.00|0|0.00|0|0.00|0|0.00|0|0.00|0|0.00|0.00|11008.00
EMPOTSLS|1-Restaurante|1|1-Restaurante|22|Sebastian|Rey|405220007|Para Aqui|1|Para Aqui|1|1|5|0|0|197143.00|0.00|0.00|0|0.00|0|0.00|0.00|0|0.00|0|0.00|0|0.00|0|0.00|0|0.00|0|0.00|0|0.00|0|0.00|0.00|197143.00
EMPOTSLS|1-Restaurante|1|1-Restaurante|22|Sebastian|Rey|405220007|Para Aqui|1|Para Aqui|1|0|0|0|0|12185.00|0.00|0.00|0|0.00|0|0.00|0.00|0|0.00|0|0.00|0|0.00|0|0.00|0|0.00|0|0.00|0|0.00|0|0.00|0.00|12185.00
EMPOTSLS|1-Restaurante|1|1-Restaurante|22|Sebastian|Rey|405220007|Para Aqui|1|Para Aqui|1|0|0|0|0|7563.00|0.00|0.00|0|0.00|0|0.00|0.00|0|0.00|0|0.00|0|0.00|0|0.00|0|0.00|0|0.00|0|0.00|0|0.00|0.00|7563.00
EMPOTSLS|1-Restaurante|1|1-Restaurante|22|Camila|Caceres|405220010|Para Aqui|1|Para Aqui|1|1|1|0|0|121345.00|0.00|0.00|0|0.00|0|0.00|0.00|0|0.00|0|0.00|0|0.00|0|0.00|0|0.00|0|0.00|0|0.00|0|0.00|0.00|121345.00
EMPOTSLS|1-Restaurante|1|1-Restaurante|22|Camila|Caceres|405220010|Para Aqui|1|Para Aqui|1|0|0|0|0|217647.00|0.00|0.00|0|0.00|0|0.00|0.00|0|0.00|0|0.00|0|0.00|0|0.00|0|0.00|0|0.00|0|0.00|0|0.00|0.00|217647.00
EMPOTSLS|1-Restaurante|1|1-Restaurante|22|Camila|Caceres|405220010|Para Aqui|1|Para Aqui|1|0|0|0|0|3529.00|0.00|0.00|0|0.00|0|0.00|0.00|0|0.00|0|0.00|0|0.00|0|0.00|0|0.00|0|0.00|0|0.00|0|0.00|0.00|3529.00
EMPOTSLS|1-Restaurante|1|1-Restaurante|22|Camila|Caceres|405220010|Para Aqui|1|Para Aqui|1|1|4|0|0|98740.00|0.00|0.00|0|0.00|0|0.00|0.00|0|0.00|0|0.00|0|0.00|0|0.00|0|0.00|0|0.00|0|0.00|0|0.00|0.00|98740.00
EMPOTSLS|1-Restaurante|1|1-Restaurante|22|Camila|Caceres|405220010|Para Aqui|1|Para Aqui|1|0|0|0|0|148572.00|0.00|0.00|0|0.00|0|0.00|0.00|0|0.00|0|0.00|0|0.00|0|0.00|0|0.00|0|0.00|0|0.00|0|0.00|0.00|148572.00
EMPOTSLS|1-Restaurante|1|1-Restaurante|22|Maria Fernanda|Castillo|405220011|Para Aqui|1|Para Aqui|1|1|2|0|0|70084.00|0.00|0.00|0|0.00|0|0.00|0.00|0|0.00|0|0.00|0|0.00|0|0.00|0|0.00|0|0.00|0|0.00|0|0.00|0.00|70084.00
EMPOTSLS|1-Restaurante|1|1-Restaurante|22|Maria Fernanda|Castillo|405220011|Para Aqui|1|Para Aqui|1|0|0|0|0|14706.00|0.00|0.00|0|0.00|0|0.00|0.00|0|0.00|0|0.00|0|0.00|0|0.00|0|0.00|0|0.00|0|0.00|0|0.00|0.00|14706.00
EMPOTSLS|1-Restaurante|1|1-Restaurante|22|Maria Fernanda|Castillo|405220011|Para Aqui|1|Para Aqui|1|0|0|0|0|70841.00|0.00|0.00|0|0.00|0|0.00|0.00|0|0.00|0|0.00|0|0.00|0|0.00|0|0.00|0|0.00|0|0.00|0|0.00|0.00|70841.00
EMPOTSLS|1-Restaurante|1|1-Restaurante|22|Jenny Katerine|Roa|404270001|Para Aqui|1|Para Aqui|1|1|1|0|0|1765.00|0.00|0.00|0|0.00|0|0.00|0.00|0|0.00|0|0.00|0|0.00|0|0.00|0|0.00|0|0.00|0|0.00|0|0.00|0.00|1765.00
EMPOTSLS|1-Restaurante|1|1-Restaurante|22|Jenny Katerine|Roa|404270001|Para Aqui|1|Para Aqui|1|0|0|0|0|14706.00|0.00|0.00|0|0.00|0|0.00|0.00|0|0.00|0|0.00|0|0.00|0|0.00|0|0.00|0|0.00|0|0.00|0|0.00|0.00|14706.00
EMPOTSLS|1-Restaurante|1|1-Restaurante|22|Sebastian|Rey|405220007|Para Aqui|1|Para Aqui|1|0|0|0|0|108907.00|0.00|0.00|0|0.00|0|0.00|0.00|0|0.00|0|0.00|0|0.00|0|0.00|0|0.00|0|0.00|0|0.00|0|0.00|0.00|108907.00
EMPOTSLS|1-Restaurante|1|1-Restaurante|22|Sebastian|Rey|405220007|Para Aqui|1|Para Aqui|1|0|0|0|0|17983.00|0.00|0.00|0|0.00|0|0.00|0.00|0|0.00|0|0.00|0|0.00|0|0.00|0|0.00|0|0.00|0|0.00|0|0.00|0.00|17983.00
EMPOTSLS|1-Restaurante|1|1-Restaurante|22|Sebastian|Rey|405220007|Para Aqui|1|Para Aqui|1|1|1|0|0|6723.00|0.00|0.00|0|0.00|0|0.00|0.00|0|0.00|0|0.00|0|0.00|0|0.00|0|0.00|0|0.00|0|0.00|0|0.00|0.00|6723.00
EMPOTSLS|1-Restaurante|1|1-Restaurante|22|Sebastian|Rey|405220007|Para Aqui|1|Para Aqui|1|0|0|0|0|-65714.00|0.00|0.00|0|0.00|0|0.00|0.00|0|0.00|0|0.00|0|0.00|0|0.00|0|0.00|0|0.00|0|0.00|0|0.00|0.00|-65714.00
EMPOTSLS|1-Restaurante|1|1-Restaurante|22|Sebastian|Rey|405220007|Para Aqui|1|Para Aqui|1|0|0|0|0|15126.00|0.00|0.00|0|0.00|0|0.00|0.00|0|0.00|0|0.00|0|0.00|0|0.00|0|0.00|0|0.00|0|0.00|0|0.00|0.00|15126.00
EMPOTSLS|1-Restaurante|1|1-Restaurante|22|Sebastian|Rey|405220007|Para Aqui|1|Para Aqui|1|1|2|0|0|51343.00|0.00|0.00|0|0.00|0|0.00|0.00|0|0.00|0|0.00|0|0.00|0|0.00|0|0.00|0|0.00|0|0.00|0|0.00|0.00|51343.00
EMPOTSLS|1-Restaurante|1|1-Restaurante|22|Camila|Caceres|405220010|Para Aqui|1|Para Aqui|1|0|0|0|0|7563.00|0.00|0.00|0|0.00|0|0.00|0.00|0|0.00|0|0.00|0|0.00|0|0.00|0|0.00|0|0.00|0|0.00|0|0.00|0.00|7563.00
EMPOTSLS|1-Restaurante|1|1-Restaurante|22|Camila|Caceres|405220010|Para Aqui|1|Para Aqui|1|0|0|0|0|44032.00|0.00|0.00|0|0.00|0|0.00|0.00|0|0.00|0|0.00|0|0.00|0|0.00|0|0.00|0|0.00|0|0.00|0|0.00|0.00|44032.00
EMPOTSLS|1-Restaurante|1|1-Restaurante|22|Maria Fernanda|Castillo|405220011|Para Aqui|1|Para Aqui|1|0|0|0|0|30252.00|0.00|0.00|0|0.00|0|0.00|0.00|0|0.00|0|0.00|0|0.00|0|0.00|0|0.00|0|0.00|0|0.00|0|0.00|0.00|30252.00
EMPOTSLS|1-Restaurante|1|1-Restaurante|22|Maria Fernanda|Castillo|405220011|Para Aqui|1|Para Aqui|1|1|2|0|0|100336.00|0.00|0.00|0|0.00|0|0.00|0.00|0|0.00|0|0.00|0|0.00|0|0.00|0|0.00|0|0.00|0|0.00|0|0.00|0.00|100336.00
EMPOTSLS|1-Restaurante|1|1-Restaurante|22|Maria Fernanda|Castillo|405220011|Para Aqui|1|Para Aqui|1|1|2|0|0|12185.00|0.00|0.00|0|0.00|0|0.00|0.00|0|0.00|0|0.00|0|0.00|0|0.00|0|0.00|0|0.00|0|0.00|0|0.00|0.00|12185.00
EMPOTSLS|1-Restaurante|1|1-Restaurante|22|Maria Fernanda|Castillo|405220011|Para Aqui|1|Para Aqui|1|0|0|0|0|116218.00|0.00|0.00|0|0.00|0|0.00|0.00|0|0.00|0|0.00|0|0.00|0|0.00|0|0.00|0|0.00|0|0.00|0|0.00|0.00|116218.00
EMPOTSLS|1-Restaurante|1|1-Restaurante|22|Jenny Katerine|Roa|404270001|Para Aqui|1|Para Aqui|1|0|0|0|0|31849.00|0.00|0.00|0|0.00|0|0.00|0.00|0|0.00|0|0.00|0|0.00|0|0.00|0|0.00|0|0.00|0|0.00|0|0.00|0.00|31849.00
EMPOTSLS|1-Restaurante|1|1-Restaurante|22|Jenny Katerine|Roa|404270001|Para Aqui|1|Para Aqui|1|1|1|0|0|165379.00|0.00|0.00|0|0.00|0|0.00|0.00|0|0.00|0|0.00|0|0.00|0|0.00|0|0.00|0|0.00|0|0.00|0|0.00|0.00|165379.00
EMPOTSLS|1-Restaurante|1|1-Restaurante|22|Sebastian|Rey|405220007|Para Aqui|1|Para Aqui|1|1|2|0|0|96974.00|0.00|0.00|0|0.00|0|0.00|0.00|0|0.00|0|0.00|0|0.00|0|0.00|0|0.00|0|0.00|0|0.00|0|0.00|0.00|96974.00
EMPOTSLS|1-Restaurante|1|1-Restaurante|22|Sebastian|Rey|405220007|Para Aqui|1|Para Aqui|1|0|0|0|0|163866.00|0.00|0.00|0|0.00|0|0.00|0.00|0|0.00|0|0.00|0|0.00|0|0.00|0|0.00|0|0.00|0|0.00|0|0.00|0.00|163866.00
EMPOTSLS|1-Restaurante|1|1-Restaurante|22|Sebastian|Rey|405220007|Para Aqui|1|Para Aqui|1|0|0|0|0|30252.00|0.00|0.00|0|0.00|0|0.00|0.00|0|0.00|0|0.00|0|0.00|0|0.00|0|0.00|0|0.00|0|0.00|0|0.00|0.00|30252.00
EMPOTSLS|1-Restaurante|1|1-Restaurante|22|Sebastian|Rey|405220007|Para Aqui|1|Para Aqui|1|0|0|0|0|1128580.00|0.00|0.00|0|0.00|0|0.00|0.00|0|0.00|0|0.00|0|0.00|0|0.00|0|0.00|0|0.00|0|0.00|0|0.00|0.00|1128580.00
EMPOTSLS|1-Restaurante|1|1-Restaurante|22|Sebastian|Rey|405220007|Para Aqui|1|Para Aqui|1|1|1|0|0|12101.00|0.00|0.00|0|0.00|0|0.00|0.00|0|0.00|0|0.00|0|0.00|0|0.00|0|0.00|0|0.00|0|0.00|0|0.00|0.00|12101.00
EMPOTSLS|1-Restaurante|1|1-Restaurante|22|Camila|Caceres|405220010|Para Aqui|1|Para Aqui|1|0|0|0|0|14706.00|0.00|0.00|0|0.00|0|0.00|0.00|0|0.00|0|0.00|0|0.00|0|0.00|0|0.00|0|0.00|0|0.00|0|0.00|0.00|14706.00
EMPOTSLS|1-Restaurante|1|1-Restaurante|22|Maria Fernanda|Castillo|405220011|Para Aqui|1|Para Aqui|1|0|0|0|0|16387.00|0.00|0.00|0|0.00|0|0.00|0.00|0|0.00|0|0.00|0|0.00|0|0.00|0|0.00|0|0.00|0|0.00|0|0.00|0.00|16387.00
EMPOTSLS|1-Restaurante|1|1-Restaurante|22|Maria Fernanda|Castillo|405220011|Para Aqui|1|Para Aqui|1|0|0|0|0|99160.00|0.00|0.00|0|0.00|0|0.00|0.00|0|0.00|0|0.00|0|0.00|0|0.00|0|0.00|0|0.00|0|0.00|0|0.00|0.00|99160.00
EMPOTSLS|1-Restaurante|1|1-Restaurante|22|Maria Fernanda|Castillo|405220011|Para Aqui|1|Para Aqui|1|0|0|0|0|98991.00|0.00|0.00|0|0.00|0|0.00|0.00|0|0.00|0|0.00|0|0.00|0|0.00|0|0.00|0|0.00|0|0.00|0|0.00|0.00|98991.00
EMPOTSLS|1-Restaurante|1|1-Restaurante|22|Jenny Katerine|Roa|404270001|Para Aqui|1|Para Aqui|1|1|1|0|0|20084.00|0.00|0.00|0|0.00|0|0.00|0.00|0|0.00|0|0.00|0|0.00|0|0.00|0|0.00|0|0.00|0|0.00|0|0.00|0.00|20084.00
EMPOTSLS|1-Restaurante|1|1-Restaurante|22|Jenny Katerine|Roa|404270001|Para Aqui|1|Para Aqui|1|1|1|0|0|1261.00|0.00|0.00|0|0.00|0|0.00|0.00|0|0.00|0|0.00|0|0.00|0|0.00|0|0.00|0|0.00|0|0.00|0|0.00|0.00|1261.00
EMPOTSLS|1-Restaurante|1|1-Restaurante|22|Sebastian|Rey|405220007|Para Aqui|1|Para Aqui|1|0|0|0|0|11681.00|0.00|0.00|0|0.00|0|0.00|0.00|0|0.00|0|0.00|0|0.00|0|0.00|0|0.00|0|0.00|0|0.00|0|0.00|0.00|11681.00
EMPOTSLS|1-Restaurante|1|1-Restaurante|22|Sebastian|Rey|405220007|Para Aqui|1|Para Aqui|1|1|1|0|0|7563.00|0.00|0.00|0|0.00|0|0.00|0.00|0|0.00|0|0.00|0|0.00|0|0.00|0|0.00|0|0.00|0|0.00|0|0.00|0.00|7563.00
EMPOTSLS|1-Restaurante|1|1-Restaurante|22|Sebastian|Rey|405220007|Para Aqui|1|Para Aqui|1|1|1|0|0|183361.00|0.00|0.00|0|0.00|0|0.00|0.00|0|0.00|0|0.00|0|0.00|0|0.00|0|0.00|0|0.00|0|0.00|0|0.00|0.00|183361.00
EMPOTSLS|1-Restaurante|1|1-Restaurante|22|Sebastian|Rey|405220007|Para Aqui|1|Para Aqui|1|0|0|0|0|21008.00|0.00|0.00|0|0.00|0|0.00|0.00|0|0.00|0|0.00|0|0.00|0|0.00|0|0.00|0|0.00|0|0.00|0|0.00|0.00|21008.00
EMPOTSLS|1-Restaurante|1|1-Restaurante|22|Sebastian|Rey|405220007|Para Aqui|1|Para Aqui|1|0|0|0|0|48740.00|0.00|0.00|0|0.00|0|0.00|0.00|0|0.00|0|0.00|0|0.00|0|0.00|0|0.00|0|0.00|0|0.00|0|0.00|0.00|48740.00
EMPOTSLS|1-Restaurante|1|1-Restaurante|22|Sebastian|Rey|405220007|Para Aqui|1|Para Aqui|1|0|0|0|0|12185.00|0.00|0.00|0|0.00|0|0.00|0.00|0|0.00|0|0.00|0|0.00|0|0.00|0|0.00|0|0.00|0|0.00|0|0.00|0.00|12185.00
EMPOTSLS|1-Restaurante|1|1-Restaurante|22|Sebastian|Rey|405220007|Para Aqui|1|Para Aqui|1|0|0|0|0|14454.00|0.00|0.00|0|0.00|0|0.00|0.00|0|0.00|0|0.00|0|0.00|0|0.00|0|0.00|0|0.00|0|0.00|0|0.00|0.00|14454.00
EMPOTSLS|1-Restaurante|1|1-Restaurante|22|Sebastian|Rey|405220007|Para Aqui|1|Para Aqui|1|0|0|0|0|255460.00|0.00|0.00|0|0.00|0|0.00|0.00|0|0.00|0|0.00|0|0.00|0|0.00|0|0.00|0|0.00|0|0.00|0|0.00|0.00|255460.00
EMPOTSLS|1-Restaurante|1|1-Restaurante|22|Sebastian|Rey|405220007|Para Aqui|1|Para Aqui|1|0|0|0|0|208400.00|0.00|0.00|0|0.00|0|0.00|0.00|0|0.00|0|0.00|0|0.00|0|0.00|0|0.00|0|0.00|0|0.00|0|0.00|0.00|208400.00
EMPOTSLS|1-Restaurante|1|1-Restaurante|22|Camila|Caceres|405220010|Para Aqui|1|Para Aqui|1|1|1|0|0|58739.00|0.00|0.00|0|0.00|0|0.00|0.00|0|0.00|0|0.00|0|0.00|0|0.00|0|0.00|0|0.00|0|0.00|0|0.00|0.00|58739.00
EMPOTSLS|1-Restaurante|1|1-Restaurante|22|Camila|Caceres|405220010|Para Aqui|1|Para Aqui|1|1|2|0|0|90505.00|0.00|0.00|0|0.00|0|0.00|0.00|0|0.00|0|0.00|0|0.00|0|0.00|0|0.00|0|0.00|0|0.00|0|0.00|0.00|90505.00
EMPOTSLS|1-Restaurante|1|1-Restaurante|22|Camila|Caceres|405220010|Para Aqui|1|Para Aqui|1|0|0|0|0|7563.00|0.00|0.00|0|0.00|0|0.00|0.00|0|0.00|0|0.00|0|0.00|0|0.00|0|0.00|0|0.00|0|0.00|0|0.00|0.00|7563.00
EMPOTSLS|1-Restaurante|1|1-Restaurante|22|Camila|Caceres|405220010|Para Aqui|1|Para Aqui|1|1|4|0|0|10504.00|0.00|0.00|0|0.00|0|0.00|0.00|0|0.00|0|0.00|0|0.00|0|0.00|0|0.00|0|0.00|0|0.00|0|0.00|0.00|10504.00
EMPOTSLS|1-Restaurante|1|1-Restaurante|22|Maria Fernanda|Castillo|405220011|Para Aqui|1|Para Aqui|1|0|0|0|0|20168.00|0.00|0.00|0|0.00|0|0.00|0.00|0|0.00|0|0.00|0|0.00|0|0.00|0|0.00|0|0.00|0|0.00|0|0.00|0.00|20168.00
EMPOTSLS|1-Restaurante|1|1-Restaurante|22|Maria Fernanda|Castillo|405220011|Para Aqui|1|Para Aqui|1|0|0|0|0|28571.00|0.00|0.00|0|0.00|0|0.00|0.00|0|0.00|0|0.00|0|0.00|0|0.00|0|0.00|0|0.00|0|0.00|0|0.00|0.00|28571.00
EMPOTSLS|1-Restaurante|1|1-Restaurante|22|Maria Fernanda|Castillo|405220011|Para Aqui|1|Para Aqui|1|0|0|0|0|14706.00|0.00|0.00|0|0.00|0|0.00|0.00|0|0.00|0|0.00|0|0.00|0|0.00|0|0.00|0|0.00|0|0.00|0|0.00|0.00|14706.00
EMPOTSLS|1-Restaurante|1|1-Restaurante|22|SEBASTIAN|GARCIA CAVANZO|405260005|Para Aqui|1|Para Aqui|1|0|0|0|0|1765.00|0.00|0.00|0|0.00|0|0.00|0.00|0|0.00|0|0.00|0|0.00|0|0.00|0|0.00|0|0.00|0|0.00|0|0.00|0.00|1765.00
EMPOTSLS|1-Restaurante|1|1-Restaurante|22|SEBASTIAN|GARCIA CAVANZO|405260005|Para Aqui|1|Para Aqui|1|1|1|0|0|6723.00|0.00|0.00|0|0.00|0|0.00|0.00|0|0.00|0|0.00|0|0.00|0|0.00|0|0.00|0|0.00|0|0.00|0|0.00|0.00|6723.00
EMPOTSLS|1-Restaurante|1|1-Restaurante|22|SEBASTIAN|GARCIA CAVANZO|405260005|Para Aqui|1|Para Aqui|1|1|1|0|0|4023594.00|0.00|0.00|0|0.00|0|0.00|0.00|0|0.00|0|0.00|0|0.00|0|0.00|0|0.00|0|0.00|0|0.00|0|0.00|0.00|4023594.00
EMPOTSLS|1-Restaurante|1|1-Restaurante|22|Jenny Katerine|Roa|404270001|Para Aqui|1|Para Aqui|1|1|1|0|0|7984.00|0.00|0.00|0|0.00|0|0.00|0.00|0|0.00|0|0.00|0|0.00|0|0.00|0|0.00|0|0.00|0|0.00|0|0.00|0.00|7984.00
EMPOTSLS|1-Restaurante|1|1-Restaurante|22|Sebastian|Rey|405220007|Para Aqui|1|Para Aqui|1|0|0|0|0|12185.00|0.00|0.00|0|0.00|0|0.00|0.00|0|0.00|0|0.00|0|0.00|0|0.00|0|0.00|0|0.00|0|0.00|0|0.00|0.00|12185.00
EMPOTSLS|1-Restaurante|1|1-Restaurante|22|Sebastian|Rey|405220007|Para Aqui|1|Para Aqui|1|0|0|0|0|24370.00|0.00|0.00|0|0.00|0|0.00|0.00|0|0.00|0|0.00|0|0.00|0|0.00|0|0.00|0|0.00|0|0.00|0|0.00|0.00|24370.00
EMPOTSLS|1-Restaurante|1|1-Restaurante|22|Camila|Caceres|405220010|Para Aqui|1|Para Aqui|1|0|-4|0|0|-135631.00|0.00|0.00|0|0.00|0|0.00|0.00|0|0.00|0|0.00|0|0.00|0|0.00|0|0.00|0|0.00|0|0.00|0|0.00|0.00|-135631.00
EMPOTSLS|1-Restaurante|1|1-Restaurante|22|Camila|Caceres|405220010|Para Aqui|1|Para Aqui|1|0|-8|0|0|-767640.00|0.00|0.00|0|0.00|0|0.00|0.00|0|0.00|0|0.00|0|0.00|0|0.00|0|0.00|0|0.00|0|0.00|0|0.00|0.00|-767640.00
EMPOTSLS|1-Restaurante|1|1-Restaurante|22|Camila|Caceres|405220010|Para Aqui|1|Para Aqui|1|0|0|0|0|563022.00|0.00|0.00|0|0.00|0|0.00|0.00|0|0.00|0|0.00|0|0.00|0|0.00|0|0.00|0|0.00|0|0.00|0|0.00|0.00|563022.00
EMPOTSLS|1-Restaurante|1|1-Restaurante|22|Camila|Caceres|405220010|Para Aqui|1|Para Aqui|1|1|2|0|0|38151.00|0.00|0.00|0|0.00|0|0.00|0.00|0|0.00|0|0.00|0|0.00|0|0.00|0|0.00|0|0.00|0|0.00|0|0.00|0.00|38151.00
EMPOTSLS|1-Restaurante|1|1-Restaurante|22|Camila|Caceres|405220010|Para Aqui|1|Para Aqui|1|0|0|0|0|273529.00|0.00|0.00|0|0.00|0|0.00|0.00|0|0.00|0|0.00|0|0.00|0|0.00|0|0.00|0|0.00|0|0.00|0|0.00|0.00|273529.00
EMPOTSLS|1-Restaurante|1|1-Restaurante|22|Camila|Caceres|405220010|Para Aqui|1|Para Aqui|1|1|2|0|0|10504.00|0.00|0.00|0|0.00|0|0.00|0.00|0|0.00|0|0.00|0|0.00|0|0.00|0|0.00|0|0.00|0|0.00|0|0.00|0.00|10504.00
EMPOTSLS|1-Restaurante|1|1-Restaurante|22|Camila|Caceres|405220010|Para Aqui|1|Para Aqui|1|1|8|0|0|75630.00|0.00|0.00|0|0.00|0|0.00|0.00|0|0.00|0|0.00|0|0.00|0|0.00|0|0.00|0|0.00|0|0.00|0|0.00|0.00|75630.00
EMPOTSLS|1-Restaurante|1|1-Restaurante|22|Maria Fernanda|Castillo|405220011|Para Aqui|1|Para Aqui|1|1|3|0|0|16387.00|0.00|0.00|0|0.00|0|0.00|0.00|0|0.00|0|0.00|0|0.00|0|0.00|0|0.00|0|0.00|0|0.00|0|0.00|0.00|16387.00
EMPOTSLS|1-Restaurante|1|1-Restaurante|22|Maria Fernanda|Castillo|405220011|Para Aqui|1|Para Aqui|1|0|0|0|0|16387.00|0.00|0.00|0|0.00|0|0.00|0.00|0|0.00|0|0.00|0|0.00|0|0.00|0|0.00|0|0.00|0|0.00|0|0.00|0.00|16387.00
EMPOTSLS|1-Restaurante|1|1-Restaurante|22|Maria Fernanda|Castillo|405220011|Para Aqui|1|Para Aqui|1|1|0|0|0|0.00|0.00|0.00|0|0.00|0|0.00|0.00|0|0.00|0|0.00|0|0.00|0|0.00|0|0.00|0|0.00|0|0.00|0|0.00|0.00|0.00
EMPOTSLS|1-Restaurante|1|1-Restaurante|22|Maria Fernanda|Castillo|405220011|Para Aqui|1|Para Aqui|1|0|-1|0|0|-35210.00|0.00|0.00|0|0.00|0|0.00|0.00|0|0.00|0|0.00|0|0.00|0|0.00|0|0.00|0|0.00|0|0.00|0|0.00|0.00|-35210.00
