EMPID|MED|Andres Medellin|20241129|20241129|20241231|122229|2.00|2.00|Simphony|19.7.2
EMP|1-Restaurante|1|1-Restaurante|22|JEYSON STEVEN|RODRIGUEZ GAITAN|5002|0|0|0|0|0.00|0.00|0.00|0|0.00|0|0.00|0.00|0.00|0|0.00|0|0.00|2|0.00|0|0.00|0|0.00|0|0.00|0|0.00|0.00|0.00|0|0.00|0.00|0.00|0.00
EMP|1-Restaurante|1|1-Restaurante|22|Cristian|Cristian Torres |30002|2|1|0|0|15281296.00|1346537.00|0.00|0|0.00|0|0.00|0.00|3855800.00|14|0.00|0|0.00|0|17899087.00|2|17899087.00|2|0.00|0|0.00|0|0.00|1346537.00|0.00|0|15281296.00|0.00|0.00|15281296.00
EMP|2-Almacen|2|2-Almacen|2|Anny|Arroyo|30004|0|0|0|0|0.00|0.00|0.00|0|0.00|0|0.00|0.00|0.00|0|0.00|0|0.00|1|0.00|0|0.00|0|0.00|0|0.00|0|0.00|0.00|0.00|0|0.00|0.00|0.00|0.00
EMP|1-Restaurante|1|1-Restaurante|22|Susana|Maldonado Susana|40011|1|2|0|0|1296205.00|129617.00|0.00|0|0.00|0|0.00|0.00|0.00|0|0.00|0|0.00|0|1529517.00|1|0.00|0|0.00|0|0.00|0|0.00|0.00|0.00|0|1296205.00|0.00|0.00|1296205.00
EMP|1-Restaurante|1|1-Restaurante|22|Manuela|Escobar Manuela|40020|1|1|0|0|432408.00|43240.00|0.00|0|0.00|0|0.00|0.00|0.00|0|0.00|0|0.00|0|510240.00|1|0.00|0|0.00|0|0.00|0|0.00|0.00|0.00|0|432408.00|0.00|0.00|432408.00
EMP|1-Restaurante|1|1-Restaurante|22|Maria Fernanda|Cano Maria |40022|12|17|0|0|2738553.00|273846.00|0.00|0|0.00|0|0.00|0.00|56900.00|3|0.00|0|0.00|1|3231446.00|13|0.00|0|0.00|0|0.00|0|0.00|0.00|0.00|0|2738553.00|0.00|0.00|2738553.00
EMP|1-Restaurante|1|1-Restaurante|22|Cardona|JuanCardona|40030|5|7|0|0|3837442.00|383732.00|0.00|0|0.00|0|0.00|0.00|319100.00|6|0.00|0|0.00|0|4528132.00|9|0.00|1|0.00|0|0.00|0|0.00|0.00|0.00|0|3837442.00|0.00|0.00|3837442.00
EMP|1-Restaurante|1|1-Restaurante|22|laura|Laura triana|40031|2|2|0|0|80280.00|8028.00|0.00|0|0.00|0|0.00|0.00|0.00|0|0.00|0|0.00|0|94728.00|2|0.00|0|0.00|0|0.00|0|0.00|0.00|0.00|0|80280.00|0.00|0.00|80280.00
EMP|1-Restaurante|1|1-Restaurante|22|Federico|MARIN|40032|1|2|0|0|89259.00|0.00|0.00|0|0.00|0|-8926.00|0.00|0.00|0|0.00|0|0.00|3|96400.00|1|96400.00|1|0.00|0|0.00|0|0.00|0.00|0.00|0|89259.00|0.00|0.00|89259.00
EMP|1-Restaurante|1|1-Restaurante|22|Andrea|Avila Andrea|40027|10|21|0|0|2097136.00|174716.00|0.00|0|0.00|0|-34990.00|-6.00|96500.00|1|0.00|0|54339308.00|2|2439610.00|12|2439610.00|11|0.00|0|0.00|0|0.00|174716.00|0.00|0|2097136.00|0.00|0.00|2097136.00
EMP|1-Restaurante|1|1-Restaurante|22|Paulina|Cordoba Paulina|40026|15|16|0|0|2234913.00|143190.00|0.00|0|0.00|0|-86998.00|0.00|6000.00|1|0.00|0|0.00|0|2556890.00|16|2556890.00|16|0.00|0|0.00|0|0.00|143190.00|0.00|0|2234913.00|0.00|0.00|2234913.00
EMP|1-Restaurante|1|1-Restaurante|22|SARAH|SARAH VILLALBA|40053|2|2|0|0|57780.00|5778.00|0.00|0|0.00|0|0.00|0.00|0.00|0|0.00|0|0.00|0|68178.00|2|0.00|0|0.00|0|0.00|0|0.00|0.00|0.00|0|57780.00|0.00|0.00|57780.00
EMP|1-Restaurante|1|1-Restaurante|22|chaux|Dayana montiel|40057|5|6|0|0|1456314.00|145625.00|0.00|0|0.00|0|0.00|0.00|20800.00|2|0.00|0|0.00|0|1718425.00|6|424253.00|3|0.00|0|0.00|0|0.00|35953.00|0.00|0|1456314.00|0.00|0.00|1456314.00
EMP|1-Restaurante|1|1-Restaurante|22|Arrieta|Ricardo Arrieta|40063|1|0|0|0|432408.00|43240.00|0.00|0|0.00|0|0.00|0.00|0.00|0|0.00|0|0.00|0|510240.00|1|0.00|0|0.00|0|0.00|0|0.00|0.00|0.00|0|432408.00|0.00|0.00|432408.00
EMP|1-Restaurante|1|1-Restaurante|22|Gallego|Valerin Gallego|40065|16|39|0|0|5191319.00|502931.00|-736999.00|25|0.00|0|-69784.00|-4.00|113300.00|5|0.00|0|15843.00|1|6109527.00|20|6109527.00|17|0.00|0|0.00|0|0.00|502931.00|0.00|0|5191319.00|0.00|0.00|5191319.00
EMP|1-Restaurante|1|1-Restaurante|22|Cordoba|David Cordoba|40094|5|6|0|0|2028905.00|202884.00|0.00|0|0.00|0|0.00|0.00|0.00|0|0.00|0|0.00|0|2394084.00|6|0.00|0|0.00|0|0.00|0|0.00|0.00|0.00|0|2028905.00|0.00|0.00|2028905.00
EMP|1-Restaurante|1|1-Restaurante|22|Oniel|Oniel Escalona|40105|1|1|0|0|34260.00|3426.00|0.00|0|0.00|0|0.00|0.00|0.00|0|0.00|0|0.00|0|40426.00|1|0.00|0|0.00|0|0.00|0|0.00|0.00|0.00|0|34260.00|0.00|0.00|34260.00
EMP|1-Restaurante|1|1-Restaurante|22|Cristian|Ramirez Cristian|30014|0|0|0|0|0.00|0.00|0.00|0|0.00|0|0.00|0.00|0.00|0|0.00|0|0.00|0|0.00|2|0.00|2|0.00|0|0.00|0|0.00|0.00|0.00|0|0.00|0.00|0.00|0.00
EMP|1-Restaurante|1|1-Restaurante|22|John Esteban|Mesa Correa|24|2|2|0|0|0.00|20202.00|0.00|0|0.00|0|0.00|-2.00|0.00|0|0.00|0|17778537.00|3|20200.00|2|20200.00|2|0.00|0|0.00|0|0.00|20202.00|0.00|0|0.00|0.00|0.00|0.00
EMP|Domicilios|20|Domicilios|20|John Esteban|Mesa Correa|24|1|0|0|0|87963.00|0.00|0.00|0|0.00|0|0.00|0.00|0.00|0|0.00|0|0.00|0|95000.00|1|95000.00|1|0.00|0|0.00|0|0.00|0.00|0.00|0|87963.00|0.00|0.00|87963.00
EMP|1-Restaurante|1|1-Restaurante|22|ANDERSON|HINCAPIE|40132|4|1|0|0|106186324.00|7168812.00|-3556148.00|31|0.00|0|-258637.00|0.00|39837600.00|11|0.00|0|6556.00|1|125472812.00|4|139673975.00|3|0.00|0|0.00|0|0.00|8372275.00|0.00|0|106186324.00|0.00|0.00|106186324.00
EMPSHFT|1-Restaurante|1|1-Restaurante|22|John Esteban|Mesa Correa|24|1| |0| |0|CAPS_Almacen|1|1|0.00|0.00|0.00|11801.00|1|1|0.00|0|0.00|0|0.00|0|0.00|0|0.00|0|0|0|11801.00|0|11801.00|2|0.00|0|0.00|0.00|0.00|0.00|0.00|0.00|0.00|0.00|11801.00|11800.00|1|11800.00|1|0.00|0|0.00|0|-1.00|0.00|0|0.00
EMPSHFT|Domicilios|20|Domicilios|20|John Esteban|Mesa Correa|24|1| |0| |0|CAPS_Almacen|1|1|87963.00|0.00|0.00|0.00|1|0|0.00|0|0.00|0|0.00|0|0.00|0|0.00|0|0|0|0.00|0|0.00|0|0.00|0|0.00|0.00|0.00|0.00|0.00|0.00|7037.00|0.00|95000.00|95000.00|1|95000.00|1|0.00|0|0.00|0|0.00|0.00|0|0.00
EMPSHFT|1-Restaurante|1|1-Restaurante|22|John Esteban|Mesa Correa|24|1| |0| |0|Cava|3|0|0.00|0.00|0.00|8401.00|1|1|0.00|0|0.00|0|0.00|0|0.00|0|0.00|0|0|0|8401.00|0|8401.00|2|0.00|0|0.00|0.00|0.00|0.00|0.00|0.00|0.00|0.00|8401.00|8400.00|1|8400.00|1|0.00|0|0.00|0|-1.00|0.00|0|0.00
EMPSHFT|1-Restaurante|1|1-Restaurante|22|Cristian|Cristian Torres |30002|1| |0| |0|Cava|3|0|15281296.00|0.00|0.00|1346537.00|2|1|0.00|0|0.00|0|0.00|0|3855800.00|14|0.00|0|0|0|1346537.00|0|1346537.00|2|0.00|0|0.00|0.00|0.00|0.00|0.00|0.00|1271254.00|0.00|17899087.00|17899087.00|2|17899087.00|2|0.00|0|0.00|0|0.00|0.00|0|0.00
EMPSHFT|1-Restaurante|1|1-Restaurante|22|Cristian|Ramirez Cristian|30014|1| |0| |0|Bar_Principal|4|0|0.00|0.00|0.00|0.00|0|0|0.00|0|0.00|0|0.00|0|0.00|0|0.00|0|0|0|0.00|0|0.00|0|0.00|0|0.00|0.00|0.00|0.00|0.00|0.00|0.00|0.00|0.00|0.00|1|0.00|0|0.00|0|0.00|0|0.00|0.00|0|0.00
EMPSHFT|1-Restaurante|1|1-Restaurante|22|Cristian|Ramirez Cristian|30014|1| |0| |0|Bar_Lado|9|0|0.00|0.00|0.00|0.00|0|0|0.00|0|0.00|0|0.00|0|0.00|0|0.00|0|0|0|0.00|0|0.00|0|0.00|0|0.00|0.00|0.00|0.00|0.00|0.00|0.00|0.00|0.00|0.00|1|0.00|2|0.00|0|0.00|0|0.00|0.00|0|0.00
EMPSHFT|1-Restaurante|1|1-Restaurante|22|Susana|Maldonado Susana|40011|1| |0| |0|Bar_Principal|4|0|1296205.00|0.00|0.00|129617.00|1|2|0.00|0|0.00|0|0.00|0|0.00|0|0.00|0|0|0|0.00|0|0.00|0|0.00|0|0.00|0.00|0.00|0.00|0.00|0.00|103695.00|0.00|1529517.00|1529517.00|1|0.00|0|0.00|0|0.00|0|0.00|0.00|0|0.00
EMPSHFT|1-Restaurante|1|1-Restaurante|22|Manuela|Escobar Manuela|40020|1| |0| |0|Bar_Lado|9|0|432408.00|0.00|0.00|43240.00|1|1|0.00|0|0.00|0|0.00|0|0.00|0|0.00|0|0|0|0.00|0|0.00|0|0.00|0|0.00|0.00|0.00|0.00|0.00|0.00|34592.00|0.00|510240.00|510240.00|1|0.00|0|0.00|0|0.00|0|0.00|0.00|0|0.00
EMPSHFT|1-Restaurante|1|1-Restaurante|22|Maria Fernanda|Cano Maria |40022|1| |0| |0|Cafes_Esquina|11|0|2085770.00|0.00|0.00|208571.00|9|10|0.00|0|0.00|0|0.00|0|56900.00|3|0.00|0|0|0|0.00|0|0.00|0|0.00|0|0.00|0.00|0.00|0.00|0.00|0.00|166830.00|0.00|2461171.00|2461171.00|10|0.00|0|0.00|0|0.00|0|0.00|0.00|0|0.00
EMPSHFT|1-Restaurante|1|1-Restaurante|22|Maria Fernanda|Cano Maria |40022|1| |0| |0|Bar_Lado|9|0|407689.00|0.00|0.00|40767.00|2|6|0.00|0|0.00|0|0.00|0|0.00|0|0.00|0|0|0|0.00|0|0.00|0|0.00|0|0.00|0.00|0.00|0.00|0.00|0.00|32611.00|0.00|481067.00|481067.00|2|0.00|0|0.00|0|0.00|0|0.00|0.00|0|0.00
EMPSHFT|1-Restaurante|1|1-Restaurante|22|Maria Fernanda|Cano Maria |40022|1| |0| |0|Bar_Principal|4|0|245094.00|0.00|0.00|24508.00|1|1|0.00|0|0.00|0|0.00|0|0.00|0|0.00|0|0|0|0.00|0|0.00|0|0.00|0|0.00|0.00|0.00|0.00|0.00|0.00|19606.00|0.00|289208.00|289208.00|1|0.00|0|0.00|0|0.00|0|0.00|0.00|0|0.00
EMPSHFT|1-Restaurante|1|1-Restaurante|22|Paulina|Cordoba Paulina|40026|1| |0| |0|CAPS_Almacen|1|1|0.00|0.00|0.00|-80294.00|0|0|0.00|0|0.00|0|0.00|0|0.00|0|0.00|0|0|0|0.00|0|0.00|0|0.00|0|2095418.00|0.00|0.00|0.00|0.00|0.00|0.00|-80294.00|0.00|-80294.00|0|867200.00|11|0.00|0|0.00|0|0.00|0.00|0|0.00
EMPSHFT|1-Restaurante|1|1-Restaurante|22|Paulina|Cordoba Paulina|40026|1| |0| |0|CAPS_Almacen|1|0|0.00|0.00|0.00|0.00|0|0|0.00|0|0.00|0|0.00|0|0.00|0|0.00|0|0|0|0.00|0|0.00|2|0.00|0|289389.00|0.00|0.00|0.00|0.00|0.00|0.00|-6704.00|6704.00|0.00|0|0.00|0|0.00|0|0.00|0|0.00|0.00|0|0.00
EMPSHFT|1-Restaurante|1|1-Restaurante|22|Paulina|Cordoba Paulina|40026|1| |0| |0|Cafes_Esquina|11|0|1166487.00|0.00|0.00|116644.00|2|2|0.00|0|0.00|0|0.00|0|0.00|0|0.00|0|0|0|143190.00|0|143190.00|4|0.00|0|0.00|0.00|0.00|0.00|0.00|0.00|93313.00|0.00|1376444.00|1376444.00|3|1689690.00|5|0.00|0|0.00|0|0.00|0.00|0|0.00
EMPSHFT|1-Restaurante|1|1-Restaurante|22|Paulina|Cordoba Paulina|40026|1| |0| |0|Bar_Lado|9|0|1068426.00|0.00|0.00|106840.00|13|14|0.00|0|0.00|0|0.00|0|6000.00|1|0.00|0|0|0|0.00|0|0.00|0|0.00|0|0.00|0.00|0.00|0.00|0.00|0.00|85474.00|0.00|1260740.00|1260740.00|13|0.00|0|0.00|0|0.00|0|0.00|0.00|0|0.00
EMPSHFT|1-Restaurante|1|1-Restaurante|22|Andrea|Avila Andrea|40027|1| |0| |0|Bar_Principal|4|0|9630.00|0.00|0.00|963.00|0|0|0.00|0|0.00|0|0.00|0|0.00|0|0.00|0|0|0|0.00|0|0.00|0|0.00|0|0.00|0.00|0.00|0.00|0.00|0.00|770.00|0.00|11363.00|11363.00|0|0.00|0|0.00|0|0.00|0|0.00|0.00|0|0.00
EMPSHFT|1-Restaurante|1|1-Restaurante|22|Andrea|Avila Andrea|40027|1| |0| |0|Cafes_Esquina|11|0|964262.00|0.00|0.00|96421.00|6|13|0.00|0|0.00|0|0.00|0|96500.00|1|0.00|0|0|0|135680.00|0|135680.00|7|0.00|0|0.00|0.00|0.00|0.00|0.00|0.00|77138.00|0.00|1137821.00|1137821.00|8|1601080.00|7|0.00|0|0.00|0|0.00|0.00|0|0.00
EMPSHFT|1-Restaurante|1|1-Restaurante|22|Andrea|Avila Andrea|40027|1| |0| |0|Cava|3|0|0.00|0.00|0.00|0.00|0|0|0.00|0|0.00|0|0.00|0|0.00|0|0.00|0|0|0|0.00|0|0.00|0|0.00|0|134238.00|0.00|0.00|0.00|0.00|0.00|0.00|0.00|0.00|-3.00|0|-3.00|0|0.00|0|0.00|0|-3.00|0.00|0|0.00
EMPSHFT|1-Restaurante|1|1-Restaurante|22|Andrea|Avila Andrea|40027|1| |0| |0|CAPS_Almacen|1|1|0.00|0.00|0.00|-34990.00|0|0|0.00|0|0.00|0|0.00|0|0.00|0|0.00|0|0|0|0.00|0|0.00|0|0.00|0|1924945.00|0.00|0.00|0.00|0.00|0.00|0.00|-34990.00|0.00|-34990.00|0|377900.00|1|0.00|0|0.00|0|0.00|0.00|0|0.00
EMPSHFT|1-Restaurante|1|1-Restaurante|22|Andrea|Avila Andrea|40027|1| |0| |0|Bar_Lado|9|0|1123244.00|0.00|0.00|112322.00|4|8|0.00|0|0.00|0|0.00|0|0.00|0|0.00|0|0|0|26833.00|0|26833.00|1|0.00|0|0.00|0.00|0.00|0.00|0.00|0.00|89856.00|0.00|1325422.00|1325422.00|4|316633.00|2|0.00|0|0.00|0|0.00|0.00|0|0.00
EMPSHFT|1-Restaurante|1|1-Restaurante|22|Andrea|Avila Andrea|40027|1| |0| |0|Musica|8|0|0.00|0.00|0.00|0.00|0|0|0.00|0|0.00|0|0.00|0|0.00|0|0.00|0|0|0|12203.00|0|12203.00|1|0.00|0|0.00|0.00|0.00|0.00|0.00|0.00|0.00|0.00|0.00|0.00|0|144003.00|1|0.00|0|0.00|0|0.00|0.00|0|0.00
EMPSHFT|1-Restaurante|1|1-Restaurante|22|Andrea|Avila Andrea|40027|1| |0| |0|CAPS_Almacen|1|0|0.00|0.00|0.00|0.00|0|0|0.00|0|0.00|0|0.00|0|0.00|0|0.00|0|0|0|0.00|0|0.00|0|0.00|0|212663.00|0.00|0.00|0.00|0.00|0.00|0.00|0.00|0.00|-3.00|0|-3.00|0|0.00|0|0.00|0|-3.00|0.00|0|0.00
EMPSHFT|1-Restaurante|1|1-Restaurante|22|Cardona|JuanCardona|40030|1| |0| |0|Bar_Lado|9|0|1961026.00|0.00|0.00|196097.00|4|6|0.00|0|0.00|0|0.00|0|242800.00|2|0.00|0|0|0|0.00|0|0.00|0|0.00|0|0.00|0.00|0.00|0.00|0.00|0.00|156874.00|0.00|2313997.00|2313997.00|8|0.00|1|0.00|0|0.00|0|0.00|0.00|0|0.00
EMPSHFT|1-Restaurante|1|1-Restaurante|22|Cardona|JuanCardona|40030|1| |0| |0|Bar_Principal|4|0|1368996.00|0.00|0.00|136896.00|0|0|0.00|0|0.00|0|0.00|0|55500.00|2|0.00|0|0|0|0.00|0|0.00|0|0.00|0|0.00|0.00|0.00|0.00|0.00|0.00|109504.00|0.00|1615396.00|1615396.00|0|0.00|0|0.00|0|0.00|0|0.00|0.00|0|0.00
EMPSHFT|1-Restaurante|1|1-Restaurante|22|Cardona|JuanCardona|40030|1| |0| |0|Cafes_Esquina|11|0|507420.00|0.00|0.00|50739.00|1|1|0.00|0|0.00|0|0.00|0|20800.00|2|0.00|0|0|0|0.00|0|0.00|0|0.00|0|0.00|0.00|0.00|0.00|0.00|0.00|40580.00|0.00|598739.00|598739.00|1|0.00|0|0.00|0|0.00|0|0.00|0.00|0|0.00
EMPSHFT|1-Restaurante|1|1-Restaurante|22|laura|Laura triana|40031|1| |0| |0|Bar_Lado|9|0|36390.00|0.00|0.00|3639.00|1|1|0.00|0|0.00|0|0.00|0|0.00|0|0.00|0|0|0|0.00|0|0.00|0|0.00|0|0.00|0.00|0.00|0.00|0.00|0.00|2910.00|0.00|42939.00|42939.00|1|0.00|0|0.00|0|0.00|0|0.00|0.00|0|0.00
EMPSHFT|1-Restaurante|1|1-Restaurante|22|laura|Laura triana|40031|1| |0| |0|Cafes_Bar|15|0|26760.00|0.00|0.00|2676.00|1|1|0.00|0|0.00|0|0.00|0|0.00|0|0.00|0|0|0|0.00|0|0.00|0|0.00|0|0.00|0.00|0.00|0.00|0.00|0.00|2140.00|0.00|31576.00|31576.00|1|0.00|0|0.00|0|0.00|0|0.00|0.00|0|0.00
EMPSHFT|1-Restaurante|1|1-Restaurante|22|laura|Laura triana|40031|1| |0| |0|Bar_Principal|4|0|17130.00|0.00|0.00|1713.00|0|0|0.00|0|0.00|0|0.00|0|0.00|0|0.00|0|0|0|0.00|0|0.00|0|0.00|0|0.00|0.00|0.00|0.00|0.00|0.00|1370.00|0.00|20213.00|20213.00|0|0.00|0|0.00|0|0.00|0|0.00|0.00|0|0.00
EMPSHFT|1-Restaurante|1|1-Restaurante|22|Federico|MARIN|40032|1| |0| |0|Cafes_Esquina|11|0|89259.00|0.00|0.00|8926.00|1|2|0.00|0|0.00|0|0.00|0|0.00|0|0.00|0|0|0|0.00|0|0.00|0|0.00|0|0.00|0.00|0.00|0.00|0.00|0.00|7141.00|0.00|105326.00|105326.00|1|0.00|0|0.00|0|0.00|0|0.00|0.00|0|0.00
EMPSHFT|1-Restaurante|1|1-Restaurante|22|Federico|MARIN|40032|1| |0| |0|CAPS_Almacen|1|1|0.00|0.00|0.00|-8926.00|0|0|0.00|0|0.00|0|0.00|0|0.00|0|0.00|0|0|0|0.00|0|0.00|0|0.00|0|0.00|0.00|0.00|0.00|0.00|0.00|0.00|-8926.00|0.00|-8926.00|0|96400.00|1|0.00|0|0.00|0|0.00|0.00|0|0.00
EMPSHFT|1-Restaurante|1|1-Restaurante|22|SARAH|SARAH VILLALBA|40053|1| |0| |0|Bar_Lado|9|0|19260.00|0.00|0.00|1926.00|1|1|0.00|0|0.00|0|0.00|0|0.00|0|0.00|0|0|0|0.00|0|0.00|0|0.00|0|0.00|0.00|0.00|0.00|0.00|0.00|1540.00|0.00|22726.00|22726.00|1|0.00|0|0.00|0|0.00|0|0.00|0.00|0|0.00
EMPSHFT|1-Restaurante|1|1-Restaurante|22|SARAH|SARAH VILLALBA|40053|1| |0| |0|Cafes_Esquina|11|0|9630.00|0.00|0.00|963.00|1|1|0.00|0|0.00|0|0.00|0|0.00|0|0.00|0|0|0|0.00|0|0.00|0|0.00|0|0.00|0.00|0.00|0.00|0.00|0.00|770.00|0.00|11363.00|11363.00|1|0.00|0|0.00|0|0.00|0|0.00|0.00|0|0.00
EMPSHFT|1-Restaurante|1|1-Restaurante|22|SARAH|SARAH VILLALBA|40053|1| |0| |0|Cafes_Bar|15|0|28890.00|0.00|0.00|2889.00|0|0|0.00|0|0.00|0|0.00|0|0.00|0|0.00|0|0|0|0.00|0|0.00|0|0.00|0|0.00|0.00|0.00|0.00|0.00|0.00|2310.00|0.00|34089.00|34089.00|0|0.00|0|0.00|0|0.00|0|0.00|0.00|0|0.00
EMPSHFT|1-Restaurante|1|1-Restaurante|22|chaux|Dayana montiel|40057|1| |0| |0|Cafes_Esquina|11|0|927878.00|0.00|0.00|92784.00|3|4|0.00|0|0.00|0|0.00|0|0.00|0|0.00|0|0|0|35953.00|0|35953.00|2|0.00|0|0.00|0.00|0.00|0.00|0.00|0.00|74222.00|0.00|1094884.00|1094884.00|4|424253.00|2|0.00|0|0.00|0|0.00|0.00|0|0.00
EMPSHFT|1-Restaurante|1|1-Restaurante|22|chaux|Dayana montiel|40057|1| |0| |0|Bar_Lado|9|0|467416.00|0.00|0.00|46740.00|1|1|0.00|0|0.00|0|0.00|0|20800.00|2|0.00|0|0|0|0.00|0|0.00|0|0.00|0|0.00|0.00|0.00|0.00|0.00|0.00|37384.00|0.00|551540.00|551540.00|1|0.00|1|0.00|0|0.00|0|0.00|0.00|0|0.00
EMPSHFT|1-Restaurante|1|1-Restaurante|22|chaux|Dayana montiel|40057|1| |0| |0|CAPS_Almacen|1|1|0.00|0.00|0.00|0.00|0|0|0.00|0|0.00|0|0.00|0|0.00|0|0.00|0|0|0|0.00|0|0.00|0|0.00|0|395493.00|0.00|0.00|0.00|0.00|0.00|0.00|0.00|0.00|0.00|0|0.00|0|0.00|0|0.00|0|0.00|0.00|0|0.00
EMPSHFT|1-Restaurante|1|1-Restaurante|22|chaux|Dayana montiel|40057|1| |0| |0|Bar_Principal|4|0|61020.00|0.00|0.00|6101.00|1|1|0.00|0|0.00|0|0.00|0|0.00|0|0.00|0|0|0|0.00|0|0.00|0|0.00|0|0.00|0.00|0.00|0.00|0.00|0.00|4880.00|0.00|72001.00|72001.00|1|0.00|0|0.00|0|0.00|0|0.00|0.00|0|0.00
EMPSHFT|1-Restaurante|1|1-Restaurante|22|Arrieta|Ricardo Arrieta|40063|1| |0| |0|Cafes_Esquina|11|0|432408.00|0.00|0.00|43240.00|1|0|0.00|0|0.00|0|0.00|0|0.00|0|0.00|0|0|0|0.00|0|0.00|0|0.00|0|0.00|0.00|0.00|0.00|0.00|0.00|34592.00|0.00|510240.00|510240.00|1|0.00|0|0.00|0|0.00|0|0.00|0.00|0|0.00
EMPSHFT|1-Restaurante|1|1-Restaurante|22|Gallego|Valerin Gallego|40065|1| |0| |0|Bar_Principal|4|0|837963.00|0.00|0.00|83795.00|1|2|0.00|0|0.00|0|0.00|0|0.00|0|0.00|0|0|0|0.00|0|0.00|0|0.00|0|0.00|0.00|0.00|0.00|0.00|0.00|67037.00|0.00|988795.00|988795.00|1|0.00|0|0.00|0|0.00|0|0.00|0.00|0|0.00
EMPSHFT|1-Restaurante|1|1-Restaurante|22|Gallego|Valerin Gallego|40065|1| |0| |0|Musica|8|0|0.00|0.00|0.00|0.00|0|1|0.00|0|0.00|0|0.00|0|0.00|0|0.00|0|0|0|20444.00|0|20444.00|1|0.00|0|0.00|0.00|0.00|0.00|0.00|0.00|0.00|0.00|0.00|0.00|1|241244.00|1|0.00|0|0.00|0|0.00|0.00|0|0.00
EMPSHFT|1-Restaurante|1|1-Restaurante|22|Gallego|Valerin Gallego|40065|1| |0| |0|Bar_Lado|9|0|2054083.00|0.00|0.00|205402.00|7|16|0.00|0|-736999.00|25|0.00|0|19500.00|2|0.00|0|0|0|68627.00|0|68627.00|6|0.00|0|0.00|0.00|0.00|0.00|0.00|0.00|164317.00|-53599.00|3214400.00|2423802.00|8|809827.00|6|0.00|0|0.00|0|0.00|0.00|0|0.00
EMPSHFT|1-Restaurante|1|1-Restaurante|22|Gallego|Valerin Gallego|40065|1| |0| |0|CAPS_Almacen|1|1|0.00|0.00|0.00|0.00|0|0|0.00|0|0.00|0|0.00|0|0.00|0|0.00|0|0|0|0.00|0|0.00|0|0.00|0|3507482.00|0.00|0.00|0.00|0.00|0.00|0.00|0.00|0.00|0.00|0|0.00|0|0.00|0|0.00|0|0.00|0.00|0|0.00
EMPSHFT|1-Restaurante|1|1-Restaurante|22|Gallego|Valerin Gallego|40065|1| |0| |0|Cafes_Esquina|11|0|2265013.00|0.00|0.00|226493.00|8|20|0.00|0|0.00|0|0.00|0|93800.00|3|0.00|0|0|0|413860.00|0|413860.00|9|0.00|0|0.00|0.00|0.00|0.00|0.00|0.00|181187.00|0.00|2672693.00|2672693.00|9|4883660.00|9|0.00|0|0.00|0|0.00|0.00|0|0.00
EMPSHFT|1-Restaurante|1|1-Restaurante|22|Gallego|Valerin Gallego|40065|1| |0| |0|Cava|3|0|0.00|0.00|0.00|-16185.00|0|0|0.00|0|0.00|0|0.00|0|0.00|0|0.00|0|0|0|0.00|0|0.00|0|0.00|0|1961879.00|0.00|0.00|0.00|0.00|0.00|0.00|-16185.00|0.00|-16185.00|0|174800.00|1|0.00|0|0.00|0|0.00|0.00|0|0.00
EMPSHFT|1-Restaurante|1|1-Restaurante|22|Gallego|Valerin Gallego|40065|1| |0| |0|Cafes_Bar|15|0|34260.00|0.00|0.00|3426.00|0|0|0.00|0|0.00|0|0.00|0|0.00|0|0.00|0|0|0|0.00|0|0.00|0|0.00|0|0.00|0.00|0.00|0.00|0.00|0.00|2740.00|0.00|40426.00|40426.00|1|0.00|0|0.00|0|0.00|0|0.00|0.00|0|0.00
EMPSHFT|1-Restaurante|1|1-Restaurante|22|Gallego|Valerin Gallego|40065|1| |0| |0|CAPS_Almacen|1|0|0.00|0.00|0.00|0.00|0|0|0.00|0|0.00|0|0.00|0|0.00|0|0.00|0|0|0|0.00|0|0.00|0|0.00|0|224885.00|0.00|0.00|0.00|0.00|0.00|0.00|0.00|0.00|-4.00|0|-4.00|0|0.00|0|0.00|0|-4.00|0.00|0|0.00
EMPSHFT|1-Restaurante|1|1-Restaurante|22|Cordoba|David Cordoba|40094|1| |0| |0|Cafes_Esquina|11|0|1058995.00|0.00|0.00|105897.00|5|6|0.00|0|0.00|0|0.00|0|0.00|0|0.00|0|0|0|0.00|0|0.00|0|0.00|0|0.00|0.00|0.00|0.00|0.00|0.00|84705.00|0.00|1249597.00|1249597.00|5|0.00|0|0.00|0|0.00|0|0.00|0.00|0|0.00
EMPSHFT|1-Restaurante|1|1-Restaurante|22|Cordoba|David Cordoba|40094|1| |0| |0|Bar_Principal|4|0|645555.00|0.00|0.00|64554.00|0|0|0.00|0|0.00|0|0.00|0|0.00|0|0.00|0|0|0|0.00|0|0.00|0|0.00|0|0.00|0.00|0.00|0.00|0.00|0.00|51645.00|0.00|761754.00|761754.00|0|0.00|0|0.00|0|0.00|0|0.00|0.00|0|0.00
EMPSHFT|1-Restaurante|1|1-Restaurante|22|Cordoba|David Cordoba|40094|1| |0| |0|Bar_Lado|9|0|297595.00|0.00|0.00|29757.00|0|0|0.00|0|0.00|0|0.00|0|0.00|0|0.00|0|0|0|0.00|0|0.00|0|0.00|0|0.00|0.00|0.00|0.00|0.00|0.00|23805.00|0.00|351157.00|351157.00|1|0.00|0|0.00|0|0.00|0|0.00|0.00|0|0.00
EMPSHFT|1-Restaurante|1|1-Restaurante|22|Cordoba|David Cordoba|40094|1| |0| |0|Cafes_Bar|15|0|26760.00|0.00|0.00|2676.00|0|0|0.00|0|0.00|0|0.00|0|0.00|0|0.00|0|0|0|0.00|0|0.00|0|0.00|0|0.00|0.00|0.00|0.00|0.00|0.00|2140.00|0.00|31576.00|31576.00|0|0.00|0|0.00|0|0.00|0|0.00|0.00|0|0.00
EMPSHFT|1-Restaurante|1|1-Restaurante|22|Oniel|Oniel Escalona|40105|1| |0| |0|Cafes_Esquina|11|0|34260.00|0.00|0.00|3426.00|1|1|0.00|0|0.00|0|0.00|0|0.00|0|0.00|0|0|0|0.00|0|0.00|0|0.00|0|0.00|0.00|0.00|0.00|0.00|0.00|2740.00|0.00|40426.00|40426.00|1|0.00|0|0.00|0|0.00|0|0.00|0.00|0|0.00
EMPSHFT|1-Restaurante|1|1-Restaurante|22|ANDERSON|HINCAPIE|40132|1| |0| |0|Bar_Lado|9|0|575106.00|0.00|0.00|57508.00|1|1|0.00|0|0.00|0|0.00|0|0.00|0|0.00|0|0|0|0.00|0|0.00|0|0.00|0|0.00|0.00|0.00|0.00|0.00|0.00|45994.00|-2.00|678610.00|678608.00|1|0.00|0|0.00|0|0.00|0|0.00|0.00|0|0.00
EMPSHFT|1-Restaurante|1|1-Restaurante|22|ANDERSON|HINCAPIE|40132|1| |0| |0|Bar_Principal|4|0|1530612.00|0.00|0.00|153051.00|0|0|0.00|0|0.00|0|0.00|0|2350400.00|1|0.00|0|0|0|0.00|0|0.00|0|0.00|0|0.00|0.00|0.00|0.00|0.00|0.00|122388.00|0.00|1806051.00|1806051.00|0|0.00|0|0.00|0|0.00|0|0.00|0.00|0|0.00
EMPSHFT|1-Restaurante|1|1-Restaurante|22|ANDERSON|HINCAPIE|40132|1| |0| |0|Cafes_Esquina|11|0|1317339.00|0.00|0.00|131726.00|0|0|0.00|0|0.00|0|0.00|0|0.00|0|0.00|0|0|0|0.00|0|0.00|0|0.00|0|0.00|0.00|0.00|0.00|0.00|0.00|105361.00|-1.00|1554427.00|1554426.00|0|0.00|0|0.00|0|0.00|0|0.00|0.00|0|0.00
EMPSHFT|1-Restaurante|1|1-Restaurante|22|ANDERSON|HINCAPIE|40132|1| |0| |0|Cava|3|0|4492578.00|0.00|0.00|293695.00|2|-1|0.00|0|-3556148.00|31|0.00|0|0.00|0|0.00|0|0|0|8372275.00|0|8372275.00|1|0.00|0|0.00|0.00|0.00|0.00|0.00|0.00|359422.00|-258630.00|8960473.00|5145695.00|2|139673975.00|3|0.00|0|0.00|0|0.00|0.00|0|0.00
EMPSHFT|1-Restaurante|1|1-Restaurante|22|ANDERSON|HINCAPIE|40132|1| |0| |0|Cafes_Lado|10|0|98270689.00|0.00|0.00|6532832.00|1|1|0.00|0|0.00|0|0.00|0|37487200.00|10|0.00|0|0|0|0.00|0|0.00|0|0.00|0|0.00|0.00|0.00|0.00|0.00|0.00|11484511.00|-4.00|116288036.00|116288032.00|1|0.00|0|0.00|0|0.00|0|0.00|0.00|0|0.00
EMPTM|1-Restaurante|1|1-Restaurante|22|Guillermo|Falla Guillermo|30006|Contado|102|Contado|102|Payment|0.00|0
EMPTM|1-Restaurante|1|1-Restaurante|22|Andrea|Avila Andrea|40027|Contado|102|Contado|102|Payment|0.00|0
EMPTM|1-Restaurante|1|1-Restaurante|22|Paulina|Cordoba Paulina|40026|Contado|102|Contado|102|Payment|0.00|0
EMPTM|1-Restaurante|1|1-Restaurante|22|chaux|Dayana montiel|40057|Contado|102|Contado|102|Payment|0.00|0
EMPTM|1-Restaurante|1|1-Restaurante|22|Gallego|Valerin Gallego|40065|Contado|102|Contado|102|Payment|0.00|0
EMPTM|1-Restaurante|1|1-Restaurante|22|Tania|Cardona Tania|30011|Contado|102|Contado|102|Payment|0.00|0
EMPTM|1-Restaurante|1|1-Restaurante|22|John Esteban|Mesa Correa|24|Visa |204|Visa |204|Payment|5797381.00|17
EMPTM|1-Restaurante|1|1-Restaurante|22|John Esteban|Mesa Correa|24|Cuenta X Cobrar|206|Cuenta X Cobrar|206|Payment|157669462.00|5
EMPTM|1-Restaurante|1|1-Restaurante|22|John Esteban|Mesa Correa|24|Efectivo |101|Efectivo |101|Payment|1682270.00|22
EMPTM|1-Restaurante|1|1-Restaurante|22|John Esteban|Mesa Correa|24|American Express|201|American Express|201|Payment|251045.00|2
EMPTM|1-Restaurante|1|1-Restaurante|22|John Esteban|Mesa Correa|24|Master Card|202|Master Card|202|Payment|3819784.00|14
EMPTM|1-Restaurante|1|1-Restaurante|22|John Esteban|Mesa Correa|24|Contado|102|Contado|102|Payment|0.00|0
EMPTM|Domicilios|20|Domicilios|20|John Esteban|Mesa Correa|24|Cxc Rappi|210|Cxc Rappi|210|Payment|95000.00|1
EMPTM|1-Restaurante|1|1-Restaurante|22|LIBARDO|LIBARDO MONTOYA|40127|Contado|102|Contado|102|Payment|0.00|0
EMPOTSLS|1-Restaurante|1|1-Restaurante|22|Federico|MARIN|40032|Para Aqui|1|Para Aqui/123|0|1|2|0|0|89259.00|0.00|0.00|0|0.00|0|0.00|0.00|0|0.00|0|0.00|0|0.00|0|0.00|0|0.00|0|0.00|0|0.00|0|0.00|0.00|89259.00
EMPOTSLS|1-Restaurante|1|1-Restaurante|22|Gallego|Valerin Gallego|40065|Para Aqui|1|Para Aqui/123|0|16|39|0|0|5191319.00|0.00|0.00|0|0.00|0|0.00|0.00|0|0.00|0|0.00|0|0.00|0|0.00|0|0.00|0|0.00|0|0.00|0|0.00|0.00|5191319.00
EMPOTSLS|1-Restaurante|1|1-Restaurante|22|chaux|Dayana montiel|40057|Para Aqui|1|Para Aqui/123|0|5|6|0|0|1456314.00|0.00|0.00|0|0.00|0|0.00|0.00|0|0.00|0|0.00|0|0.00|0|0.00|0|0.00|0|0.00|0|0.00|0|0.00|0.00|1456314.00
EMPOTSLS|1-Restaurante|1|1-Restaurante|22|Cordoba|David Cordoba|40094|Para Aqui|1|Para Aqui/123|0|5|6|0|0|2028905.00|0.00|0.00|0|0.00|0|0.00|0.00|0|0.00|0|0.00|0|0.00|0|0.00|0|0.00|0|0.00|0|0.00|0|0.00|0.00|2028905.00
EMPOTSLS|1-Restaurante|1|1-Restaurante|22|Oniel|Oniel Escalona|40105|Para Aqui|1|Para Aqui/123|0|1|1|0|0|34260.00|0.00|0.00|0|0.00|0|0.00|0.00|0|0.00|0|0.00|0|0.00|0|0.00|0|0.00|0|0.00|0|0.00|0|0.00|0.00|34260.00
EMPOTSLS|Domicilios|20|Domicilios|20|John Esteban|Mesa Correa|24|Para Llevar|2|Para Llevar/123|0|1|0|0|0|87963.00|0.00|0.00|0|0.00|0|0.00|0.00|0|0.00|0|0.00|0|0.00|0|0.00|0|0.00|0|0.00|0|0.00|0|0.00|0.00|87963.00
EMPOTSLS|1-Restaurante|1|1-Restaurante|22|Cristian|Cristian Torres |30002|Para Aqui|1|Para Aqui/123|0|2|1|0|0|15281296.00|0.00|0.00|0|0.00|0|0.00|0.00|0|0.00|0|0.00|0|0.00|0|0.00|0|0.00|0|0.00|0|0.00|0|0.00|0.00|15281296.00
EMPOTSLS|1-Restaurante|1|1-Restaurante|22|Paulina|Cordoba Paulina|40026|Para Aqui|1|Para Aqui/123|0|15|16|0|0|2234913.00|0.00|0.00|0|0.00|0|0.00|0.00|0|0.00|0|0.00|0|0.00|0|0.00|0|0.00|0|0.00|0|0.00|0|0.00|0.00|2234913.00
EMPOTSLS|1-Restaurante|1|1-Restaurante|22|Andrea|Avila Andrea|40027|Para Aqui|1|Para Aqui/123|0|10|21|0|0|2097136.00|0.00|0.00|0|0.00|0|0.00|0.00|0|0.00|0|0.00|0|0.00|0|0.00|0|0.00|0|0.00|0|0.00|0|0.00|0.00|2097136.00
EMPOTSLS|1-Restaurante|1|1-Restaurante|22|Arrieta|Ricardo Arrieta|40063|Para Aqui|1|Para Aqui/123|0|1|0|0|0|432408.00|0.00|0.00|0|0.00|0|0.00|0.00|0|0.00|0|0.00|0|0.00|0|0.00|0|0.00|0|0.00|0|0.00|0|0.00|0.00|432408.00
EMPOTSLS|1-Restaurante|1|1-Restaurante|22|ANDERSON|HINCAPIE|40132|Para Aqui|1|Para Aqui/123|0|4|1|0|0|106186324.00|0.00|0.00|0|0.00|0|0.00|0.00|0|0.00|0|0.00|0|0.00|0|0.00|0|0.00|0|0.00|0|0.00|0|0.00|0.00|106186324.00
EMPOTSLS|1-Restaurante|1|1-Restaurante|22|Manuela|Escobar Manuela|40020|Para Aqui|1|Para Aqui/123|0|1|1|0|0|432408.00|0.00|0.00|0|0.00|0|0.00|0.00|0|0.00|0|0.00|0|0.00|0|0.00|0|0.00|0|0.00|0|0.00|0|0.00|0.00|432408.00
EMPOTSLS|1-Restaurante|1|1-Restaurante|22|Cardona|JuanCardona|40030|Para Aqui|1|Para Aqui/123|0|5|7|0|0|3837442.00|0.00|0.00|0|0.00|0|0.00|0.00|0|0.00|0|0.00|0|0.00|0|0.00|0|0.00|0|0.00|0|0.00|0|0.00|0.00|3837442.00
EMPOTSLS|1-Restaurante|1|1-Restaurante|22|laura|Laura triana|40031|Para Aqui|1|Para Aqui/123|0|2|2|0|0|80280.00|0.00|0.00|0|0.00|0|0.00|0.00|0|0.00|0|0.00|0|0.00|0|0.00|0|0.00|0|0.00|0|0.00|0|0.00|0.00|80280.00
EMPOTSLS|1-Restaurante|1|1-Restaurante|22|SARAH|SARAH VILLALBA|40053|Para Aqui|1|Para Aqui/123|0|2|2|0|0|57780.00|0.00|0.00|0|0.00|0|0.00|0.00|0|0.00|0|0.00|0|0.00|0|0.00|0|0.00|0|0.00|0|0.00|0|0.00|0.00|57780.00
EMPOTSLS|1-Restaurante|1|1-Restaurante|22|Susana|Maldonado Susana|40011|Para Aqui|1|Para Aqui/123|0|1|2|0|0|1296205.00|0.00|0.00|0|0.00|0|0.00|0.00|0|0.00|0|0.00|0|0.00|0|0.00|0|0.00|0|0.00|0|0.00|0|0.00|0.00|1296205.00
EMPOTSLS|1-Restaurante|1|1-Restaurante|22|John Esteban|Mesa Correa|24|Para Aqui|1|Para Aqui/123|0|2|2|0|0|0.00|0.00|0.00|0|0.00|0|0.00|0.00|0|0.00|0|0.00|0|0.00|0|0.00|0|0.00|0|0.00|0|0.00|0|0.00|0.00|0.00
EMPOTSLS|1-Restaurante|1|1-Restaurante|22|Maria Fernanda|Cano Maria |40022|Para Aqui|1|Para Aqui/123|0|12|17|0|0|2738553.00|0.00|0.00|0|0.00|0|0.00|0.00|0|0.00|0|0.00|0|0.00|0|0.00|0|0.00|0|0.00|0|0.00|0|0.00|0.00|2738553.00
