EMPID|APC|Andres Plaza Claro|20241215|20241215|20250116|122209|2.00|2.00|Simphony|19.7.2
EMP|1-Restaurante|1|1-Restaurante|22|Sebastian|Rey|405220007|51|67|0|0|7846563.00|620295.00|-398587.00|40|0.00|0|-233207.00|7.00|358200.00|11|0.00|0|259410.00|4|9957702.00|53|9976673.00|52|0.00|0|0.00|0|0.00|621766.00|0.00|0|7846563.00|0.00|0.00|7846563.00
EMP|1-Restaurante|1|1-Restaurante|22|Celis|Juan David|405220001|2|3|0|0|30168.00|3017.00|-1387.00|2|0.00|0|-239.00|0.00|0.00|0|0.00|0|0.00|0|38917.00|2|38917.00|3|0.00|0|0.00|0|0.00|3017.00|0.00|0|30168.00|0.00|0.00|30168.00
EMP|1-Restaurante|1|1-Restaurante|22|Rafael|Gamba|405220008|9|17|0|0|1385493.00|88529.00|-288680.00|11|0.00|0|-105443.00|0.00|68500.00|2|0.00|0|0.00|0|1747829.00|9|1728858.00|8|0.00|0|0.00|0|0.00|87058.00|0.00|0|1441093.00|-55600.00|-55600.00|1385493.00
EMP|1-Restaurante|1|1-Restaurante|22|Maria Fernanda|Castillo|405220011|13|25|0|0|1606135.00|133043.00|-330188.00|25|0.00|0|-84600.00|-4.00|527300.00|3|0.00|0|0.00|1|2044339.00|13|2044339.00|13|0.00|0|0.00|0|0.00|133043.00|0.00|0|1606135.00|0.00|0.00|1606135.00
EMP|1-Restaurante|1|1-Restaurante|22|Jonatan |Fernandez Medina|101160002|1|1|0|0|109244.00|0.00|0.00|0|0.00|0|0.00|0.00|0.00|0|0.00|0|345000.00|1|130000.00|1|130000.00|1|0.00|0|0.00|0|0.00|0.00|0.00|0|109244.00|0.00|0.00|109244.00
EMP|1-Restaurante|1|1-Restaurante|22|SEBASTIAN|GARCIA CAVANZO|405260005|3|2|0|0|151681.00|15168.00|-3512.00|3|0.00|0|-608.00|0.00|22600.00|1|0.00|0|0.00|1|195668.00|3|195668.00|3|0.00|0|0.00|0|0.00|15168.00|0.00|0|151681.00|0.00|0.00|151681.00
EMP|1-Restaurante|1|1-Restaurante|22|Jenny Katerine|Roa|404270001|8|7|0|0|3140685.00|59025.00|0.00|0|0.00|0|0.00|0.00|0.00|0|0.00|0|1870000.00|1|3796425.00|8|3796425.00|8|0.00|0|0.00|0|0.00|59025.00|0.00|0|3140685.00|0.00|0.00|3140685.00
EMPSHFT|1-Restaurante|1|1-Restaurante|22|Jonatan |Fernandez Medina|101160002|1| |0| |0|CAPS|1|0|109244.00|0.00|0.00|0.00|1|1|0.00|0|0.00|0|0.00|0|0.00|0|0.00|0|0|0|0.00|0|0.00|0|0.00|0|109244.00|0.00|0.00|0.00|0.00|0.00|20756.00|0.00|130000.00|130000.00|1|130000.00|1|0.00|0|0.00|0|0.00|0.00|0|0.00
EMPSHFT|1-Restaurante|1|1-Restaurante|22|Jenny Katerine|Roa|404270001|1| |0| |0|CAPS|1|0|3140685.00|0.00|0.00|59025.00|8|7|0.00|0|0.00|0|0.00|0|0.00|0|0.00|0|0|0|59025.00|0|59025.00|3|0.00|0|2663303.00|0.00|0.00|0.00|0.00|0.00|596715.00|0.00|3796425.00|3796425.00|8|3796425.00|8|0.00|0|0.00|0|0.00|0.00|0|0.00
EMPSHFT|1-Restaurante|1|1-Restaurante|22|Celis|Juan David|405220001|1| |0| |0|BARRA|3|0|1261.00|0.00|0.00|126.00|1|1|0.00|0|0.00|0|0.00|0|0.00|0|0.00|0|0|0|0.00|0|0.00|0|0.00|0|0.00|0.00|0.00|0.00|0.00|0.00|239.00|0.00|1626.00|1626.00|1|0.00|0|0.00|0|0.00|0|0.00|0.00|0|0.00
EMPSHFT|1-Restaurante|1|1-Restaurante|22|Celis|Juan David|405220001|1| |0| |0|CAPS|1|0|-1261.00|0.00|0.00|-126.00|0|-1|0.00|0|-1387.00|2|0.00|0|0.00|0|0.00|0|0|0|3017.00|0|3017.00|1|0.00|0|33185.00|0.00|0.00|0.00|0.00|0.00|-239.00|-239.00|0.00|-1626.00|0|38917.00|3|0.00|0|0.00|0|0.00|0.00|0|0.00
EMPSHFT|1-Restaurante|1|1-Restaurante|22|Celis|Juan David|405220001|1| |0| |0|BAR|2|0|30168.00|0.00|0.00|3017.00|1|3|0.00|0|0.00|0|0.00|0|0.00|0|0.00|0|0|0|0.00|0|0.00|0|0.00|0|0.00|0.00|0.00|0.00|0.00|0.00|5732.00|0.00|38917.00|38917.00|1|0.00|0|0.00|0|0.00|0|0.00|0.00|0|0.00
EMPSHFT|1-Restaurante|1|1-Restaurante|22|Sebastian|Rey|405220007|1| |0| |0|PRINCIPAL|4|0|1082859.00|0.00|0.00|108284.00|14|1|0.00|0|0.00|0|0.00|0|12500.00|1|0.00|0|0|0|0.00|0|0.00|0|0.00|0|0.00|0.00|0.00|0.00|0.00|0.00|205741.00|-3.00|1396887.00|1396884.00|14|0.00|0|0.00|0|0.00|0|0.00|0.00|0|0.00
EMPSHFT|1-Restaurante|1|1-Restaurante|22|Sebastian|Rey|405220007|1| |0| |0|BARRA|3|0|3334125.00|0.00|0.00|333408.00|19|34|0.00|0|0.00|0|0.00|0|208000.00|7|0.00|0|0|0|0.00|0|0.00|0|0.00|0|0.00|0.00|0.00|0.00|0.00|0.00|633475.00|-1.00|4301009.00|4301008.00|19|0.00|0|0.00|0|0.00|0|0.00|0.00|0|0.00
EMPSHFT|1-Restaurante|1|1-Restaurante|22|Sebastian|Rey|405220007|1| |0| |0|BAR|2|0|3791932.00|0.00|0.00|379193.00|15|32|0.00|0|0.00|0|0.00|0|137700.00|3|0.00|0|0|0|0.00|0|0.00|0|0.00|0|0.00|0.00|0.00|0.00|0.00|0.00|720468.00|0.00|4891593.00|4891593.00|17|0.00|0|0.00|0|0.00|0|0.00|0.00|0|0.00
EMPSHFT|1-Restaurante|1|1-Restaurante|22|Sebastian|Rey|405220007|1| |0| |0|CAPS|1|0|-362353.00|0.00|0.00|-200590.00|3|0|0.00|0|-398587.00|40|0.00|0|0.00|0|0.00|0|0|0|621766.00|0|621766.00|37|0.00|0|8392777.00|0.00|0.00|0.00|0.00|0.00|-68847.00|-233203.00|0.00|-631783.00|3|9976673.00|52|0.00|0|0.00|0|7.00|0.00|0|0.00
EMPSHFT|1-Restaurante|1|1-Restaurante|22|Rafael|Gamba|405220008|1| |0| |0|BARRA|3|0|1126892.00|0.00|0.00|112689.00|6|14|0.00|0|0.00|0|0.00|0|68500.00|2|0.00|0|0|0|0.00|0|0.00|0|0.00|0|0.00|0.00|0.00|0.00|0.00|0.00|214108.00|0.00|1453689.00|1453689.00|6|0.00|0|0.00|0|0.00|0|0.00|0.00|0|0.00
EMPSHFT|1-Restaurante|1|1-Restaurante|22|Rafael|Gamba|405220008|1| |0| |0|PRINCIPAL|4|0|154369.00|0.00|0.00|15437.00|1|2|0.00|0|0.00|0|0.00|0|0.00|0|0.00|0|0|0|0.00|0|0.00|0|0.00|0|0.00|0.00|0.00|0.00|0.00|0.00|29331.00|0.00|199137.00|199137.00|1|0.00|0|0.00|0|0.00|0|0.00|0.00|0|0.00
EMPSHFT|1-Restaurante|1|1-Restaurante|22|Rafael|Gamba|405220008|1| |0| |0|CAPS|1|0|-318036.00|-55600.00|0.00|-81823.00|0|-3|0.00|0|-288680.00|11|0.00|0|0.00|0|0.00|0|0|0|87058.00|0|87058.00|7|0.00|0|1474383.00|0.00|0.00|0.00|0.00|0.00|-49864.00|-105443.00|0.00|-449723.00|0|1728858.00|8|0.00|0|0.00|0|0.00|0.00|0|0.00
EMPSHFT|1-Restaurante|1|1-Restaurante|22|Rafael|Gamba|405220008|1| |0| |0|BAR|2|0|422268.00|0.00|0.00|42226.00|2|4|0.00|0|0.00|0|0.00|0|0.00|0|0.00|0|0|0|0.00|0|0.00|0|0.00|0|0.00|0.00|0.00|0.00|0.00|0.00|80232.00|0.00|544726.00|544726.00|2|0.00|0|0.00|0|0.00|0|0.00|0.00|0|0.00
EMPSHFT|1-Restaurante|1|1-Restaurante|22|Maria Fernanda|Castillo|405220011|1| |0| |0|BARRA|3|0|447901.00|0.00|0.00|44789.00|4|6|0.00|0|0.00|0|0.00|0|0.00|0|0.00|0|0|0|0.00|0|0.00|0|0.00|0|0.00|0.00|0.00|0.00|0.00|0.00|85099.00|-1.00|577790.00|577789.00|4|0.00|0|0.00|0|0.00|0|0.00|0.00|0|0.00
EMPSHFT|1-Restaurante|1|1-Restaurante|22|Maria Fernanda|Castillo|405220011|1| |0| |0|CAPS|1|0|-300171.00|0.00|0.00|-57587.00|1|-7|0.00|0|-330188.00|25|0.00|0|0.00|0|0.00|0|0|0|133043.00|0|133043.00|9|0.00|0|1754458.00|0.00|0.00|0.00|0.00|0.00|-57029.00|-84599.00|0.00|-414791.00|1|2044339.00|13|0.00|0|0.00|0|-4.00|0.00|0|0.00
EMPSHFT|1-Restaurante|1|1-Restaurante|22|Maria Fernanda|Castillo|405220011|1| |0| |0|PRINCIPAL|4|0|279161.00|0.00|0.00|27917.00|2|8|0.00|0|0.00|0|0.00|0|0.00|0|0.00|0|0|0|0.00|0|0.00|0|0.00|0|0.00|0.00|0.00|0.00|0.00|0.00|53039.00|0.00|360117.00|360117.00|2|0.00|0|0.00|0|0.00|0|0.00|0.00|0|0.00
EMPSHFT|1-Restaurante|1|1-Restaurante|22|Maria Fernanda|Castillo|405220011|1| |0| |0|BAR|2|0|1179244.00|0.00|0.00|117924.00|6|18|0.00|0|0.00|0|0.00|0|527300.00|3|0.00|0|0|0|0.00|0|0.00|0|0.00|0|0.00|0.00|0.00|0.00|0.00|0.00|224056.00|0.00|1521224.00|1521224.00|6|0.00|0|0.00|0|0.00|0|0.00|0.00|0|0.00
EMPSHFT|1-Restaurante|1|1-Restaurante|22|SEBASTIAN|GARCIA CAVANZO|405260005|1| |0| |0|BARRA|3|0|154874.00|0.00|0.00|15488.00|2|3|0.00|0|0.00|0|0.00|0|22600.00|1|0.00|0|0|0|0.00|0|0.00|0|0.00|0|0.00|0.00|0.00|0.00|0.00|0.00|29426.00|0.00|199788.00|199788.00|2|0.00|0|0.00|0|0.00|0|0.00|0.00|0|0.00
EMPSHFT|1-Restaurante|1|1-Restaurante|22|SEBASTIAN|GARCIA CAVANZO|405260005|1| |0| |0|CAPS|1|0|-3193.00|0.00|0.00|-320.00|1|-1|0.00|0|-3512.00|3|0.00|0|0.00|0|0.00|0|0|0|15168.00|0|15168.00|2|0.00|0|166849.00|0.00|0.00|0.00|0.00|0.00|-607.00|-608.00|0.00|-4120.00|1|195668.00|3|0.00|0|0.00|0|0.00|0.00|0|0.00
EMPDSC|1-Restaurante|1|1-Restaurante|22|Rafael|Gamba|405220008|Desc. Corp. 10%|6|Desc. Corp. 10%|6|-55600.00|1|-55600.00
EMPTM|1-Restaurante|1|1-Restaurante|22|SEBASTIAN|GARCIA CAVANZO|405260005|Contado|102|Contado|102|Payment|0.00|0
EMPTM|1-Restaurante|1|1-Restaurante|22|Jenny Katerine|Roa|404270001|Contado|102|Contado|102|Payment|0.00|0
EMPTM|1-Restaurante|1|1-Restaurante|22|Jenny Katerine|Roa|404270001|Visa |204|Visa |204|Payment|5282250.00|24
EMPTM|1-Restaurante|1|1-Restaurante|22|Jenny Katerine|Roa|404270001|Efectivo |101|Efectivo |101|Payment|2031730.00|29
EMPTM|1-Restaurante|1|1-Restaurante|22|Jenny Katerine|Roa|404270001|Master Card|202|Master Card|202|Payment|9751900.00|38
EMPTM|1-Restaurante|1|1-Restaurante|22|Jenny Katerine|Roa|404270001|Consignacion|209|Consignacion|209|Payment|845000.00|2
EMPOTSLS|1-Restaurante|1|1-Restaurante|22|Sebastian|Rey|405220007|Para Aqui|1|Para Aqui|1|51|67|0|0|7830176.00|0.00|0.00|0|0.00|0|0.00|0.00|0|0.00|0|0.00|0|0.00|0|0.00|0|0.00|0|0.00|0|0.00|0|0.00|0.00|7830176.00
EMPOTSLS|1-Restaurante|1|1-Restaurante|22|Celis|Juan David|405220001|Para Aqui|1|Para Aqui|1|2|3|0|0|30168.00|0.00|0.00|0|0.00|0|0.00|0.00|0|0.00|0|0.00|0|0.00|0|0.00|0|0.00|0|0.00|0|0.00|0|0.00|0.00|30168.00
EMPOTSLS|1-Restaurante|1|1-Restaurante|22|Maria Fernanda|Castillo|405220011|Para Llevar|2|Para Llevar|2|1|1|0|0|5210.00|0.00|0.00|0|0.00|0|0.00|0.00|0|0.00|0|0.00|0|0.00|0|0.00|0|0.00|0|0.00|0|0.00|0|0.00|0.00|5210.00
EMPOTSLS|1-Restaurante|1|1-Restaurante|22|SEBASTIAN|GARCIA CAVANZO|405260005|Para Aqui|1|Para Aqui|1|3|2|0|0|151681.00|0.00|0.00|0|0.00|0|0.00|0.00|0|0.00|0|0.00|0|0.00|0|0.00|0|0.00|0|0.00|0|0.00|0|0.00|0.00|151681.00
EMPOTSLS|1-Restaurante|1|1-Restaurante|22|Jenny Katerine|Roa|404270001|Para Aqui|1|Para Aqui|1|8|7|0|0|3140685.00|0.00|0.00|0|0.00|0|0.00|0.00|0|0.00|0|0.00|0|0.00|0|0.00|0|0.00|0|0.00|0|0.00|0|0.00|0.00|3140685.00
EMPOTSLS|1-Restaurante|1|1-Restaurante|22|Sebastian|Rey|405220007|Para Llevar|2|Para Llevar|2|0|0|0|0|16387.00|0.00|0.00|0|0.00|0|0.00|0.00|0|0.00|0|0.00|0|0.00|0|0.00|0|0.00|0|0.00|0|0.00|0|0.00|0.00|16387.00
EMPOTSLS|1-Restaurante|1|1-Restaurante|22|Rafael|Gamba|405220008|Para Aqui|1|Para Aqui|1|9|17|0|0|1385493.00|0.00|0.00|0|0.00|0|0.00|0.00|0|0.00|0|0.00|0|0.00|0|0.00|0|0.00|0|0.00|0|0.00|0|0.00|0.00|1385493.00
EMPOTSLS|1-Restaurante|1|1-Restaurante|22|Maria Fernanda|Castillo|405220011|Para Aqui|1|Para Aqui|1|12|24|0|0|1600925.00|0.00|0.00|0|0.00|0|0.00|0.00|0|0.00|0|0.00|0|0.00|0|0.00|0|0.00|0|0.00|0|0.00|0|0.00|0.00|1600925.00
EMPOTSLS|1-Restaurante|1|1-Restaurante|22|Jonatan |Fernandez Medina|101160002|Para Aqui|1|Para Aqui|1|1|1|0|0|109244.00|0.00|0.00|0|0.00|0|0.00|0.00|0|0.00|0|0.00|0|0.00|0|0.00|0|0.00|0|0.00|0|0.00|0|0.00|0.00|109244.00
