EMPID|CTG|Andres Cartagena|20241212|20241212|20250113|125402|2.00|2.00|Simphony|19.7.2
EMP|1 Restaurante|1|1-Restaurante|22|Marilin Paola|Zabaleta Cuellar|606630003|14|50|0|0|5564118.00|514938.00|-127285.00|11|0.00|0|-61945.00|-2.00|454500.00|5|0.00|0|0.00|1|7136236.00|28|8056797.00|18|0.00|0|0.00|0|0.00|586299.00|0.00|0|5564118.00|0.00|0.00|5564118.00
EMP|1 Restaurante|1|1-Restaurante|22|Gleiner|Montiel Rocha|606630008|1|2|0|0|145631.00|14563.00|0.00|0|0.00|0|0.00|0.00|0.00|0|0.00|0|0.00|0|187863.00|1|0.00|0|0.00|0|0.00|0|0.00|0.00|0.00|0|145631.00|0.00|0.00|145631.00
EMP|1 Restaurante|1|1-Restaurante|22|Juliander Alexander |Lara Muñoz|606630012|1|2|0|0|0.00|0.00|0.00|0|0.00|0|-1588.00|0.00|0.00|0|0.00|0|0.00|0|3000.00|1|3000.00|1|0.00|0|0.00|0|0.00|0.00|0.00|0|15883.00|-15883.00|-15883.00|0.00
EMP|1 Restaurante|1|1-Restaurante|22|María Isabel|Chica Medina|606630018|15|65|0|0|5920255.00|573992.00|0.00|0|0.00|0|-18030.00|-3.00|397400.00|12|0.00|0|0.00|0|7619089.00|34|8511573.00|29|0.00|0|0.00|0|0.00|643176.00|0.00|0|5920255.00|0.00|0.00|5920255.00
EMP|1 Restaurante|1|1-Restaurante|22|Moises|Cotes|606630037|58|109|0|0|13121892.00|1233471.00|-44832.00|3|0.00|0|-7745.00|-39.00|816500.00|17|0.00|0|264720.00|4|16848464.00|65|16848464.00|57|0.00|0|0.00|0|0.00|1233471.00|0.00|0|13121892.00|0.00|0.00|13121892.00
EMP|1 Restaurante|1|1-Restaurante|22|Karem|Lopez|606630046|0|0|0|0|0.00|0.00|0.00|0|0.00|0|0.00|0.00|0.00|0|0.00|0|47914.00|1|0.00|0|0.00|0|0.00|0|0.00|0|0.00|0.00|0.00|0|0.00|0.00|0.00|0.00
EMP|1 Restaurante|1|1-Restaurante|22|Juan|Gomez|606640007|1|0|0|0|0.00|0.00|-15883.00|6|0.00|0|-4605.00|0.00|0.00|0|0.00|0|0.00|0|0.00|2|0.00|2|0.00|0|0.00|0|0.00|0.00|0.00|0|0.00|0.00|0.00|0.00
EMP|1 Restaurante|1|1-Restaurante|22|Jhonatan|Gutierrez|606630059|6|11|0|0|2479993.00|247998.00|0.00|0|0.00|0|0.00|0.00|498500.00|5|0.00|0|0.00|1|3199198.00|7|3199198.00|7|0.00|0|0.00|0|0.00|247998.00|0.00|0|2479993.00|0.00|0.00|2479993.00
EMP|1 Restaurante|1|1-Restaurante|22|Winder|Castaño|606630063|7|16|0|0|6026318.00|602626.00|0.00|0|0.00|0|0.00|0.00|147200.00|3|0.00|0|0.00|0|7773926.00|7|7773926.00|5|0.00|0|0.00|0|0.00|602626.00|0.00|0|6026318.00|0.00|0.00|6026318.00
EMP|1 Restaurante|1|1-Restaurante|22|Esther|Gonzalez|606630064|16|26|0|0|4888896.00|488887.00|-11462.00|2|0.00|0|-1980.00|-7.00|455800.00|4|0.00|0|0.00|0|6306680.00|19|5915344.00|16|0.00|0|0.00|0|0.00|458551.00|0.00|0|4888896.00|0.00|0.00|4888896.00
EMP|1 Restaurante|1|1-Restaurante|22|Alvaro|Viloria|606630065|33|86|0|0|12227820.00|1222774.00|0.00|0|0.00|0|-2.00|-21.00|428000.00|14|0.00|0|46397.00|1|15773853.00|52|15127986.00|46|0.00|0|0.00|0|0.00|1172707.00|0.00|0|12227820.00|0.00|0.00|12227820.00
EMP|1 Restaurante|1|1-Restaurante|22|Camilo|Tangarife|606670018|1|4|0|0|455800.00|45579.00|0.00|0|0.00|0|0.00|0.00|82400.00|1|0.00|0|0.00|0|587979.00|1|0.00|0|0.00|0|0.00|0|0.00|0.00|0.00|0|455800.00|0.00|0.00|455800.00
EMP|1 Restaurante|1|1-Restaurante|22|Valentina|Rodriguez|606630077|0|0|0|0|0.00|0.00|0.00|0|0.00|0|0.00|0.00|0.00|0|0.00|0|0.00|0|0.00|1|0.00|0|0.00|0|0.00|0|0.00|0.00|0.00|0|0.00|0.00|0.00|0.00
EMP|1 Restaurante|1|1-Restaurante|22|Alba|Quintero|606630079|7|14|0|0|2513698.00|251367.00|0.00|0|0.00|0|-2.00|0.00|0.00|0|0.00|0|0.00|0|3242667.00|12|3242667.00|11|0.00|0|0.00|0|0.00|251367.00|0.00|0|2513698.00|0.00|0.00|2513698.00
EMP|2 Almacen|2|2-Almacen|2|Alba|Quintero|606630079|2|3|0|0|133613.00|0.00|0.00|0|0.00|0|0.00|0.00|0.00|0|0.00|0|106000.00|1|159000.00|2|159000.00|2|0.00|0|0.00|0|0.00|0.00|0.00|0|133613.00|0.00|0.00|133613.00
EMP|1 Restaurante|1|1-Restaurante|22|Hector|Diaz|606680011|17|0|0|0|1058820.00|0.00|0.00|0|0.00|0|0.00|0.00|0.00|0|0.00|0|0.00|0|1260000.00|17|1260000.00|17|0.00|0|0.00|0|0.00|0.00|0.00|0|1058820.00|0.00|0.00|1058820.00
EMP|1 Restaurante|1|1-Restaurante|22|Jose|Cerchar Colon|302270005|7|1|0|0|453780.00|0.00|-25210.00|1|0.00|0|-4790.00|0.00|0.00|0|0.00|0|0.00|2|540000.00|7|540000.00|7|0.00|0|0.00|0|0.00|0.00|0.00|0|453780.00|0.00|0.00|453780.00
EMPSHFT|1 Restaurante|1|1-Restaurante|22|Jose|Cerchar Colon|302270005|1| |0| |0|BAR_LADO|3|0|453780.00|0.00|0.00|0.00|7|1|0.00|0|-25210.00|1|0.00|0|0.00|0|0.00|0|0|0|0.00|0|0.00|0|0.00|0|453780.00|0.00|0.00|0.00|0.00|0.00|86220.00|-4790.00|570000.00|540000.00|7|540000.00|7|0.00|0|0.00|0|0.00|0.00|0|0.00
EMPSHFT|1 Restaurante|1|1-Restaurante|22|Marilin Paola|Zabaleta Cuellar|606630003|1| |0| |0|CABINA DJ|4|0|222353.00|0.00|0.00|22235.00|1|2|0.00|0|0.00|0|0.00|0|0.00|0|0.00|0|0|0|0.00|0|0.00|0|0.00|0|0.00|0.00|0.00|0.00|0.00|0.00|42247.00|0.00|286835.00|286835.00|2|0.00|0|0.00|0|0.00|0|0.00|0.00|0|0.00
EMPSHFT|1 Restaurante|1|1-Restaurante|22|Marilin Paola|Zabaleta Cuellar|606630003|1| |0| |0|COCINA LADO|10|0|1874953.00|0.00|0.00|187494.00|5|16|0.00|0|-127285.00|11|0.00|0|0.00|0|0.00|0|0|0|141276.00|0|141276.00|5|0.00|0|0.00|0.00|0.00|0.00|0.00|0.00|356247.00|-21986.00|2567965.00|2418694.00|8|1840476.00|5|0.00|0|0.00|0|0.00|0.00|0|0.00
EMPSHFT|1 Restaurante|1|1-Restaurante|22|Marilin Paola|Zabaleta Cuellar|606630003|1| |0| |0|MARILYN|5|0|2746557.00|0.00|0.00|273143.00|6|22|0.00|0|0.00|0|0.00|0|403600.00|3|0.00|0|0|0|440023.00|0|440023.00|9|0.00|0|0.00|0.00|0.00|0.00|0.00|0.00|521845.00|-1.00|3541546.00|3541543.00|16|5676323.00|9|0.00|0|0.00|0|0.00|0.00|0|0.00
EMPSHFT|1 Restaurante|1|1-Restaurante|22|Marilin Paola|Zabaleta Cuellar|606630003|1| |0| |0|CAJA 1|6|0|720255.00|0.00|0.00|72024.00|2|10|0.00|0|0.00|0|0.00|0|50900.00|2|0.00|0|0|0|0.00|0|0.00|0|0.00|0|0.00|0.00|0.00|0.00|0.00|0.00|136845.00|0.00|929124.00|929124.00|2|0.00|0|0.00|0|0.00|0|0.00|0.00|0|0.00
EMPSHFT|1 Restaurante|1|1-Restaurante|22|Marilin Paola|Zabaleta Cuellar|606630003|1| |0| |0|CAJA 2|7|0|0.00|0.00|0.00|-39958.00|0|0|0.00|0|0.00|0|0.00|0|0.00|0|0.00|0|0|0|5000.00|0|5000.00|1|0.00|0|6861466.00|0.00|0.00|0.00|0.00|0.00|0.00|-39958.00|0.00|-39960.00|0|539998.00|4|0.00|0|0.00|0|-2.00|0.00|0|0.00
EMPSHFT|1 Restaurante|1|1-Restaurante|22|Gleiner|Montiel Rocha|606630008|1| |0| |0|ALMACEN|2|0|145631.00|0.00|0.00|14563.00|1|2|0.00|0|0.00|0|0.00|0|0.00|0|0.00|0|0|0|0.00|0|0.00|0|0.00|0|0.00|0.00|0.00|0.00|0.00|0.00|27669.00|0.00|187863.00|187863.00|1|0.00|0|0.00|0|0.00|0|0.00|0.00|0|0.00
EMPSHFT|1 Restaurante|1|1-Restaurante|22|Juliander Alexander |Lara Muñoz|606630012|1| |0| |0|COCINA LADO|10|0|15883.00|0.00|0.00|1588.00|1|2|0.00|0|0.00|0|0.00|0|0.00|0|0.00|0|0|0|0.00|0|0.00|0|0.00|0|0.00|0.00|0.00|0.00|0.00|0.00|3017.00|0.00|20488.00|20488.00|1|0.00|0|0.00|0|0.00|0|0.00|0.00|0|0.00
EMPSHFT|1 Restaurante|1|1-Restaurante|22|Juliander Alexander |Lara Muñoz|606630012|1| |0| |0|CAJA 2|7|0|-15883.00|-15883.00|0.00|-1588.00|0|0|0.00|0|0.00|0|0.00|0|0.00|0|0.00|0|0|0|0.00|0|0.00|0|0.00|0|0.00|0.00|0.00|0.00|0.00|0.00|0.00|-1588.00|0.00|-17488.00|0|3000.00|1|0.00|0|0.00|0|0.00|0.00|0|0.00
EMPSHFT|1 Restaurante|1|1-Restaurante|22|María Isabel|Chica Medina|606630018|1| |0| |0|CAJA 2|7|0|0.00|0.00|0.00|-18028.00|0|0|0.00|0|0.00|0|0.00|0|0.00|0|0.00|0|0|0|15602.00|0|15602.00|2|0.00|0|7250975.00|0.00|0.00|0.00|0.00|0.00|0.00|-18028.00|0.00|-18031.00|0|415799.00|3|0.00|0|0.00|0|-3.00|0.00|0|0.00
EMPSHFT|1 Restaurante|1|1-Restaurante|22|María Isabel|Chica Medina|606630018|1| |0| |0|MARILYN|5|0|44706.00|0.00|0.00|4471.00|0|0|0.00|0|0.00|0|0.00|0|24000.00|2|0.00|0|0|0|1975.00|0|1975.00|1|0.00|0|0.00|0.00|0.00|0.00|0.00|0.00|8494.00|0.00|57671.00|57671.00|1|25475.00|1|0.00|0|0.00|0|0.00|0.00|0|0.00
EMPSHFT|1 Restaurante|1|1-Restaurante|22|María Isabel|Chica Medina|606630018|1| |0| |0|CABINA DJ|4|0|2406138.00|0.00|0.00|240611.00|10|43|0.00|0|0.00|0|0.00|0|225800.00|4|0.00|0|0|0|460180.00|0|460180.00|21|0.00|0|0.00|0.00|0.00|0.00|0.00|0.00|457162.00|-2.00|3103913.00|3103911.00|27|5936380.00|21|0.00|0|0.00|0|0.00|0.00|0|0.00
EMPSHFT|1 Restaurante|1|1-Restaurante|22|María Isabel|Chica Medina|606630018|1| |0| |0|CAJA 1|6|0|3291849.00|0.00|0.00|329183.00|5|22|0.00|0|0.00|0|0.00|0|104200.00|5|0.00|0|0|0|130411.00|0|130411.00|3|0.00|0|0.00|0.00|0.00|0.00|0.00|0.00|625451.00|0.00|4246483.00|4246483.00|6|1682311.00|3|0.00|0|0.00|0|0.00|0.00|0|0.00
EMPSHFT|1 Restaurante|1|1-Restaurante|22|María Isabel|Chica Medina|606630018|1| |0| |0|COCINA LADO|10|0|0.00|0.00|0.00|0.00|0|0|0.00|0|0.00|0|0.00|0|0.00|0|0.00|0|0|0|35008.00|0|35008.00|1|0.00|0|0.00|0.00|0.00|0.00|0.00|0.00|0.00|0.00|0.00|0.00|0|451608.00|1|0.00|0|0.00|0|0.00|0.00|0|0.00
EMPSHFT|1 Restaurante|1|1-Restaurante|22|María Isabel|Chica Medina|606630018|1| |0| |0|ALMACEN|2|0|177562.00|0.00|0.00|17755.00|0|0|0.00|0|0.00|0|0.00|0|43400.00|1|0.00|0|0|0|0.00|0|0.00|0|0.00|0|0.00|0.00|0.00|0.00|0.00|0.00|33738.00|0.00|229055.00|229055.00|0|0.00|0|0.00|0|0.00|0|0.00|0.00|0|0.00
EMPSHFT|1 Restaurante|1|1-Restaurante|22|Moises|Cotes|606630037|1| |0| |0|TERRAZA|8|0|12503446.00|0.00|0.00|1237547.00|58|109|0.00|0|0.00|0|0.00|0|816500.00|17|0.00|0|0|0|518225.00|0|518225.00|53|0.00|0|0.00|0.00|0.00|0.00|0.00|0.00|2375636.00|-1.00|16116630.00|16116629.00|65|6685225.00|53|0.00|0|0.00|0|0.00|0.00|0|0.00
EMPSHFT|1 Restaurante|1|1-Restaurante|22|Moises|Cotes|606630037|1| |0| |0|MARILYN|5|0|659202.00|0.00|0.00|0.00|0|0|0.00|0|0.00|0|0.00|0|0.00|0|0.00|0|0|0|0.00|0|0.00|0|0.00|0|0.00|0.00|0.00|0.00|0.00|0.00|125248.00|0.00|784450.00|784450.00|0|0.00|0|0.00|0|0.00|0|0.00|0.00|0|0.00
EMPSHFT|1 Restaurante|1|1-Restaurante|22|Moises|Cotes|606630037|1| |0| |0|COCINA LADO|10|0|-40756.00|0.00|0.00|-4076.00|0|0|0.00|0|-44832.00|3|0.00|0|0.00|0|0.00|0|0|0|1630.00|0|1630.00|1|0.00|0|0.00|0.00|0.00|0.00|0.00|0.00|-7744.00|-7744.00|0.00|-52576.00|0|21030.00|1|0.00|0|0.00|0|0.00|0.00|0|0.00
EMPSHFT|1 Restaurante|1|1-Restaurante|22|Moises|Cotes|606630037|1| |0| |0|CAJA 2|7|0|0.00|0.00|0.00|0.00|0|0|0.00|0|0.00|0|0.00|0|0.00|0|0.00|0|0|0|713616.00|0|713616.00|2|0.00|0|10757008.00|0.00|0.00|0.00|0.00|0.00|0.00|0.00|0.00|-39.00|0|10142209.00|3|0.00|0|0.00|0|-39.00|0.00|0|0.00
EMPSHFT|1 Restaurante|1|1-Restaurante|22|Jhonatan|Gutierrez|606630059|1| |0| |0|MARILYN|5|0|48487.00|0.00|0.00|4849.00|1|0|0.00|0|0.00|0|0.00|0|0.00|0|0.00|0|0|0|5832.00|0|5832.00|1|0.00|0|0.00|0.00|0.00|0.00|0.00|0.00|9213.00|0.00|62549.00|62549.00|1|75232.00|1|0.00|0|0.00|0|0.00|0.00|0|0.00
EMPSHFT|1 Restaurante|1|1-Restaurante|22|Jhonatan|Gutierrez|606630059|1| |0| |0|CAJA 2|7|0|0.00|0.00|0.00|0.00|0|0|0.00|0|0.00|0|0.00|0|0.00|0|0.00|0|0|0|0.00|0|0.00|0|0.00|0|2663840.00|0.00|0.00|0.00|0.00|0.00|0.00|0.00|0.00|0.00|0|0.00|1|0.00|0|0.00|0|0.00|0.00|0|0.00
EMPSHFT|1 Restaurante|1|1-Restaurante|22|Jhonatan|Gutierrez|606630059|1| |0| |0|COCINA LADO|10|0|2431506.00|0.00|0.00|243149.00|5|11|0.00|0|0.00|0|0.00|0|498500.00|5|0.00|0|0|0|242166.00|0|242166.00|5|0.00|0|0.00|0.00|0.00|0.00|0.00|0.00|461994.00|0.00|3136649.00|3136649.00|6|3123966.00|5|0.00|0|0.00|0|0.00|0.00|0|0.00
EMPSHFT|1 Restaurante|1|1-Restaurante|22|Winder|Castaño|606630063|1| |0| |0|ALMACEN|2|0|5636067.00|0.00|0.00|563601.00|7|16|0.00|0|0.00|0|0.00|0|134800.00|2|0.00|0|0|0|301830.00|0|301830.00|4|0.00|0|0.00|0.00|0.00|0.00|0.00|0.00|1070833.00|0.00|7270501.00|7270501.00|7|3893630.00|4|0.00|0|0.00|0|0.00|0.00|0|0.00
EMPSHFT|1 Restaurante|1|1-Restaurante|22|Winder|Castaño|606630063|1| |0| |0|CAJA 1|6|0|245715.00|0.00|0.00|24571.00|0|0|0.00|0|0.00|0|0.00|0|12400.00|1|0.00|0|0|0|0.00|0|0.00|0|0.00|0|0.00|0.00|0.00|0.00|0.00|0.00|46685.00|0.00|316971.00|316971.00|0|0.00|0|0.00|0|0.00|0|0.00|0.00|0|0.00
EMPSHFT|1 Restaurante|1|1-Restaurante|22|Winder|Castaño|606630063|1| |0| |0|CAJA 2|7|0|0.00|0.00|0.00|0.00|0|0|0.00|0|0.00|0|0.00|0|0.00|0|0.00|0|0|0|300796.00|0|300796.00|1|0.00|0|6628944.00|0.00|0.00|0.00|0.00|0.00|0.00|0.00|0.00|0.00|0|3880296.00|1|0.00|0|0.00|0|0.00|0.00|0|0.00
EMPSHFT|1 Restaurante|1|1-Restaurante|22|Winder|Castaño|606630063|1| |0| |0|MARILYN|5|0|144536.00|0.00|0.00|14454.00|0|0|0.00|0|0.00|0|0.00|0|0.00|0|0.00|0|0|0|0.00|0|0.00|0|0.00|0|0.00|0.00|0.00|0.00|0.00|0.00|27464.00|0.00|186454.00|186454.00|0|0.00|0|0.00|0|0.00|0|0.00|0.00|0|0.00
EMPSHFT|1 Restaurante|1|1-Restaurante|22|Esther|Gonzalez|606630064|1| |0| |0|ALMACEN|2|0|2338898.00|0.00|0.00|233888.00|6|10|0.00|0|0.00|0|0.00|0|130000.00|2|0.00|0|0|0|48377.00|0|48377.00|3|0.00|0|0.00|0.00|0.00|0.00|0.00|0.00|444402.00|0.00|3017188.00|3017188.00|6|624077.00|3|0.00|0|0.00|0|0.00|0.00|0|0.00
EMPSHFT|1 Restaurante|1|1-Restaurante|22|Esther|Gonzalez|606630064|1| |0| |0|CAJA 2|7|0|0.00|0.00|0.00|0.00|0|0|0.00|0|0.00|0|0.00|0|0.00|0|0.00|0|0|0|136688.00|0|136688.00|1|0.00|0|3540508.00|0.00|0.00|0.00|0.00|0.00|0.00|0.00|0.00|-7.00|0|1763281.00|2|0.00|0|0.00|0|-7.00|0.00|0|0.00
EMPSHFT|1 Restaurante|1|1-Restaurante|22|Esther|Gonzalez|606630064|1| |0| |0|MARILYN|5|0|0.00|0.00|0.00|0.00|0|1|0.00|0|0.00|0|0.00|0|0.00|0|0.00|0|0|0|20420.00|0|20420.00|2|0.00|0|0.00|0.00|0.00|0.00|0.00|0.00|0.00|0.00|0.00|0.00|1|263420.00|2|0.00|0|0.00|0|0.00|0.00|0|0.00
EMPSHFT|1 Restaurante|1|1-Restaurante|22|Esther|Gonzalez|606630064|1| |0| |0|CAJA 1|6|0|760167.00|0.00|0.00|76017.00|2|4|0.00|0|0.00|0|0.00|0|0.00|0|0.00|0|0|0|0.00|0|0.00|0|0.00|0|0.00|0.00|0.00|0.00|0.00|0.00|144433.00|0.00|980617.00|980617.00|2|0.00|0|0.00|0|0.00|0|0.00|0.00|0|0.00
EMPSHFT|1 Restaurante|1|1-Restaurante|22|Esther|Gonzalez|606630064|1| |0| |0|COCINA LADO|10|0|-10420.00|0.00|0.00|-1042.00|0|-1|0.00|0|-11462.00|2|0.00|0|0.00|0|0.00|0|0|0|66142.00|0|66142.00|3|0.00|0|0.00|0.00|0.00|0.00|0.00|0.00|-1980.00|-1980.00|0.00|-13442.00|0|853242.00|3|0.00|0|0.00|0|0.00|0.00|0|0.00
EMPSHFT|1 Restaurante|1|1-Restaurante|22|Esther|Gonzalez|606630064|1| |0| |0|TERRAZA|8|0|0.00|0.00|0.00|0.00|0|0|0.00|0|0.00|0|0.00|0|0.00|0|0.00|0|0|0|25454.00|0|25454.00|1|0.00|0|0.00|0.00|0.00|0.00|0.00|0.00|0.00|0.00|0.00|0.00|0|328354.00|1|0.00|0|0.00|0|0.00|0.00|0|0.00
EMPSHFT|1 Restaurante|1|1-Restaurante|22|Esther|Gonzalez|606630064|1| |0| |0|CABINA DJ|4|0|1800251.00|0.00|0.00|180024.00|8|12|0.00|0|0.00|0|0.00|0|325800.00|2|0.00|0|0|0|161470.00|0|161470.00|5|0.00|0|0.00|0.00|0.00|0.00|0.00|0.00|342049.00|0.00|2322324.00|2322324.00|10|2082970.00|5|0.00|0|0.00|0|0.00|0.00|0|0.00
EMPSHFT|1 Restaurante|1|1-Restaurante|22|Alvaro|Viloria|606630065|1| |0| |0|COCINA LADO|10|0|101093.00|0.00|0.00|10109.00|0|0|0.00|0|0.00|0|0.00|0|0.00|0|0.00|0|0|0|0.00|0|0.00|0|0.00|0|0.00|0.00|0.00|0.00|0.00|0.00|19207.00|0.00|130409.00|130409.00|0|0.00|0|0.00|0|0.00|0|0.00|0.00|0|0.00
EMPSHFT|1 Restaurante|1|1-Restaurante|22|Alvaro|Viloria|606630065|1| |0| |0|CAJA 1|6|0|2408572.00|0.00|0.00|240857.00|4|22|0.00|0|0.00|0|0.00|0|290400.00|6|0.00|0|0|0|241663.00|0|241663.00|9|0.00|0|0.00|0.00|0.00|0.00|0.00|0.00|457628.00|0.00|3107057.00|3107057.00|8|3117463.00|9|0.00|0|0.00|0|0.00|0.00|0|0.00
EMPSHFT|1 Restaurante|1|1-Restaurante|22|Alvaro|Viloria|606630065|1| |0| |0|BAR_LADO|3|0|0.00|0.00|0.00|1.00|0|0|0.00|0|0.00|0|0.00|0|0.00|0|0.00|0|0|0|70009.00|0|70009.00|5|0.00|0|0.00|0.00|0.00|0.00|0.00|0.00|0.00|0.00|1.00|1.00|0|903109.00|5|0.00|0|0.00|0|0.00|0.00|0|0.00
EMPSHFT|1 Restaurante|1|1-Restaurante|22|Alvaro|Viloria|606630065|1| |0| |0|ALMACEN|2|0|4607234.00|0.00|0.00|460718.00|14|26|0.00|0|0.00|0|0.00|0|122800.00|5|0.00|0|0|0|529616.00|0|529616.00|20|0.00|0|0.00|0.00|0.00|0.00|0.00|0.00|875366.00|-1.00|5943319.00|5943318.00|19|6832116.00|20|0.00|0|0.00|0|0.00|0.00|0|0.00
EMPSHFT|1 Restaurante|1|1-Restaurante|22|Alvaro|Viloria|606630065|1| |0| |0|CABINA DJ|4|0|5110921.00|0.00|0.00|511089.00|15|38|0.00|0|0.00|0|0.00|0|14800.00|3|0.00|0|0|0|281991.00|0|281991.00|9|0.00|0|0.00|0.00|0.00|0.00|0.00|0.00|971079.00|-1.00|6593090.00|6593089.00|25|3637691.00|9|0.00|0|0.00|0|0.00|0.00|0|0.00
EMPSHFT|1 Restaurante|1|1-Restaurante|22|Alvaro|Viloria|606630065|1| |0| |0|MARILYN|5|0|0.00|0.00|0.00|0.00|0|0|0.00|0|0.00|0|0.00|0|0.00|0|0.00|0|0|0|49428.00|0|49428.00|1|0.00|0|0.00|0.00|0.00|0.00|0.00|0.00|0.00|0.00|0.00|0.00|0|637628.00|1|0.00|0|0.00|0|0.00|0.00|0|0.00
EMPSHFT|1 Restaurante|1|1-Restaurante|22|Alvaro|Viloria|606630065|1| |0| |0|CAJA 2|7|0|0.00|0.00|0.00|0.00|0|0|0.00|0|0.00|0|0.00|0|0.00|0|0.00|0|0|0|0.00|0|0.00|0|0.00|0|12899835.00|0.00|0.00|0.00|0.00|0.00|0.00|0.00|0.00|-21.00|0|-21.00|2|0.00|0|0.00|0|-21.00|0.00|0|0.00
EMPSHFT|1 Restaurante|1|1-Restaurante|22|Valentina|Rodriguez|606630077|1| |0| |0|ALMACEN|2|0|0.00|0.00|0.00|0.00|0|0|0.00|0|0.00|0|0.00|0|0.00|0|0.00|0|0|0|0.00|0|0.00|0|0.00|0|0.00|0.00|0.00|0.00|0.00|0.00|0.00|0.00|0.00|0.00|1|0.00|0|0.00|0|0.00|0|0.00|0.00|0|0.00
EMPSHFT|2 Almacen|2|2-Almacen|2|Alba|Quintero|606630079|1| |0| |0|CAJA 2|7|0|0.00|0.00|0.00|0.00|0|0|0.00|0|0.00|0|0.00|0|0.00|0|0.00|0|0|0|0.00|0|0.00|0|0.00|0|133613.00|0.00|0.00|0.00|0.00|0.00|0.00|0.00|0.00|0.00|0|0.00|0|0.00|0|0.00|0|0.00|0.00|0|0.00
EMPSHFT|2 Almacen|2|2-Almacen|2|Alba|Quintero|606630079|1| |0| |0|BAR_LADO|3|0|42017.00|0.00|0.00|0.00|1|2|0.00|0|0.00|0|0.00|0|0.00|0|0.00|0|0|0|0.00|0|0.00|0|0.00|0|0.00|0.00|0.00|0.00|0.00|0.00|7983.00|0.00|50000.00|50000.00|1|50000.00|1|0.00|0|0.00|0|0.00|0.00|0|0.00
EMPSHFT|2 Almacen|2|2-Almacen|2|Alba|Quintero|606630079|1| |0| |0|CAJA 1|6|0|91596.00|0.00|0.00|0.00|1|1|0.00|0|0.00|0|0.00|0|0.00|0|0.00|0|0|0|0.00|0|0.00|0|0.00|0|0.00|0.00|0.00|0.00|0.00|0.00|17404.00|0.00|109000.00|109000.00|1|109000.00|1|0.00|0|0.00|0|0.00|0.00|0|0.00
EMPSHFT|1 Restaurante|1|1-Restaurante|22|Alba|Quintero|606630079|1| |0| |0|CAJA 2|7|0|0.00|0.00|0.00|0.00|0|0|0.00|0|0.00|0|0.00|0|0.00|0|0.00|0|0|0|0.00|0|0.00|0|0.00|0|2765065.00|0.00|0.00|0.00|0.00|0.00|0.00|0.00|0.00|0.00|0|0.00|1|0.00|0|0.00|0|0.00|0.00|0|0.00
EMPSHFT|1 Restaurante|1|1-Restaurante|22|Alba|Quintero|606630079|1| |0| |0|ALMACEN|2|0|450085.00|0.00|0.00|45007.00|0|0|0.00|0|0.00|0|0.00|0|0.00|0|0.00|0|0|0|12798.00|0|12798.00|1|0.00|0|0.00|0.00|0.00|0.00|0.00|0.00|85515.00|0.00|580607.00|580607.00|0|165098.00|1|0.00|0|0.00|0|0.00|0.00|0|0.00
EMPSHFT|1 Restaurante|1|1-Restaurante|22|Alba|Quintero|606630079|1| |0| |0|COCINA LADO|10|0|18908.00|0.00|0.00|1891.00|0|0|0.00|0|0.00|0|0.00|0|0.00|0|0.00|0|0|0|0.00|0|0.00|0|0.00|0|0.00|0.00|0.00|0.00|0.00|0.00|3592.00|0.00|24391.00|24391.00|0|0.00|0|0.00|0|0.00|0|0.00|0.00|0|0.00
EMPSHFT|1 Restaurante|1|1-Restaurante|22|Alba|Quintero|606630079|1| |0| |0|CAJA 1|6|0|1869915.00|0.00|0.00|186990.00|6|14|0.00|0|0.00|0|0.00|0|0.00|0|0.00|0|0|0|238569.00|0|238569.00|9|0.00|0|0.00|0.00|0.00|0.00|0.00|0.00|355285.00|-1.00|2412191.00|2412190.00|11|3077569.00|9|0.00|0|0.00|0|0.00|0.00|0|0.00
EMPSHFT|1 Restaurante|1|1-Restaurante|22|Alba|Quintero|606630079|1| |0| |0|CABINA DJ|4|0|174790.00|0.00|0.00|17479.00|1|0|0.00|0|0.00|0|0.00|0|0.00|0|0.00|0|0|0|0.00|0|0.00|0|0.00|0|0.00|0.00|0.00|0.00|0.00|0.00|33210.00|-1.00|225480.00|225479.00|1|0.00|0|0.00|0|0.00|0|0.00|0.00|0|0.00
EMPSHFT|1 Restaurante|1|1-Restaurante|22|Juan|Gomez|606640007|1| |0| |0|CABINA DJ|4|0|4538.00|0.00|0.00|454.00|0|0|0.00|0|0.00|0|0.00|0|0.00|0|0.00|0|0|0|0.00|0|0.00|0|0.00|0|0.00|0.00|0.00|0.00|0.00|0.00|862.00|0.00|5854.00|5854.00|0|0.00|0|0.00|0|0.00|0|0.00|0.00|0|0.00
EMPSHFT|1 Restaurante|1|1-Restaurante|22|Juan|Gomez|606640007|1| |0| |0|CAJA 2|7|0|-15883.00|-15883.00|0.00|-1588.00|0|0|0.00|0|0.00|0|0.00|0|0.00|0|0.00|0|0|0|0.00|0|0.00|0|0.00|0|0.00|0.00|0.00|0.00|0.00|0.00|0.00|-1588.00|0.00|-17488.00|0|3000.00|2|0.00|0|0.00|0|0.00|0.00|0|0.00
EMPSHFT|1 Restaurante|1|1-Restaurante|22|Juan|Gomez|606640007|1| |0| |0|MARILYN|5|0|9076.00|0.00|0.00|907.00|1|1|0.00|0|0.00|0|0.00|0|0.00|0|0.00|0|0|0|0.00|0|0.00|0|0.00|0|0.00|0.00|0.00|0.00|0.00|0.00|1724.00|0.00|11707.00|11707.00|2|0.00|0|0.00|0|0.00|0|0.00|0.00|0|0.00
EMPSHFT|1 Restaurante|1|1-Restaurante|22|Juan|Gomez|606640007|1| |0| |0|COCINA LADO|10|0|2269.00|15883.00|0.00|227.00|0|-1|0.00|0|-15883.00|6|0.00|0|0.00|0|0.00|0|0|0|0.00|0|0.00|0|0.00|0|0.00|0.00|0.00|0.00|0.00|0.00|-2586.00|-3017.00|2927.00|-73.00|0|-3000.00|0|0.00|0|0.00|0|0.00|0.00|0|0.00
EMPSHFT|1 Restaurante|1|1-Restaurante|22|Juan|Gomez|606640007|1| |0| |0|ALMACEN|2|0|0.00|0.00|0.00|0.00|0|0|0.00|0|0.00|0|0.00|0|0.00|0|0.00|0|0|0|0.00|0|0.00|0|0.00|0|0.00|0.00|0.00|0.00|0.00|0.00|0.00|0.00|0.00|0.00|0|0.00|0|0.00|0|0.00|0|0.00|0.00|0|0.00
EMPSHFT|1 Restaurante|1|1-Restaurante|22|Camilo|Tangarife|606670018|1| |0| |0|CABINA DJ|4|0|455800.00|0.00|0.00|45579.00|1|4|0.00|0|0.00|0|0.00|0|82400.00|1|0.00|0|0|0|0.00|0|0.00|0|0.00|0|0.00|0.00|0.00|0.00|0.00|0.00|86600.00|0.00|587979.00|587979.00|1|0.00|0|0.00|0|0.00|0|0.00|0.00|0|0.00
EMPSHFT|1 Restaurante|1|1-Restaurante|22|Hector|Diaz|606680011|1| |0| |0|PUERTO|9|0|1058820.00|0.00|0.00|0.00|17|0|0.00|0|0.00|0|0.00|0|0.00|0|0.00|0|0|0|0.00|0|0.00|0|0.00|0|1058820.00|0.00|0.00|0.00|0.00|0.00|201180.00|0.00|1260000.00|1260000.00|17|1260000.00|17|0.00|0|0.00|0|0.00|0.00|0|0.00
EMPDSC|1 Restaurante|1|1-Restaurante|22|Juliander Alexander |Lara Muñoz|606630012|Descuento %|1|Descuento %|1|-15883.00|1|-15883.00
EMPDSC|1 Restaurante|1|1-Restaurante|22|Juan|Gomez|606640007|Descuento %|1|Descuento %|1|0.00|0|0.00
EMPTM|1 Restaurante|1|1-Restaurante|22|Marilin Paola|Zabaleta Cuellar|606630003|Contado|102|Contado|102|Payment|0.00|0
EMPTM|1 Restaurante|1|1-Restaurante|22|Juliander Alexander |Lara Muñoz|606630012|Contado|102|Contado|102|Payment|0.00|0
EMPTM|1 Restaurante|1|1-Restaurante|22|Rosmar|Arevalo|606680003|Efectivo |101|Efectivo |101|Payment|9530110.00|45
EMPTM|2 Almacen|2|2-Almacen|2|Rosmar|Arevalo|606680003|Efectivo |101|Efectivo |101|Payment|109000.00|1
EMPTM|1 Restaurante|1|1-Restaurante|22|Rosmar|Arevalo|606680003|Contado|102|Contado|102|Payment|0.00|0
EMPTM|1 Restaurante|1|1-Restaurante|22|Rosmar|Arevalo|606680003|American Express|201|American Express|201|Payment|1427568.00|4
EMPTM|1 Restaurante|1|1-Restaurante|22|Rosmar|Arevalo|606680003|Master Card|202|Master Card|202|Payment|27614355.00|63
EMPTM|1 Restaurante|1|1-Restaurante|22|Rosmar|Arevalo|606680003|Cuenta X Cobrar|206|Cuenta X Cobrar|206|Payment|1841520.00|3
EMPTM|1 Restaurante|1|1-Restaurante|22|Rosmar|Arevalo|606680003|Visa|204|Visa|204|Payment|24035402.00|95
EMPTM|2 Almacen|2|2-Almacen|2|Rosmar|Arevalo|606680003|Visa|204|Visa|204|Payment|50000.00|1
EMPTM|1 Restaurante|1|1-Restaurante|22|Rosmar|Arevalo|606680003|Anticipo|208|Anticipo|208|Payment|4230000.00|1
EMPTM|1 Restaurante|1|1-Restaurante|22|María Isabel|Chica Medina|606630018|Contado|102|Contado|102|Payment|0.00|0
EMPTM|1 Restaurante|1|1-Restaurante|22|Mauricio|Acosta|606650004|Contado|102|Contado|102|Payment|0.00|0
EMPTM|1 Restaurante|1|1-Restaurante|22|Moises|Cotes|606630037|Contado|102|Contado|102|Payment|0.00|0
EMPTM|1 Restaurante|1|1-Restaurante|22|Karem|Lopez|606630046|Contado|102|Contado|102|Payment|0.00|0
EMPTM|1 Restaurante|1|1-Restaurante|22|Jhonatan|Gutierrez|606630059|Contado|102|Contado|102|Payment|0.00|0
EMPTM|1 Restaurante|1|1-Restaurante|22|Winder|Castaño|606630063|Contado|102|Contado|102|Payment|0.00|0
EMPTM|1 Restaurante|1|1-Restaurante|22|Esther|Gonzalez|606630064|Contado|102|Contado|102|Payment|0.00|0
EMPTM|1 Restaurante|1|1-Restaurante|22|Alvaro|Viloria|606630065|Contado|102|Contado|102|Payment|0.00|0
EMPTM|1 Restaurante|1|1-Restaurante|22|Miguel A.|Cabarcas|606670016|Contado|102|Contado|102|Payment|0.00|0
EMPTM|1 Restaurante|1|1-Restaurante|22|Viviana|Maldonado M.|606670017|Contado|102|Contado|102|Payment|0.00|0
EMPTM|1 Restaurante|1|1-Restaurante|22|Camilo|Tangarife|606670018|Contado|102|Contado|102|Payment|0.00|0
EMPTM|1 Restaurante|1|1-Restaurante|22|Alba|Quintero|606630079|Contado|102|Contado|102|Payment|0.00|0
EMPTM|2 Almacen|2|2-Almacen|2|Alba|Quintero|606630079|Contado|102|Contado|102|Payment|0.00|0
EMPTM|1 Restaurante|1|1-Restaurante|22|Hector|Diaz|606680011|Efectivo |101|Efectivo |101|Payment|330000.00|6
EMPTM|1 Restaurante|1|1-Restaurante|22|Hector|Diaz|606680011|Master Card|202|Master Card|202|Payment|330000.00|7
EMPTM|1 Restaurante|1|1-Restaurante|22|Hector|Diaz|606680011|Visa|204|Visa|204|Payment|600000.00|14
EMPTM|1 Restaurante|1|1-Restaurante|22|Jose|Cerchar Colon|302270005|Efectivo |101|Efectivo |101|Payment|60000.00|1
EMPTM|1 Restaurante|1|1-Restaurante|22|Jose|Cerchar Colon|302270005|Contado|102|Contado|102|Payment|0.00|0
EMPTM|1 Restaurante|1|1-Restaurante|22|Jose|Cerchar Colon|302270005|American Express|201|American Express|201|Payment|30000.00|1
EMPTM|1 Restaurante|1|1-Restaurante|22|Jose|Cerchar Colon|302270005|Master Card|202|Master Card|202|Payment|180000.00|4
EMPTM|1 Restaurante|1|1-Restaurante|22|Jose|Cerchar Colon|302270005|Visa|204|Visa|204|Payment|270000.00|5
EMPTM|1 Restaurante|1|1-Restaurante|22|Leonardo de Jesus|Avila Perez|112|Contado|102|Contado|102|Payment|0.00|0
EMPOTSLS|1 Restaurante|1|1-Restaurante|22|Gleiner|Montiel Rocha|606630008|Para Aqui|1|Para Aqui|1|1|2|0|0|145631.00|0.00|0.00|0|0.00|0|0.00|0.00|0|0.00|0|0.00|0|0.00|0|0.00|0|0.00|0|0.00|0|0.00|0|0.00|0.00|145631.00
EMPOTSLS|1 Restaurante|1|1-Restaurante|22|Esther|Gonzalez|606630064|Para Aqui|1|Para Aqui|1|16|26|0|0|4888896.00|0.00|0.00|0|0.00|0|0.00|0.00|0|0.00|0|0.00|0|0.00|0|0.00|0|0.00|0|0.00|0|0.00|0|0.00|0.00|4888896.00
EMPOTSLS|1 Restaurante|1|1-Restaurante|22|Hector|Diaz|606680011|Para Aqui|1|Para Aqui|1|17|0|0|0|1058820.00|0.00|0.00|0|0.00|0|0.00|0.00|0|0.00|0|0.00|0|0.00|0|0.00|0|0.00|0|0.00|0|0.00|0|0.00|0.00|1058820.00
EMPOTSLS|1 Restaurante|1|1-Restaurante|22|María Isabel|Chica Medina|606630018|Para Aqui|1|Para Aqui|1|15|65|0|0|5920255.00|0.00|0.00|0|0.00|0|0.00|0.00|0|0.00|0|0.00|0|0.00|0|0.00|0|0.00|0|0.00|0|0.00|0|0.00|0.00|5920255.00
EMPOTSLS|1 Restaurante|1|1-Restaurante|22|Jhonatan|Gutierrez|606630059|Para Aqui|1|Para Aqui|1|6|11|0|0|2479993.00|0.00|0.00|0|0.00|0|0.00|0.00|0|0.00|0|0.00|0|0.00|0|0.00|0|0.00|0|0.00|0|0.00|0|0.00|0.00|2479993.00
EMPOTSLS|1 Restaurante|1|1-Restaurante|22|Moises|Cotes|606630037|Para Aqui|1|Para Aqui|1|58|109|0|0|13121892.00|0.00|0.00|0|0.00|0|0.00|0.00|0|0.00|0|0.00|0|0.00|0|0.00|0|0.00|0|0.00|0|0.00|0|0.00|0.00|13121892.00
EMPOTSLS|1 Restaurante|1|1-Restaurante|22|Alvaro|Viloria|606630065|Para Aqui|1|Para Aqui|1|33|86|0|0|12227820.00|0.00|0.00|0|0.00|0|0.00|0.00|0|0.00|0|0.00|0|0.00|0|0.00|0|0.00|0|0.00|0|0.00|0|0.00|0.00|12227820.00
EMPOTSLS|1 Restaurante|1|1-Restaurante|22|Juan|Gomez|606640007|Para Aqui|1|Para Aqui|1|1|0|0|0|0.00|0.00|0.00|0|0.00|0|0.00|0.00|0|0.00|0|0.00|0|0.00|0|0.00|0|0.00|0|0.00|0|0.00|0|0.00|0.00|0.00
EMPOTSLS|1 Restaurante|1|1-Restaurante|22|Juliander Alexander |Lara Muñoz|606630012|Para Aqui|1|Para Aqui|1|1|2|0|0|0.00|0.00|0.00|0|0.00|0|0.00|0.00|0|0.00|0|0.00|0|0.00|0|0.00|0|0.00|0|0.00|0|0.00|0|0.00|0.00|0.00
EMPOTSLS|1 Restaurante|1|1-Restaurante|22|Alba|Quintero|606630079|Para Aqui|1|Para Aqui|1|7|14|0|0|2513698.00|0.00|0.00|0|0.00|0|0.00|0.00|0|0.00|0|0.00|0|0.00|0|0.00|0|0.00|0|0.00|0|0.00|0|0.00|0.00|2513698.00
EMPOTSLS|1 Restaurante|1|1-Restaurante|22|Marilin Paola|Zabaleta Cuellar|606630003|Para Aqui|1|Para Aqui|1|14|50|0|0|5564118.00|0.00|0.00|0|0.00|0|0.00|0.00|0|0.00|0|0.00|0|0.00|0|0.00|0|0.00|0|0.00|0|0.00|0|0.00|0.00|5564118.00
EMPOTSLS|1 Restaurante|1|1-Restaurante|22|Winder|Castaño|606630063|Para Aqui|1|Para Aqui|1|7|16|0|0|6026318.00|0.00|0.00|0|0.00|0|0.00|0.00|0|0.00|0|0.00|0|0.00|0|0.00|0|0.00|0|0.00|0|0.00|0|0.00|0.00|6026318.00
EMPOTSLS|2 Almacen|2|2-Almacen|2|Alba|Quintero|606630079|Para Aqui|1|Para Aqui|1|2|3|0|0|133613.00|0.00|0.00|0|0.00|0|0.00|0.00|0|0.00|0|0.00|0|0.00|0|0.00|0|0.00|0|0.00|0|0.00|0|0.00|0.00|133613.00
EMPOTSLS|1 Restaurante|1|1-Restaurante|22|Camilo|Tangarife|606670018|Para Aqui|1|Para Aqui|1|1|4|0|0|455800.00|0.00|0.00|0|0.00|0|0.00|0.00|0|0.00|0|0.00|0|0.00|0|0.00|0|0.00|0|0.00|0|0.00|0|0.00|0.00|455800.00
EMPOTSLS|1 Restaurante|1|1-Restaurante|22|Jose|Cerchar Colon|302270005|Para Aqui|1|Para Aqui|1|7|1|0|0|453780.00|0.00|0.00|0|0.00|0|0.00|0.00|0|0.00|0|0.00|0|0.00|0|0.00|0|0.00|0|0.00|0|0.00|0|0.00|0.00|453780.00
