EMPID|AB80|Andres Bazaar 80|20241208|20241208|20250109|122250|2.00|2.00|Simphony|19.7.2
EMP|1-Restaurante|1|1-Restaurante|22|Miguel|Ramirez|404220003|8|7|0|0|2061683.00|194991.00|0.00|0|0.00|0|-11176.00|0.00|9000.00|1|0.00|0|0.00|1|2648391.00|8|2648391.00|8|0.00|0|0.00|0|0.00|194991.00|0.00|0|2061683.00|0.00|0.00|2061683.00
EMP|1-Restaurante|1|1-Restaurante|22|Gabriela|Jurado Giraldo|404220006|6|7|0|0|1122355.00|112234.00|0.00|0|0.00|0|0.00|0.00|17500.00|1|0.00|0|0.00|0|1447834.00|8|1447834.00|8|0.00|0|0.00|0|0.00|112234.00|0.00|0|1122355.00|0.00|0.00|1122355.00
EMP|1-Restaurante|1|1-Restaurante|22|Jonatan Steven|Fernandez Medina|76|4|4|0|0|26221.00|2621.00|0.00|0|0.00|0|0.00|0.00|0.00|0|0.00|0|0.00|0|33821.00|4|33821.00|4|0.00|0|0.00|0|0.00|2621.00|0.00|0|26221.00|0.00|0.00|26221.00
EMPSHFT|1-Restaurante|1|1-Restaurante|22|Jonatan Steven|Fernandez Medina|76|1| |0| |0|PRINCIPAL|4|0|1261.00|0.00|0.00|126.00|0|0|0.00|0|0.00|0|0.00|0|0.00|0|0.00|0|0|0|0.00|0|0.00|0|0.00|0|0.00|0.00|0.00|0.00|0.00|0.00|239.00|0.00|1626.00|1626.00|0|0.00|0|0.00|0|0.00|0|0.00|0.00|0|0.00
EMPSHFT|1-Restaurante|1|1-Restaurante|22|Jonatan Steven|Fernandez Medina|76|1| |0| |0|CAPS|1|0|24960.00|0.00|0.00|2495.00|4|4|0.00|0|0.00|0|0.00|0|0.00|0|0.00|0|0|0|2621.00|0|2621.00|4|0.00|0|28842.00|0.00|0.00|0.00|0.00|0.00|4740.00|0.00|32195.00|32195.00|4|33821.00|4|0.00|0|0.00|0|0.00|0.00|0|0.00
EMPSHFT|1-Restaurante|1|1-Restaurante|22|Miguel|Ramirez|404220003|1| |0| |0|PRINCIPAL|4|0|112605.00|0.00|0.00|11261.00|0|0|0.00|0|0.00|0|0.00|0|0.00|0|0.00|0|0|0|38075.00|0|38075.00|1|0.00|0|0.00|0.00|0.00|0.00|0.00|0.00|21395.00|0.00|145261.00|145261.00|0|491175.00|1|0.00|0|0.00|0|0.00|0.00|0|0.00
EMPSHFT|1-Restaurante|1|1-Restaurante|22|Miguel|Ramirez|404220003|1| |0| |0|BARRA|3|0|1949078.00|0.00|0.00|183730.00|8|7|0.00|0|0.00|0|0.00|0|9000.00|1|0.00|0|0|0|66202.00|0|66202.00|3|0.00|0|0.00|0.00|0.00|0.00|0.00|0.00|370322.00|-11176.00|2514306.00|2503130.00|8|987002.00|4|0.00|0|0.00|0|0.00|0.00|0|0.00
EMPSHFT|1-Restaurante|1|1-Restaurante|22|Miguel|Ramirez|404220003|1| |0| |0|CAPS|1|0|0.00|0.00|0.00|0.00|0|0|0.00|0|0.00|0|0.00|0|0.00|0|0.00|0|0|0|90714.00|0|90714.00|3|0.00|0|2256674.00|0.00|0.00|0.00|0.00|0.00|0.00|0.00|0.00|0.00|0|1170214.00|3|0.00|0|0.00|0|0.00|0.00|0|0.00
EMPSHFT|1-Restaurante|1|1-Restaurante|22|Gabriela|Jurado Giraldo|404220006|1| |0| |0|BARRA|3|0|1040170.00|0.00|0.00|104016.00|4|6|0.00|0|0.00|0|0.00|0|17500.00|1|0.00|0|0|0|57764.00|0|57764.00|2|0.00|0|0.00|0.00|0.00|0.00|0.00|0.00|197630.00|0.00|1341816.00|1341816.00|6|745164.00|2|0.00|0|0.00|0|0.00|0.00|0|0.00
EMPSHFT|1-Restaurante|1|1-Restaurante|22|Gabriela|Jurado Giraldo|404220006|1| |0| |0|PRINCIPAL|4|0|82185.00|0.00|0.00|8218.00|2|1|0.00|0|0.00|0|0.00|0|0.00|0|0.00|0|0|0|36369.00|0|36369.00|3|0.00|0|0.00|0.00|0.00|0.00|0.00|0.00|15615.00|0.00|106018.00|106018.00|2|469169.00|3|0.00|0|0.00|0|0.00|0.00|0|0.00
EMPSHFT|1-Restaurante|1|1-Restaurante|22|Gabriela|Jurado Giraldo|404220006|1| |0| |0|CAPS|1|0|0.00|0.00|0.00|0.00|0|0|0.00|0|0.00|0|0.00|0|0.00|0|0.00|0|0|0|18101.00|0|18101.00|3|0.00|0|1234589.00|0.00|0.00|0.00|0.00|0.00|0.00|0.00|0.00|0.00|0|233501.00|3|0.00|0|0.00|0|0.00|0.00|0|0.00
EMPTM|1-Restaurante|1|1-Restaurante|22|Miguel|Ramirez|404220003|Contado|102|Contado|102|Payment|0.00|0
EMPTM|1-Restaurante|1|1-Restaurante|22|Juan Carlos|Rodriguez|402240001|Contado|102|Contado|102|Payment|0.00|0
EMPTM|1-Restaurante|1|1-Restaurante|22|Gabriela|Jurado Giraldo|404220006|Contado|102|Contado|102|Payment|0.00|0
EMPTM|1-Restaurante|1|1-Restaurante|22|Jonatan Steven|Fernandez Medina|76|Contado|102|Contado|102|Payment|0.00|0
EMPTM|1-Restaurante|1|1-Restaurante|22|Jonatan Steven|Fernandez Medina|76|Master Card|202|Master Card|202|Payment|1972060.00|13
EMPTM|1-Restaurante|1|1-Restaurante|22|Jonatan Steven|Fernandez Medina|76|Efectivo |101|Efectivo |101|Payment|267000.00|2
EMPTM|1-Restaurante|1|1-Restaurante|22|Jonatan Steven|Fernandez Medina|76|Visa |204|Visa |204|Payment|1890986.00|7
EMPOTSLS|1-Restaurante|1|1-Restaurante|22|Jonatan Steven|Fernandez Medina|76|Para Aqui|1|Para Aqui|1|0|0|0|0|1261.00|0.00|0.00|0|0.00|0|0.00|0.00|0|0.00|0|0.00|0|0.00|0|0.00|0|0.00|0|0.00|0|0.00|0|0.00|0.00|1261.00
EMPOTSLS|1-Restaurante|1|1-Restaurante|22|Jonatan Steven|Fernandez Medina|76|Para Aqui|1|Para Aqui|1|0|0|0|0|1261.00|0.00|0.00|0|0.00|0|0.00|0.00|0|0.00|0|0.00|0|0.00|0|0.00|0|0.00|0|0.00|0|0.00|0|0.00|0.00|1261.00
EMPOTSLS|1-Restaurante|1|1-Restaurante|22|Miguel|Ramirez|404220003|Para Aqui|1|Para Aqui|1|1|1|0|0|73782.00|0.00|0.00|0|0.00|0|0.00|0.00|0|0.00|0|0.00|0|0.00|0|0.00|0|0.00|0|0.00|0|0.00|0|0.00|0.00|73782.00
EMPOTSLS|1-Restaurante|1|1-Restaurante|22|Miguel|Ramirez|404220003|Para Aqui|1|Para Aqui|1|0|0|0|0|23950.00|0.00|0.00|0|0.00|0|0.00|0.00|0|0.00|0|0.00|0|0.00|0|0.00|0|0.00|0|0.00|0|0.00|0|0.00|0.00|23950.00
EMPOTSLS|1-Restaurante|1|1-Restaurante|22|Miguel|Ramirez|404220003|Para Aqui|1|Para Aqui|1|0|0|0|0|157563.00|0.00|0.00|0|0.00|0|0.00|0.00|0|0.00|0|0.00|0|0.00|0|0.00|0|0.00|0|0.00|0|0.00|0|0.00|0.00|157563.00
EMPOTSLS|1-Restaurante|1|1-Restaurante|22|Miguel|Ramirez|404220003|Para Aqui|1|Para Aqui|1|0|0|0|0|13446.00|0.00|0.00|0|0.00|0|0.00|0.00|0|0.00|0|0.00|0|0.00|0|0.00|0|0.00|0|0.00|0|0.00|0|0.00|0.00|13446.00
EMPOTSLS|1-Restaurante|1|1-Restaurante|22|Gabriela|Jurado Giraldo|404220006|Para Aqui|1|Para Aqui|1|0|1|0|0|124790.00|0.00|0.00|0|0.00|0|0.00|0.00|0|0.00|0|0.00|0|0.00|0|0.00|0|0.00|0|0.00|0|0.00|0|0.00|0.00|124790.00
EMPOTSLS|1-Restaurante|1|1-Restaurante|22|Gabriela|Jurado Giraldo|404220006|Para Aqui|1|Para Aqui|1|0|0|0|0|17983.00|0.00|0.00|0|0.00|0|0.00|0.00|0|0.00|0|0.00|0|0.00|0|0.00|0|0.00|0|0.00|0|0.00|0|0.00|0.00|17983.00
EMPOTSLS|1-Restaurante|1|1-Restaurante|22|Jonatan Steven|Fernandez Medina|76|Para Aqui|1|Para Aqui|1|1|1|0|0|1765.00|0.00|0.00|0|0.00|0|0.00|0.00|0|0.00|0|0.00|0|0.00|0|0.00|0|0.00|0|0.00|0|0.00|0|0.00|0.00|1765.00
EMPOTSLS|1-Restaurante|1|1-Restaurante|22|Gabriela|Jurado Giraldo|404220006|Para Aqui|1|Para Aqui|1|1|1|0|0|82185.00|0.00|0.00|0|0.00|0|0.00|0.00|0|0.00|0|0.00|0|0.00|0|0.00|0|0.00|0|0.00|0|0.00|0|0.00|0.00|82185.00
EMPOTSLS|1-Restaurante|1|1-Restaurante|22|Gabriela|Jurado Giraldo|404220006|Para Aqui|1|Para Aqui|1|0|0|0|0|250253.00|0.00|0.00|0|0.00|0|0.00|0.00|0|0.00|0|0.00|0|0.00|0|0.00|0|0.00|0|0.00|0|0.00|0|0.00|0.00|250253.00
EMPOTSLS|1-Restaurante|1|1-Restaurante|22|Jonatan Steven|Fernandez Medina|76|Para Aqui|1|Para Aqui|1|1|1|0|0|1765.00|0.00|0.00|0|0.00|0|0.00|0.00|0|0.00|0|0.00|0|0.00|0|0.00|0|0.00|0|0.00|0|0.00|0|0.00|0.00|1765.00
EMPOTSLS|1-Restaurante|1|1-Restaurante|22|Miguel|Ramirez|404220003|Para Aqui|1|Para Aqui|1|0|0|0|0|127311.00|0.00|0.00|0|0.00|0|0.00|0.00|0|0.00|0|0.00|0|0.00|0|0.00|0|0.00|0|0.00|0|0.00|0|0.00|0.00|127311.00
EMPOTSLS|1-Restaurante|1|1-Restaurante|22|Miguel|Ramirez|404220003|Para Aqui|1|Para Aqui|1|0|0|0|0|262522.00|0.00|0.00|0|0.00|0|0.00|0.00|0|0.00|0|0.00|0|0.00|0|0.00|0|0.00|0|0.00|0|0.00|0|0.00|0.00|262522.00
EMPOTSLS|1-Restaurante|1|1-Restaurante|22|Miguel|Ramirez|404220003|Para Aqui|1|Para Aqui|1|1|1|0|0|39832.00|0.00|0.00|0|0.00|0|0.00|0.00|0|0.00|0|0.00|0|0.00|0|0.00|0|0.00|0|0.00|0|0.00|0|0.00|0.00|39832.00
EMPOTSLS|1-Restaurante|1|1-Restaurante|22|Gabriela|Jurado Giraldo|404220006|Para Aqui|1|Para Aqui|1|0|1|0|0|119328.00|0.00|0.00|0|0.00|0|0.00|0.00|0|0.00|0|0.00|0|0.00|0|0.00|0|0.00|0|0.00|0|0.00|0|0.00|0.00|119328.00
EMPOTSLS|1-Restaurante|1|1-Restaurante|22|Miguel|Ramirez|404220003|Para Aqui|1|Para Aqui|1|1|1|0|0|65041.00|0.00|0.00|0|0.00|0|0.00|0.00|0|0.00|0|0.00|0|0.00|0|0.00|0|0.00|0|0.00|0|0.00|0|0.00|0.00|65041.00
EMPOTSLS|1-Restaurante|1|1-Restaurante|22|Miguel|Ramirez|404220003|Para Aqui|1|Para Aqui|1|0|0|0|0|256891.00|0.00|0.00|0|0.00|0|0.00|0.00|0|0.00|0|0.00|0|0.00|0|0.00|0|0.00|0|0.00|0|0.00|0|0.00|0.00|256891.00
EMPOTSLS|1-Restaurante|1|1-Restaurante|22|Miguel|Ramirez|404220003|Para Aqui|1|Para Aqui|1|1|1|0|0|64706.00|0.00|0.00|0|0.00|0|0.00|0.00|0|0.00|0|0.00|0|0.00|0|0.00|0|0.00|0|0.00|0|0.00|0|0.00|0.00|64706.00
EMPOTSLS|1-Restaurante|1|1-Restaurante|22|Gabriela|Jurado Giraldo|404220006|Para Aqui|1|Para Aqui|1|0|0|0|0|78319.00|0.00|0.00|0|0.00|0|0.00|0.00|0|0.00|0|0.00|0|0.00|0|0.00|0|0.00|0|0.00|0|0.00|0|0.00|0.00|78319.00
EMPOTSLS|1-Restaurante|1|1-Restaurante|22|Gabriela|Jurado Giraldo|404220006|Para Aqui|1|Para Aqui|1|0|0|0|0|73530.00|0.00|0.00|0|0.00|0|0.00|0.00|0|0.00|0|0.00|0|0.00|0|0.00|0|0.00|0|0.00|0|0.00|0|0.00|0.00|73530.00
EMPOTSLS|1-Restaurante|1|1-Restaurante|22|Gabriela|Jurado Giraldo|404220006|Para Aqui|1|Para Aqui|1|1|1|0|0|149160.00|0.00|0.00|0|0.00|0|0.00|0.00|0|0.00|0|0.00|0|0.00|0|0.00|0|0.00|0|0.00|0|0.00|0|0.00|0.00|149160.00
EMPOTSLS|1-Restaurante|1|1-Restaurante|22|Miguel|Ramirez|404220003|Para Aqui|1|Para Aqui|1|0|0|0|0|12185.00|0.00|0.00|0|0.00|0|0.00|0.00|0|0.00|0|0.00|0|0.00|0|0.00|0|0.00|0|0.00|0|0.00|0|0.00|0.00|12185.00
EMPOTSLS|1-Restaurante|1|1-Restaurante|22|Gabriela|Jurado Giraldo|404220006|Para Aqui|1|Para Aqui|1|1|0|0|0|0.00|0.00|0.00|0|0.00|0|0.00|0.00|0|0.00|0|0.00|0|0.00|0|0.00|0|0.00|0|0.00|0|0.00|0|0.00|0.00|0.00
EMPOTSLS|1-Restaurante|1|1-Restaurante|22|Gabriela|Jurado Giraldo|404220006|Para Aqui|1|Para Aqui|1|1|1|0|0|30587.00|0.00|0.00|0|0.00|0|0.00|0.00|0|0.00|0|0.00|0|0.00|0|0.00|0|0.00|0|0.00|0|0.00|0|0.00|0.00|30587.00
EMPOTSLS|1-Restaurante|1|1-Restaurante|22|Jonatan Steven|Fernandez Medina|76|Para Aqui|1|Para Aqui|1|1|1|0|0|6723.00|0.00|0.00|0|0.00|0|0.00|0.00|0|0.00|0|0.00|0|0.00|0|0.00|0|0.00|0|0.00|0|0.00|0|0.00|0.00|6723.00
EMPOTSLS|1-Restaurante|1|1-Restaurante|22|Miguel|Ramirez|404220003|Para Aqui|1|Para Aqui|1|1|1|0|0|7563.00|0.00|0.00|0|0.00|0|0.00|0.00|0|0.00|0|0.00|0|0.00|0|0.00|0|0.00|0|0.00|0|0.00|0|0.00|0.00|7563.00
EMPOTSLS|1-Restaurante|1|1-Restaurante|22|Miguel|Ramirez|404220003|Para Aqui|1|Para Aqui|1|1|0|0|0|0.00|0.00|0.00|0|0.00|0|0.00|0.00|0|0.00|0|0.00|0|0.00|0|0.00|0|0.00|0|0.00|0|0.00|0|0.00|0.00|0.00
EMPOTSLS|1-Restaurante|1|1-Restaurante|22|Miguel|Ramirez|404220003|Para Aqui|1|Para Aqui|1|0|0|0|0|29832.00|0.00|0.00|0|0.00|0|0.00|0.00|0|0.00|0|0.00|0|0.00|0|0.00|0|0.00|0|0.00|0|0.00|0|0.00|0.00|29832.00
EMPOTSLS|1-Restaurante|1|1-Restaurante|22|Miguel|Ramirez|404220003|Para Aqui|1|Para Aqui|1|0|0|0|0|132353.00|0.00|0.00|0|0.00|0|0.00|0.00|0|0.00|0|0.00|0|0.00|0|0.00|0|0.00|0|0.00|0|0.00|0|0.00|0.00|132353.00
EMPOTSLS|1-Restaurante|1|1-Restaurante|22|Gabriela|Jurado Giraldo|404220006|Para Aqui|1|Para Aqui|1|0|0|0|0|132353.00|0.00|0.00|0|0.00|0|0.00|0.00|0|0.00|0|0.00|0|0.00|0|0.00|0|0.00|0|0.00|0|0.00|0|0.00|0.00|132353.00
EMPOTSLS|1-Restaurante|1|1-Restaurante|22|Jonatan Steven|Fernandez Medina|76|Para Aqui|1|Para Aqui|1|0|0|0|0|6723.00|0.00|0.00|0|0.00|0|0.00|0.00|0|0.00|0|0.00|0|0.00|0|0.00|0|0.00|0|0.00|0|0.00|0|0.00|0.00|6723.00
EMPOTSLS|1-Restaurante|1|1-Restaurante|22|Miguel|Ramirez|404220003|Para Aqui|1|Para Aqui|1|1|1|0|0|70589.00|0.00|0.00|0|0.00|0|0.00|0.00|0|0.00|0|0.00|0|0.00|0|0.00|0|0.00|0|0.00|0|0.00|0|0.00|0.00|70589.00
EMPOTSLS|1-Restaurante|1|1-Restaurante|22|Miguel|Ramirez|404220003|Para Aqui|1|Para Aqui|1|0|0|0|0|30252.00|0.00|0.00|0|0.00|0|0.00|0.00|0|0.00|0|0.00|0|0.00|0|0.00|0|0.00|0|0.00|0|0.00|0|0.00|0.00|30252.00
EMPOTSLS|1-Restaurante|1|1-Restaurante|22|Miguel|Ramirez|404220003|Para Aqui|1|Para Aqui|1|0|0|0|0|31512.00|0.00|0.00|0|0.00|0|0.00|0.00|0|0.00|0|0.00|0|0.00|0|0.00|0|0.00|0|0.00|0|0.00|0|0.00|0.00|31512.00
EMPOTSLS|1-Restaurante|1|1-Restaurante|22|Gabriela|Jurado Giraldo|404220006|Para Aqui|1|Para Aqui|1|1|1|0|0|32774.00|0.00|0.00|0|0.00|0|0.00|0.00|0|0.00|0|0.00|0|0.00|0|0.00|0|0.00|0|0.00|0|0.00|0|0.00|0.00|32774.00
EMPOTSLS|1-Restaurante|1|1-Restaurante|22|Gabriela|Jurado Giraldo|404220006|Para Aqui|1|Para Aqui|1|1|1|0|0|6723.00|0.00|0.00|0|0.00|0|0.00|0.00|0|0.00|0|0.00|0|0.00|0|0.00|0|0.00|0|0.00|0|0.00|0|0.00|0.00|6723.00
EMPOTSLS|1-Restaurante|1|1-Restaurante|22|Jonatan Steven|Fernandez Medina|76|Para Aqui|1|Para Aqui|1|1|1|0|0|6723.00|0.00|0.00|0|0.00|0|0.00|0.00|0|0.00|0|0.00|0|0.00|0|0.00|0|0.00|0|0.00|0|0.00|0|0.00|0.00|6723.00
EMPOTSLS|1-Restaurante|1|1-Restaurante|22|Miguel|Ramirez|404220003|Para Aqui|1|Para Aqui|1|0|0|0|0|97059.00|0.00|0.00|0|0.00|0|0.00|0.00|0|0.00|0|0.00|0|0.00|0|0.00|0|0.00|0|0.00|0|0.00|0|0.00|0.00|97059.00
EMPOTSLS|1-Restaurante|1|1-Restaurante|22|Miguel|Ramirez|404220003|Para Aqui|1|Para Aqui|1|1|1|0|0|60504.00|0.00|0.00|0|0.00|0|0.00|0.00|0|0.00|0|0.00|0|0.00|0|0.00|0|0.00|0|0.00|0|0.00|0|0.00|0.00|60504.00
EMPOTSLS|1-Restaurante|1|1-Restaurante|22|Miguel|Ramirez|404220003|Para Aqui|1|Para Aqui|1|0|0|0|0|7563.00|0.00|0.00|0|0.00|0|0.00|0.00|0|0.00|0|0.00|0|0.00|0|0.00|0|0.00|0|0.00|0|0.00|0|0.00|0.00|7563.00
EMPOTSLS|1-Restaurante|1|1-Restaurante|22|Miguel|Ramirez|404220003|Para Aqui|1|Para Aqui|1|0|0|0|0|315042.00|0.00|0.00|0|0.00|0|0.00|0.00|0|0.00|0|0.00|0|0.00|0|0.00|0|0.00|0|0.00|0|0.00|0|0.00|0.00|315042.00
EMPOTSLS|1-Restaurante|1|1-Restaurante|22|Miguel|Ramirez|404220003|Para Aqui|1|Para Aqui|1|0|0|0|0|30925.00|0.00|0.00|0|0.00|0|0.00|0.00|0|0.00|0|0.00|0|0.00|0|0.00|0|0.00|0|0.00|0|0.00|0|0.00|0.00|30925.00
EMPOTSLS|1-Restaurante|1|1-Restaurante|22|Miguel|Ramirez|404220003|Para Aqui|1|Para Aqui|1|0|0|0|0|19159.00|0.00|0.00|0|0.00|0|0.00|0.00|0|0.00|0|0.00|0|0.00|0|0.00|0|0.00|0|0.00|0|0.00|0|0.00|0.00|19159.00
EMPOTSLS|1-Restaurante|1|1-Restaurante|22|Miguel|Ramirez|404220003|Para Aqui|1|Para Aqui|1|0|0|0|0|7143.00|0.00|0.00|0|0.00|0|0.00|0.00|0|0.00|0|0.00|0|0.00|0|0.00|0|0.00|0|0.00|0|0.00|0|0.00|0.00|7143.00
EMPOTSLS|1-Restaurante|1|1-Restaurante|22|Miguel|Ramirez|404220003|Para Aqui|1|Para Aqui|1|0|0|0|0|124958.00|0.00|0.00|0|0.00|0|0.00|0.00|0|0.00|0|0.00|0|0.00|0|0.00|0|0.00|0|0.00|0|0.00|0|0.00|0.00|124958.00
EMPOTSLS|1-Restaurante|1|1-Restaurante|22|Gabriela|Jurado Giraldo|404220006|Para Aqui|1|Para Aqui|1|0|0|0|0|24370.00|0.00|0.00|0|0.00|0|0.00|0.00|0|0.00|0|0.00|0|0.00|0|0.00|0|0.00|0|0.00|0|0.00|0|0.00|0.00|24370.00
