FPID|Andr123456|Andres Plaza Retiro|20241129|20241129|20241231|122937|2.00|2.00|Simphony|19.7.2
FPSUM|Eventos|3|Eventos|3|0.00|0.00|0|0|0.00|0|0.00|0|0|0|0|0|0.00|0.00|0.00|0|0|0|0.00|0|0.00|0|0.00|2|0.00|0|0.00|0|0.00|0|0.00|0|0.00|0.00|12|51|0.00|0.00|0.00|0.00|0.00|0.00|0.00|0.00|0.00|0.00|0.00|0.00|0.00
FPSUM|Eventos|3|Eventos|3|0.00|0.00|0|0|0.00|0|0.00|0|0|0|0|0|0.00|0.00|0.00|0|0|0|0.00|0|0.00|0|0.00|2|0.00|0|0.00|0|0.00|0|0.00|0|0.00|0.00|10|42|0.00|0.00|0.00|0.00|0.00|0.00|0.00|0.00|0.00|0.00|0.00|0.00|0.00
FPSUM|Restaurante|1|Restaurante|1|125092.00|12509.00|0|0|0.00|0|10008.00|3|0|0|0|0|0.00|0.00|0.00|0|0|0|135000.00|1|0.00|0|0.00|0|147609.00|3|147609.00|3|0.00|0|0.00|0|0.00|0.00|16|65|125092.00|0.00|0.00|0.00|125092.00|0.00|0.00|0.00|0.00|0.00|0.00|0.00|0.00
FPSUM|Restaurante|1|Restaurante|1|0.00|0.00|0|0|0.00|0|0.00|0|0|0|0|0|0.00|0.00|0.00|0|0|0|0.00|0|0.00|0|148811.00|1|0.00|0|0.00|0|0.00|0|0.00|0|0.00|0.00|19|78|0.00|0.00|0.00|0.00|0.00|0.00|0.00|0.00|0.00|0.00|0.00|0.00|0.00
FPSUM|Restaurante|1|Restaurante|1|74627.00|7464.00|0|0|0.00|0|5973.00|9|0|0|0|0|0.00|0.00|0.00|0|0|0|0.00|0|0.00|0|0.00|1|88074.00|9|88074.00|9|0.00|0|0.00|0|0.00|0.00|14|59|74627.00|0.00|0.00|0.00|74627.00|0.00|0.00|0.00|0.00|0.00|0.00|0.00|0.00
FPSUM|Restaurante|1|Restaurante|1|37037.00|3704.00|0|0|0.00|0|2963.00|3|0|0|0|0|0.00|0.00|0.00|0|0|0|0.00|0|0.00|0|0.00|2|43704.00|3|43704.00|3|0.00|0|0.00|0|0.00|0.00|16|66|37037.00|0.00|0.00|0.00|37037.00|0.00|0.00|0.00|0.00|0.00|0.00|0.00|0.00
FPSUM|Domicilios|20|Domicilios|20|10926.00|0.00|0|0|0.00|0|874.00|1|0|0|0|0|0.00|0.00|0.00|0|0|0|0.00|0|0.00|0|0.00|0|11800.00|1|11800.00|1|0.00|0|0.00|0|0.00|0.00|11|48|10926.00|0.00|0.00|0.00|10926.00|0.00|0.00|0.00|0.00|0.00|0.00|0.00|0.00
FPSUM|Restaurante|1|Restaurante|1|0.00|0.00|0|0|0.00|0|0.00|0|0|0|0|0|0.00|0.00|0.00|0|0|0|0.00|1|0.00|0|0.00|0|0.00|1|0.00|1|0.00|0|0.00|0|0.00|0.00|16|67|0.00|0.00|0.00|0.00|0.00|0.00|0.00|0.00|0.00|0.00|0.00|0.00|0.00
FPSUM|Domicilios|20|Domicilios|20|0.00|0.00|0|0|0.00|0|0.00|0|0|0|0|0|0.00|0.00|0.00|0|0|0|0.00|0|0.00|0|5500.00|2|0.00|0|0.00|0|0.00|0|0.00|0|0.00|0.00|19|78|0.00|0.00|0.00|0.00|0.00|0.00|0.00|0.00|0.00|0.00|0.00|0.00|0.00
FPSUM|Eventos|3|Eventos|3|0.00|0.00|0|0|0.00|0|0.00|0|0|0|0|0|0.00|0.00|0.00|0|0|0|0.00|0|0.00|0|0.00|2|0.00|0|0.00|0|0.00|0|0.00|0|0.00|0.00|13|54|0.00|0.00|0.00|0.00|0.00|0.00|0.00|0.00|0.00|0.00|0.00|0.00|0.00
FPSUM|Domicilios|20|Domicilios|20|0.00|0.00|0|0|0.00|0|0.00|0|0|0|0|0|0.00|0.00|0.00|0|0|0|0.00|0|0.00|0|0.00|0|0.00|0|273200.00|1|0.00|0|0.00|0|0.00|0.00|11|46|0.00|0.00|0.00|0.00|0.00|0.00|0.00|0.00|0.00|0.00|0.00|0.00|0.00
FPSUM|Eventos|3|Eventos|3|0.00|0.00|0|0|0.00|0|0.00|0|0|0|0|0|0.00|0.00|0.00|0|0|0|0.00|0|0.00|0|3125467.00|1|0.00|0|0.00|0|0.00|0|0.00|0|0.00|0.00|10|44|0.00|0.00|0.00|0.00|0.00|0.00|0.00|0.00|0.00|0.00|0.00|0.00|0.00
FPSUM|Restaurante|1|Restaurante|1|116574.00|11657.00|0|0|0.00|0|9326.00|1|0|0|0|0|0.00|0.00|0.00|0|0|0|0.00|0|0.00|0|0.00|0|137557.00|1|137557.00|1|0.00|0|0.00|0|0.00|0.00|17|69|116574.00|0.00|0.00|0.00|116574.00|0.00|0.00|0.00|0.00|0.00|0.00|0.00|0.00
FPSUM|Restaurante|1|Restaurante|1|0.00|0.00|0|0|0.00|0|0.00|0|0|0|0|0|0.00|0.00|0.00|0|0|0|0.00|0|0.00|0|0.00|0|0.00|0|0.00|0|0.00|0|0.00|0|0.00|0.00|18|74|0.00|0.00|0.00|0.00|0.00|0.00|0.00|0.00|0.00|0.00|0.00|0.00|0.00
FPSUM|Domicilios|20|Domicilios|20|257221.00|0.00|0|0|0.00|0|20579.00|2|0|0|0|0|0.00|0.00|0.00|0|0|0|0.00|0|0.00|0|0.00|0|277800.00|2|4600.00|1|0.00|0|0.00|0|0.00|0.00|11|45|257221.00|0.00|0.00|0.00|257221.00|0.00|0.00|0.00|0.00|0.00|0.00|0.00|0.00
FPSUM|Restaurante|1|Restaurante|1|54720.00|5473.00|0|0|0.00|0|4380.00|5|0|0|0|0|0.00|0.00|0.00|0|0|0|0.00|0|0.00|0|0.00|0|64574.00|5|64574.00|5|0.00|0|0.00|0|0.00|0.00|15|63|54720.00|0.00|0.00|0.00|54720.00|0.00|0.00|0.00|0.00|0.00|0.00|0.00|0.00
FPSUM|Eventos|3|Eventos|3|0.00|0.00|0|0|0.00|0|0.00|0|0|0|0|0|0.00|0.00|0.00|0|0|0|0.00|0|0.00|0|0.00|1|0.00|0|0.00|0|0.00|0|0.00|0|0.00|0.00|14|59|0.00|0.00|0.00|0.00|0.00|0.00|0.00|0.00|0.00|0.00|0.00|0.00|0.00
FPSUM|Domicilios|20|Domicilios|20|0.00|0.00|0|0|0.00|0|0.00|0|0|0|0|0|0.00|0.00|0.00|0|0|0|0.00|0|0.00|0|92000.00|1|0.00|0|0.00|0|0.00|0|0.00|0|0.00|0.00|16|66|0.00|0.00|0.00|0.00|0.00|0.00|0.00|0.00|0.00|0.00|0.00|0.00|0.00
FPSUM|Restaurante|1|Restaurante|1|51108.00|5111.00|0|0|0.00|0|4092.00|1|0|0|0|0|0.00|0.00|0.00|0|0|0|0.00|0|0.00|0|0.00|0|60311.00|1|60311.00|1|0.00|0|0.00|0|0.00|0.00|14|57|51108.00|0.00|0.00|0.00|51108.00|0.00|0.00|0.00|0.00|0.00|0.00|0.00|0.00
FPSUM|Restaurante|1|Restaurante|1|17036.00|1704.00|0|0|0.00|0|1364.00|2|0|0|0|0|0.00|0.00|0.00|0|0|0|6500.00|1|0.00|0|0.00|0|20112.00|2|20112.00|2|0.00|0|0.00|0|0.00|0.00|15|64|17036.00|0.00|0.00|0.00|17036.00|0.00|0.00|0.00|0.00|0.00|0.00|0.00|0.00
FPSUM|Restaurante|1|Restaurante|1|33425.00|3343.00|0|0|0.00|0|2675.00|5|0|0|0|0|0.00|0.00|0.00|0|0|0|0.00|0|0.00|0|0.00|0|39446.00|5|39446.00|5|0.00|0|0.00|0|0.00|0.00|15|61|33425.00|0.00|0.00|0.00|33425.00|0.00|0.00|0.00|0.00|0.00|0.00|0.00|0.00
FPSUM|Restaurante|1|Restaurante|1|35833.00|3583.00|0|0|0.00|0|2867.00|2|0|0|0|0|0.00|0.00|0.00|0|0|0|7600.00|1|0.00|0|5026.00|1|42280.00|2|42280.00|2|0.00|0|0.00|0|0.00|0.00|14|58|35833.00|0.00|0.00|0.00|35833.00|0.00|0.00|0.00|0.00|0.00|0.00|0.00|0.00
FPSUM|Eventos|3|Eventos|3|0.00|0.00|0|0|0.00|0|0.00|0|0|0|0|0|0.00|0.00|0.00|0|0|0|0.00|0|0.00|0|0.00|2|0.00|0|0.00|0|0.00|0|0.00|0|0.00|0.00|13|56|0.00|0.00|0.00|0.00|0.00|0.00|0.00|0.00|0.00|0.00|0.00|0.00|0.00
FPSUM|Restaurante|1|Restaurante|1|116574.00|11657.00|0|0|0.00|0|9326.00|1|0|0|0|0|0.00|0.00|0.00|0|0|0|0.00|0|0.00|0|0.00|0|137561.00|1|137561.00|1|0.00|0|0.00|0|0.00|0.00|18|73|116574.00|0.00|0.00|0.00|116574.00|0.00|0.00|0.00|0.00|0.00|0.00|0.00|0.00
FPSUM|Eventos|3|Eventos|3|0.00|0.00|0|0|0.00|0|0.00|0|0|0|0|0|0.00|0.00|0.00|0|0|0|0.00|0|0.00|0|19951.00|1|0.00|0|0.00|0|0.00|0|0.00|0|0.00|0.00|11|48|0.00|0.00|0.00|0.00|0.00|0.00|0.00|0.00|0.00|0.00|0.00|0.00|0.00
FPSUM|Restaurante|1|Restaurante|1|142308.00|14233.00|0|0|0.00|0|11392.00|10|0|0|0|0|0.00|0.00|0.00|0|0|0|4600.00|1|0.00|0|14750.00|2|167928.00|10|167928.00|10|0.00|0|0.00|0|0.00|0.00|14|60|142308.00|0.00|0.00|0.00|142308.00|0.00|0.00|0.00|0.00|0.00|0.00|0.00|0.00
FPSUM|Domicilios|20|Domicilios|20|85180.00|0.00|0|0|0.00|0|6820.00|1|0|0|0|0|0.00|0.00|0.00|0|0|0|0.00|0|0.00|0|0.00|0|92000.00|1|92000.00|1|0.00|0|0.00|0|0.00|0.00|17|69|85180.00|0.00|0.00|0.00|85180.00|0.00|0.00|0.00|0.00|0.00|0.00|0.00|0.00
FPSUM|Restaurante|1|Restaurante|1|116574.00|11657.00|0|0|0.00|0|9326.00|1|0|0|0|0|0.00|0.00|0.00|0|0|0|0.00|0|0.00|0|0.00|0|137557.00|1|137557.00|1|0.00|0|0.00|0|0.00|0.00|17|71|116574.00|0.00|0.00|0.00|116574.00|0.00|0.00|0.00|0.00|0.00|0.00|0.00|0.00
FPSUM|Eventos|3|Eventos|3|0.00|0.00|0|0|0.00|0|0.00|0|0|0|0|0|0.00|0.00|0.00|0|0|0|0.00|0|0.00|0|0.00|1|0.00|0|0.00|0|0.00|0|0.00|0|0.00|0.00|9|38|0.00|0.00|0.00|0.00|0.00|0.00|0.00|0.00|0.00|0.00|0.00|0.00|0.00
FPSUM|Restaurante|1|Restaurante|1|21295.00|2130.00|0|0|0.00|0|1705.00|4|0|0|0|0|0.00|0.00|0.00|0|0|0|0.00|0|0.00|0|0.00|0|25134.00|4|25134.00|4|0.00|0|0.00|0|0.00|0.00|15|62|21295.00|0.00|0.00|0.00|21295.00|0.00|0.00|0.00|0.00|0.00|0.00|0.00|0.00
FPSUM|Domicilios|20|Domicilios|20|0.00|0.00|0|0|0.00|0|0.00|0|0|0|0|0|0.00|0.00|0.00|0|0|0|0.00|0|0.00|0|0.00|0|0.00|0|0.00|0|0.00|0|0.00|0|0.00|0.00|13|54|0.00|0.00|0.00|0.00|0.00|0.00|0.00|0.00|0.00|0.00|0.00|0.00|0.00
FPSUM|Eventos|3|Eventos|3|141881500.00|9585843.00|0|0|0.00|0|16412300.00|1|0|0|0|0|0.00|0.00|0.00|0|0|0|0.00|0|0.00|0|0.00|0|167879643.00|1|167879643.00|1|0.00|0|0.00|0|0.00|0.00|16|66|141881500.00|0.00|0.00|0.00|141881500.00|0.00|0.00|0.00|0.00|0.00|0.00|0.00|0.00
FPSUM|Eventos|3|Eventos|3|0.00|0.00|0|0|0.00|0|0.00|0|0|0|0|0|0.00|0.00|0.00|0|0|0|0.00|0|0.00|0|48327791.00|2|0.00|0|0.00|0|0.00|0|0.00|0|0.00|0.00|10|43|0.00|0.00|0.00|0.00|0.00|0.00|0.00|0.00|0.00|0.00|0.00|0.00|0.00
FPOT|Restaurante|1|Restaurante|1|OT1|1|Order Type Master 1|1|116574.00|11657.00|0.00|0|0.00|0|9326.00|1|0|0|0|0|0.00|0.00|0.00|0|0|0|0.00|0|0.00|0|0.00|0|137557.00|1|137557.00|1|0.00|0|0.00|0|0.00|0.00|17|69|116574.00|0.00|0.00|0.00|116574.00|0.00|0.00|0.00|0.00|0.00|0.00|0.00|0.00
FPOT|Domicilios|20|Domicilios|20|OT2|2|Order Type Master 2|2|0.00|0.00|0.00|0|0.00|0|0.00|0|0|0|0|0|0.00|0.00|0.00|0|0|0|0.00|0|0.00|0|0.00|0|0.00|0|273200.00|1|0.00|0|0.00|0|0.00|0.00|11|46|0.00|0.00|0.00|0.00|0.00|0.00|0.00|0.00|0.00|0.00|0.00|0.00|0.00
FPOT|Domicilios|20|Domicilios|20|Domicilios|7|Domicilios|7|85180.00|0.00|0.00|0|0.00|0|6820.00|1|0|0|0|0|0.00|0.00|0.00|0|0|0|0.00|0|0.00|0|0.00|0|92000.00|1|92000.00|1|0.00|0|0.00|0|0.00|0.00|17|69|85180.00|0.00|0.00|0.00|85180.00|0.00|0.00|0.00|0.00|0.00|0.00|0.00|0.00
FPOT|Domicilios|20|Domicilios|20|OT2|2|Order Type Master 2|2|252962.00|0.00|0.00|0|0.00|0|20238.00|1|0|0|0|0|0.00|0.00|0.00|0|0|0|0.00|0|0.00|0|0.00|0|273200.00|1|0.00|0|0.00|0|0.00|0|0.00|0.00|11|45|252962.00|0.00|0.00|0.00|252962.00|0.00|0.00|0.00|0.00|0.00|0.00|0.00|0.00
FPOT|Domicilios|20|Domicilios|20|Domicilios|7|Domicilios|7|0.00|0.00|0.00|0|0.00|0|0.00|0|0|0|0|0|0.00|0.00|0.00|0|0|0|0.00|0|0.00|0|5500.00|2|0.00|0|0.00|0|0.00|0|0.00|0|0.00|0.00|19|78|0.00|0.00|0.00|0.00|0.00|0.00|0.00|0.00|0.00|0.00|0.00|0.00|0.00
FPOT|Eventos|3|Eventos|3|OT1|1|Order Type Master 1|1|0.00|0.00|0.00|0|0.00|0|0.00|0|0|0|0|0|0.00|0.00|0.00|0|0|0|0.00|0|0.00|0|0.00|2|0.00|0|0.00|0|0.00|0|0.00|0|0.00|0.00|10|42|0.00|0.00|0.00|0.00|0.00|0.00|0.00|0.00|0.00|0.00|0.00|0.00|0.00
FPOT|Eventos|3|Eventos|3|OT1|1|Order Type Master 1|1|0.00|0.00|0.00|0|0.00|0|0.00|0|0|0|0|0|0.00|0.00|0.00|0|0|0|0.00|0|0.00|0|19951.00|1|0.00|0|0.00|0|0.00|0|0.00|0|0.00|0.00|11|48|0.00|0.00|0.00|0.00|0.00|0.00|0.00|0.00|0.00|0.00|0.00|0.00|0.00
FPOT|Restaurante|1|Restaurante|1|OT1|1|Order Type Master 1|1|37037.00|3704.00|0.00|0|0.00|0|2963.00|3|0|0|0|0|0.00|0.00|0.00|0|0|0|0.00|0|0.00|0|0.00|2|43704.00|3|43704.00|3|0.00|0|0.00|0|0.00|0.00|16|66|37037.00|0.00|0.00|0.00|37037.00|0.00|0.00|0.00|0.00|0.00|0.00|0.00|0.00
FPOT|Restaurante|1|Restaurante|1|OT1|1|Order Type Master 1|1|54720.00|5473.00|0.00|0|0.00|0|4380.00|5|0|0|0|0|0.00|0.00|0.00|0|0|0|0.00|0|0.00|0|0.00|0|64574.00|5|64574.00|5|0.00|0|0.00|0|0.00|0.00|15|63|54720.00|0.00|0.00|0.00|54720.00|0.00|0.00|0.00|0.00|0.00|0.00|0.00|0.00
FPOT|Domicilios|20|Domicilios|20|OT2|2|Order Type Master 2|2|0.00|0.00|0.00|0|0.00|0|0.00|0|0|0|0|0|0.00|0.00|0.00|0|0|0|0.00|0|0.00|0|0.00|0|0.00|0|0.00|0|0.00|0|0.00|0|0.00|0.00|13|54|0.00|0.00|0.00|0.00|0.00|0.00|0.00|0.00|0.00|0.00|0.00|0.00|0.00
FPOT|Eventos|3|Eventos|3|OT1|1|Order Type Master 1|1|0.00|0.00|0.00|0|0.00|0|0.00|0|0|0|0|0|0.00|0.00|0.00|0|0|0|0.00|0|0.00|0|0.00|2|0.00|0|0.00|0|0.00|0|0.00|0|0.00|0.00|13|54|0.00|0.00|0.00|0.00|0.00|0.00|0.00|0.00|0.00|0.00|0.00|0.00|0.00
FPOT|Restaurante|1|Restaurante|1|OT1|1|Order Type Master 1|1|0.00|0.00|0.00|0|0.00|0|0.00|0|0|0|0|0|0.00|0.00|0.00|0|0|0|0.00|0|0.00|0|0.00|0|0.00|0|0.00|0|0.00|0|0.00|0|0.00|0.00|18|74|0.00|0.00|0.00|0.00|0.00|0.00|0.00|0.00|0.00|0.00|0.00|0.00|0.00
FPOT|Restaurante|1|Restaurante|1|OT1|1|Order Type Master 1|1|21295.00|2130.00|0.00|0|0.00|0|1705.00|4|0|0|0|0|0.00|0.00|0.00|0|0|0|0.00|0|0.00|0|0.00|0|25134.00|4|25134.00|4|0.00|0|0.00|0|0.00|0.00|15|62|21295.00|0.00|0.00|0.00|21295.00|0.00|0.00|0.00|0.00|0.00|0.00|0.00|0.00
FPOT|Restaurante|1|Restaurante|1|OT1|1|Order Type Master 1|1|74627.00|7464.00|0.00|0|0.00|0|5973.00|9|0|0|0|0|0.00|0.00|0.00|0|0|0|0.00|0|0.00|0|0.00|1|88074.00|9|88074.00|9|0.00|0|0.00|0|0.00|0.00|14|59|74627.00|0.00|0.00|0.00|74627.00|0.00|0.00|0.00|0.00|0.00|0.00|0.00|0.00
FPOT|Domicilios|20|Domicilios|20|Domicilios|7|Domicilios|7|0.00|0.00|0.00|0|0.00|0|0.00|0|0|0|0|0|0.00|0.00|0.00|0|0|0|0.00|0|0.00|0|92000.00|1|0.00|0|0.00|0|0.00|0|0.00|0|0.00|0.00|16|66|0.00|0.00|0.00|0.00|0.00|0.00|0.00|0.00|0.00|0.00|0.00|0.00|0.00
FPOT|Domicilios|20|Domicilios|20|Domicilios|7|Domicilios|7|4259.00|0.00|0.00|0|0.00|0|341.00|1|0|0|0|0|0.00|0.00|0.00|0|0|0|0.00|0|0.00|0|0.00|0|4600.00|1|4600.00|1|0.00|0|0.00|0|0.00|0.00|11|45|4259.00|0.00|0.00|0.00|4259.00|0.00|0.00|0.00|0.00|0.00|0.00|0.00|0.00
FPOT|Eventos|3|Eventos|3|OT1|1|Order Type Master 1|1|141881500.00|9585843.00|0.00|0|0.00|0|16412300.00|1|0|0|0|0|0.00|0.00|0.00|0|0|0|0.00|0|0.00|0|0.00|0|167879643.00|1|167879643.00|1|0.00|0|0.00|0|0.00|0.00|16|66|141881500.00|0.00|0.00|0.00|141881500.00|0.00|0.00|0.00|0.00|0.00|0.00|0.00|0.00
FPOT|Eventos|3|Eventos|3|OT1|1|Order Type Master 1|1|0.00|0.00|0.00|0|0.00|0|0.00|0|0|0|0|0|0.00|0.00|0.00|0|0|0|0.00|0|0.00|0|48327791.00|2|0.00|0|0.00|0|0.00|0|0.00|0|0.00|0.00|10|43|0.00|0.00|0.00|0.00|0.00|0.00|0.00|0.00|0.00|0.00|0.00|0.00|0.00
FPOT|Restaurante|1|Restaurante|1|OT1|1|Order Type Master 1|1|33425.00|3343.00|0.00|0|0.00|0|2675.00|5|0|0|0|0|0.00|0.00|0.00|0|0|0|0.00|0|0.00|0|0.00|0|39446.00|5|39446.00|5|0.00|0|0.00|0|0.00|0.00|15|61|33425.00|0.00|0.00|0.00|33425.00|0.00|0.00|0.00|0.00|0.00|0.00|0.00|0.00
FPOT|Eventos|3|Eventos|3|OT1|1|Order Type Master 1|1|0.00|0.00|0.00|0|0.00|0|0.00|0|0|0|0|0|0.00|0.00|0.00|0|0|0|0.00|0|0.00|0|0.00|2|0.00|0|0.00|0|0.00|0|0.00|0|0.00|0.00|13|56|0.00|0.00|0.00|0.00|0.00|0.00|0.00|0.00|0.00|0.00|0.00|0.00|0.00
FPOT|Restaurante|1|Restaurante|1|OT1|1|Order Type Master 1|1|0.00|0.00|0.00|0|0.00|0|0.00|0|0|0|0|0|0.00|0.00|0.00|0|0|0|0.00|0|0.00|0|148811.00|1|0.00|0|0.00|0|0.00|0|0.00|0|0.00|0.00|19|78|0.00|0.00|0.00|0.00|0.00|0.00|0.00|0.00|0.00|0.00|0.00|0.00|0.00
FPOT|Restaurante|1|Restaurante|1|OT1|1|Order Type Master 1|1|0.00|0.00|0.00|0|0.00|0|0.00|0|0|0|0|0|0.00|0.00|0.00|0|0|0|0.00|1|0.00|0|0.00|0|0.00|1|0.00|1|0.00|0|0.00|0|0.00|0.00|16|67|0.00|0.00|0.00|0.00|0.00|0.00|0.00|0.00|0.00|0.00|0.00|0.00|0.00
FPOT|Restaurante|1|Restaurante|1|OT1|1|Order Type Master 1|1|142308.00|14233.00|0.00|0|0.00|0|11392.00|10|0|0|0|0|0.00|0.00|0.00|0|0|0|4600.00|1|0.00|0|14750.00|2|167928.00|10|167928.00|10|0.00|0|0.00|0|0.00|0.00|14|60|142308.00|0.00|0.00|0.00|142308.00|0.00|0.00|0.00|0.00|0.00|0.00|0.00|0.00
FPOT|Eventos|3|Eventos|3|OT1|1|Order Type Master 1|1|0.00|0.00|0.00|0|0.00|0|0.00|0|0|0|0|0|0.00|0.00|0.00|0|0|0|0.00|0|0.00|0|0.00|1|0.00|0|0.00|0|0.00|0|0.00|0|0.00|0.00|9|38|0.00|0.00|0.00|0.00|0.00|0.00|0.00|0.00|0.00|0.00|0.00|0.00|0.00
FPOT|Restaurante|1|Restaurante|1|OT1|1|Order Type Master 1|1|116574.00|11657.00|0.00|0|0.00|0|9326.00|1|0|0|0|0|0.00|0.00|0.00|0|0|0|0.00|0|0.00|0|0.00|0|137561.00|1|137561.00|1|0.00|0|0.00|0|0.00|0.00|18|73|116574.00|0.00|0.00|0.00|116574.00|0.00|0.00|0.00|0.00|0.00|0.00|0.00|0.00
FPOT|Restaurante|1|Restaurante|1|OT1|1|Order Type Master 1|1|17036.00|1704.00|0.00|0|0.00|0|1364.00|2|0|0|0|0|0.00|0.00|0.00|0|0|0|6500.00|1|0.00|0|0.00|0|20112.00|2|20112.00|2|0.00|0|0.00|0|0.00|0.00|15|64|17036.00|0.00|0.00|0.00|17036.00|0.00|0.00|0.00|0.00|0.00|0.00|0.00|0.00
FPOT|Domicilios|20|Domicilios|20|Domicilios|7|Domicilios|7|0.00|0.00|0.00|0|0.00|0|0.00|0|0|0|0|0|0.00|0.00|0.00|0|0|0|0.00|0|0.00|0|0.00|0|0.00|0|0.00|0|0.00|0|0.00|0|0.00|0.00|11|46|0.00|0.00|0.00|0.00|0.00|0.00|0.00|0.00|0.00|0.00|0.00|0.00|0.00
FPOT|Eventos|3|Eventos|3|OT1|1|Order Type Master 1|1|0.00|0.00|0.00|0|0.00|0|0.00|0|0|0|0|0|0.00|0.00|0.00|0|0|0|0.00|0|0.00|0|3125467.00|1|0.00|0|0.00|0|0.00|0|0.00|0|0.00|0.00|10|44|0.00|0.00|0.00|0.00|0.00|0.00|0.00|0.00|0.00|0.00|0.00|0.00|0.00
FPOT|Restaurante|1|Restaurante|1|OT1|1|Order Type Master 1|1|125092.00|12509.00|0.00|0|0.00|0|10008.00|3|0|0|0|0|0.00|0.00|0.00|0|0|0|135000.00|1|0.00|0|0.00|0|147609.00|3|147609.00|3|0.00|0|0.00|0|0.00|0.00|16|65|125092.00|0.00|0.00|0.00|125092.00|0.00|0.00|0.00|0.00|0.00|0.00|0.00|0.00
FPOT|Eventos|3|Eventos|3|OT1|1|Order Type Master 1|1|0.00|0.00|0.00|0|0.00|0|0.00|0|0|0|0|0|0.00|0.00|0.00|0|0|0|0.00|0|0.00|0|0.00|2|0.00|0|0.00|0|0.00|0|0.00|0|0.00|0.00|12|51|0.00|0.00|0.00|0.00|0.00|0.00|0.00|0.00|0.00|0.00|0.00|0.00|0.00
FPOT|Restaurante|1|Restaurante|1|OT1|1|Order Type Master 1|1|51108.00|5111.00|0.00|0|0.00|0|4092.00|1|0|0|0|0|0.00|0.00|0.00|0|0|0|0.00|0|0.00|0|0.00|0|60311.00|1|60311.00|1|0.00|0|0.00|0|0.00|0.00|14|57|51108.00|0.00|0.00|0.00|51108.00|0.00|0.00|0.00|0.00|0.00|0.00|0.00|0.00
FPOT|Restaurante|1|Restaurante|1|OT1|1|Order Type Master 1|1|35833.00|3583.00|0.00|0|0.00|0|2867.00|2|0|0|0|0|0.00|0.00|0.00|0|0|0|7600.00|1|0.00|0|5026.00|1|42280.00|2|42280.00|2|0.00|0|0.00|0|0.00|0.00|14|58|35833.00|0.00|0.00|0.00|35833.00|0.00|0.00|0.00|0.00|0.00|0.00|0.00|0.00
FPOT|Restaurante|1|Restaurante|1|OT1|1|Order Type Master 1|1|116574.00|11657.00|0.00|0|0.00|0|9326.00|1|0|0|0|0|0.00|0.00|0.00|0|0|0|0.00|0|0.00|0|0.00|0|137557.00|1|137557.00|1|0.00|0|0.00|0|0.00|0.00|17|71|116574.00|0.00|0.00|0.00|116574.00|0.00|0.00|0.00|0.00|0.00|0.00|0.00|0.00
FPOT|Domicilios|20|Domicilios|20|Domicilios|7|Domicilios|7|10926.00|0.00|0.00|0|0.00|0|874.00|1|0|0|0|0|0.00|0.00|0.00|0|0|0|0.00|0|0.00|0|0.00|0|11800.00|1|11800.00|1|0.00|0|0.00|0|0.00|0.00|11|48|10926.00|0.00|0.00|0.00|10926.00|0.00|0.00|0.00|0.00|0.00|0.00|0.00|0.00
FPOT|Eventos|3|Eventos|3|OT1|1|Order Type Master 1|1|0.00|0.00|0.00|0|0.00|0|0.00|0|0|0|0|0|0.00|0.00|0.00|0|0|0|0.00|0|0.00|0|0.00|1|0.00|0|0.00|0|0.00|0|0.00|0|0.00|0.00|14|59|0.00|0.00|0.00|0.00|0.00|0.00|0.00|0.00|0.00|0.00|0.00|0.00|0.00
FPMI|Restaurante|1|Restaurante|1|CAPUCCINO JUAN VALDEZ| |9602122|CAPUCCINO JUAN VALDEZ| |9602122|Major Group 20|20|Major Group 20|20|Cafes|2002|Cafes|2002|OT1|1|Order Type Master 1|1|21111.00|0.00|21111.00|0.00|0.00|0.00|21111.00|0.00|21111.00|1|21111.00|3|0|0.00|0.00|0.00|59|14
FPMI|Restaurante|1|Restaurante|1|MAYONESA| |9500485|MAYONESA| |9500485|Major Group 10|10|Major Group 10|10|Family Group 1008|1008|Family Group 1008|1008|OT1|1|Order Type Master 1|1|0.00|0.00|0.00|0.00|0.00|0.00|0.00|0.00|0.00|1|0.00|700|0|0.00|0.00|0.00|67|16
FPMI|Domicilios|20|Domicilios|20|PLATANO MADURO QUESO Y BOCADILLO| |9500324|PLATANO MADURO QUESO Y BOCADILLO| |9500324|Major Group 10|10|Major Group 10|10|Family Group 1008|1008|Family Group 1008|1008|OT2|2|Order Type Master 2|2|58888.00|0.00|58888.00|0.00|0.00|0.00|58888.00|0.00|58888.00|73|58888.00|4|0|0.00|0.00|0.00|45|11
FPMI|Restaurante|1|Restaurante|1|AMERICANO JUAN VALDEZ| |9602144|AMERICANO JUAN VALDEZ| |9602144|Major Group 20|20|Major Group 20|20|Cafes|2002|Cafes|2002|OT1|1|Order Type Master 1|1|27315.00|0.00|27315.00|0.00|0.00|0.00|27315.00|0.00|27315.00|1|27315.00|5|0|0.00|0.00|0.00|60|14
FPMI|Eventos|3|Eventos|3|GRUPO RUMBERO| |8206041|GRUPO RUMBERO| |8206041|Major Group 70|70|Major Group 70|70|Varios|9008|Varios|9008|OT1|1|Order Type Master 1|1|2600000.00|0.00|2600000.00|0.00|0.00|0.00|2600000.00|0.00|2600000.00|249|2600000.00|1|0|0.00|0.00|0.00|66|16
FPMI|Eventos|3|Eventos|3|ALQUILER MOBILIARIO| |8206040|ALQUILER MOBILIARIO| |8206040|Major Group 70|70|Major Group 70|70|Varios|9008|Varios|9008|OT1|1|Order Type Master 1|1|5400000.00|0.00|5400000.00|0.00|0.00|0.00|5400000.00|0.00|5400000.00|249|5400000.00|1|0|0.00|0.00|0.00|66|16
FPMI|Restaurante|1|Restaurante|1|SALSA CHIMICHURRI| |9500388|SALSA CHIMICHURRI| |9500388|Major Group 10|10|Major Group 10|10|Family Group 1008|1008|Family Group 1008|1008|OT1|1|Order Type Master 1|1|0.00|0.00|0.00|0.00|0.00|0.00|0.00|0.00|0.00|1|0.00|700|0|0.00|0.00|0.00|67|16
FPMI|Eventos|3|Eventos|3|EMPANADA CACHACA| |9528008|EMPANADA CACHACA| |9528008|Major Group 10|10|Major Group 10|10|Family Group 1008|1008|Family Group 1008|1008|OT1|1|Order Type Master 1|1|9644600.00|0.00|9644600.00|0.00|0.00|0.00|9644600.00|0.00|9644600.00|249|9644600.00|1400|0|0.00|0.00|0.00|66|16
FPMI|Eventos|3|Eventos|3|PATACON SOLO SOLITO| |9524048|PATACON SOLO SOLITO| |9524048|Major Group 10|10|Major Group 10|10|Family Group 1008|1008|Family Group 1008|1008|OT1|1|Order Type Master 1|1|5600000.00|0.00|5600000.00|0.00|0.00|0.00|5600000.00|0.00|5600000.00|249|5600000.00|700|0|0.00|0.00|0.00|66|16
FPMI|Domicilios|20|Domicilios|20|PAPA CRIOLLA| |9500288|PAPA CRIOLLA| |9500288|Major Group 10|10|Major Group 10|10|Family Group 1008|1008|Family Group 1008|1008|OT2|2|Order Type Master 2|2|27776.00|0.00|27776.00|0.00|0.00|0.00|27776.00|0.00|27776.00|73|27776.00|4|0|0.00|0.00|0.00|45|11
FPMI|Domicilios|20|Domicilios|20|PATACON CON HOGAO| |9524044|PATACON CON HOGAO| |9524044|Major Group 10|10|Major Group 10|10|Family Group 1008|1008|Family Group 1008|1008|OT2|2|Order Type Master 2|2|45370.00|0.00|45370.00|0.00|0.00|0.00|45370.00|0.00|45370.00|73|45370.00|5|0|0.00|0.00|0.00|45|11
FPMI|Domicilios|20|Domicilios|20|CUBIERTOS Y SERVILLETAS| |980000100|CUBIERTOS Y SERVILLETAS| |980000100|Major Group 10|10|Major Group 10|10|Condimimentos|1016|Condimimentos|1016|OT2|2|Order Type Master 2|2|0.00|0.00|0.00|0.00|0.00|0.00|0.00|0.00|0.00|73|0.00|1|0|0.00|0.00|0.00|45|11
FPMI|Eventos|3|Eventos|3|MOJITO FRUTOS ROJOS SIN LICOR| |9626234|MOJITO FRUTOS ROJOS SIN LICOR| |9626234|Major Group 30|30|Major Group 30|30|Cocteles|3036|Cocteles|3036|OT1|1|Order Type Master 1|1|8477700.00|0.00|8477700.00|0.00|0.00|0.00|8477700.00|0.00|8477700.00|249|8477700.00|350|0|0.00|0.00|0.00|66|16
FPMI|Restaurante|1|Restaurante|1|AMERICANO JUAN VALDEZ| |9602144|AMERICANO JUAN VALDEZ| |9602144|Major Group 20|20|Major Group 20|20|Cafes|2002|Cafes|2002|OT1|1|Order Type Master 1|1|16389.00|0.00|16389.00|0.00|0.00|0.00|16389.00|0.00|16389.00|1|16389.00|3|0|0.00|0.00|0.00|61|15
FPMI|Restaurante|1|Restaurante|1|ESPRESSO JUAN VALDEZ| |9602134|ESPRESSO JUAN VALDEZ| |9602134|Major Group 20|20|Major Group 20|20|Cafes|2002|Cafes|2002|OT1|1|Order Type Master 1|1|10926.00|0.00|10926.00|0.00|0.00|0.00|10926.00|0.00|10926.00|1|10926.00|2|0|0.00|0.00|0.00|66|16
FPMI|Restaurante|1|Restaurante|1|AMERICANO JUAN VALDEZ| |9602144|AMERICANO JUAN VALDEZ| |9602144|Major Group 20|20|Major Group 20|20|Cafes|2002|Cafes|2002|OT1|1|Order Type Master 1|1|21852.00|0.00|21852.00|0.00|0.00|0.00|21852.00|0.00|21852.00|1|21852.00|4|0|0.00|0.00|0.00|66|16
FPMI|Restaurante|1|Restaurante|1|TINTO COLADO JUAN VALDEZ| |9602120|TINTO COLADO JUAN VALDEZ| |9602120|Major Group 20|20|Major Group 20|20|Cafes|2002|Cafes|2002|OT1|1|Order Type Master 1|1|21295.00|0.00|21295.00|0.00|0.00|0.00|21295.00|0.00|21295.00|1|21295.00|5|0|0.00|0.00|0.00|62|15
FPMI|Eventos|3|Eventos|3|COORDINACION LOGISTICA| |8202016|COORDINACION LOGISTICA| |8202016|Major Group 70|70|Major Group 70|70|Varios|9008|Varios|9008|OT1|1|Order Type Master 1|1|180000.00|0.00|180000.00|0.00|0.00|0.00|180000.00|0.00|180000.00|249|180000.00|1|0|0.00|0.00|0.00|66|16
FPMI|Restaurante|1|Restaurante|1|SALSA BABY| |9500376|SALSA BABY| |9500376|Major Group 10|10|Major Group 10|10|Family Group 1008|1008|Family Group 1008|1008|OT1|1|Order Type Master 1|1|0.00|0.00|0.00|0.00|0.00|0.00|0.00|0.00|0.00|1|0.00|700|0|0.00|0.00|0.00|67|16
FPMI|Restaurante|1|Restaurante|1|AJI CASERO| |9500480|AJI CASERO| |9500480|Major Group 10|10|Major Group 10|10|Family Group 1008|1008|Family Group 1008|1008|OT1|1|Order Type Master 1|1|0.00|0.00|0.00|0.00|0.00|0.00|0.00|0.00|0.00|1|0.00|700|0|0.00|0.00|0.00|67|16
FPMI|Eventos|3|Eventos|3|CHEESECAKE DE FRUTOS ROJOS| |9514161|CHEESECAKE DE FRUTOS ROJOS| |9514161|Major Group 10|10|Major Group 10|10|Postres|1009|Postres|1009|OT1|1|Order Type Master 1|1|6533450.00|0.00|6533450.00|0.00|0.00|0.00|6533450.00|0.00|6533450.00|249|6533450.00|350|0|0.00|0.00|0.00|66|16
FPMI|Eventos|3|Eventos|3|CocaColaOriginal 16oz| |980000096|CocaColaOriginal 16oz| |980000096|Major Group 10|10|Major Group 10|10|Condimimentos|1016|Condimimentos|1016|OT1|1|Order Type Master 1|1|0.00|0.00|0.00|0.00|0.00|0.00|0.00|0.00|0.00|9|0.00|700|0|0.00|0.00|0.00|66|16
FPMI|Restaurante|1|Restaurante|1|TINTO COLADO JUAN VALDEZ| |9602120|TINTO COLADO JUAN VALDEZ| |9602120|Major Group 20|20|Major Group 20|20|Cafes|2002|Cafes|2002|OT1|1|Order Type Master 1|1|42590.00|0.00|42590.00|0.00|0.00|0.00|42590.00|0.00|42590.00|1|42590.00|10|0|0.00|0.00|0.00|59|14
FPMI|Restaurante|1|Restaurante|1|TINTO COLADO JUAN VALDEZ| |9602120|TINTO COLADO JUAN VALDEZ| |9602120|Major Group 20|20|Major Group 20|20|Cafes|2002|Cafes|2002|OT1|1|Order Type Master 1|1|114993.00|0.00|114993.00|0.00|0.00|0.00|114993.00|0.00|114993.00|1|114993.00|27|0|0.00|0.00|0.00|60|14
FPMI|Domicilios|20|Domicilios|20|AMERICANO JUAN VALDEZ| |9602144|AMERICANO JUAN VALDEZ| |9602144|Major Group 20|20|Major Group 20|20|Cafes|2002|Cafes|2002|Domicilios|7|Domicilios|7|5463.00|0.00|5463.00|0.00|0.00|0.00|5463.00|0.00|5463.00|73|5463.00|1|0|0.00|0.00|0.00|48|11
FPMI|Eventos|3|Eventos|3|EXCLUSIVIDAD| |8202034|EXCLUSIVIDAD| |8202034|Major Group 70|70|Major Group 70|70|Varios|9008|Varios|9008|OT1|1|Order Type Master 1|1|9100000.00|0.00|9100000.00|0.00|0.00|0.00|9100000.00|0.00|9100000.00|249|9100000.00|1|0|0.00|0.00|0.00|66|16
FPMI|Eventos|3|Eventos|3|DJ| |8202074|DJ| |8202074|Major Group 70|70|Major Group 70|70|Varios|9008|Varios|9008|OT1|1|Order Type Master 1|1|800000.00|0.00|800000.00|0.00|0.00|0.00|800000.00|0.00|800000.00|249|800000.00|1|0|0.00|0.00|0.00|66|16
FPMI|Domicilios|20|Domicilios|20|AJIACO  POLLO| |9520008|AJIACO  POLLO| |9520008|Major Group 10|10|Major Group 10|10|Cocina Gourmet|1003|Cocina Gourmet|1003|OT2|2|Order Type Master 2|2|64444.00|0.00|64444.00|0.00|0.00|0.00|64444.00|0.00|64444.00|73|64444.00|2|0|0.00|0.00|0.00|45|11
FPMI|Eventos|3|Eventos|3|MOJITO CLASICO SIN LICOR | |9626235|MOJITO CLASICO SIN LICOR | |9626235|Major Group 30|30|Major Group 30|30|Cocteles|3036|Cocteles|3036|OT1|1|Order Type Master 1|1|8477700.00|0.00|8477700.00|0.00|0.00|0.00|8477700.00|0.00|8477700.00|249|8477700.00|350|0|0.00|0.00|0.00|66|16
FPMI|Restaurante|1|Restaurante|1|TINTO COLADO JUAN VALDEZ| |9602120|TINTO COLADO JUAN VALDEZ| |9602120|Major Group 20|20|Major Group 20|20|Cafes|2002|Cafes|2002|OT1|1|Order Type Master 1|1|17036.00|0.00|17036.00|0.00|0.00|0.00|17036.00|0.00|17036.00|1|17036.00|4|0|0.00|0.00|0.00|64|15
FPMI|Restaurante|1|Restaurante|1|AMERICANO JUAN VALDEZ| |9602144|AMERICANO JUAN VALDEZ| |9602144|Major Group 20|20|Major Group 20|20|Cafes|2002|Cafes|2002|OT1|1|Order Type Master 1|1|10926.00|0.00|10926.00|0.00|0.00|0.00|10926.00|0.00|10926.00|1|10926.00|2|0|0.00|0.00|0.00|59|14
FPMI|Eventos|3|Eventos|3|GASEOSA 16 ONZ| |9606008|GASEOSA 16 ONZ| |9606008|Major Group 20|20|Major Group 20|20|Gaseosas|2003|Gaseosas|2003|OT1|1|Order Type Master 1|1|5366900.00|0.00|5366900.00|0.00|0.00|0.00|5366900.00|0.00|5366900.00|249|5366900.00|700|0|0.00|0.00|0.00|66|16
FPMI|Domicilios|20|Domicilios|20|TINTO COLADO JUAN VALDEZ| |9602120|TINTO COLADO JUAN VALDEZ| |9602120|Major Group 20|20|Major Group 20|20|Cafes|2002|Cafes|2002|Domicilios|7|Domicilios|7|85180.00|0.00|85180.00|0.00|0.00|0.00|85180.00|0.00|85180.00|73|85180.00|20|0|0.00|0.00|0.00|69|17
FPMI|Eventos|3|Eventos|3|Mod 3/4| |980000004|Mod 3/4| |980000004|Major Group 10|10|Major Group 10|10|Condimimentos|1016|Condimimentos|1016|OT1|1|Order Type Master 1|1|0.00|0.00|0.00|0.00|0.00|0.00|0.00|0.00|0.00|1|0.00|700|0|0.00|0.00|0.00|66|16
FPMI|Restaurante|1|Restaurante|1|TINTO COLADO JUAN VALDEZ| |9602120|TINTO COLADO JUAN VALDEZ| |9602120|Major Group 20|20|Major Group 20|20|Cafes|2002|Cafes|2002|OT1|1|Order Type Master 1|1|38331.00|0.00|38331.00|0.00|0.00|0.00|38331.00|0.00|38331.00|1|38331.00|9|0|0.00|0.00|0.00|63|15
FPMI|Restaurante|1|Restaurante|1|TINTO COLADO JUAN VALDEZ| |9602120|TINTO COLADO JUAN VALDEZ| |9602120|Major Group 20|20|Major Group 20|20|Cafes|2002|Cafes|2002|OT1|1|Order Type Master 1|1|4259.00|0.00|4259.00|0.00|0.00|0.00|4259.00|0.00|4259.00|1|4259.00|1|0|0.00|0.00|0.00|66|16
FPMI|Domicilios|20|Domicilios|20|ESPRESSO JUAN VALDEZ| |9602134|ESPRESSO JUAN VALDEZ| |9602134|Major Group 20|20|Major Group 20|20|Cafes|2002|Cafes|2002|Domicilios|7|Domicilios|7|5463.00|0.00|5463.00|0.00|0.00|0.00|5463.00|0.00|5463.00|73|5463.00|1|0|0.00|0.00|0.00|48|11
FPMI|Eventos|3|Eventos|3|PRODUCCION TECNICA| |8202099|PRODUCCION TECNICA| |8202099|Major Group 70|70|Major Group 70|70|Varios|9008|Varios|9008|OT1|1|Order Type Master 1|1|25000000.00|0.00|25000000.00|0.00|0.00|0.00|25000000.00|0.00|25000000.00|249|25000000.00|1|0|0.00|0.00|0.00|66|16
FPMI|Restaurante|1|Restaurante|1|MOSTAZA DIJON| |9500481|MOSTAZA DIJON| |9500481|Major Group 10|10|Major Group 10|10|Family Group 1008|1008|Family Group 1008|1008|OT1|1|Order Type Master 1|1|0.00|0.00|0.00|0.00|0.00|0.00|0.00|0.00|0.00|1|0.00|700|0|0.00|0.00|0.00|67|16
FPMI|Domicilios|20|Domicilios|20|ENVUELTO FRITO| |9522081|ENVUELTO FRITO| |9522081|Major Group 10|10|Major Group 10|10|Family Group 1008|1008|Family Group 1008|1008|OT2|2|Order Type Master 2|2|20186.00|0.00|20186.00|0.00|0.00|0.00|20186.00|0.00|20186.00|73|20186.00|2|0|0.00|0.00|0.00|45|11
FPMI|Domicilios|20|Domicilios|20|ENVUELTO AL VAPOR| |9522084|ENVUELTO AL VAPOR| |9522084|Major Group 10|10|Major Group 10|10|Family Group 1008|1008|Family Group 1008|1008|OT2|2|Order Type Master 2|2|30279.00|0.00|30279.00|0.00|0.00|0.00|30279.00|0.00|30279.00|73|30279.00|3|0|0.00|0.00|0.00|45|11
FPMI|Domicilios|20|Domicilios|20|Mensaje Bebidas 2024| |980000095|Mensaje Bebidas 2024| |980000095|Major Group 10|10|Major Group 10|10|Condimimentos|1016|Condimimentos|1016|Domicilios|7|Domicilios|7|0.00|0.00|0.00|0.00|0.00|0.00|0.00|0.00|0.00|1|0.00|1|0|0.00|0.00|0.00|48|11
FPMI|Restaurante|1|Restaurante|1|AGUARDIENTE ANTIOQUENO SIN AZUCAR BOT.| |9612006|AGUARDIENTE ANTIOQUENO SIN AZUCAR BOT.| |9612006|Major Group 30|30|Major Group 30|30|Aguardiente BT|3002|Aguardiente BT|3002|OT1|1|Order Type Master 1|1|116574.00|0.00|116574.00|0.00|0.00|0.00|116574.00|0.00|116574.00|1|116574.00|1|0|0.00|0.00|0.00|71|17
FPMI|Restaurante|1|Restaurante|1|TINTO COLADO JUAN VALDEZ| |9602120|TINTO COLADO JUAN VALDEZ| |9602120|Major Group 20|20|Major Group 20|20|Cafes|2002|Cafes|2002|OT1|1|Order Type Master 1|1|51108.00|0.00|51108.00|0.00|0.00|0.00|51108.00|0.00|51108.00|1|51108.00|12|0|0.00|0.00|0.00|57|14
FPMI|Restaurante|1|Restaurante|1|TINTO COLADO JUAN VALDEZ| |9602120|TINTO COLADO JUAN VALDEZ| |9602120|Major Group 20|20|Major Group 20|20|Cafes|2002|Cafes|2002|OT1|1|Order Type Master 1|1|8518.00|0.00|8518.00|0.00|0.00|0.00|8518.00|0.00|8518.00|1|8518.00|2|0|0.00|0.00|0.00|58|14
FPMI|Eventos|3|Eventos|3|AGUA MANANTIAL SIN GAS 500 ML| |9606135|AGUA MANANTIAL SIN GAS 500 ML| |9606135|Major Group 20|20|Major Group 20|20|Gaseosas|2003|Gaseosas|2003|OT1|1|Order Type Master 1|1|6455400.00|0.00|6455400.00|0.00|0.00|0.00|6455400.00|0.00|6455400.00|249|6455400.00|700|0|0.00|0.00|0.00|66|16
FPMI|Domicilios|20|Domicilios|20|TINTO COLADO JUAN VALDEZ| |9602120|TINTO COLADO JUAN VALDEZ| |9602120|Major Group 20|20|Major Group 20|20|Cafes|2002|Cafes|2002|Domicilios|7|Domicilios|7|4259.00|0.00|4259.00|0.00|0.00|0.00|4259.00|0.00|4259.00|73|4259.00|1|0|0.00|0.00|0.00|45|11
FPMI|Eventos|3|Eventos|3|SEGURIDAD COAC| |8202100|SEGURIDAD COAC| |8202100|Major Group 70|70|Major Group 70|70|Varios|9008|Varios|9008|OT1|1|Order Type Master 1|1|1680000.00|0.00|1680000.00|0.00|0.00|0.00|1680000.00|0.00|1680000.00|249|1680000.00|6|0|0.00|0.00|0.00|66|16
FPMI|Restaurante|1|Restaurante|1|SALSA DE TOMATE| |9500483|SALSA DE TOMATE| |9500483|Major Group 10|10|Major Group 10|10|Family Group 1008|1008|Family Group 1008|1008|OT1|1|Order Type Master 1|1|0.00|0.00|0.00|0.00|0.00|0.00|0.00|0.00|0.00|1|0.00|700|0|0.00|0.00|0.00|67|16
FPMI|Restaurante|1|Restaurante|1|AGUARDIENTE ANTIOQUENO SIN AZUCAR BOT.| |9612006|AGUARDIENTE ANTIOQUENO SIN AZUCAR BOT.| |9612006|Major Group 30|30|Major Group 30|30|Aguardiente BT|3002|Aguardiente BT|3002|OT1|1|Order Type Master 1|1|116574.00|0.00|116574.00|0.00|0.00|0.00|116574.00|0.00|116574.00|1|116574.00|1|0|0.00|0.00|0.00|73|18
FPMI|Restaurante|1|Restaurante|1|AGUARDIENTE ANTIOQUENO SIN AZUCAR BOT.| |9612006|AGUARDIENTE ANTIOQUENO SIN AZUCAR BOT.| |9612006|Major Group 30|30|Major Group 30|30|Aguardiente BT|3002|Aguardiente BT|3002|OT1|1|Order Type Master 1|1|116574.00|0.00|116574.00|0.00|0.00|0.00|116574.00|0.00|116574.00|1|116574.00|1|0|0.00|0.00|0.00|69|17
FPMI|Restaurante|1|Restaurante|1|AMERICANO JUAN VALDEZ| |9602144|AMERICANO JUAN VALDEZ| |9602144|Major Group 20|20|Major Group 20|20|Cafes|2002|Cafes|2002|OT1|1|Order Type Master 1|1|16389.00|0.00|16389.00|0.00|0.00|0.00|16389.00|0.00|16389.00|1|16389.00|3|0|0.00|0.00|0.00|63|15
FPMI|Restaurante|1|Restaurante|1|AMERICANO JUAN VALDEZ| |9602144|AMERICANO JUAN VALDEZ| |9602144|Major Group 20|20|Major Group 20|20|Cafes|2002|Cafes|2002|OT1|1|Order Type Master 1|1|27315.00|0.00|27315.00|0.00|0.00|0.00|27315.00|0.00|27315.00|1|27315.00|5|0|0.00|0.00|0.00|58|14
FPMI|Restaurante|1|Restaurante|1|TINTO COLADO JUAN VALDEZ| |9602120|TINTO COLADO JUAN VALDEZ| |9602120|Major Group 20|20|Major Group 20|20|Cafes|2002|Cafes|2002|OT1|1|Order Type Master 1|1|17036.00|0.00|17036.00|0.00|0.00|0.00|17036.00|0.00|17036.00|1|17036.00|4|0|0.00|0.00|0.00|61|15
FPMI|Restaurante|1|Restaurante|1|TINTO COLADO JUAN VALDEZ| |9602120|TINTO COLADO JUAN VALDEZ| |9602120|Major Group 20|20|Major Group 20|20|Cafes|2002|Cafes|2002|OT1|1|Order Type Master 1|1|8518.00|0.00|8518.00|0.00|0.00|0.00|8518.00|0.00|8518.00|1|8518.00|2|0|0.00|0.00|0.00|65|16
FPMI|Eventos|3|Eventos|3|MANILLAS| |8202004|MANILLAS| |8202004|Major Group 70|70|Major Group 70|70|Varios|9008|Varios|9008|OT1|1|Order Type Master 1|1|1260000.00|0.00|1260000.00|0.00|0.00|0.00|1260000.00|0.00|1260000.00|249|1260000.00|700|0|0.00|0.00|0.00|66|16
FPMI|Restaurante|1|Restaurante|1|Mensaje Bebidas 2024| |980000095|Mensaje Bebidas 2024| |980000095|Major Group 10|10|Major Group 10|10|Condimimentos|1016|Condimimentos|1016|OT1|1|Order Type Master 1|1|0.00|0.00|0.00|0.00|0.00|0.00|0.00|0.00|0.00|1|0.00|1|0|0.00|0.00|0.00|66|16
FPMI|Eventos|3|Eventos|3|PICADA PERSONAL 400 gr CASCO| |9502448|PICADA PERSONAL 400 gr CASCO| |9502448|Major Group 10|10|Major Group 10|10|Carnes|1002|Carnes|1002|OT1|1|Order Type Master 1|1|41066900.00|0.00|41066900.00|0.00|0.00|0.00|41066900.00|0.00|41066900.00|249|41066900.00|700|0|0.00|0.00|0.00|66|16
FPMI|Eventos|3|Eventos|3|TORTA DE ALMOJABANA| |9514060|TORTA DE ALMOJABANA| |9514060|Major Group 10|10|Major Group 10|10|Postres|1009|Postres|1009|OT1|1|Order Type Master 1|1|4238850.00|0.00|4238850.00|0.00|0.00|0.00|4238850.00|0.00|4238850.00|249|4238850.00|350|0|0.00|0.00|0.00|66|16
FPMI|Domicilios|20|Domicilios|20|SERVICIO DOMICILIO | |90000036|SERVICIO DOMICILIO | |90000036|Major Group 10|10|Major Group 10|10|Family Group 1008|1008|Family Group 1008|1008|OT2|2|Order Type Master 2|2|6019.00|0.00|6019.00|0.00|0.00|0.00|6019.00|0.00|6019.00|73|6019.00|1|0|0.00|0.00|0.00|45|11
FPMI|Restaurante|1|Restaurante|1|AGUARDIENTE ANTIOQUENO SIN AZUCAR BOT.| |9612006|AGUARDIENTE ANTIOQUENO SIN AZUCAR BOT.| |9612006|Major Group 30|30|Major Group 30|30|Aguardiente BT|3002|Aguardiente BT|3002|OT1|1|Order Type Master 1|1|116574.00|0.00|116574.00|0.00|0.00|0.00|116574.00|0.00|116574.00|1|116574.00|1|0|0.00|0.00|0.00|65|16
