FPID|Andr1234567|Andres Expres PepeSierra|20241218|20241218|20250119|122930|2.00|2.00|Simphony|19.7.2
FPSUM|Restaurante|1|Restaurante|1|0.00|0.00|0|0|0.00|0|0.00|0|0|0|0|0|0.00|0.00|0.00|0|0|0|0.00|0|0.00|0|444466.00|1|-3.00|0|343070.00|1|0.00|0|0.00|0|0.00|0.00|17|72|0.00|0.00|0.00|0.00|0.00|0.00|0.00|0.00|0.00|0.00|0.00|0.00|0.00
FPSUM|Restaurante|1|Restaurante|1|4537.00|454.00|0|0|0.00|0|363.00|0|0|0|0|0|0.00|0.00|0.00|0|0|0|0.00|0|0.00|0|0.00|0|5351.00|0|-3.00|0|0.00|0|0.00|0|0.00|0.00|16|66|4537.00|0.00|0.00|0.00|4537.00|0.00|0.00|0.00|0.00|0.00|0.00|0.00|0.00
FPSUM|Restaurante|1|Restaurante|1|230925.00|23092.00|0|0|0.00|0|18475.00|3|0|0|0|0|0.00|0.00|0.00|0|0|0|0.00|0|0.00|0|0.00|0|272492.00|3|0.00|0|0.00|0|0.00|0|0.00|0.00|12|51|230925.00|0.00|0.00|0.00|230925.00|0.00|0.00|0.00|0.00|0.00|0.00|0.00|0.00
FPSUM|Restaurante|1|Restaurante|1|240279.00|24027.00|0|0|0.00|0|19221.00|1|0|0|0|0|0.00|0.00|0.00|0|0|0|0.00|0|0.00|0|0.00|0|283524.00|1|-3.00|0|0.00|0|0.00|0|0.00|0.00|15|62|240279.00|0.00|0.00|0.00|240279.00|0.00|0.00|0.00|0.00|0.00|0.00|0.00|0.00
FPSUM|Plataformas|21|Plataformas|21|101019.00|0.00|0|0|0.00|0|8081.00|2|0|0|0|0|0.00|0.00|0.00|0|0|0|38600.00|1|0.00|0|0.00|0|109100.00|2|109100.00|2|0.00|0|0.00|0|0.00|0.00|16|65|101019.00|0.00|0.00|0.00|101019.00|0.00|0.00|0.00|0.00|0.00|0.00|0.00|0.00
FPSUM|Restaurante|1|Restaurante|1|110649.00|11065.00|0|0|0.00|0|8851.00|1|0|0|0|0|0.00|0.00|0.00|0|0|0|0.00|0|0.00|0|0.00|0|130565.00|1|763721.00|3|0.00|0|0.00|0|0.00|0.00|14|58|110649.00|0.00|0.00|0.00|110649.00|0.00|0.00|0.00|0.00|0.00|0.00|0.00|0.00
FPSUM|Restaurante|1|Restaurante|1|0.00|0.00|0|0|0.00|0|0.00|0|0|0|0|0|0.00|0.00|0.00|0|0|0|0.00|0|0.00|0|0.00|3|2.00|0|137013.00|1|0.00|0|0.00|0|0.00|0.00|19|78|0.00|0.00|0.00|0.00|0.00|0.00|0.00|0.00|0.00|0.00|0.00|0.00|0.00
FPSUM|Restaurante|1|Restaurante|1|99630.00|9963.00|0|0|0.00|0|7970.00|1|0|0|0|0|0.00|0.00|0.00|0|0|0|0.00|0|0.00|0|62059.00|1|117563.00|1|161922.00|2|0.00|0|0.00|0|0.00|0.00|16|65|99630.00|0.00|0.00|0.00|99630.00|0.00|0.00|0.00|0.00|0.00|0.00|0.00|0.00
FPSUM|Restaurante|1|Restaurante|1|9074.00|907.00|0|0|0.00|0|726.00|0|0|0|0|0|0.00|0.00|0.00|0|0|0|0.00|0|0.00|0|0.00|0|10707.00|0|0.00|0|0.00|0|0.00|0|0.00|0.00|14|60|9074.00|0.00|0.00|0.00|9074.00|0.00|0.00|0.00|0.00|0.00|0.00|0.00|0.00
FPSUM|Restaurante|1|Restaurante|1|456021.00|45601.00|0|0|0.00|0|36479.00|3|0|0|0|0|0.00|0.00|0.00|0|0|0|8800.00|1|0.00|0|0.00|0|538101.00|3|235891.00|2|0.00|0|0.00|0|0.00|0.00|13|53|456021.00|0.00|0.00|0.00|456021.00|0.00|0.00|0.00|0.00|0.00|0.00|0.00|0.00
FPSUM|Restaurante|1|Restaurante|1|20185.00|2019.00|0|0|0.00|0|1615.00|0|0|0|0|0|0.00|0.00|0.00|0|0|0|0.00|0|0.00|0|0.00|0|23819.00|0|0.00|0|0.00|0|0.00|0|0.00|0.00|12|52|20185.00|0.00|0.00|0.00|20185.00|0.00|0.00|0.00|0.00|0.00|0.00|0.00|0.00
FPSUM|Restaurante|1|Restaurante|1|67037.00|6704.00|0|0|0.00|0|5363.00|1|0|0|0|0|0.00|0.00|0.00|0|0|0|7400.00|1|0.00|0|0.00|0|79104.00|1|79104.00|1|0.00|0|0.00|0|0.00|0.00|19|79|67037.00|0.00|0.00|0.00|67037.00|0.00|0.00|0.00|0.00|0.00|0.00|0.00|0.00
FPSUM|Domicilios|20|Domicilios|20|18520.00|0.00|0|0|0.00|0|1480.00|1|0|0|0|0|0.00|0.00|0.00|0|0|0|200000.00|1|0.00|0|0.00|0|20000.00|1|20000.00|1|0.00|0|0.00|0|0.00|0.00|20|83|18520.00|0.00|0.00|0.00|18520.00|0.00|0.00|0.00|0.00|0.00|0.00|0.00|0.00
FPSUM|Plataformas|21|Plataformas|21|40556.00|0.00|0|0|0.00|0|3244.00|1|0|0|0|0|0.00|0.00|0.00|0|0|0|0.00|0|0.00|0|0.00|0|43800.00|1|43800.00|1|0.00|0|0.00|0|0.00|0.00|11|47|40556.00|0.00|0.00|0.00|40556.00|0.00|0.00|0.00|0.00|0.00|0.00|0.00|0.00
FPSUM|Restaurante|1|Restaurante|1|117130.00|11713.00|0|0|0.00|0|9370.00|1|0|0|0|0|0.00|0.00|0.00|0|0|0|10900.00|1|0.00|0|0.00|0|138213.00|1|0.00|0|0.00|0|0.00|0|0.00|0.00|12|50|117130.00|0.00|0.00|0.00|117130.00|0.00|0.00|0.00|0.00|0.00|0.00|0.00|0.00
FPSUM|Restaurante|1|Restaurante|1|0.00|0.00|0|0|0.00|0|0.00|0|0|0|0|0|0.00|0.00|0.00|0|0|0|0.00|0|0.00|0|0.00|0|0.00|0|76918.00|1|0.00|0|0.00|0|0.00|0.00|13|55|0.00|0.00|0.00|0.00|0.00|0.00|0.00|0.00|0.00|0.00|0.00|0.00|0.00
FPSUM|Restaurante|1|Restaurante|1|9074.00|908.00|0|0|0.00|0|726.00|0|0|0|0|0|0.00|0.00|0.00|0|0|0|0.00|0|0.00|0|0.00|0|10708.00|0|0.00|0|0.00|0|0.00|0|0.00|0.00|14|57|9074.00|0.00|0.00|0.00|9074.00|0.00|0.00|0.00|0.00|0.00|0.00|0.00|0.00
FPSUM|Plataformas|21|Plataformas|21|-40648.00|0.00|-40648|2|0.00|0|-3252.00|0|0|0|0|0|0.00|0.00|0.00|0|0|0|0.00|0|0.00|0|0.00|0|-43900.00|0|-43900.00|0|0.00|0|0.00|0|0.00|-3252.00|20|84|-40648.00|0.00|0.00|0.00|-40648.00|0.00|0.00|0.00|0.00|0.00|0.00|0.00|0.00
FPSUM|Plataformas|21|Plataformas|21|63935.00|0.00|0|0|0.00|0|5115.00|2|0|0|0|0|0.00|0.00|0.00|0|0|0|108250.00|3|0.00|0|0.00|1|69050.00|2|69050.00|2|0.00|0|0.00|0|0.00|0.00|12|52|63935.00|0.00|0.00|0.00|63935.00|0.00|0.00|0.00|0.00|0.00|0.00|0.00|0.00
FPSUM|Plataformas|21|Plataformas|21|54259.00|0.00|0|0|0.00|0|4341.00|1|0|0|0|0|0.00|0.00|0.00|0|0|0|109950.00|3|0.00|0|0.00|0|58600.00|1|58600.00|1|0.00|0|0.00|0|0.00|0.00|19|80|54259.00|0.00|0.00|0.00|54259.00|0.00|0.00|0.00|0.00|0.00|0.00|0.00|0.00
FPSUM|Restaurante|1|Restaurante|1|0.00|0.00|0|0|0.00|0|0.00|0|0|0|0|0|0.00|0.00|0.00|0|0|0|0.00|0|0.00|0|0.00|0|0.00|0|297403.00|1|0.00|0|0.00|0|0.00|0.00|16|68|0.00|0.00|0.00|0.00|0.00|0.00|0.00|0.00|0.00|0.00|0.00|0.00|0.00
FPSUM|Restaurante|1|Restaurante|1|36852.00|3685.00|0|0|0.00|0|2948.00|0|0|0|0|0|0.00|0.00|0.00|0|0|0|0.00|0|0.00|0|0.00|0|43485.00|0|249657.00|2|0.00|0|0.00|0|0.00|0.00|14|59|36852.00|0.00|0.00|0.00|36852.00|0.00|0.00|0.00|0.00|0.00|0.00|0.00|0.00
FPSUM|Plataformas|21|Plataformas|21|44722.00|0.00|0|0|0.00|0|3578.00|1|0|0|0|0|0.00|0.00|0.00|0|0|0|0.00|0|0.00|0|0.00|0|48300.00|1|48300.00|1|0.00|0|0.00|0|0.00|0.00|19|77|44722.00|0.00|0.00|0.00|44722.00|0.00|0.00|0.00|0.00|0.00|0.00|0.00|0.00
FPSUM|Domicilios|20|Domicilios|20|52222.00|0.00|0|0|0.00|0|4178.00|1|0|0|0|0|0.00|0.00|0.00|0|0|0|0.00|0|0.00|0|0.00|0|56400.00|1|56400.00|1|0.00|0|0.00|0|0.00|0.00|12|51|52222.00|0.00|0.00|0.00|52222.00|0.00|0.00|0.00|0.00|0.00|0.00|0.00|0.00
FPSUM|Plataformas|21|Plataformas|21|57130.00|0.00|0|0|0.00|0|4570.00|1|0|0|0|0|0.00|0.00|0.00|0|0|0|0.00|0|0.00|0|0.00|1|61700.00|1|61700.00|1|0.00|0|0.00|0|0.00|0.00|13|54|57130.00|0.00|0.00|0.00|57130.00|0.00|0.00|0.00|0.00|0.00|0.00|0.00|0.00
FPSUM|Plataformas|21|Plataformas|21|46944.00|0.00|0|0|0.00|0|3756.00|1|0|0|0|0|0.00|0.00|0.00|0|0|0|156800.00|14|0.00|0|0.00|0|50700.00|1|50700.00|1|0.00|0|0.00|0|0.00|0.00|21|85|46944.00|0.00|0.00|0.00|46944.00|0.00|0.00|0.00|0.00|0.00|0.00|0.00|0.00
FPSUM|Plataformas|21|Plataformas|21|348241.00|0.00|0|0|0.00|0|27859.00|6|0|0|0|0|0.00|0.00|0.00|0|0|0|78350.00|2|0.00|0|0.00|0|376100.00|6|376100.00|6|0.00|0|0.00|0|0.00|0.00|12|51|348241.00|0.00|0.00|0.00|348241.00|0.00|0.00|0.00|0.00|0.00|0.00|0.00|0.00
FPSUM|Plataformas|21|Plataformas|21|123011.00|0.00|0|0|0.00|0|9839.00|2|0|0|0|0|0.00|0.00|0.00|0|0|0|0.00|0|0.00|0|0.00|0|132850.00|2|132850.00|2|0.00|0|0.00|0|0.00|0.00|18|75|123011.00|0.00|0.00|0.00|123011.00|0.00|0.00|0.00|0.00|0.00|0.00|0.00|0.00
FPSUM|Restaurante|1|Restaurante|1|246576.00|24657.00|0|0|0.00|0|19724.00|0|0|0|0|0|0.00|0.00|0.00|0|0|0|9200.00|1|0.00|0|0.00|0|290957.00|0|121715.00|1|0.00|0|0.00|0|0.00|0.00|13|54|246576.00|0.00|0.00|0.00|246576.00|0.00|0.00|0.00|0.00|0.00|0.00|0.00|0.00
FPSUM|Plataformas|21|Plataformas|21|262316.00|0.00|0|0|0.00|0|20984.00|4|0|0|0|0|0.00|0.00|0.00|0|0|0|0.00|0|0.00|0|0.00|0|283300.00|4|283300.00|4|0.00|0|0.00|0|0.00|0.00|13|56|262316.00|0.00|0.00|0.00|262316.00|0.00|0.00|0.00|0.00|0.00|0.00|0.00|0.00
FPSUM|Restaurante|1|Restaurante|1|0.00|0.00|0|0|0.00|0|0.00|0|0|0|0|0|0.00|0.00|0.00|0|0|0|0.00|0|0.00|0|0.00|0|0.00|0|0.00|0|0.00|0|0.00|0|0.00|0.00|19|80|0.00|0.00|0.00|0.00|0.00|0.00|0.00|0.00|0.00|0.00|0.00|0.00|0.00
FPSUM|Plataformas|21|Plataformas|21|193797.00|0.00|0|0|0.00|0|15503.00|3|0|0|0|0|0.00|0.00|0.00|0|0|0|0.00|0|0.00|0|0.00|0|209300.00|3|209300.00|3|0.00|0|0.00|0|0.00|0.00|13|53|193797.00|0.00|0.00|0.00|193797.00|0.00|0.00|0.00|0.00|0.00|0.00|0.00|0.00
FPSUM|Restaurante|1|Restaurante|1|0.00|0.00|0|0|0.00|0|0.00|0|0|0|0|0|0.00|0.00|0.00|0|0|0|0.00|0|0.00|0|1111164.00|1|0.00|0|0.00|0|0.00|0|0.00|0|0.00|0.00|18|73|0.00|0.00|0.00|0.00|0.00|0.00|0.00|0.00|0.00|0.00|0.00|0.00|0.00
FPSUM|Restaurante|1|Restaurante|1|290743.00|29073.00|-6111|1|0.00|0|23257.00|1|0|0|0|0|0.00|0.00|0.00|0|0|0|0.00|0|-6111.00|1|0.00|0|343073.00|1|0.00|0|0.00|0|0.00|0|0.00|0.00|17|69|290743.00|0.00|0.00|0.00|290743.00|0.00|0.00|0.00|0.00|0.00|0.00|0.00|0.00
FPSUM|Restaurante|1|Restaurante|1|38426.00|3842.00|0|0|0.00|0|3074.00|1|0|0|0|0|0.00|0.00|0.00|0|0|0|0.00|0|0.00|0|0.00|0|45342.00|1|0.00|0|0.00|0|0.00|0|0.00|0.00|15|63|38426.00|0.00|0.00|0.00|38426.00|0.00|0.00|0.00|0.00|0.00|0.00|0.00|0.00
FPSUM|Restaurante|1|Restaurante|1|142593.00|14258.00|0|0|0.00|0|11407.00|2|0|0|0|0|0.00|0.00|0.00|0|0|0|0.00|0|0.00|0|127287.00|2|168258.00|2|0.00|0|0.00|0|0.00|0|0.00|0.00|13|56|142593.00|0.00|0.00|0.00|142593.00|0.00|0.00|0.00|0.00|0.00|0.00|0.00|0.00
FPSUM|Domicilios|20|Domicilios|20|0.00|0.00|0|0|0.00|0|0.00|0|0|0|0|0|0.00|0.00|0.00|0|0|0|0.00|0|0.00|0|43600.00|1|0.00|0|0.00|0|0.00|0|0.00|0|0.00|0.00|19|78|0.00|0.00|0.00|0.00|0.00|0.00|0.00|0.00|0.00|0.00|0.00|0.00|0.00
FPSUM|Restaurante|1|Restaurante|1|6389.00|639.00|0|0|0.00|0|511.00|0|0|0|0|0|0.00|0.00|0.00|0|0|0|0.00|0|0.00|0|0.00|0|7539.00|0|0.00|0|0.00|0|0.00|0|0.00|0.00|15|64|6389.00|0.00|0.00|0.00|6389.00|0.00|0.00|0.00|0.00|0.00|0.00|0.00|0.00
FPSUM|Domicilios|20|Domicilios|20|40370.00|0.00|0|0|0.00|0|3230.00|1|0|0|0|0|0.00|0.00|0.00|0|0|0|0.00|0|0.00|0|0.00|0|43600.00|1|43600.00|1|0.00|0|0.00|0|0.00|0.00|19|79|40370.00|0.00|0.00|0.00|40370.00|0.00|0.00|0.00|0.00|0.00|0.00|0.00|0.00
FPSUM|Restaurante|1|Restaurante|1|116111.00|11611.00|0|0|0.00|0|9289.00|1|0|0|0|0|0.00|0.00|0.00|0|0|0|0.00|0|0.00|0|0.00|1|137011.00|1|0.00|0|0.00|0|0.00|0|0.00|0.00|18|74|116111.00|0.00|0.00|0.00|116111.00|0.00|0.00|0.00|0.00|0.00|0.00|0.00|0.00
FPSUM|Restaurante|1|Restaurante|1|0.00|0.00|0|0|0.00|0|0.00|0|0|0|0|0|0.00|0.00|0.00|0|0|0|0.00|0|0.00|0|0.00|0|0.00|0|179403.00|1|0.00|0|0.00|0|0.00|0.00|15|61|0.00|0.00|0.00|0.00|0.00|0.00|0.00|0.00|0.00|0.00|0.00|0.00|0.00
FPSUM|Plataformas|21|Plataformas|21|36204.00|0.00|0|0|0.00|0|2896.00|1|0|0|0|0|0.00|0.00|0.00|0|0|0|62700.00|3|0.00|0|0.00|0|39100.00|1|39100.00|1|0.00|0|0.00|0|0.00|0.00|14|58|36204.00|0.00|0.00|0.00|36204.00|0.00|0.00|0.00|0.00|0.00|0.00|0.00|0.00
FPOT|Restaurante|1|Restaurante|1|Para Aqui|1|Para Aqui|1|38426.00|3842.00|0.00|0|0.00|0|3074.00|1|0|0|0|0|0.00|0.00|0.00|0|0|0|0.00|0|0.00|0|0.00|0|45342.00|1|0.00|0|0.00|0|0.00|0|0.00|0.00|15|63|38426.00|0.00|0.00|0.00|38426.00|0.00|0.00|0.00|0.00|0.00|0.00|0.00|0.00
FPOT|Restaurante|1|Restaurante|1|Para Aqui|1|Para Aqui|1|9074.00|907.00|0.00|0|0.00|0|726.00|0|0|0|0|0|0.00|0.00|0.00|0|0|0|0.00|0|0.00|0|0.00|0|10707.00|0|0.00|0|0.00|0|0.00|0|0.00|0.00|14|60|9074.00|0.00|0.00|0.00|9074.00|0.00|0.00|0.00|0.00|0.00|0.00|0.00|0.00
FPOT|Restaurante|1|Restaurante|1|Para Aqui|1|Para Aqui|1|4537.00|454.00|0.00|0|0.00|0|363.00|0|0|0|0|0|0.00|0.00|0.00|0|0|0|0.00|0|0.00|0|0.00|0|5351.00|0|-3.00|0|0.00|0|0.00|0|0.00|0.00|16|66|4537.00|0.00|0.00|0.00|4537.00|0.00|0.00|0.00|0.00|0.00|0.00|0.00|0.00
FPOT|Restaurante|1|Restaurante|1|Para Aqui|1|Para Aqui|1|0.00|0.00|0.00|0|0.00|0|0.00|0|0|0|0|0|0.00|0.00|0.00|0|0|0|0.00|0|0.00|0|0.00|3|2.00|0|137013.00|1|0.00|0|0.00|0|0.00|0.00|19|78|0.00|0.00|0.00|0.00|0.00|0.00|0.00|0.00|0.00|0.00|0.00|0.00|0.00
FPOT|Domicilios|20|Domicilios|20|Para Llevar|2|Para Llevar|2|18520.00|0.00|0.00|0|0.00|0|1480.00|1|0|0|0|0|0.00|0.00|0.00|0|0|0|200000.00|1|0.00|0|0.00|0|20000.00|1|20000.00|1|0.00|0|0.00|0|0.00|0.00|20|83|18520.00|0.00|0.00|0.00|18520.00|0.00|0.00|0.00|0.00|0.00|0.00|0.00|0.00
FPOT|Plataformas|21|Plataformas|21|Domicilios|7|Domicilios|7|54259.00|0.00|0.00|0|0.00|0|4341.00|1|0|0|0|0|0.00|0.00|0.00|0|0|0|109950.00|3|0.00|0|0.00|0|58600.00|1|58600.00|1|0.00|0|0.00|0|0.00|0.00|19|80|54259.00|0.00|0.00|0.00|54259.00|0.00|0.00|0.00|0.00|0.00|0.00|0.00|0.00
FPOT|Domicilios|20|Domicilios|20|Para Llevar|2|Para Llevar|2|0.00|0.00|0.00|0|0.00|0|0.00|0|0|0|0|0|0.00|0.00|0.00|0|0|0|0.00|0|0.00|0|43600.00|1|0.00|0|0.00|0|0.00|0|0.00|0|0.00|0.00|19|78|0.00|0.00|0.00|0.00|0.00|0.00|0.00|0.00|0.00|0.00|0.00|0.00|0.00
FPOT|Restaurante|1|Restaurante|1|Para Aqui|1|Para Aqui|1|0.00|0.00|0.00|0|0.00|0|0.00|0|0|0|0|0|0.00|0.00|0.00|0|0|0|0.00|0|0.00|0|444466.00|1|-3.00|0|343070.00|1|0.00|0|0.00|0|0.00|0.00|17|72|0.00|0.00|0.00|0.00|0.00|0.00|0.00|0.00|0.00|0.00|0.00|0.00|0.00
FPOT|Restaurante|1|Restaurante|1|Para Aqui|1|Para Aqui|1|67037.00|6704.00|0.00|0|0.00|0|5363.00|1|0|0|0|0|0.00|0.00|0.00|0|0|0|7400.00|1|0.00|0|0.00|0|79104.00|1|79104.00|1|0.00|0|0.00|0|0.00|0.00|19|79|67037.00|0.00|0.00|0.00|67037.00|0.00|0.00|0.00|0.00|0.00|0.00|0.00|0.00
FPOT|Restaurante|1|Restaurante|1|Para Aqui|1|Para Aqui|1|0.00|0.00|0.00|0|0.00|0|0.00|0|0|0|0|0|0.00|0.00|0.00|0|0|0|0.00|0|0.00|0|1111164.00|1|0.00|0|0.00|0|0.00|0|0.00|0|0.00|0.00|18|73|0.00|0.00|0.00|0.00|0.00|0.00|0.00|0.00|0.00|0.00|0.00|0.00|0.00
FPOT|Plataformas|21|Plataformas|21|Domicilios|7|Domicilios|7|101019.00|0.00|0.00|0|0.00|0|8081.00|2|0|0|0|0|0.00|0.00|0.00|0|0|0|38600.00|1|0.00|0|0.00|0|109100.00|2|109100.00|2|0.00|0|0.00|0|0.00|0.00|16|65|101019.00|0.00|0.00|0.00|101019.00|0.00|0.00|0.00|0.00|0.00|0.00|0.00|0.00
FPOT|Plataformas|21|Plataformas|21|Domicilios|7|Domicilios|7|-40648.00|0.00|-40648.00|2|0.00|0|-3252.00|0|0|0|0|0|0.00|0.00|0.00|0|0|0|0.00|0|0.00|0|0.00|0|-43900.00|0|-43900.00|0|0.00|0|0.00|0|0.00|-3252.00|20|84|-40648.00|0.00|0.00|0.00|-40648.00|0.00|0.00|0.00|0.00|0.00|0.00|0.00|0.00
FPOT|Restaurante|1|Restaurante|1|Para Aqui|1|Para Aqui|1|230925.00|23092.00|0.00|0|0.00|0|18475.00|3|0|0|0|0|0.00|0.00|0.00|0|0|0|0.00|0|0.00|0|0.00|0|272492.00|3|0.00|0|0.00|0|0.00|0|0.00|0.00|12|51|230925.00|0.00|0.00|0.00|230925.00|0.00|0.00|0.00|0.00|0.00|0.00|0.00|0.00
FPOT|Plataformas|21|Plataformas|21|Domicilios|7|Domicilios|7|262316.00|0.00|0.00|0|0.00|0|20984.00|4|0|0|0|0|0.00|0.00|0.00|0|0|0|0.00|0|0.00|0|0.00|0|283300.00|4|283300.00|4|0.00|0|0.00|0|0.00|0.00|13|56|262316.00|0.00|0.00|0.00|262316.00|0.00|0.00|0.00|0.00|0.00|0.00|0.00|0.00
FPOT|Restaurante|1|Restaurante|1|Para Aqui|1|Para Aqui|1|9074.00|908.00|0.00|0|0.00|0|726.00|0|0|0|0|0|0.00|0.00|0.00|0|0|0|0.00|0|0.00|0|0.00|0|10708.00|0|0.00|0|0.00|0|0.00|0|0.00|0.00|14|57|9074.00|0.00|0.00|0.00|9074.00|0.00|0.00|0.00|0.00|0.00|0.00|0.00|0.00
FPOT|Restaurante|1|Restaurante|1|Para Aqui|1|Para Aqui|1|246576.00|24657.00|0.00|0|0.00|0|19724.00|0|0|0|0|0|0.00|0.00|0.00|0|0|0|9200.00|1|0.00|0|0.00|0|290957.00|0|121715.00|1|0.00|0|0.00|0|0.00|0.00|13|54|246576.00|0.00|0.00|0.00|246576.00|0.00|0.00|0.00|0.00|0.00|0.00|0.00|0.00
FPOT|Restaurante|1|Restaurante|1|Para Aqui|1|Para Aqui|1|0.00|0.00|0.00|0|0.00|0|0.00|0|0|0|0|0|0.00|0.00|0.00|0|0|0|0.00|0|0.00|0|0.00|0|0.00|0|76918.00|1|0.00|0|0.00|0|0.00|0.00|13|55|0.00|0.00|0.00|0.00|0.00|0.00|0.00|0.00|0.00|0.00|0.00|0.00|0.00
FPOT|Restaurante|1|Restaurante|1|Para Aqui|1|Para Aqui|1|6389.00|639.00|0.00|0|0.00|0|511.00|0|0|0|0|0|0.00|0.00|0.00|0|0|0|0.00|0|0.00|0|0.00|0|7539.00|0|0.00|0|0.00|0|0.00|0|0.00|0.00|15|64|6389.00|0.00|0.00|0.00|6389.00|0.00|0.00|0.00|0.00|0.00|0.00|0.00|0.00
FPOT|Restaurante|1|Restaurante|1|Para Aqui|1|Para Aqui|1|0.00|0.00|0.00|0|0.00|0|0.00|0|0|0|0|0|0.00|0.00|0.00|0|0|0|0.00|0|0.00|0|0.00|0|0.00|0|297403.00|1|0.00|0|0.00|0|0.00|0.00|16|68|0.00|0.00|0.00|0.00|0.00|0.00|0.00|0.00|0.00|0.00|0.00|0.00|0.00
FPOT|Plataformas|21|Plataformas|21|Domicilios|7|Domicilios|7|57130.00|0.00|0.00|0|0.00|0|4570.00|1|0|0|0|0|0.00|0.00|0.00|0|0|0|0.00|0|0.00|0|0.00|1|61700.00|1|61700.00|1|0.00|0|0.00|0|0.00|0.00|13|54|57130.00|0.00|0.00|0.00|57130.00|0.00|0.00|0.00|0.00|0.00|0.00|0.00|0.00
FPOT|Restaurante|1|Restaurante|1|Para Aqui|1|Para Aqui|1|116111.00|11611.00|0.00|0|0.00|0|9289.00|1|0|0|0|0|0.00|0.00|0.00|0|0|0|0.00|0|0.00|0|0.00|1|137011.00|1|0.00|0|0.00|0|0.00|0|0.00|0.00|18|74|116111.00|0.00|0.00|0.00|116111.00|0.00|0.00|0.00|0.00|0.00|0.00|0.00|0.00
FPOT|Restaurante|1|Restaurante|1|Para Aqui|1|Para Aqui|1|240279.00|24027.00|0.00|0|0.00|0|19221.00|1|0|0|0|0|0.00|0.00|0.00|0|0|0|0.00|0|0.00|0|0.00|0|283524.00|1|-3.00|0|0.00|0|0.00|0|0.00|0.00|15|62|240279.00|0.00|0.00|0.00|240279.00|0.00|0.00|0.00|0.00|0.00|0.00|0.00|0.00
FPOT|Domicilios|20|Domicilios|20|Para Llevar|2|Para Llevar|2|40370.00|0.00|0.00|0|0.00|0|3230.00|1|0|0|0|0|0.00|0.00|0.00|0|0|0|0.00|0|0.00|0|0.00|0|43600.00|1|43600.00|1|0.00|0|0.00|0|0.00|0.00|19|79|40370.00|0.00|0.00|0.00|40370.00|0.00|0.00|0.00|0.00|0.00|0.00|0.00|0.00
FPOT|Restaurante|1|Restaurante|1|Para Aqui|1|Para Aqui|1|142593.00|14258.00|0.00|0|0.00|0|11407.00|2|0|0|0|0|0.00|0.00|0.00|0|0|0|0.00|0|0.00|0|127287.00|2|168258.00|2|0.00|0|0.00|0|0.00|0|0.00|0.00|13|56|142593.00|0.00|0.00|0.00|142593.00|0.00|0.00|0.00|0.00|0.00|0.00|0.00|0.00
FPOT|Restaurante|1|Restaurante|1|Para Aqui|1|Para Aqui|1|290743.00|29073.00|-6111.00|1|0.00|0|23257.00|1|0|0|0|0|0.00|0.00|0.00|0|0|0|0.00|0|-6111.00|1|0.00|0|343073.00|1|0.00|0|0.00|0|0.00|0|0.00|0.00|17|69|290743.00|0.00|0.00|0.00|290743.00|0.00|0.00|0.00|0.00|0.00|0.00|0.00|0.00
FPOT|Restaurante|1|Restaurante|1|Para Aqui|1|Para Aqui|1|20185.00|2019.00|0.00|0|0.00|0|1615.00|0|0|0|0|0|0.00|0.00|0.00|0|0|0|0.00|0|0.00|0|0.00|0|23819.00|0|0.00|0|0.00|0|0.00|0|0.00|0.00|12|52|20185.00|0.00|0.00|0.00|20185.00|0.00|0.00|0.00|0.00|0.00|0.00|0.00|0.00
FPOT|Restaurante|1|Restaurante|1|Para Aqui|1|Para Aqui|1|99630.00|9963.00|0.00|0|0.00|0|7970.00|1|0|0|0|0|0.00|0.00|0.00|0|0|0|0.00|0|0.00|0|62059.00|1|117563.00|1|161922.00|2|0.00|0|0.00|0|0.00|0.00|16|65|99630.00|0.00|0.00|0.00|99630.00|0.00|0.00|0.00|0.00|0.00|0.00|0.00|0.00
FPOT|Restaurante|1|Restaurante|1|Para Aqui|1|Para Aqui|1|110649.00|11065.00|0.00|0|0.00|0|8851.00|1|0|0|0|0|0.00|0.00|0.00|0|0|0|0.00|0|0.00|0|0.00|0|130565.00|1|763721.00|3|0.00|0|0.00|0|0.00|0.00|14|58|110649.00|0.00|0.00|0.00|110649.00|0.00|0.00|0.00|0.00|0.00|0.00|0.00|0.00
FPOT|Restaurante|1|Restaurante|1|Para Aqui|1|Para Aqui|1|0.00|0.00|0.00|0|0.00|0|0.00|0|0|0|0|0|0.00|0.00|0.00|0|0|0|0.00|0|0.00|0|0.00|0|0.00|0|179403.00|1|0.00|0|0.00|0|0.00|0.00|15|61|0.00|0.00|0.00|0.00|0.00|0.00|0.00|0.00|0.00|0.00|0.00|0.00|0.00
FPOT|Domicilios|20|Domicilios|20|Para Llevar|2|Para Llevar|2|52222.00|0.00|0.00|0|0.00|0|4178.00|1|0|0|0|0|0.00|0.00|0.00|0|0|0|0.00|0|0.00|0|0.00|0|56400.00|1|56400.00|1|0.00|0|0.00|0|0.00|0.00|12|51|52222.00|0.00|0.00|0.00|52222.00|0.00|0.00|0.00|0.00|0.00|0.00|0.00|0.00
FPOT|Plataformas|21|Plataformas|21|Domicilios|7|Domicilios|7|193797.00|0.00|0.00|0|0.00|0|15503.00|3|0|0|0|0|0.00|0.00|0.00|0|0|0|0.00|0|0.00|0|0.00|0|209300.00|3|209300.00|3|0.00|0|0.00|0|0.00|0.00|13|53|193797.00|0.00|0.00|0.00|193797.00|0.00|0.00|0.00|0.00|0.00|0.00|0.00|0.00
FPOT|Plataformas|21|Plataformas|21|Domicilios|7|Domicilios|7|123011.00|0.00|0.00|0|0.00|0|9839.00|2|0|0|0|0|0.00|0.00|0.00|0|0|0|0.00|0|0.00|0|0.00|0|132850.00|2|132850.00|2|0.00|0|0.00|0|0.00|0.00|18|75|123011.00|0.00|0.00|0.00|123011.00|0.00|0.00|0.00|0.00|0.00|0.00|0.00|0.00
FPOT|Plataformas|21|Plataformas|21|Domicilios|7|Domicilios|7|44722.00|0.00|0.00|0|0.00|0|3578.00|1|0|0|0|0|0.00|0.00|0.00|0|0|0|0.00|0|0.00|0|0.00|0|48300.00|1|48300.00|1|0.00|0|0.00|0|0.00|0.00|19|77|44722.00|0.00|0.00|0.00|44722.00|0.00|0.00|0.00|0.00|0.00|0.00|0.00|0.00
FPOT|Plataformas|21|Plataformas|21|Domicilios|7|Domicilios|7|46944.00|0.00|0.00|0|0.00|0|3756.00|1|0|0|0|0|0.00|0.00|0.00|0|0|0|156800.00|14|0.00|0|0.00|0|50700.00|1|50700.00|1|0.00|0|0.00|0|0.00|0.00|21|85|46944.00|0.00|0.00|0.00|46944.00|0.00|0.00|0.00|0.00|0.00|0.00|0.00|0.00
FPOT|Restaurante|1|Restaurante|1|Para Aqui|1|Para Aqui|1|456021.00|45601.00|0.00|0|0.00|0|36479.00|3|0|0|0|0|0.00|0.00|0.00|0|0|0|8800.00|1|0.00|0|0.00|0|538101.00|3|235891.00|2|0.00|0|0.00|0|0.00|0.00|13|53|456021.00|0.00|0.00|0.00|456021.00|0.00|0.00|0.00|0.00|0.00|0.00|0.00|0.00
FPOT|Restaurante|1|Restaurante|1|Para Aqui|1|Para Aqui|1|117130.00|11713.00|0.00|0|0.00|0|9370.00|1|0|0|0|0|0.00|0.00|0.00|0|0|0|10900.00|1|0.00|0|0.00|0|138213.00|1|0.00|0|0.00|0|0.00|0|0.00|0.00|12|50|117130.00|0.00|0.00|0.00|117130.00|0.00|0.00|0.00|0.00|0.00|0.00|0.00|0.00
FPOT|Restaurante|1|Restaurante|1|Para Aqui|1|Para Aqui|1|0.00|0.00|0.00|0|0.00|0|0.00|0|0|0|0|0|0.00|0.00|0.00|0|0|0|0.00|0|0.00|0|0.00|0|0.00|0|0.00|0|0.00|0|0.00|0|0.00|0.00|19|80|0.00|0.00|0.00|0.00|0.00|0.00|0.00|0.00|0.00|0.00|0.00|0.00|0.00
FPOT|Restaurante|1|Restaurante|1|Para Aqui|1|Para Aqui|1|36852.00|3685.00|0.00|0|0.00|0|2948.00|0|0|0|0|0|0.00|0.00|0.00|0|0|0|0.00|0|0.00|0|0.00|0|43485.00|0|249657.00|2|0.00|0|0.00|0|0.00|0.00|14|59|36852.00|0.00|0.00|0.00|36852.00|0.00|0.00|0.00|0.00|0.00|0.00|0.00|0.00
FPOT|Plataformas|21|Plataformas|21|Domicilios|7|Domicilios|7|63935.00|0.00|0.00|0|0.00|0|5115.00|2|0|0|0|0|0.00|0.00|0.00|0|0|0|108250.00|3|0.00|0|0.00|1|69050.00|2|69050.00|2|0.00|0|0.00|0|0.00|0.00|12|52|63935.00|0.00|0.00|0.00|63935.00|0.00|0.00|0.00|0.00|0.00|0.00|0.00|0.00
FPOT|Plataformas|21|Plataformas|21|Domicilios|7|Domicilios|7|348241.00|0.00|0.00|0|0.00|0|27859.00|6|0|0|0|0|0.00|0.00|0.00|0|0|0|78350.00|2|0.00|0|0.00|0|376100.00|6|376100.00|6|0.00|0|0.00|0|0.00|0.00|12|51|348241.00|0.00|0.00|0.00|348241.00|0.00|0.00|0.00|0.00|0.00|0.00|0.00|0.00
FPOT|Plataformas|21|Plataformas|21|Domicilios|7|Domicilios|7|36204.00|0.00|0.00|0|0.00|0|2896.00|1|0|0|0|0|0.00|0.00|0.00|0|0|0|62700.00|3|0.00|0|0.00|0|39100.00|1|39100.00|1|0.00|0|0.00|0|0.00|0.00|14|58|36204.00|0.00|0.00|0.00|36204.00|0.00|0.00|0.00|0.00|0.00|0.00|0.00|0.00
FPOT|Plataformas|21|Plataformas|21|Domicilios|7|Domicilios|7|40556.00|0.00|0.00|0|0.00|0|3244.00|1|0|0|0|0|0.00|0.00|0.00|0|0|0|0.00|0|0.00|0|0.00|0|43800.00|1|43800.00|1|0.00|0|0.00|0|0.00|0.00|11|47|40556.00|0.00|0.00|0.00|40556.00|0.00|0.00|0.00|0.00|0.00|0.00|0.00|0.00
FPMI|Restaurante|1|Restaurante|1|JUGO DE MARACUYA EN AGUA| |9604116|JUGO DE MARACUYA EN AGUA| |9604116|BEBIDAS|20|BEBIDAS|20|Bebidas Sin Alcohol|3000|Bebidas Sin Alcohol|3000|Para Aqui|1|Para Aqui|1|10093.00|0.00|10093.00|0.00|0.00|0.00|10093.00|0.00|10093.00|1|10093.00|1|0|0.00|0.00|0.00|53|13
FPMI|Restaurante|1|Restaurante|1|AGUA MANANTIAL CON GAS 300 ML| |9606136|AGUA MANANTIAL CON GAS 300 ML| |9606136|BEBIDAS|20|BEBIDAS|20|Bebidas Sin Alcohol|3000|Bebidas Sin Alcohol|3000|Para Aqui|1|Para Aqui|1|6389.00|0.00|6389.00|0.00|0.00|0.00|6389.00|0.00|6389.00|1|6389.00|1|0|0.00|0.00|0.00|56|13
FPMI|Restaurante|1|Restaurante|1|PECHUGA A LA PARRILLA 230 gr ENSALADA | |9506091|PECHUGA A LA PARRILLA 230 gr ENSALADA | |9506091|ALIMENTOS|10|ALIMENTOS|10|Para Empezar|1008|Para Empezar|1008|Para Aqui|1|Para Aqui|1|24815.00|0.00|24815.00|0.00|0.00|0.00|24815.00|0.00|24815.00|1|24815.00|1|0|0.00|0.00|0.00|63|15
FPMI|Restaurante|1|Restaurante|1|Mod A Punto| |980000005|Mod A Punto| |980000005|ALIMENTOS|10|ALIMENTOS|10|Para Empezar|1008|Para Empezar|1008|Para Aqui|1|Para Aqui|1|0.00|0.00|0.00|0.00|0.00|0.00|0.00|0.00|0.00|1|0.00|1|0|0.00|0.00|0.00|53|13
FPMI|Restaurante|1|Restaurante|1|AJIACO  POLLO| |9520008|AJIACO  POLLO| |9520008|ALIMENTOS|10|ALIMENTOS|10|Para Empezar|1008|Para Empezar|1008|Para Aqui|1|Para Aqui|1|34074.00|0.00|34074.00|0.00|0.00|0.00|34074.00|0.00|34074.00|1|34074.00|1|0|0.00|0.00|0.00|74|18
FPMI|Restaurante|1|Restaurante|1|Mensaje Bebidas 2024| |980000095|Mensaje Bebidas 2024| |980000095|ALIMENTOS|10|ALIMENTOS|10|Para Empezar|1008|Para Empezar|1008|Para Aqui|1|Para Aqui|1|0.00|0.00|0.00|0.00|0.00|0.00|0.00|0.00|0.00|1|0.00|1|0|0.00|0.00|0.00|74|18
FPMI|Restaurante|1|Restaurante|1|EMPANADA CACHACA| |9528008|EMPANADA CACHACA| |9528008|ALIMENTOS|10|ALIMENTOS|10|Para Empezar|1008|Para Empezar|1008|Para Aqui|1|Para Aqui|1|0.00|0.00|0.00|0.00|0.00|0.00|0.00|0.00|0.00|1|0.00|0|0|0.00|0.00|0.00|69|17
FPMI|Restaurante|1|Restaurante|1|Mod 1/2| |980000002|Mod 1/2| |980000002|ALIMENTOS|10|ALIMENTOS|10|Para Empezar|1008|Para Empezar|1008|Para Aqui|1|Para Aqui|1|0.00|0.00|0.00|0.00|0.00|0.00|0.00|0.00|0.00|1|0.00|2|0|0.00|0.00|0.00|53|13
FPMI|Restaurante|1|Restaurante|1|AREPA DE CHOCOLO| |9506036|AREPA DE CHOCOLO| |9506036|ALIMENTOS|10|ALIMENTOS|10|Para Empezar|1008|Para Empezar|1008|Para Aqui|1|Para Aqui|1|20185.00|0.00|20185.00|0.00|0.00|0.00|20185.00|0.00|20185.00|1|20185.00|1|0|0.00|0.00|0.00|74|18
FPMI|Restaurante|1|Restaurante|1|Mensaje Bebidas 2024| |980000095|Mensaje Bebidas 2024| |980000095|ALIMENTOS|10|ALIMENTOS|10|Para Empezar|1008|Para Empezar|1008|Para Aqui|1|Para Aqui|1|0.00|0.00|0.00|0.00|0.00|0.00|0.00|0.00|0.00|1|0.00|1|0|0.00|0.00|0.00|58|14
FPMI|Restaurante|1|Restaurante|1|BISTEC CHURRASCO 250 gr FRANCESA| |9502342|BISTEC CHURRASCO 250 gr FRANCESA| |9502342|ALIMENTOS|10|ALIMENTOS|10|Para Empezar|1008|Para Empezar|1008|Para Aqui|1|Para Aqui|1|53333.00|0.00|53333.00|0.00|0.00|0.00|53333.00|0.00|53333.00|1|53333.00|1|0|0.00|0.00|0.00|56|13
FPMI|Restaurante|1|Restaurante|1|BISTEC ENTRECOT 180 gr  ENSALADA| |9502523|BISTEC ENTRECOT 180 gr  ENSALADA| |9502523|ALIMENTOS|10|ALIMENTOS|10|Para Empezar|1008|Para Empezar|1008|Para Aqui|1|Para Aqui|1|38704.00|0.00|38704.00|0.00|0.00|0.00|38704.00|0.00|38704.00|1|38704.00|1|0|0.00|0.00|0.00|50|12
FPMI|Domicilios|20|Domicilios|20|HAMBURGUESA CAMPESINA 125 gr| |9508008|HAMBURGUESA CAMPESINA 125 gr| |9508008|ALIMENTOS|10|ALIMENTOS|10|Para Empezar|1008|Para Empezar|1008|Para Llevar|2|Para Llevar|2|18333.00|0.00|18333.00|0.00|0.00|0.00|18333.00|0.00|18333.00|73|18333.00|1|0|0.00|0.00|0.00|51|12
FPMI|Plataformas|21|Plataformas|21|SALSA BABY| |9500376|SALSA BABY| |9500376|ALIMENTOS|10|ALIMENTOS|10|Para Empezar|1008|Para Empezar|1008|Domicilios|7|Domicilios|7|6296.00|0.00|6296.00|0.00|0.00|0.00|6296.00|0.00|6296.00|153|6296.00|2|0|0.00|0.00|0.00|53|13
FPMI|Plataformas|21|Plataformas|21|PUNTA DE ANCA 250 gr FRANCESA| |9502236|PUNTA DE ANCA 250 gr FRANCESA| |9502236|ALIMENTOS|10|ALIMENTOS|10|Para Empezar|1008|Para Empezar|1008|Domicilios|7|Domicilios|7|57130.00|0.00|57130.00|0.00|0.00|0.00|57130.00|0.00|57130.00|153|57130.00|1|0|0.00|0.00|0.00|65|16
FPMI|Plataformas|21|Plataformas|21|CAZUELA DE FRIJOLES| |9520032|CAZUELA DE FRIJOLES| |9520032|ALIMENTOS|10|ALIMENTOS|10|Para Empezar|1008|Para Empezar|1008|Domicilios|7|Domicilios|7|38611.00|0.00|38611.00|0.00|0.00|0.00|38611.00|0.00|38611.00|153|38611.00|1|0|0.00|0.00|0.00|56|13
FPMI|Plataformas|21|Plataformas|21|AJIACO NINOS| |9542004|AJIACO NINOS| |9542004|ALIMENTOS|10|ALIMENTOS|10|Para Empezar|1008|Para Empezar|1008|Domicilios|7|Domicilios|7|40556.00|0.00|40556.00|0.00|0.00|0.00|40556.00|0.00|40556.00|153|40556.00|2|0|0.00|0.00|0.00|47|11
FPMI|Restaurante|1|Restaurante|1|JUGO DE GUANABANA EN LECHE| |9604220|JUGO DE GUANABANA EN LECHE| |9604220|BEBIDAS|20|BEBIDAS|20|Bebidas Sin Alcohol|3000|Bebidas Sin Alcohol|3000|Para Aqui|1|Para Aqui|1|12870.00|0.00|12870.00|0.00|0.00|0.00|12870.00|0.00|12870.00|1|12870.00|1|0|0.00|0.00|0.00|51|12
FPMI|Restaurante|1|Restaurante|1|TINTO COLADO AEX| |9602121|TINTO COLADO AEX| |9602121|BEBIDAS|20|BEBIDAS|20|Bebidas Sin Alcohol|3000|Bebidas Sin Alcohol|3000|Para Aqui|1|Para Aqui|1|4537.00|0.00|4537.00|0.00|0.00|0.00|4537.00|0.00|4537.00|1|4537.00|1|0|0.00|0.00|0.00|58|14
FPMI|Restaurante|1|Restaurante|1|REFAJO| |9608024|REFAJO| |9608024|BEBIDAS|20|BEBIDAS|20|Bebidas Sin Alcohol|3000|Bebidas Sin Alcohol|3000|Para Aqui|1|Para Aqui|1|12870.00|0.00|12870.00|0.00|0.00|0.00|12870.00|0.00|12870.00|1|12870.00|1|0|0.00|0.00|0.00|50|12
FPMI|Restaurante|1|Restaurante|1|Mod CocaCola Zero 400ml| |980000103|Mod CocaCola Zero 400ml| |980000103|ALIMENTOS|10|ALIMENTOS|10|Para Empezar|1008|Para Empezar|1008|Para Aqui|1|Para Aqui|1|0.00|0.00|0.00|0.00|0.00|0.00|0.00|0.00|0.00|1|0.00|1|0|0.00|0.00|0.00|56|13
FPMI|Restaurante|1|Restaurante|1|Mod CocaCola Original 400ml| |980000102|Mod CocaCola Original 400ml| |980000102|ALIMENTOS|10|ALIMENTOS|10|Para Empezar|1008|Para Empezar|1008|Para Aqui|1|Para Aqui|1|0.00|0.00|0.00|0.00|0.00|0.00|0.00|0.00|0.00|1|0.00|1|0|0.00|0.00|0.00|69|17
FPMI|Restaurante|1|Restaurante|1|SALSA BBQ| |9500380|SALSA BBQ| |9500380|ALIMENTOS|10|ALIMENTOS|10|Para Empezar|1008|Para Empezar|1008|Para Aqui|1|Para Aqui|1|0.00|0.00|0.00|0.00|0.00|0.00|0.00|0.00|0.00|1|0.00|1|0|0.00|0.00|0.00|63|15
FPMI|Restaurante|1|Restaurante|1|COMO ENTRADA| |90000038|COMO ENTRADA| |90000038|ALIMENTOS|10|ALIMENTOS|10|Para Empezar|1008|Para Empezar|1008|Para Aqui|1|Para Aqui|1|0.00|0.00|0.00|0.00|0.00|0.00|0.00|0.00|0.00|1|0.00|2|0|0.00|0.00|0.00|53|13
FPMI|Restaurante|1|Restaurante|1|Mod BienAsado| |980000006|Mod BienAsado| |980000006|ALIMENTOS|10|ALIMENTOS|10|Para Empezar|1008|Para Empezar|1008|Para Aqui|1|Para Aqui|1|0.00|0.00|0.00|0.00|0.00|0.00|0.00|0.00|0.00|1|0.00|1|0|0.00|0.00|0.00|53|13
FPMI|Restaurante|1|Restaurante|1|Mod 1/2| |980000002|Mod 1/2| |980000002|ALIMENTOS|10|ALIMENTOS|10|Para Empezar|1008|Para Empezar|1008|Para Aqui|1|Para Aqui|1|0.00|0.00|0.00|0.00|0.00|0.00|0.00|0.00|0.00|1|0.00|1|0|0.00|0.00|0.00|65|16
FPMI|Restaurante|1|Restaurante|1|LOMO 220 gr PAPA FRANCESA| |9502511|LOMO 220 gr PAPA FRANCESA| |9502511|ALIMENTOS|10|ALIMENTOS|10|Para Empezar|1008|Para Empezar|1008|Para Aqui|1|Para Aqui|1|54444.00|0.00|54444.00|0.00|0.00|0.00|54444.00|0.00|54444.00|1|54444.00|1|0|0.00|0.00|0.00|69|17
FPMI|Restaurante|1|Restaurante|1|SALSA DE TOMATE| |9500483|SALSA DE TOMATE| |9500483|ALIMENTOS|10|ALIMENTOS|10|Para Empezar|1008|Para Empezar|1008|Para Aqui|1|Para Aqui|1|0.00|0.00|0.00|0.00|0.00|0.00|0.00|0.00|0.00|1|0.00|2|0|0.00|0.00|0.00|57|14
FPMI|Restaurante|1|Restaurante|1|CHICHARRON 90 gr| |9528024|CHICHARRON 90 gr| |9528024|ALIMENTOS|10|ALIMENTOS|10|Para Empezar|1008|Para Empezar|1008|Para Aqui|1|Para Aqui|1|26667.00|0.00|26667.00|0.00|0.00|0.00|26667.00|0.00|26667.00|1|26667.00|1|0|0.00|0.00|0.00|54|13
FPMI|Restaurante|1|Restaurante|1|COMO ENTRADA| |90000038|COMO ENTRADA| |90000038|ALIMENTOS|10|ALIMENTOS|10|Para Empezar|1008|Para Empezar|1008|Para Aqui|1|Para Aqui|1|0.00|0.00|0.00|0.00|0.00|0.00|0.00|0.00|0.00|1|0.00|1|0|0.00|0.00|0.00|74|18
FPMI|Restaurante|1|Restaurante|1|AJIACO  POLLO| |9520008|AJIACO  POLLO| |9520008|ALIMENTOS|10|ALIMENTOS|10|Para Empezar|1008|Para Empezar|1008|Para Aqui|1|Para Aqui|1|34074.00|0.00|34074.00|0.00|0.00|0.00|34074.00|0.00|34074.00|1|34074.00|1|0|0.00|0.00|0.00|51|12
FPMI|Restaurante|1|Restaurante|1|COMO ENTRADA| |90000038|COMO ENTRADA| |90000038|ALIMENTOS|10|ALIMENTOS|10|Para Empezar|1008|Para Empezar|1008|Para Aqui|1|Para Aqui|1|0.00|0.00|0.00|0.00|0.00|0.00|0.00|0.00|0.00|1|0.00|2|0|0.00|0.00|0.00|62|15
FPMI|Restaurante|1|Restaurante|1|BANDEJA PAISA| |9520036|BANDEJA PAISA| |9520036|ALIMENTOS|10|ALIMENTOS|10|Para Empezar|1008|Para Empezar|1008|Para Aqui|1|Para Aqui|1|42500.00|0.00|42500.00|0.00|0.00|0.00|42500.00|0.00|42500.00|1|42500.00|1|0|0.00|0.00|0.00|62|15
FPMI|Restaurante|1|Restaurante|1|MORCILLA 100 gr| |9502080|MORCILLA 100 gr| |9502080|ALIMENTOS|10|ALIMENTOS|10|Para Empezar|1008|Para Empezar|1008|Para Aqui|1|Para Aqui|1|10741.00|0.00|10741.00|0.00|0.00|0.00|10741.00|0.00|10741.00|1|10741.00|1|0|0.00|0.00|0.00|51|12
FPMI|Restaurante|1|Restaurante|1|LOMO 220 gr PAPA CASCO| |9502512|LOMO 220 gr PAPA CASCO| |9502512|ALIMENTOS|10|ALIMENTOS|10|Para Empezar|1008|Para Empezar|1008|Para Aqui|1|Para Aqui|1|54444.00|0.00|54444.00|0.00|0.00|0.00|54444.00|0.00|54444.00|1|54444.00|1|0|0.00|0.00|0.00|51|12
FPMI|Restaurante|1|Restaurante|1|AJI CASERO| |9500480|AJI CASERO| |9500480|ALIMENTOS|10|ALIMENTOS|10|Para Empezar|1008|Para Empezar|1008|Para Aqui|1|Para Aqui|1|0.00|0.00|0.00|0.00|0.00|0.00|0.00|0.00|0.00|1|0.00|3|0|0.00|0.00|0.00|55|13
FPMI|Plataformas|21|Plataformas|21|PUNTA DE ANCA 250 gr CRIOLLA| |9502358|PUNTA DE ANCA 250 gr CRIOLLA| |9502358|ALIMENTOS|10|ALIMENTOS|10|Para Empezar|1008|Para Empezar|1008|Domicilios|7|Domicilios|7|57130.00|0.00|57130.00|0.00|0.00|0.00|57130.00|0.00|57130.00|153|57130.00|1|0|0.00|0.00|0.00|53|13
FPMI|Plataformas|21|Plataformas|21|PICADA INDIVIDUAL FRANCESA| |9502584|PICADA INDIVIDUAL FRANCESA| |9502584|ALIMENTOS|10|ALIMENTOS|10|Para Empezar|1008|Para Empezar|1008|Domicilios|7|Domicilios|7|33148.00|0.00|33148.00|0.00|0.00|0.00|33148.00|0.00|33148.00|177|33148.00|1|0|0.00|0.00|0.00|80|19
FPMI|Plataformas|21|Plataformas|21|PUNTA DE ANCA 250 gr CRIOLLA| |9502358|PUNTA DE ANCA 250 gr CRIOLLA| |9502358|ALIMENTOS|10|ALIMENTOS|10|Para Empezar|1008|Para Empezar|1008|Domicilios|7|Domicilios|7|57130.00|0.00|57130.00|0.00|0.00|0.00|57130.00|0.00|57130.00|153|57130.00|1|0|0.00|0.00|0.00|51|12
FPMI|Plataformas|21|Plataformas|21|CAZUELA DE FRIJOLES| |9520032|CAZUELA DE FRIJOLES| |9520032|ALIMENTOS|10|ALIMENTOS|10|Para Empezar|1008|Para Empezar|1008|Domicilios|7|Domicilios|7|31204.00|0.00|31204.00|0.00|0.00|0.00|31204.00|0.00|31204.00|177|31204.00|1|0|0.00|0.00|0.00|58|14
FPMI|Plataformas|21|Plataformas|21|PECHUGA A LA PARRILLA 230 gr ENSALADA | |9506091|PECHUGA A LA PARRILLA 230 gr ENSALADA | |9506091|ALIMENTOS|10|ALIMENTOS|10|Para Empezar|1008|Para Empezar|1008|Domicilios|7|Domicilios|7|23148.00|0.00|23148.00|0.00|0.00|0.00|23148.00|0.00|23148.00|177|23148.00|1|0|0.00|0.00|0.00|51|12
FPMI|Plataformas|21|Plataformas|21|MADURITOS| |9500252|MADURITOS| |9500252|ALIMENTOS|10|ALIMENTOS|10|Para Empezar|1008|Para Empezar|1008|Domicilios|7|Domicilios|7|3519.00|0.00|3519.00|0.00|0.00|0.00|3519.00|0.00|3519.00|153|3519.00|1|0|0.00|0.00|0.00|75|18
FPMI|Restaurante|1|Restaurante|1|AGUA MANANTIAL CON GAS 300 ML| |9606136|AGUA MANANTIAL CON GAS 300 ML| |9606136|BEBIDAS|20|BEBIDAS|20|Bebidas Sin Alcohol|3000|Bebidas Sin Alcohol|3000|Para Aqui|1|Para Aqui|1|6389.00|0.00|6389.00|0.00|0.00|0.00|6389.00|0.00|6389.00|1|6389.00|1|0|0.00|0.00|0.00|63|15
FPMI|Restaurante|1|Restaurante|1|AGUA MANANTIAL CON GAS 300 ML| |9606136|AGUA MANANTIAL CON GAS 300 ML| |9606136|BEBIDAS|20|BEBIDAS|20|Bebidas Sin Alcohol|3000|Bebidas Sin Alcohol|3000|Para Aqui|1|Para Aqui|1|6389.00|0.00|6389.00|0.00|0.00|0.00|6389.00|0.00|6389.00|1|6389.00|1|0|0.00|0.00|0.00|51|12
FPMI|Restaurante|1|Restaurante|1|CERVEZA CLUB COLOMBIA| |9608004|CERVEZA CLUB COLOMBIA| |9608004|BEBIDAS|20|BEBIDAS|20|Bebidas Sin Alcohol|3000|Bebidas Sin Alcohol|3000|Para Aqui|1|Para Aqui|1|11296.00|0.00|11296.00|0.00|0.00|0.00|11296.00|0.00|11296.00|1|11296.00|1|0|0.00|0.00|0.00|58|14
FPMI|Restaurante|1|Restaurante|1|PUNTA DE ANCA 250 gr FRANCESA| |9502236|PUNTA DE ANCA 250 gr FRANCESA| |9502236|ALIMENTOS|10|ALIMENTOS|10|Para Empezar|1008|Para Empezar|1008|Para Aqui|1|Para Aqui|1|52593.00|0.00|52593.00|0.00|0.00|0.00|52593.00|0.00|52593.00|1|52593.00|1|0|0.00|0.00|0.00|53|13
FPMI|Restaurante|1|Restaurante|1|BISTEC ENTRECOT 180 gr  ENSALADA| |9502523|BISTEC ENTRECOT 180 gr  ENSALADA| |9502523|ALIMENTOS|10|ALIMENTOS|10|Para Empezar|1008|Para Empezar|1008|Para Aqui|1|Para Aqui|1|38704.00|0.00|38704.00|0.00|0.00|0.00|38704.00|0.00|38704.00|1|38704.00|1|0|0.00|0.00|0.00|54|13
FPMI|Restaurante|1|Restaurante|1|CAZUELA DE FRIJOLES| |9520032|CAZUELA DE FRIJOLES| |9520032|ALIMENTOS|10|ALIMENTOS|10|Para Empezar|1008|Para Empezar|1008|Para Aqui|1|Para Aqui|1|36852.00|0.00|36852.00|0.00|0.00|0.00|36852.00|0.00|36852.00|1|36852.00|1|0|0.00|0.00|0.00|50|12
FPMI|Restaurante|1|Restaurante|1|SALSA BABY| |9500376|SALSA BABY| |9500376|ALIMENTOS|10|ALIMENTOS|10|Para Empezar|1008|Para Empezar|1008|Para Aqui|1|Para Aqui|1|0.00|0.00|0.00|0.00|0.00|0.00|0.00|0.00|0.00|1|0.00|3|0|0.00|0.00|0.00|55|13
FPMI|Domicilios|20|Domicilios|20|AJIACO CON POLLO PERSONAL | |9540230|AJIACO CON POLLO PERSONAL | |9540230|ALIMENTOS|10|ALIMENTOS|10|Para Empezar|1008|Para Empezar|1008|Para Llevar|2|Para Llevar|2|18520.00|0.00|18520.00|0.00|0.00|0.00|18520.00|0.00|18520.00|73|18520.00|4|0|0.00|0.00|0.00|83|20
FPMI|Domicilios|20|Domicilios|20|CHICHARRON 90 gr| |9528024|CHICHARRON 90 gr| |9528024|ALIMENTOS|10|ALIMENTOS|10|Para Empezar|1008|Para Empezar|1008|Para Llevar|2|Para Llevar|2|26667.00|0.00|26667.00|0.00|0.00|0.00|26667.00|0.00|26667.00|73|26667.00|1|0|0.00|0.00|0.00|51|12
FPMI|Domicilios|20|Domicilios|20|ENSALADA FRESCA ACOMPANAMIENTO| |9500164|ENSALADA FRESCA ACOMPANAMIENTO| |9500164|ALIMENTOS|10|ALIMENTOS|10|Para Empezar|1008|Para Empezar|1008|Para Llevar|2|Para Llevar|2|7222.00|0.00|7222.00|0.00|0.00|0.00|7222.00|0.00|7222.00|73|7222.00|1|0|0.00|0.00|0.00|51|12
FPMI|Plataformas|21|Plataformas|21|EMPANADA CACHACA| |9528008|EMPANADA CACHACA| |9528008|ALIMENTOS|10|ALIMENTOS|10|Para Empezar|1008|Para Empezar|1008|Domicilios|7|Domicilios|7|6389.00|0.00|6389.00|0.00|0.00|0.00|6389.00|0.00|6389.00|153|6389.00|1|0|0.00|0.00|0.00|75|18
FPMI|Plataformas|21|Plataformas|21|ENSALADA FRESCA ACOMPANAMIENTO| |9500164|ENSALADA FRESCA ACOMPANAMIENTO| |9500164|ALIMENTOS|10|ALIMENTOS|10|Para Empezar|1008|Para Empezar|1008|Domicilios|7|Domicilios|7|7500.00|0.00|7500.00|0.00|0.00|0.00|7500.00|0.00|7500.00|153|7500.00|1|0|0.00|0.00|0.00|51|12
FPMI|Plataformas|21|Plataformas|21|CUCHUCO CON ESPINAZO| |9520020|CUCHUCO CON ESPINAZO| |9520020|ALIMENTOS|10|ALIMENTOS|10|Para Empezar|1008|Para Empezar|1008|Domicilios|7|Domicilios|7|36204.00|0.00|36204.00|0.00|0.00|0.00|36204.00|0.00|36204.00|153|36204.00|1|0|0.00|0.00|0.00|56|13
FPMI|Plataformas|21|Plataformas|21|AREPA DE CHOCOLO| |9506036|AREPA DE CHOCOLO| |9506036|ALIMENTOS|10|ALIMENTOS|10|Para Empezar|1008|Para Empezar|1008|Domicilios|7|Domicilios|7|21111.00|0.00|21111.00|0.00|0.00|0.00|21111.00|0.00|21111.00|153|21111.00|1|0|0.00|0.00|0.00|77|19
FPMI|Plataformas|21|Plataformas|21|SALSA BABY| |9500376|SALSA BABY| |9500376|ALIMENTOS|10|ALIMENTOS|10|Para Empezar|1008|Para Empezar|1008|Domicilios|7|Domicilios|7|3148.00|0.00|3148.00|0.00|0.00|0.00|3148.00|0.00|3148.00|153|3148.00|1|0|0.00|0.00|0.00|56|13
FPMI|Restaurante|1|Restaurante|1|LIMONADA DE PANELA| |9604067|LIMONADA DE PANELA| |9604067|BEBIDAS|20|BEBIDAS|20|Bebidas Sin Alcohol|3000|Bebidas Sin Alcohol|3000|Para Aqui|1|Para Aqui|1|9074.00|0.00|9074.00|0.00|0.00|0.00|9074.00|0.00|9074.00|1|9074.00|1|0|0.00|0.00|0.00|53|13
FPMI|Restaurante|1|Restaurante|1|TINTO COLADO AEX| |9602121|TINTO COLADO AEX| |9602121|BEBIDAS|20|BEBIDAS|20|Bebidas Sin Alcohol|3000|Bebidas Sin Alcohol|3000|Para Aqui|1|Para Aqui|1|9074.00|0.00|9074.00|0.00|0.00|0.00|9074.00|0.00|9074.00|1|9074.00|2|0|0.00|0.00|0.00|57|14
FPMI|Restaurante|1|Restaurante|1|GASEOSA 400 ml| |9606131|GASEOSA 400 ml| |9606131|BEBIDAS|20|BEBIDAS|20|Bebidas Sin Alcohol|3000|Bebidas Sin Alcohol|3000|Para Aqui|1|Para Aqui|1|15186.00|0.00|15186.00|0.00|0.00|0.00|15186.00|0.00|15186.00|1|15186.00|2|0|0.00|0.00|0.00|53|13
FPMI|Restaurante|1|Restaurante|1|LIMONADA NATURAL| |9604060|LIMONADA NATURAL| |9604060|BEBIDAS|20|BEBIDAS|20|Bebidas Sin Alcohol|3000|Bebidas Sin Alcohol|3000|Para Aqui|1|Para Aqui|1|8519.00|0.00|8519.00|0.00|0.00|0.00|8519.00|0.00|8519.00|1|8519.00|1|0|0.00|0.00|0.00|58|14
FPMI|Restaurante|1|Restaurante|1|GASEOSA 400 ml| |9606131|GASEOSA 400 ml| |9606131|BEBIDAS|20|BEBIDAS|20|Bebidas Sin Alcohol|3000|Bebidas Sin Alcohol|3000|Para Aqui|1|Para Aqui|1|7593.00|0.00|7593.00|0.00|0.00|0.00|7593.00|0.00|7593.00|1|7593.00|1|0|0.00|0.00|0.00|58|14
FPMI|Restaurante|1|Restaurante|1|MORCILLA 100 gr| |9502080|MORCILLA 100 gr| |9502080|ALIMENTOS|10|ALIMENTOS|10|Para Empezar|1008|Para Empezar|1008|Para Aqui|1|Para Aqui|1|10741.00|0.00|10741.00|0.00|0.00|0.00|10741.00|0.00|10741.00|1|10741.00|1|0|0.00|0.00|0.00|53|13
FPMI|Restaurante|1|Restaurante|1|LOMO 220 gr PAPA CRIOLLA| |9502513|LOMO 220 gr PAPA CRIOLLA| |9502513|ALIMENTOS|10|ALIMENTOS|10|Para Empezar|1008|Para Empezar|1008|Para Aqui|1|Para Aqui|1|54444.00|0.00|54444.00|0.00|0.00|0.00|54444.00|0.00|54444.00|1|54444.00|1|0|0.00|0.00|0.00|53|13
FPMI|Restaurante|1|Restaurante|1|LOMO 220 gr ENSALADA| |9502516|LOMO 220 gr ENSALADA| |9502516|ALIMENTOS|10|ALIMENTOS|10|Para Empezar|1008|Para Empezar|1008|Para Aqui|1|Para Aqui|1|54444.00|0.00|54444.00|0.00|0.00|0.00|54444.00|0.00|54444.00|1|54444.00|1|0|0.00|0.00|0.00|53|13
FPMI|Restaurante|1|Restaurante|1|CALENTADO ANDRES| |9518004|CALENTADO ANDRES| |9518004|ALIMENTOS|10|ALIMENTOS|10|Para Empezar|1008|Para Empezar|1008|Para Aqui|1|Para Aqui|1|35093.00|0.00|35093.00|0.00|0.00|0.00|35093.00|0.00|35093.00|1|35093.00|1|0|0.00|0.00|0.00|53|13
FPMI|Restaurante|1|Restaurante|1|PUNTA DE ANCA 250 gr CRIOLLA| |9502358|PUNTA DE ANCA 250 gr CRIOLLA| |9502358|ALIMENTOS|10|ALIMENTOS|10|Para Empezar|1008|Para Empezar|1008|Para Aqui|1|Para Aqui|1|52593.00|0.00|52593.00|0.00|0.00|0.00|52593.00|0.00|52593.00|1|52593.00|1|0|0.00|0.00|0.00|54|13
FPMI|Restaurante|1|Restaurante|1|Mod 3/4| |980000004|Mod 3/4| |980000004|ALIMENTOS|10|ALIMENTOS|10|Para Empezar|1008|Para Empezar|1008|Para Aqui|1|Para Aqui|1|0.00|0.00|0.00|0.00|0.00|0.00|0.00|0.00|0.00|1|0.00|2|0|0.00|0.00|0.00|54|13
FPMI|Restaurante|1|Restaurante|1|CALENTADO ANDRES| |9518004|CALENTADO ANDRES| |9518004|ALIMENTOS|10|ALIMENTOS|10|Para Empezar|1008|Para Empezar|1008|Para Aqui|1|Para Aqui|1|35093.00|0.00|35093.00|0.00|0.00|0.00|35093.00|0.00|35093.00|1|35093.00|1|0|0.00|0.00|0.00|54|13
FPMI|Restaurante|1|Restaurante|1|COSTILLAS DE CERDO 410 gr  CRIOLLA| |9502361|COSTILLAS DE CERDO 410 gr  CRIOLLA| |9502361|ALIMENTOS|10|ALIMENTOS|10|Para Empezar|1008|Para Empezar|1008|Para Aqui|1|Para Aqui|1|51667.00|0.00|51667.00|0.00|0.00|0.00|51667.00|0.00|51667.00|1|51667.00|1|0|0.00|0.00|0.00|54|13
FPMI|Restaurante|1|Restaurante|1|ENSALADA FRESCA ACOMPANAMIENTO| |9500164|ENSALADA FRESCA ACOMPANAMIENTO| |9500164|ALIMENTOS|10|ALIMENTOS|10|Para Empezar|1008|Para Empezar|1008|Para Aqui|1|Para Aqui|1|7222.00|0.00|7222.00|0.00|0.00|0.00|7222.00|0.00|7222.00|1|7222.00|1|0|0.00|0.00|0.00|54|13
FPMI|Restaurante|1|Restaurante|1|CHURRASCO 250 gr FRANCESA| |9502110|CHURRASCO 250 gr FRANCESA| |9502110|ALIMENTOS|10|ALIMENTOS|10|Para Empezar|1008|Para Empezar|1008|Para Aqui|1|Para Aqui|1|49815.00|0.00|49815.00|0.00|0.00|0.00|49815.00|0.00|49815.00|1|49815.00|1|0|0.00|0.00|0.00|65|16
FPMI|Restaurante|1|Restaurante|1|SALMON A LA PLANCHA 200 gr ENSALADA| |9504162|SALMON A LA PLANCHA 200 gr ENSALADA| |9504162|ALIMENTOS|10|ALIMENTOS|10|Para Empezar|1008|Para Empezar|1008|Para Aqui|1|Para Aqui|1|49815.00|0.00|49815.00|0.00|0.00|0.00|49815.00|0.00|49815.00|1|49815.00|1|0|0.00|0.00|0.00|65|16
FPMI|Restaurante|1|Restaurante|1|Mensaje Bebidas 2024| |980000095|Mensaje Bebidas 2024| |980000095|ALIMENTOS|10|ALIMENTOS|10|Para Empezar|1008|Para Empezar|1008|Para Aqui|1|Para Aqui|1|0.00|0.00|0.00|0.00|0.00|0.00|0.00|0.00|0.00|1|0.00|1|0|0.00|0.00|0.00|56|13
FPMI|Restaurante|1|Restaurante|1|AREPA DE CHOCOLO| |9506036|AREPA DE CHOCOLO| |9506036|ALIMENTOS|10|ALIMENTOS|10|Para Empezar|1008|Para Empezar|1008|Para Aqui|1|Para Aqui|1|40370.00|0.00|40370.00|0.00|0.00|0.00|40370.00|0.00|40370.00|1|40370.00|2|0|0.00|0.00|0.00|53|13
FPMI|Restaurante|1|Restaurante|1|PUNTA DE ANCA 250 gr ENSALADA| |9502234|PUNTA DE ANCA 250 gr ENSALADA| |9502234|ALIMENTOS|10|ALIMENTOS|10|Para Empezar|1008|Para Empezar|1008|Para Aqui|1|Para Aqui|1|105186.00|0.00|105186.00|0.00|0.00|0.00|105186.00|0.00|105186.00|1|105186.00|2|0|0.00|0.00|0.00|53|13
FPMI|Restaurante|1|Restaurante|1|TRES LECHES| |9514016|TRES LECHES| |9514016|ALIMENTOS|10|ALIMENTOS|10|Para Empezar|1008|Para Empezar|1008|Para Aqui|1|Para Aqui|1|12500.00|0.00|12500.00|0.00|0.00|0.00|12500.00|0.00|12500.00|1|12500.00|1|0|0.00|0.00|0.00|56|13
FPMI|Restaurante|1|Restaurante|1|AREPA DE CHOCOLO| |9506036|AREPA DE CHOCOLO| |9506036|ALIMENTOS|10|ALIMENTOS|10|Para Empezar|1008|Para Empezar|1008|Para Aqui|1|Para Aqui|1|20185.00|0.00|20185.00|0.00|0.00|0.00|20185.00|0.00|20185.00|1|20185.00|1|0|0.00|0.00|0.00|50|12
FPMI|Plataformas|21|Plataformas|21|LOMO 220 gr ARROZ BLANCO| |9502515|LOMO 220 gr ARROZ BLANCO| |9502515|ALIMENTOS|10|ALIMENTOS|10|Para Empezar|1008|Para Empezar|1008|Domicilios|7|Domicilios|7|57130.00|0.00|57130.00|0.00|0.00|0.00|57130.00|0.00|57130.00|153|57130.00|1|0|0.00|0.00|0.00|53|13
FPMI|Plataformas|21|Plataformas|21|CHICHARRON 90 gr| |9528024|CHICHARRON 90 gr| |9528024|ALIMENTOS|10|ALIMENTOS|10|Para Empezar|1008|Para Empezar|1008|Domicilios|7|Domicilios|7|27963.00|0.00|27963.00|0.00|0.00|0.00|27963.00|0.00|27963.00|153|27963.00|1|0|0.00|0.00|0.00|56|13
FPMI|Plataformas|21|Plataformas|21|LOMO 220 gr PAPA FRANCESA| |9502511|LOMO 220 gr PAPA FRANCESA| |9502511|ALIMENTOS|10|ALIMENTOS|10|Para Empezar|1008|Para Empezar|1008|Domicilios|7|Domicilios|7|57130.00|0.00|57130.00|0.00|0.00|0.00|57130.00|0.00|57130.00|153|57130.00|1|0|0.00|0.00|0.00|75|18
FPMI|Plataformas|21|Plataformas|21|ADICION DE AGUACATE 100 gr| |9500032|ADICION DE AGUACATE 100 gr| |9500032|ALIMENTOS|10|ALIMENTOS|10|Para Empezar|1008|Para Empezar|1008|Domicilios|7|Domicilios|7|5741.00|0.00|5741.00|0.00|0.00|0.00|5741.00|0.00|5741.00|153|5741.00|1|0|0.00|0.00|0.00|75|18
FPMI|Restaurante|1|Restaurante|1|AGUA MANANTIAL CON GAS 300 ML| |9606136|AGUA MANANTIAL CON GAS 300 ML| |9606136|BEBIDAS|20|BEBIDAS|20|Bebidas Sin Alcohol|3000|Bebidas Sin Alcohol|3000|Para Aqui|1|Para Aqui|1|6389.00|0.00|6389.00|0.00|0.00|0.00|6389.00|0.00|6389.00|1|6389.00|1|0|0.00|0.00|0.00|64|15
FPMI|Restaurante|1|Restaurante|1|TINTO COLADO AEX| |9602121|TINTO COLADO AEX| |9602121|BEBIDAS|20|BEBIDAS|20|Bebidas Sin Alcohol|3000|Bebidas Sin Alcohol|3000|Para Aqui|1|Para Aqui|1|4537.00|0.00|4537.00|0.00|0.00|0.00|4537.00|0.00|4537.00|1|4537.00|1|0|0.00|0.00|0.00|66|16
FPMI|Restaurante|1|Restaurante|1|CERVEZA HEINEKEN| |9608028|CERVEZA HEINEKEN| |9608028|BEBIDAS|20|BEBIDAS|20|Bebidas Sin Alcohol|3000|Bebidas Sin Alcohol|3000|Para Aqui|1|Para Aqui|1|12778.00|0.00|12778.00|0.00|0.00|0.00|12778.00|0.00|12778.00|1|12778.00|1|0|0.00|0.00|0.00|69|17
FPMI|Plataformas|21|Plataformas|21|GASEOSA 400 ml| |9606131|GASEOSA 400 ml| |9606131|BEBIDAS|20|BEBIDAS|20|Bebidas Sin Alcohol|3000|Bebidas Sin Alcohol|3000|Domicilios|7|Domicilios|7|7963.00|0.00|7963.00|0.00|0.00|0.00|7963.00|0.00|7963.00|153|7963.00|1|0|0.00|0.00|0.00|51|12
FPMI|Plataformas|21|Plataformas|21|JUGO DE LULO EN AGUA| |9604216|JUGO DE LULO EN AGUA| |9604216|BEBIDAS|20|BEBIDAS|20|Bebidas Sin Alcohol|3000|Bebidas Sin Alcohol|3000|Domicilios|7|Domicilios|7|10556.00|0.00|10556.00|0.00|0.00|0.00|10556.00|0.00|10556.00|153|10556.00|1|0|0.00|0.00|0.00|75|18
FPMI|Restaurante|1|Restaurante|1|CHICHARRON 90 gr| |9528024|CHICHARRON 90 gr| |9528024|ALIMENTOS|10|ALIMENTOS|10|Para Empezar|1008|Para Empezar|1008|Para Aqui|1|Para Aqui|1|26667.00|0.00|26667.00|0.00|0.00|0.00|26667.00|0.00|26667.00|1|26667.00|1|0|0.00|0.00|0.00|53|13
FPMI|Restaurante|1|Restaurante|1|Mensaje Bebidas 2024| |980000095|Mensaje Bebidas 2024| |980000095|ALIMENTOS|10|ALIMENTOS|10|Para Empezar|1008|Para Empezar|1008|Para Aqui|1|Para Aqui|1|0.00|0.00|0.00|0.00|0.00|0.00|0.00|0.00|0.00|1|0.00|1|0|0.00|0.00|0.00|53|13
FPMI|Restaurante|1|Restaurante|1|MJE ALM| |90000037|MJE ALM| |90000037|ALIMENTOS|10|ALIMENTOS|10|Para Empezar|1008|Para Empezar|1008|Para Aqui|1|Para Aqui|1|0.00|0.00|0.00|0.00|0.00|0.00|0.00|0.00|0.00|1|0.00|1|0|0.00|0.00|0.00|54|13
FPMI|Restaurante|1|Restaurante|1|BISTEC CHURRASCO 250 gr CRIOLLA| |9502362|BISTEC CHURRASCO 250 gr CRIOLLA| |9502362|ALIMENTOS|10|ALIMENTOS|10|Para Empezar|1008|Para Empezar|1008|Para Aqui|1|Para Aqui|1|53333.00|0.00|53333.00|0.00|0.00|0.00|53333.00|0.00|53333.00|1|53333.00|1|0|0.00|0.00|0.00|74|18
FPMI|Restaurante|1|Restaurante|1|Mod BienAsado| |980000006|Mod BienAsado| |980000006|ALIMENTOS|10|ALIMENTOS|10|Para Empezar|1008|Para Empezar|1008|Para Aqui|1|Para Aqui|1|0.00|0.00|0.00|0.00|0.00|0.00|0.00|0.00|0.00|1|0.00|1|0|0.00|0.00|0.00|69|17
FPMI|Restaurante|1|Restaurante|1|AREPA DE CHOCOLO| |9506036|AREPA DE CHOCOLO| |9506036|ALIMENTOS|10|ALIMENTOS|10|Para Empezar|1008|Para Empezar|1008|Para Aqui|1|Para Aqui|1|40370.00|0.00|40370.00|0.00|0.00|0.00|40370.00|0.00|40370.00|1|40370.00|2|0|0.00|0.00|0.00|79|19
FPMI|Restaurante|1|Restaurante|1|COMO ENTRADA| |90000038|COMO ENTRADA| |90000038|ALIMENTOS|10|ALIMENTOS|10|Para Empezar|1008|Para Empezar|1008|Para Aqui|1|Para Aqui|1|0.00|0.00|0.00|0.00|0.00|0.00|0.00|0.00|0.00|1|0.00|1|0|0.00|0.00|0.00|54|13
FPMI|Restaurante|1|Restaurante|1|Mod CocaCola Zero 400ml| |980000103|Mod CocaCola Zero 400ml| |980000103|ALIMENTOS|10|ALIMENTOS|10|Para Empezar|1008|Para Empezar|1008|Para Aqui|1|Para Aqui|1|0.00|0.00|0.00|0.00|0.00|0.00|0.00|0.00|0.00|1|0.00|1|0|0.00|0.00|0.00|54|13
FPMI|Restaurante|1|Restaurante|1|TORTA MILKYWAY| |9514163|TORTA MILKYWAY| |9514163|ALIMENTOS|10|ALIMENTOS|10|Para Empezar|1008|Para Empezar|1008|Para Aqui|1|Para Aqui|1|12870.00|0.00|12870.00|0.00|0.00|0.00|12870.00|0.00|12870.00|1|12870.00|1|0|0.00|0.00|0.00|56|13
FPMI|Restaurante|1|Restaurante|1|CAZUELA DE FRIJOLES| |9520032|CAZUELA DE FRIJOLES| |9520032|ALIMENTOS|10|ALIMENTOS|10|Para Empezar|1008|Para Empezar|1008|Para Aqui|1|Para Aqui|1|36852.00|0.00|36852.00|0.00|0.00|0.00|36852.00|0.00|36852.00|1|36852.00|1|0|0.00|0.00|0.00|56|13
FPMI|Restaurante|1|Restaurante|1|Mod A Punto| |980000005|Mod A Punto| |980000005|ALIMENTOS|10|ALIMENTOS|10|Para Empezar|1008|Para Empezar|1008|Para Aqui|1|Para Aqui|1|0.00|0.00|0.00|0.00|0.00|0.00|0.00|0.00|0.00|1|0.00|1|0|0.00|0.00|0.00|56|13
FPMI|Restaurante|1|Restaurante|1|AJIACO  POLLO| |9520008|AJIACO  POLLO| |9520008|ALIMENTOS|10|ALIMENTOS|10|Para Empezar|1008|Para Empezar|1008|Para Aqui|1|Para Aqui|1|34074.00|0.00|34074.00|0.00|0.00|0.00|34074.00|0.00|34074.00|1|34074.00|1|0|0.00|0.00|0.00|62|15
FPMI|Restaurante|1|Restaurante|1|Mod 1/2| |980000002|Mod 1/2| |980000002|ALIMENTOS|10|ALIMENTOS|10|Para Empezar|1008|Para Empezar|1008|Para Aqui|1|Para Aqui|1|0.00|0.00|0.00|0.00|0.00|0.00|0.00|0.00|0.00|1|0.00|1|0|0.00|0.00|0.00|50|12
FPMI|Plataformas|21|Plataformas|21|AJIACO  POLLO| |9520008|AJIACO  POLLO| |9520008|ALIMENTOS|10|ALIMENTOS|10|Para Empezar|1008|Para Empezar|1008|Domicilios|7|Domicilios|7|107223.00|0.00|107223.00|0.00|0.00|0.00|107223.00|0.00|107223.00|153|107223.00|3|0|0.00|0.00|0.00|51|12
FPMI|Plataformas|21|Plataformas|21|HOGAO| |9500200|HOGAO| |9500200|ALIMENTOS|10|ALIMENTOS|10|Para Empezar|1008|Para Empezar|1008|Domicilios|7|Domicilios|7|3241.00|0.00|3241.00|0.00|0.00|0.00|3241.00|0.00|3241.00|153|3241.00|1|0|0.00|0.00|0.00|52|12
FPMI|Plataformas|21|Plataformas|21|PICADA INDIVIDUAL FRANCESA| |9502584|PICADA INDIVIDUAL FRANCESA| |9502584|ALIMENTOS|10|ALIMENTOS|10|Para Empezar|1008|Para Empezar|1008|Domicilios|7|Domicilios|7|33148.00|0.00|33148.00|0.00|0.00|0.00|33148.00|0.00|33148.00|177|33148.00|1|0|0.00|0.00|0.00|51|12
FPMI|Plataformas|21|Plataformas|21|EMPANADA MIXTA 4 UNIDADES| |9528041|EMPANADA MIXTA 4 UNIDADES| |9528041|ALIMENTOS|10|ALIMENTOS|10|Para Empezar|1008|Para Empezar|1008|Domicilios|7|Domicilios|7|23611.00|0.00|23611.00|0.00|0.00|0.00|23611.00|0.00|23611.00|153|23611.00|1|0|0.00|0.00|0.00|77|19
FPMI|Plataformas|21|Plataformas|21|LOMO 220 gr PAPA FRANCESA| |9502511|LOMO 220 gr PAPA FRANCESA| |9502511|ALIMENTOS|10|ALIMENTOS|10|Para Empezar|1008|Para Empezar|1008|Domicilios|7|Domicilios|7|57130.00|0.00|57130.00|0.00|0.00|0.00|57130.00|0.00|57130.00|153|57130.00|1|0|0.00|0.00|0.00|56|13
FPMI|Plataformas|21|Plataformas|21|PICADA INDIVIDUAL FRANCESA| |9502584|PICADA INDIVIDUAL FRANCESA| |9502584|ALIMENTOS|10|ALIMENTOS|10|Para Empezar|1008|Para Empezar|1008|Domicilios|7|Domicilios|7|-33148.00|0.00|-33148.00|0.00|0.00|0.00|-33148.00|0.00|-33148.00|177|-33148.00|-1|0|0.00|0.00|0.00|84|20
FPMI|Restaurante|1|Restaurante|1|LIMONADA NATURAL| |9604060|LIMONADA NATURAL| |9604060|BEBIDAS|20|BEBIDAS|20|Bebidas Sin Alcohol|3000|Bebidas Sin Alcohol|3000|Para Aqui|1|Para Aqui|1|8519.00|0.00|8519.00|0.00|0.00|0.00|8519.00|0.00|8519.00|1|8519.00|1|0|0.00|0.00|0.00|56|13
FPMI|Restaurante|1|Restaurante|1|AROMATICA| |9602088|AROMATICA| |9602088|BEBIDAS|20|BEBIDAS|20|Bebidas Sin Alcohol|3000|Bebidas Sin Alcohol|3000|Para Aqui|1|Para Aqui|1|4537.00|0.00|4537.00|0.00|0.00|0.00|4537.00|0.00|4537.00|1|4537.00|1|0|0.00|0.00|0.00|60|14
FPMI|Restaurante|1|Restaurante|1|Mod 3/4| |980000004|Mod 3/4| |980000004|ALIMENTOS|10|ALIMENTOS|10|Para Empezar|1008|Para Empezar|1008|Para Aqui|1|Para Aqui|1|0.00|0.00|0.00|0.00|0.00|0.00|0.00|0.00|0.00|1|0.00|1|0|0.00|0.00|0.00|53|13
FPMI|Restaurante|1|Restaurante|1|ADICION DE AGUACATE 100 gr| |9500032|ADICION DE AGUACATE 100 gr| |9500032|ALIMENTOS|10|ALIMENTOS|10|Para Empezar|1008|Para Empezar|1008|Para Aqui|1|Para Aqui|1|5648.00|0.00|5648.00|0.00|0.00|0.00|5648.00|0.00|5648.00|1|5648.00|1|0|0.00|0.00|0.00|53|13
FPMI|Restaurante|1|Restaurante|1|Mod 3/4| |980000004|Mod 3/4| |980000004|ALIMENTOS|10|ALIMENTOS|10|Para Empezar|1008|Para Empezar|1008|Para Aqui|1|Para Aqui|1|0.00|0.00|0.00|0.00|0.00|0.00|0.00|0.00|0.00|1|0.00|1|0|0.00|0.00|0.00|74|18
FPMI|Restaurante|1|Restaurante|1|CANASTA DE 4 EMPANADAS CACHACAS| |9528040|CANASTA DE 4 EMPANADAS CACHACAS| |9528040|ALIMENTOS|10|ALIMENTOS|10|Para Empezar|1008|Para Empezar|1008|Para Aqui|1|Para Aqui|1|45000.00|0.00|45000.00|0.00|0.00|0.00|45000.00|0.00|45000.00|1|45000.00|2|0|0.00|0.00|0.00|69|17
FPMI|Restaurante|1|Restaurante|1|Mod CocaCola Zero 400ml| |980000103|Mod CocaCola Zero 400ml| |980000103|ALIMENTOS|10|ALIMENTOS|10|Para Empezar|1008|Para Empezar|1008|Para Aqui|1|Para Aqui|1|0.00|0.00|0.00|0.00|0.00|0.00|0.00|0.00|0.00|1|0.00|2|0|0.00|0.00|0.00|53|13
FPMI|Restaurante|1|Restaurante|1|CHICHARRON 90 gr| |9528024|CHICHARRON 90 gr| |9528024|ALIMENTOS|10|ALIMENTOS|10|Para Empezar|1008|Para Empezar|1008|Para Aqui|1|Para Aqui|1|26667.00|0.00|26667.00|0.00|0.00|0.00|26667.00|0.00|26667.00|1|26667.00|1|0|0.00|0.00|0.00|79|19
FPMI|Restaurante|1|Restaurante|1|Mod CocaCola Zero 400ml| |980000103|Mod CocaCola Zero 400ml| |980000103|ALIMENTOS|10|ALIMENTOS|10|Para Empezar|1008|Para Empezar|1008|Para Aqui|1|Para Aqui|1|0.00|0.00|0.00|0.00|0.00|0.00|0.00|0.00|0.00|1|0.00|1|0|0.00|0.00|0.00|58|14
FPMI|Restaurante|1|Restaurante|1|AREPA DE CHOCOLO| |9506036|AREPA DE CHOCOLO| |9506036|ALIMENTOS|10|ALIMENTOS|10|Para Empezar|1008|Para Empezar|1008|Para Aqui|1|Para Aqui|1|20185.00|0.00|20185.00|0.00|0.00|0.00|20185.00|0.00|20185.00|1|20185.00|1|0|0.00|0.00|0.00|52|12
FPMI|Restaurante|1|Restaurante|1|CHICHARRON 90 gr| |9528024|CHICHARRON 90 gr| |9528024|ALIMENTOS|10|ALIMENTOS|10|Para Empezar|1008|Para Empezar|1008|Para Aqui|1|Para Aqui|1|26667.00|0.00|26667.00|0.00|0.00|0.00|26667.00|0.00|26667.00|1|26667.00|1|0|0.00|0.00|0.00|62|15
FPMI|Restaurante|1|Restaurante|1|PUNTA DE ANCA 250 gr ENSALADA| |9502234|PUNTA DE ANCA 250 gr ENSALADA| |9502234|ALIMENTOS|10|ALIMENTOS|10|Para Empezar|1008|Para Empezar|1008|Para Aqui|1|Para Aqui|1|52593.00|0.00|52593.00|0.00|0.00|0.00|52593.00|0.00|52593.00|1|52593.00|1|0|0.00|0.00|0.00|62|15
FPMI|Plataformas|21|Plataformas|21|GUACAMOLE| |9500192|GUACAMOLE| |9500192|ALIMENTOS|10|ALIMENTOS|10|Para Empezar|1008|Para Empezar|1008|Domicilios|7|Domicilios|7|5741.00|0.00|5741.00|0.00|0.00|0.00|5741.00|0.00|5741.00|153|5741.00|1|0|0.00|0.00|0.00|75|18
FPMI|Plataformas|21|Plataformas|21|PICADA INDIVIDUAL  CASCO| |9502575|PICADA INDIVIDUAL  CASCO| |9502575|ALIMENTOS|10|ALIMENTOS|10|Para Empezar|1008|Para Empezar|1008|Domicilios|7|Domicilios|7|33935.00|0.00|33935.00|0.00|0.00|0.00|33935.00|0.00|33935.00|177|33935.00|1|0|0.00|0.00|0.00|52|12
FPMI|Plataformas|21|Plataformas|21|LOMO 220 gr PAPA CRIOLLA| |9502513|LOMO 220 gr PAPA CRIOLLA| |9502513|ALIMENTOS|10|ALIMENTOS|10|Para Empezar|1008|Para Empezar|1008|Domicilios|7|Domicilios|7|57130.00|0.00|57130.00|0.00|0.00|0.00|57130.00|0.00|57130.00|153|57130.00|1|0|0.00|0.00|0.00|54|13
FPMI|Plataformas|21|Plataformas|21|AREPA DE CHOCOLO| |9506036|AREPA DE CHOCOLO| |9506036|ALIMENTOS|10|ALIMENTOS|10|Para Empezar|1008|Para Empezar|1008|Domicilios|7|Domicilios|7|21111.00|0.00|21111.00|0.00|0.00|0.00|21111.00|0.00|21111.00|153|21111.00|1|0|0.00|0.00|0.00|80|19
FPMI|Plataformas|21|Plataformas|21|PATACON GRATINADO| |9524040|PATACON GRATINADO| |9524040|ALIMENTOS|10|ALIMENTOS|10|Para Empezar|1008|Para Empezar|1008|Domicilios|7|Domicilios|7|13796.00|0.00|13796.00|0.00|0.00|0.00|13796.00|0.00|13796.00|153|13796.00|1|0|0.00|0.00|0.00|51|12
FPMI|Plataformas|21|Plataformas|21|ENSALADA FRESCA ACOMPANAMIENTO| |9500164|ENSALADA FRESCA ACOMPANAMIENTO| |9500164|ALIMENTOS|10|ALIMENTOS|10|Para Empezar|1008|Para Empezar|1008|Domicilios|7|Domicilios|7|-7500.00|0.00|-7500.00|0.00|0.00|0.00|-7500.00|0.00|-7500.00|153|-7500.00|-1|0|0.00|0.00|0.00|84|20
FPMI|Plataformas|21|Plataformas|21|AJIACO  POLLO| |9520008|AJIACO  POLLO| |9520008|ALIMENTOS|10|ALIMENTOS|10|Para Empezar|1008|Para Empezar|1008|Domicilios|7|Domicilios|7|35741.00|0.00|35741.00|0.00|0.00|0.00|35741.00|0.00|35741.00|153|35741.00|1|0|0.00|0.00|0.00|56|13
FPMI|Restaurante|1|Restaurante|1|GASEOSA 400 ml| |9606131|GASEOSA 400 ml| |9606131|BEBIDAS|20|BEBIDAS|20|Bebidas Sin Alcohol|3000|Bebidas Sin Alcohol|3000|Para Aqui|1|Para Aqui|1|7593.00|0.00|7593.00|0.00|0.00|0.00|7593.00|0.00|7593.00|1|7593.00|1|0|0.00|0.00|0.00|56|13
FPMI|Restaurante|1|Restaurante|1|GASEOSA 400 ml| |9606131|GASEOSA 400 ml| |9606131|BEBIDAS|20|BEBIDAS|20|Bebidas Sin Alcohol|3000|Bebidas Sin Alcohol|3000|Para Aqui|1|Para Aqui|1|7593.00|0.00|7593.00|0.00|0.00|0.00|7593.00|0.00|7593.00|1|7593.00|1|0|0.00|0.00|0.00|69|17
FPMI|Restaurante|1|Restaurante|1|LIMONADA NATURAL| |9604060|LIMONADA NATURAL| |9604060|BEBIDAS|20|BEBIDAS|20|Bebidas Sin Alcohol|3000|Bebidas Sin Alcohol|3000|Para Aqui|1|Para Aqui|1|8519.00|0.00|8519.00|0.00|0.00|0.00|8519.00|0.00|8519.00|1|8519.00|1|0|0.00|0.00|0.00|74|18
FPMI|Restaurante|1|Restaurante|1|GASEOSA 400 ml| |9606131|GASEOSA 400 ml| |9606131|BEBIDAS|20|BEBIDAS|20|Bebidas Sin Alcohol|3000|Bebidas Sin Alcohol|3000|Para Aqui|1|Para Aqui|1|7593.00|0.00|7593.00|0.00|0.00|0.00|7593.00|0.00|7593.00|1|7593.00|1|0|0.00|0.00|0.00|54|13
FPMI|Restaurante|1|Restaurante|1|AGUA MANANTIAL CON GAS 300 ML CON LIMON| |9606138|AGUA MANANTIAL CON GAS 300 ML CON LIMON| |9606138|BEBIDAS|20|BEBIDAS|20|Bebidas Sin Alcohol|3000|Bebidas Sin Alcohol|3000|Para Aqui|1|Para Aqui|1|6852.00|0.00|6852.00|0.00|0.00|0.00|6852.00|0.00|6852.00|1|6852.00|1|0|0.00|0.00|0.00|54|13
FPMI|Restaurante|1|Restaurante|1|TINTO COLADO AEX| |9602121|TINTO COLADO AEX| |9602121|BEBIDAS|20|BEBIDAS|20|Bebidas Sin Alcohol|3000|Bebidas Sin Alcohol|3000|Para Aqui|1|Para Aqui|1|4537.00|0.00|4537.00|0.00|0.00|0.00|4537.00|0.00|4537.00|1|4537.00|1|0|0.00|0.00|0.00|56|13
FPMI|Restaurante|1|Restaurante|1|SODA CON LIMON| |9606141|SODA CON LIMON| |9606141|BEBIDAS|20|BEBIDAS|20|Bebidas Sin Alcohol|3000|Bebidas Sin Alcohol|3000|Para Aqui|1|Para Aqui|1|14444.00|0.00|14444.00|0.00|0.00|0.00|14444.00|0.00|14444.00|1|14444.00|2|0|0.00|0.00|0.00|53|13
FPMI|Restaurante|1|Restaurante|1|SODA CON LIMON| |9606141|SODA CON LIMON| |9606141|BEBIDAS|20|BEBIDAS|20|Bebidas Sin Alcohol|3000|Bebidas Sin Alcohol|3000|Para Aqui|1|Para Aqui|1|7222.00|0.00|7222.00|0.00|0.00|0.00|7222.00|0.00|7222.00|1|7222.00|1|0|0.00|0.00|0.00|58|14
FPMI|Restaurante|1|Restaurante|1|AGUA MANANTIAL SIN GAS 500 ML| |9606135|AGUA MANANTIAL SIN GAS 500 ML| |9606135|BEBIDAS|20|BEBIDAS|20|Bebidas Sin Alcohol|3000|Bebidas Sin Alcohol|3000|Para Aqui|1|Para Aqui|1|8148.00|0.00|8148.00|0.00|0.00|0.00|8148.00|0.00|8148.00|1|8148.00|1|0|0.00|0.00|0.00|51|12
FPMI|Restaurante|1|Restaurante|1|JUGO DE MARACUYA EN AGUA| |9604116|JUGO DE MARACUYA EN AGUA| |9604116|BEBIDAS|20|BEBIDAS|20|Bebidas Sin Alcohol|3000|Bebidas Sin Alcohol|3000|Para Aqui|1|Para Aqui|1|10093.00|0.00|10093.00|0.00|0.00|0.00|10093.00|0.00|10093.00|1|10093.00|1|0|0.00|0.00|0.00|62|15
FPMI|Restaurante|1|Restaurante|1|SODA CON LIMON| |9606141|SODA CON LIMON| |9606141|BEBIDAS|20|BEBIDAS|20|Bebidas Sin Alcohol|3000|Bebidas Sin Alcohol|3000|Para Aqui|1|Para Aqui|1|7222.00|0.00|7222.00|0.00|0.00|0.00|7222.00|0.00|7222.00|1|7222.00|1|0|0.00|0.00|0.00|62|15
FPMI|Restaurante|1|Restaurante|1|LIMONADA NATURAL| |9604060|LIMONADA NATURAL| |9604060|BEBIDAS|20|BEBIDAS|20|Bebidas Sin Alcohol|3000|Bebidas Sin Alcohol|3000|Para Aqui|1|Para Aqui|1|8519.00|0.00|8519.00|0.00|0.00|0.00|8519.00|0.00|8519.00|1|8519.00|1|0|0.00|0.00|0.00|50|12
FPMI|Restaurante|1|Restaurante|1|SALSA BBQ| |9500380|SALSA BBQ| |9500380|ALIMENTOS|10|ALIMENTOS|10|Para Empezar|1008|Para Empezar|1008|Para Aqui|1|Para Aqui|1|0.00|0.00|0.00|0.00|0.00|0.00|0.00|0.00|0.00|1|0.00|2|0|0.00|0.00|0.00|51|12
FPMI|Restaurante|1|Restaurante|1|SALSA BABY| |9500376|SALSA BABY| |9500376|ALIMENTOS|10|ALIMENTOS|10|Para Empezar|1008|Para Empezar|1008|Para Aqui|1|Para Aqui|1|0.00|0.00|0.00|0.00|0.00|0.00|0.00|0.00|0.00|1|0.00|5|0|0.00|0.00|0.00|51|12
FPMI|Restaurante|1|Restaurante|1|CHICHARRON 90 gr| |9528024|CHICHARRON 90 gr| |9528024|ALIMENTOS|10|ALIMENTOS|10|Para Empezar|1008|Para Empezar|1008|Para Aqui|1|Para Aqui|1|80001.00|0.00|80001.00|0.00|0.00|0.00|80001.00|0.00|80001.00|1|80001.00|3|0|0.00|0.00|0.00|69|17
FPMI|Restaurante|1|Restaurante|1|Mod 3/4| |980000004|Mod 3/4| |980000004|ALIMENTOS|10|ALIMENTOS|10|Para Empezar|1008|Para Empezar|1008|Para Aqui|1|Para Aqui|1|0.00|0.00|0.00|0.00|0.00|0.00|0.00|0.00|0.00|1|0.00|1|0|0.00|0.00|0.00|69|17
FPMI|Restaurante|1|Restaurante|1|PUNTA DE ANCA 250 gr CHIPS| |9502430|PUNTA DE ANCA 250 gr CHIPS| |9502430|ALIMENTOS|10|ALIMENTOS|10|Para Empezar|1008|Para Empezar|1008|Para Aqui|1|Para Aqui|1|52593.00|0.00|52593.00|0.00|0.00|0.00|52593.00|0.00|52593.00|1|52593.00|1|0|0.00|0.00|0.00|69|17
FPMI|Restaurante|1|Restaurante|1|LOMO 220 gr ENSALADA| |9502516|LOMO 220 gr ENSALADA| |9502516|ALIMENTOS|10|ALIMENTOS|10|Para Empezar|1008|Para Empezar|1008|Para Aqui|1|Para Aqui|1|54444.00|0.00|54444.00|0.00|0.00|0.00|54444.00|0.00|54444.00|1|54444.00|1|0|0.00|0.00|0.00|51|12
FPMI|Restaurante|1|Restaurante|1|AREPA DE CHOCOLO| |9506036|AREPA DE CHOCOLO| |9506036|ALIMENTOS|10|ALIMENTOS|10|Para Empezar|1008|Para Empezar|1008|Para Aqui|1|Para Aqui|1|20185.00|0.00|20185.00|0.00|0.00|0.00|20185.00|0.00|20185.00|1|20185.00|1|0|0.00|0.00|0.00|62|15
FPMI|Restaurante|1|Restaurante|1|Mod 3/4| |980000004|Mod 3/4| |980000004|ALIMENTOS|10|ALIMENTOS|10|Para Empezar|1008|Para Empezar|1008|Para Aqui|1|Para Aqui|1|0.00|0.00|0.00|0.00|0.00|0.00|0.00|0.00|0.00|1|0.00|1|0|0.00|0.00|0.00|51|12
FPMI|Restaurante|1|Restaurante|1|SALSA CHIMICHURRI| |9500388|SALSA CHIMICHURRI| |9500388|ALIMENTOS|10|ALIMENTOS|10|Para Empezar|1008|Para Empezar|1008|Para Aqui|1|Para Aqui|1|0.00|0.00|0.00|0.00|0.00|0.00|0.00|0.00|0.00|1|0.00|4|0|0.00|0.00|0.00|55|13
FPMI|Plataformas|21|Plataformas|21|ENSALADA FRESCA ACOMPANAMIENTO| |9500164|ENSALADA FRESCA ACOMPANAMIENTO| |9500164|ALIMENTOS|10|ALIMENTOS|10|Para Empezar|1008|Para Empezar|1008|Domicilios|7|Domicilios|7|7500.00|0.00|7500.00|0.00|0.00|0.00|7500.00|0.00|7500.00|153|7500.00|1|0|0.00|0.00|0.00|85|21
FPMI|Plataformas|21|Plataformas|21|PICADA INDIVIDUAL FRANCESA| |9502584|PICADA INDIVIDUAL FRANCESA| |9502584|ALIMENTOS|10|ALIMENTOS|10|Para Empezar|1008|Para Empezar|1008|Domicilios|7|Domicilios|7|33148.00|0.00|33148.00|0.00|0.00|0.00|33148.00|0.00|33148.00|177|33148.00|1|0|0.00|0.00|0.00|85|21
FPMI|Plataformas|21|Plataformas|21|AJIACO  POLLO| |9520008|AJIACO  POLLO| |9520008|ALIMENTOS|10|ALIMENTOS|10|Para Empezar|1008|Para Empezar|1008|Domicilios|7|Domicilios|7|35741.00|0.00|35741.00|0.00|0.00|0.00|35741.00|0.00|35741.00|153|35741.00|1|0|0.00|0.00|0.00|53|13
FPMI|Plataformas|21|Plataformas|21|AREPA DE CHOCOLO| |9506036|AREPA DE CHOCOLO| |9506036|ALIMENTOS|10|ALIMENTOS|10|Para Empezar|1008|Para Empezar|1008|Domicilios|7|Domicilios|7|21111.00|0.00|21111.00|0.00|0.00|0.00|21111.00|0.00|21111.00|153|21111.00|1|0|0.00|0.00|0.00|51|12
FPMI|Plataformas|21|Plataformas|21|EMPANADA CACHACA| |9528008|EMPANADA CACHACA| |9528008|ALIMENTOS|10|ALIMENTOS|10|Para Empezar|1008|Para Empezar|1008|Domicilios|7|Domicilios|7|6389.00|0.00|6389.00|0.00|0.00|0.00|6389.00|0.00|6389.00|153|6389.00|1|0|0.00|0.00|0.00|56|13
FPMI|Restaurante|1|Restaurante|1|CERVEZA CORONA| |9608012|CERVEZA CORONA| |9608012|BEBIDAS|20|BEBIDAS|20|Bebidas Sin Alcohol|3000|Bebidas Sin Alcohol|3000|Para Aqui|1|Para Aqui|1|38334.00|0.00|38334.00|0.00|0.00|0.00|38334.00|0.00|38334.00|1|38334.00|3|0|0.00|0.00|0.00|69|17
FPMI|Restaurante|1|Restaurante|1|AGUA MANANTIAL SIN GAS 500 ML CON LIMON| |9606137|AGUA MANANTIAL SIN GAS 500 ML CON LIMON| |9606137|BEBIDAS|20|BEBIDAS|20|Bebidas Sin Alcohol|3000|Bebidas Sin Alcohol|3000|Para Aqui|1|Para Aqui|1|8519.00|0.00|8519.00|0.00|0.00|0.00|8519.00|0.00|8519.00|1|8519.00|1|0|0.00|0.00|0.00|53|13
FPMI|Restaurante|1|Restaurante|1|SODA CON LIMON| |9606141|SODA CON LIMON| |9606141|BEBIDAS|20|BEBIDAS|20|Bebidas Sin Alcohol|3000|Bebidas Sin Alcohol|3000|Para Aqui|1|Para Aqui|1|7222.00|0.00|7222.00|0.00|0.00|0.00|7222.00|0.00|7222.00|1|7222.00|1|0|0.00|0.00|0.00|63|15
FPMI|Restaurante|1|Restaurante|1|TINTO COLADO AEX| |9602121|TINTO COLADO AEX| |9602121|BEBIDAS|20|BEBIDAS|20|Bebidas Sin Alcohol|3000|Bebidas Sin Alcohol|3000|Para Aqui|1|Para Aqui|1|4537.00|0.00|4537.00|0.00|0.00|0.00|4537.00|0.00|4537.00|1|4537.00|1|0|0.00|0.00|0.00|60|14
FPMI|Restaurante|1|Restaurante|1|JUGO DE LULO EN AGUA| |9604216|JUGO DE LULO EN AGUA| |9604216|BEBIDAS|20|BEBIDAS|20|Bebidas Sin Alcohol|3000|Bebidas Sin Alcohol|3000|Para Aqui|1|Para Aqui|1|10093.00|0.00|10093.00|0.00|0.00|0.00|10093.00|0.00|10093.00|1|10093.00|1|0|0.00|0.00|0.00|62|15
FPMI|Plataformas|21|Plataformas|21|LIMONADA NATURAL| |9604060|LIMONADA NATURAL| |9604060|BEBIDAS|20|BEBIDAS|20|Bebidas Sin Alcohol|3000|Bebidas Sin Alcohol|3000|Domicilios|7|Domicilios|7|5000.00|0.00|5000.00|0.00|0.00|0.00|5000.00|0.00|5000.00|177|5000.00|1|0|0.00|0.00|0.00|58|14
FPMI|Restaurante|1|Restaurante|1|CHORIZO ANTIOQUENO 100 gr| |9502084|CHORIZO ANTIOQUENO 100 gr| |9502084|ALIMENTOS|10|ALIMENTOS|10|Para Empezar|1008|Para Empezar|1008|Para Aqui|1|Para Aqui|1|13519.00|0.00|13519.00|0.00|0.00|0.00|13519.00|0.00|13519.00|1|13519.00|1|0|0.00|0.00|0.00|53|13
FPMI|Restaurante|1|Restaurante|1|CAZUELA DE FRIJOLES| |9520032|CAZUELA DE FRIJOLES| |9520032|ALIMENTOS|10|ALIMENTOS|10|Para Empezar|1008|Para Empezar|1008|Para Aqui|1|Para Aqui|1|36852.00|0.00|36852.00|0.00|0.00|0.00|36852.00|0.00|36852.00|1|36852.00|1|0|0.00|0.00|0.00|59|14
FPMI|Restaurante|1|Restaurante|1|SALSA CHIMICHURRI| |9500388|SALSA CHIMICHURRI| |9500388|ALIMENTOS|10|ALIMENTOS|10|Para Empezar|1008|Para Empezar|1008|Para Aqui|1|Para Aqui|1|0.00|0.00|0.00|0.00|0.00|0.00|0.00|0.00|0.00|1|0.00|5|0|0.00|0.00|0.00|51|12
FPMI|Restaurante|1|Restaurante|1|COMO ENTRADA| |90000038|COMO ENTRADA| |90000038|ALIMENTOS|10|ALIMENTOS|10|Para Empezar|1008|Para Empezar|1008|Para Aqui|1|Para Aqui|1|0.00|0.00|0.00|0.00|0.00|0.00|0.00|0.00|0.00|1|0.00|1|0|0.00|0.00|0.00|69|17
FPMI|Restaurante|1|Restaurante|1|SALSA BABY| |9500376|SALSA BABY| |9500376|ALIMENTOS|10|ALIMENTOS|10|Para Empezar|1008|Para Empezar|1008|Para Aqui|1|Para Aqui|1|0.00|0.00|0.00|0.00|0.00|0.00|0.00|0.00|0.00|1|0.00|1|0|0.00|0.00|0.00|57|14
FPMI|Restaurante|1|Restaurante|1|SALSA CHIMICHURRI| |9500388|SALSA CHIMICHURRI| |9500388|ALIMENTOS|10|ALIMENTOS|10|Para Empezar|1008|Para Empezar|1008|Para Aqui|1|Para Aqui|1|0.00|0.00|0.00|0.00|0.00|0.00|0.00|0.00|0.00|1|0.00|1|0|0.00|0.00|0.00|57|14
FPMI|Restaurante|1|Restaurante|1|AREPA DE CHOCOLO| |9506036|AREPA DE CHOCOLO| |9506036|ALIMENTOS|10|ALIMENTOS|10|Para Empezar|1008|Para Empezar|1008|Para Aqui|1|Para Aqui|1|20185.00|0.00|20185.00|0.00|0.00|0.00|20185.00|0.00|20185.00|1|20185.00|1|0|0.00|0.00|0.00|54|13
FPMI|Restaurante|1|Restaurante|1|SALMON A LA PLANCHA 200 gr ENSALADA| |9504162|SALMON A LA PLANCHA 200 gr ENSALADA| |9504162|ALIMENTOS|10|ALIMENTOS|10|Para Empezar|1008|Para Empezar|1008|Para Aqui|1|Para Aqui|1|49815.00|0.00|49815.00|0.00|0.00|0.00|49815.00|0.00|49815.00|1|49815.00|1|0|0.00|0.00|0.00|51|12
FPMI|Restaurante|1|Restaurante|1|TRUCHA A LA PLANCHA 350 gr ARROZ| |9504165|TRUCHA A LA PLANCHA 350 gr ARROZ| |9504165|ALIMENTOS|10|ALIMENTOS|10|Para Empezar|1008|Para Empezar|1008|Para Aqui|1|Para Aqui|1|71482.00|0.00|71482.00|0.00|0.00|0.00|71482.00|0.00|71482.00|1|71482.00|2|0|0.00|0.00|0.00|58|14
FPMI|Restaurante|1|Restaurante|1|Mod 1/2| |980000002|Mod 1/2| |980000002|ALIMENTOS|10|ALIMENTOS|10|Para Empezar|1008|Para Empezar|1008|Para Aqui|1|Para Aqui|1|0.00|0.00|0.00|0.00|0.00|0.00|0.00|0.00|0.00|1|0.00|1|0|0.00|0.00|0.00|51|12
FPMI|Restaurante|1|Restaurante|1|CAZUELA DE FRIJOLES| |9520032|CAZUELA DE FRIJOLES| |9520032|ALIMENTOS|10|ALIMENTOS|10|Para Empezar|1008|Para Empezar|1008|Para Aqui|1|Para Aqui|1|36852.00|0.00|36852.00|0.00|0.00|0.00|36852.00|0.00|36852.00|1|36852.00|1|0|0.00|0.00|0.00|62|15
FPMI|Restaurante|1|Restaurante|1|Mod 3/4| |980000004|Mod 3/4| |980000004|ALIMENTOS|10|ALIMENTOS|10|Para Empezar|1008|Para Empezar|1008|Para Aqui|1|Para Aqui|1|0.00|0.00|0.00|0.00|0.00|0.00|0.00|0.00|0.00|1|0.00|1|0|0.00|0.00|0.00|62|15
FPMI|Domicilios|20|Domicilios|20|AREPA DE CHOCOLO| |9506036|AREPA DE CHOCOLO| |9506036|ALIMENTOS|10|ALIMENTOS|10|Para Empezar|1008|Para Empezar|1008|Para Llevar|2|Para Llevar|2|40370.00|0.00|40370.00|0.00|0.00|0.00|40370.00|0.00|40370.00|73|40370.00|2|0|0.00|0.00|0.00|79|19
FPMI|Plataformas|21|Plataformas|21|PICADA INDIVIDUAL  CRIOLLA| |9502576|PICADA INDIVIDUAL  CRIOLLA| |9502576|ALIMENTOS|10|ALIMENTOS|10|Para Empezar|1008|Para Empezar|1008|Domicilios|7|Domicilios|7|33935.00|0.00|33935.00|0.00|0.00|0.00|33935.00|0.00|33935.00|177|33935.00|1|0|0.00|0.00|0.00|75|18
FPMI|Plataformas|21|Plataformas|21|MOSTAZA DIJON| |9500481|MOSTAZA DIJON| |9500481|ALIMENTOS|10|ALIMENTOS|10|Para Empezar|1008|Para Empezar|1008|Domicilios|7|Domicilios|7|6296.00|0.00|6296.00|0.00|0.00|0.00|6296.00|0.00|6296.00|153|6296.00|2|0|0.00|0.00|0.00|85|21
FPMI|Plataformas|21|Plataformas|21|CANASTA DE 4 EMPANADAS DE CARNE| |9528034|CANASTA DE 4 EMPANADAS DE CARNE| |9528034|ALIMENTOS|10|ALIMENTOS|10|Para Empezar|1008|Para Empezar|1008|Domicilios|7|Domicilios|7|23611.00|0.00|23611.00|0.00|0.00|0.00|23611.00|0.00|23611.00|153|23611.00|1|0|0.00|0.00|0.00|65|16
FPMI|Plataformas|21|Plataformas|21|AJIACO NINOS| |9542004|AJIACO NINOS| |9542004|ALIMENTOS|10|ALIMENTOS|10|Para Empezar|1008|Para Empezar|1008|Domicilios|7|Domicilios|7|20278.00|0.00|20278.00|0.00|0.00|0.00|20278.00|0.00|20278.00|153|20278.00|1|0|0.00|0.00|0.00|65|16
FPMI|Plataformas|21|Plataformas|21|PORCION DE ARROZ BLANCO| |9500064|PORCION DE ARROZ BLANCO| |9500064|ALIMENTOS|10|ALIMENTOS|10|Para Empezar|1008|Para Empezar|1008|Domicilios|7|Domicilios|7|3611.00|0.00|3611.00|0.00|0.00|0.00|3611.00|0.00|3611.00|153|3611.00|1|0|0.00|0.00|0.00|52|12
FPMI|Plataformas|21|Plataformas|21|PECHUGA A LA PARRILLA 230 gr ENSALADA | |9506091|PECHUGA A LA PARRILLA 230 gr ENSALADA | |9506091|ALIMENTOS|10|ALIMENTOS|10|Para Empezar|1008|Para Empezar|1008|Domicilios|7|Domicilios|7|23148.00|0.00|23148.00|0.00|0.00|0.00|23148.00|0.00|23148.00|177|23148.00|1|0|0.00|0.00|0.00|52|12
FPMI|Plataformas|21|Plataformas|21|PUNTA DE ANCA 250 gr ARROZ| |9502230|PUNTA DE ANCA 250 gr ARROZ| |9502230|ALIMENTOS|10|ALIMENTOS|10|Para Empezar|1008|Para Empezar|1008|Domicilios|7|Domicilios|7|57130.00|0.00|57130.00|0.00|0.00|0.00|57130.00|0.00|57130.00|153|57130.00|1|0|0.00|0.00|0.00|56|13
FPMI|Plataformas|21|Plataformas|21|TRUCHA A LA PLANCHA 350 gr ARROZ| |9504165|TRUCHA A LA PLANCHA 350 gr ARROZ| |9504165|ALIMENTOS|10|ALIMENTOS|10|Para Empezar|1008|Para Empezar|1008|Domicilios|7|Domicilios|7|37500.00|0.00|37500.00|0.00|0.00|0.00|37500.00|0.00|37500.00|153|37500.00|1|0|0.00|0.00|0.00|53|13
FPMI|Plataformas|21|Plataformas|21|CAZUELA DE FRIJOLES| |9520032|CAZUELA DE FRIJOLES| |9520032|ALIMENTOS|10|ALIMENTOS|10|Para Empezar|1008|Para Empezar|1008|Domicilios|7|Domicilios|7|77222.00|0.00|77222.00|0.00|0.00|0.00|77222.00|0.00|77222.00|153|77222.00|2|0|0.00|0.00|0.00|51|12
FPMI|Plataformas|21|Plataformas|21|Mod CocaCola Original 400ml| |980000102|Mod CocaCola Original 400ml| |980000102|ALIMENTOS|10|ALIMENTOS|10|Para Empezar|1008|Para Empezar|1008|Domicilios|7|Domicilios|7|0.00|0.00|0.00|0.00|0.00|0.00|0.00|0.00|0.00|1|0.00|1|0|0.00|0.00|0.00|51|12
