FPID|Andr1234567|Andres Expres PepeSierra|20241216|20241216|20250117|122908|2.00|2.00|Simphony|19.7.2
FPSUM|Restaurante|1|Restaurante|1|39629.00|3963.00|0|0|0.00|0|3171.00|1|0|0|0|0|0.00|0.00|0.00|0|0|0|0.00|0|0.00|0|0.00|0|46763.00|1|0.00|0|0.00|0|0.00|0|0.00|0.00|17|72|39629.00|0.00|0.00|0.00|39629.00|0.00|0.00|0.00|0.00|0.00|0.00|0.00|0.00
FPSUM|Restaurante|1|Restaurante|1|65463.00|6546.00|0|0|0.00|0|5237.00|1|0|0|0|0|0.00|0.00|0.00|0|0|0|0.00|0|0.00|0|0.00|0|77246.00|1|0.00|0|0.00|0|0.00|0|0.00|0.00|16|68|65463.00|0.00|0.00|0.00|65463.00|0.00|0.00|0.00|0.00|0.00|0.00|0.00|0.00
FPSUM|Restaurante|1|Restaurante|1|0.00|0.00|0|0|0.00|0|0.00|0|0|0|0|0|0.00|0.00|0.00|0|0|0|0.00|0|0.00|0|0.00|0|0.00|0|70581.00|1|0.00|0|0.00|0|0.00|0.00|17|70|0.00|0.00|0.00|0.00|0.00|0.00|0.00|0.00|0.00|0.00|0.00|0.00|0.00
FPSUM|Plataformas|21|Plataformas|21|57778.00|0.00|0|0|0.00|0|4622.00|1|0|0|0|0|0.00|0.00|0.00|0|0|0|12000.00|1|0.00|0|0.00|0|62400.00|1|62400.00|1|0.00|0|0.00|0|0.00|0.00|15|62|57778.00|0.00|0.00|0.00|57778.00|0.00|0.00|0.00|0.00|0.00|0.00|0.00|0.00
FPSUM|Restaurante|1|Restaurante|1|33796.00|3380.00|0|0|0.00|0|2704.00|0|0|0|0|0|0.00|0.00|0.00|0|0|0|0.00|0|0.00|0|0.00|0|39880.00|0|0.00|0|0.00|0|0.00|0|0.00|0.00|19|77|33796.00|0.00|0.00|0.00|33796.00|0.00|0.00|0.00|0.00|0.00|0.00|0.00|0.00
FPSUM|Restaurante|1|Restaurante|1|0.00|0.00|-49815|2|0.00|0|0.00|0|0|0|0|0|0.00|0.00|0.00|0|0|0|0.00|0|-49815.00|2|0.00|0|0.00|0|157005.00|1|0.00|0|0.00|0|0.00|0.00|15|64|0.00|0.00|0.00|0.00|0.00|0.00|0.00|0.00|0.00|0.00|0.00|0.00|0.00
FPSUM|Plataformas|21|Plataformas|21|235557.00|0.00|0|0|0.00|0|18843.00|1|0|0|0|0|0.00|0.00|0.00|0|0|0|0.00|0|0.00|0|0.00|0|254400.00|1|254400.00|1|0.00|0|0.00|0|0.00|0.00|11|48|235557.00|0.00|0.00|0.00|235557.00|0.00|0.00|0.00|0.00|0.00|0.00|0.00|0.00
FPSUM|Restaurante|1|Restaurante|1|0.00|0.00|0|0|0.00|0|0.00|0|0|0|0|0|0.00|0.00|0.00|0|0|0|0.00|0|0.00|0|0.00|0|0.00|0|111881.00|1|0.00|0|0.00|0|0.00|0.00|13|54|0.00|0.00|0.00|0.00|0.00|0.00|0.00|0.00|0.00|0.00|0.00|0.00|0.00
FPSUM|Plataformas|21|Plataformas|21|33935.00|0.00|0|0|0.00|0|2715.00|1|0|0|0|0|0.00|0.00|0.00|0|0|0|0.00|0|0.00|0|0.00|0|36650.00|1|36650.00|1|0.00|0|0.00|0|0.00|0.00|14|59|33935.00|0.00|0.00|0.00|33935.00|0.00|0.00|0.00|0.00|0.00|0.00|0.00|0.00
FPSUM|Plataformas|21|Plataformas|21|20278.00|0.00|0|0|0.00|0|1622.00|1|0|0|0|0|0.00|0.00|0.00|0|0|0|0.00|0|0.00|0|0.00|0|21900.00|1|21900.00|1|0.00|0|0.00|0|0.00|0.00|11|47|20278.00|0.00|0.00|0.00|20278.00|0.00|0.00|0.00|0.00|0.00|0.00|0.00|0.00
FPSUM|Plataformas|21|Plataformas|21|138981.00|0.00|0|0|0.00|0|11119.00|3|0|0|0|0|0.00|0.00|0.00|0|0|0|0.00|0|0.00|0|0.00|1|150100.00|3|150100.00|3|0.00|0|0.00|0|0.00|0.00|14|58|138981.00|0.00|0.00|0.00|138981.00|0.00|0.00|0.00|0.00|0.00|0.00|0.00|0.00
FPSUM|Plataformas|21|Plataformas|21|39815.00|0.00|0|0|0.00|0|3185.00|1|0|0|0|0|0.00|0.00|0.00|0|0|0|0.00|0|0.00|0|0.00|0|43000.00|1|43000.00|1|0.00|0|0.00|0|0.00|0.00|19|77|39815.00|0.00|0.00|0.00|39815.00|0.00|0.00|0.00|0.00|0.00|0.00|0.00|0.00
FPSUM|Plataformas|21|Plataformas|21|86388.00|0.00|0|0|0.00|0|6912.00|1|0|0|0|0|0.00|0.00|0.00|0|0|0|0.00|0|0.00|0|0.00|0|93300.00|1|93300.00|1|0.00|0|0.00|0|0.00|0.00|11|46|86388.00|0.00|0.00|0.00|86388.00|0.00|0.00|0.00|0.00|0.00|0.00|0.00|0.00
FPSUM|Restaurante|1|Restaurante|1|-37408.00|-15833.00|-41149|3|0.00|0|-2992.00|0|0|0|0|0|0.00|0.00|0.00|0|0|0|0.00|0|0.00|0|0.00|0|-56233.00|0|429642.00|1|0.00|0|0.00|0|0.00|-15084.00|16|65|-37408.00|0.00|0.00|0.00|-37408.00|0.00|0.00|0.00|0.00|0.00|0.00|0.00|0.00
FPSUM|Plataformas|21|Plataformas|21|83149.00|0.00|0|0|0.00|0|6651.00|1|0|0|0|0|0.00|0.00|0.00|0|0|0|0.00|0|0.00|0|0.00|0|89800.00|1|89800.00|1|0.00|0|0.00|0|0.00|0.00|16|68|83149.00|0.00|0.00|0.00|83149.00|0.00|0.00|0.00|0.00|0.00|0.00|0.00|0.00
FPSUM|Plataformas|21|Plataformas|21|26019.00|0.00|0|0|0.00|0|2081.00|1|0|0|0|0|0.00|0.00|0.00|0|0|0|0.00|0|0.00|0|0.00|0|28100.00|1|28100.00|1|0.00|0|0.00|0|0.00|0.00|12|49|26019.00|0.00|0.00|0.00|26019.00|0.00|0.00|0.00|0.00|0.00|0.00|0.00|0.00
FPSUM|Plataformas|21|Plataformas|21|26019.00|0.00|0|0|0.00|0|2081.00|1|0|0|0|0|0.00|0.00|0.00|0|0|0|0.00|0|0.00|0|0.00|0|28100.00|1|28100.00|1|0.00|0|0.00|0|0.00|0.00|12|50|26019.00|0.00|0.00|0.00|26019.00|0.00|0.00|0.00|0.00|0.00|0.00|0.00|0.00
FPSUM|Domicilios|20|Domicilios|20|0.00|0.00|0|0|0.00|0|0.00|0|0|0|0|0|0.00|0.00|0.00|0|0|0|0.00|0|0.00|0|0.00|0|0.00|0|0.00|0|0.00|0|0.00|0|0.00|0.00|16|66|0.00|0.00|0.00|0.00|0.00|0.00|0.00|0.00|0.00|0.00|0.00|0.00|0.00
FPSUM|Restaurante|1|Restaurante|1|109723.00|10972.00|0|0|0.00|0|8777.00|1|0|0|0|0|0.00|0.00|0.00|0|0|0|0.00|0|0.00|0|0.00|0|129472.00|1|0.00|0|0.00|0|0.00|0|0.00|0.00|16|67|109723.00|0.00|0.00|0.00|109723.00|0.00|0.00|0.00|0.00|0.00|0.00|0.00|0.00
FPSUM|Restaurante|1|Restaurante|1|168520.00|16851.00|0|0|0.00|0|13480.00|2|0|0|0|0|0.00|0.00|0.00|0|0|0|0.00|0|0.00|0|0.00|0|198851.00|2|0.00|0|0.00|0|0.00|0|0.00|0.00|14|60|168520.00|0.00|0.00|0.00|168520.00|0.00|0.00|0.00|0.00|0.00|0.00|0.00|0.00
FPSUM|Restaurante|1|Restaurante|1|-99260.00|-9926.00|-120482|3|0.00|0|-7940.00|0|0|0|0|0|0.00|0.00|0.00|0|0|0|0.00|0|0.00|0|0.00|0|-117126.00|0|224418.00|1|0.00|0|0.00|0|0.00|-7940.00|14|58|-99260.00|0.00|0.00|0.00|-99260.00|0.00|0.00|0.00|0.00|0.00|0.00|0.00|0.00
FPSUM|Restaurante|1|Restaurante|1|159445.00|15943.00|0|0|0.00|0|12755.00|3|0|0|0|0|0.00|0.00|0.00|0|0|0|10900.00|1|0.00|0|0.00|0|188143.00|3|0.00|0|0.00|0|0.00|0|0.00|0.00|12|51|159445.00|0.00|0.00|0.00|159445.00|0.00|0.00|0.00|0.00|0.00|0.00|0.00|0.00
FPSUM|Restaurante|1|Restaurante|1|52593.00|5259.00|0|0|0.00|0|4207.00|1|0|0|0|0|0.00|0.00|0.00|0|0|0|0.00|0|0.00|0|0.00|0|62059.00|1|62059.00|1|0.00|0|0.00|0|0.00|0.00|14|59|52593.00|0.00|0.00|0.00|52593.00|0.00|0.00|0.00|0.00|0.00|0.00|0.00|0.00
FPSUM|Plataformas|21|Plataformas|21|159816.00|0.00|0|0|0.00|0|12784.00|3|0|0|0|0|0.00|0.00|0.00|0|0|0|0.00|0|0.00|0|0.00|1|172600.00|3|172600.00|3|0.00|0|0.00|0|0.00|0.00|15|61|159816.00|0.00|0.00|0.00|159816.00|0.00|0.00|0.00|0.00|0.00|0.00|0.00|0.00
FPSUM|Restaurante|1|Restaurante|1|0.00|0.00|0|0|0.00|0|0.00|0|0|0|0|0|0.00|0.00|0.00|0|0|0|0.00|0|0.00|0|0.00|0|0.00|0|69817.00|1|0.00|0|0.00|0|0.00|0.00|19|80|0.00|0.00|0.00|0.00|0.00|0.00|0.00|0.00|0.00|0.00|0.00|0.00|0.00
FPSUM|Domicilios|20|Domicilios|20|23150.00|0.00|0|0|0.00|0|1850.00|1|0|0|0|0|0.00|0.00|0.00|0|0|0|0.00|0|0.00|0|0.00|0|25000.00|1|0.00|0|0.00|0|0.00|0|0.00|0.00|16|68|23150.00|0.00|0.00|0.00|23150.00|0.00|0.00|0.00|0.00|0.00|0.00|0.00|0.00
FPSUM|Domicilios|20|Domicilios|20|0.00|0.00|0|0|0.00|0|0.00|0|0|0|0|0|0.00|0.00|0.00|0|0|0|0.00|0|0.00|0|0.00|0|0.00|0|78700.00|1|0.00|0|0.00|0|0.00|0.00|14|59|0.00|0.00|0.00|0.00|0.00|0.00|0.00|0.00|0.00|0.00|0.00|0.00|0.00
FPSUM|Restaurante|1|Restaurante|1|0.00|0.00|0|0|0.00|0|0.00|0|0|0|0|0|0.00|0.00|0.00|0|0|0|0.00|0|0.00|0|0.00|0|0.00|0|0.00|0|0.00|0|0.00|0|0.00|0.00|20|81|0.00|0.00|0.00|0.00|0.00|0.00|0.00|0.00|0.00|0.00|0.00|0.00|0.00
FPSUM|Restaurante|1|Restaurante|1|310094.00|31009.00|0|0|0.00|0|24806.00|0|0|0|0|0|0.00|0.00|0.00|0|0|0|0.00|0|0.00|0|0.00|0|365909.00|0|74405.00|1|0.00|0|0.00|0|0.00|0.00|15|62|310094.00|0.00|0.00|0.00|310094.00|0.00|0.00|0.00|0.00|0.00|0.00|0.00|0.00
FPSUM|Plataformas|21|Plataformas|21|57130.00|0.00|0|0|0.00|0|4570.00|1|0|0|0|0|0.00|0.00|0.00|0|0|0|0.00|0|0.00|0|217800.00|2|61700.00|1|61700.00|1|0.00|0|0.00|0|0.00|0.00|12|52|57130.00|0.00|0.00|0.00|57130.00|0.00|0.00|0.00|0.00|0.00|0.00|0.00|0.00
FPSUM|Domicilios|20|Domicilios|20|110556.00|0.00|0|0|0.00|0|8844.00|1|0|0|0|0|0.00|0.00|0.00|0|0|0|0.00|0|0.00|0|0.00|0|119400.00|1|119400.00|1|0.00|0|0.00|0|0.00|0.00|14|58|110556.00|0.00|0.00|0.00|110556.00|0.00|0.00|0.00|0.00|0.00|0.00|0.00|0.00
FPSUM|Plataformas|21|Plataformas|21|68241.00|0.00|0|0|0.00|0|5459.00|2|0|0|0|0|0.00|0.00|0.00|0|0|0|0.00|0|0.00|0|0.00|0|73700.00|2|73700.00|2|0.00|0|0.00|0|0.00|0.00|18|74|68241.00|0.00|0.00|0.00|68241.00|0.00|0.00|0.00|0.00|0.00|0.00|0.00|0.00
FPSUM|Restaurante|1|Restaurante|1|0.00|0.00|0|0|0.00|0|0.00|0|0|0|0|0|0.00|0.00|0.00|0|0|0|0.00|0|0.00|0|0.00|0|0.00|0|0.00|0|0.00|0|0.00|0|0.00|0.00|17|71|0.00|0.00|0.00|0.00|0.00|0.00|0.00|0.00|0.00|0.00|0.00|0.00|0.00
FPSUM|Domicilios|20|Domicilios|20|0.00|0.00|0|0|0.00|0|0.00|0|0|0|0|0|0.00|0.00|0.00|0|0|0|0.00|0|0.00|0|0.00|0|0.00|0|25000.00|1|0.00|0|0.00|0|0.00|0.00|19|79|0.00|0.00|0.00|0.00|0.00|0.00|0.00|0.00|0.00|0.00|0.00|0.00|0.00
FPSUM|Restaurante|1|Restaurante|1|556207.00|39924.00|0|0|0.00|0|44493.00|5|0|0|0|0|0.00|0.00|0.00|0|0|0|0.00|0|0.00|0|0.00|0|640624.00|5|272312.00|3|0.00|0|0.00|0|0.00|0.00|13|55|556207.00|0.00|0.00|0.00|556207.00|0.00|0.00|0.00|0.00|0.00|0.00|0.00|0.00
FPSUM|Plataformas|21|Plataformas|21|123704.00|0.00|0|0|0.00|0|9896.00|2|0|0|0|0|0.00|0.00|0.00|0|0|0|0.00|0|0.00|0|22800.00|1|133600.00|2|133600.00|2|0.00|0|0.00|0|0.00|0.00|14|57|123704.00|0.00|0.00|0.00|123704.00|0.00|0.00|0.00|0.00|0.00|0.00|0.00|0.00
FPSUM|Restaurante|1|Restaurante|1|59167.00|5917.00|0|0|0.00|0|4733.00|1|0|0|0|0|0.00|0.00|0.00|0|0|0|0.00|0|0.00|0|0.00|0|69817.00|1|341544.00|2|0.00|0|0.00|0|0.00|0.00|19|78|59167.00|0.00|0.00|0.00|59167.00|0.00|0.00|0.00|0.00|0.00|0.00|0.00|0.00
FPSUM|Restaurante|1|Restaurante|1|32592.00|3259.00|0|0|0.00|0|2608.00|1|0|0|0|0|0.00|0.00|0.00|0|0|0|0.00|0|0.00|0|0.00|1|38459.00|1|76262.00|2|0.00|0|0.00|0|0.00|0.00|12|52|32592.00|0.00|0.00|0.00|32592.00|0.00|0.00|0.00|0.00|0.00|0.00|0.00|0.00
FPSUM|Plataformas|21|Plataformas|21|111111.00|0.00|0|0|0.00|0|8889.00|2|0|0|0|0|0.00|0.00|0.00|0|0|0|0.00|0|0.00|0|0.00|0|120000.00|2|120000.00|2|0.00|0|0.00|0|0.00|0.00|19|78|111111.00|0.00|0.00|0.00|111111.00|0.00|0.00|0.00|0.00|0.00|0.00|0.00|0.00
FPSUM|Domicilios|20|Domicilios|20|72871.00|0.00|0|0|0.00|0|5829.00|1|0|0|0|0|0.00|0.00|0.00|0|0|0|0.00|0|0.00|0|0.00|0|78700.00|1|0.00|0|0.00|0|0.00|0|0.00|0.00|14|57|72871.00|0.00|0.00|0.00|72871.00|0.00|0.00|0.00|0.00|0.00|0.00|0.00|0.00
FPSUM|Restaurante|1|Restaurante|1|110556.00|11056.00|0|0|0.00|0|8844.00|0|0|0|0|0|0.00|0.00|0.00|0|0|0|0.00|0|0.00|0|0.00|0|130456.00|0|195683.00|2|0.00|0|0.00|0|0.00|0.00|13|56|110556.00|0.00|0.00|0.00|110556.00|0.00|0.00|0.00|0.00|0.00|0.00|0.00|0.00
FPSUM|Plataformas|21|Plataformas|21|21111.00|0.00|0|0|0.00|0|1689.00|1|0|0|0|0|0.00|0.00|0.00|0|0|0|0.00|0|0.00|0|0.00|0|22800.00|1|22800.00|1|0.00|0|0.00|0|0.00|0.00|16|66|21111.00|0.00|0.00|0.00|21111.00|0.00|0.00|0.00|0.00|0.00|0.00|0.00|0.00
FPSUM|Plataformas|21|Plataformas|21|61898.00|0.00|0|0|0.00|0|4952.00|1|0|0|0|0|0.00|0.00|0.00|0|0|0|41800.00|1|0.00|0|77800.00|1|66850.00|1|66850.00|1|0.00|0|0.00|0|0.00|0.00|13|53|61898.00|0.00|0.00|0.00|61898.00|0.00|0.00|0.00|0.00|0.00|0.00|0.00|0.00
FPSUM|Restaurante|1|Restaurante|1|247500.00|24749.00|-29259|2|0.00|0|19800.00|2|0|0|0|0|0.00|0.00|0.00|0|0|0|42200.00|3|-29259.00|2|0.00|1|292049.00|2|0.00|0|0.00|0|0.00|0|0.00|0.00|18|75|247500.00|0.00|0.00|0.00|247500.00|0.00|0.00|0.00|0.00|0.00|0.00|0.00|0.00
FPSUM|Restaurante|1|Restaurante|1|0.00|0.00|0|0|0.00|0|0.00|0|0|0|0|0|0.00|0.00|0.00|0|0|0|0.00|0|0.00|0|0.00|0|0.00|0|85222.00|1|0.00|0|0.00|0|0.00|0.00|13|53|0.00|0.00|0.00|0.00|0.00|0.00|0.00|0.00|0.00|0.00|0.00|0.00|0.00
FPSUM|Restaurante|1|Restaurante|1|0.00|0.00|0|0|0.00|0|0.00|0|0|0|0|0|0.00|0.00|0.00|0|0|0|0.00|0|0.00|0|0.00|0|0.00|0|136137.00|1|0.00|0|0.00|0|0.00|0.00|17|69|0.00|0.00|0.00|0.00|0.00|0.00|0.00|0.00|0.00|0.00|0.00|0.00|0.00
FPSUM|Restaurante|1|Restaurante|1|72222.00|7222.00|0|0|0.00|0|5778.00|1|0|0|0|0|0.00|0.00|0.00|0|0|0|0.00|0|0.00|0|43485.00|1|85222.00|1|0.00|0|0.00|0|0.00|0|0.00|0.00|12|50|72222.00|0.00|0.00|0.00|72222.00|0.00|0.00|0.00|0.00|0.00|0.00|0.00|0.00
FPSUM|Restaurante|1|Restaurante|1|217685.00|21767.00|0|0|0.00|0|17415.00|2|0|0|0|0|0.00|0.00|0.00|0|0|0|58800.00|1|0.00|0|0.00|1|256867.00|2|0.00|0|0.00|0|0.00|0|0.00|0.00|15|61|217685.00|0.00|0.00|0.00|217685.00|0.00|0.00|0.00|0.00|0.00|0.00|0.00|0.00
FPSUM|Restaurante|1|Restaurante|1|0.00|0.00|0|0|0.00|0|0.00|0|0|0|0|0|0.00|0.00|0.00|0|0|0|0.00|0|0.00|0|0.00|0|1.00|0|46764.00|1|0.00|0|0.00|0|0.00|0.00|18|74|0.00|0.00|0.00|0.00|0.00|0.00|0.00|0.00|0.00|0.00|0.00|0.00|0.00
FPSUM|Plataformas|21|Plataformas|21|232317.00|0.00|0|0|0.00|0|18583.00|2|0|0|0|0|0.00|0.00|0.00|0|0|0|301600.00|15|0.00|0|0.00|0|250900.00|2|250900.00|2|0.00|0|0.00|0|0.00|0.00|14|60|232317.00|0.00|0.00|0.00|232317.00|0.00|0.00|0.00|0.00|0.00|0.00|0.00|0.00
FPSUM|Restaurante|1|Restaurante|1|12870.00|1287.00|-12870|1|0.00|0|1030.00|0|0|0|0|0|0.00|0.00|0.00|0|0|0|0.00|0|0.00|0|0.00|0|15187.00|0|119529.00|1|0.00|0|0.00|0|0.00|0.00|15|63|12870.00|0.00|0.00|0.00|12870.00|0.00|0.00|0.00|0.00|0.00|0.00|0.00|0.00
FPSUM|Restaurante|1|Restaurante|1|8148.00|815.00|0|0|0.00|0|652.00|0|0|0|0|0|0.00|0.00|0.00|0|0|0|0.00|0|0.00|0|0.00|0|9615.00|0|0.00|0|0.00|0|0.00|0|0.00|0.00|18|76|8148.00|0.00|0.00|0.00|8148.00|0.00|0.00|0.00|0.00|0.00|0.00|0.00|0.00
FPOT|Restaurante|1|Restaurante|1|Para Aqui|1|Para Aqui|1|33796.00|3380.00|0.00|0|0.00|0|2704.00|0|0|0|0|0|0.00|0.00|0.00|0|0|0|0.00|0|0.00|0|0.00|0|39880.00|0|0.00|0|0.00|0|0.00|0|0.00|0.00|19|77|33796.00|0.00|0.00|0.00|33796.00|0.00|0.00|0.00|0.00|0.00|0.00|0.00|0.00
FPOT|Restaurante|1|Restaurante|1|Para Aqui|1|Para Aqui|1|8148.00|815.00|0.00|0|0.00|0|652.00|0|0|0|0|0|0.00|0.00|0.00|0|0|0|0.00|0|0.00|0|0.00|0|9615.00|0|0.00|0|0.00|0|0.00|0|0.00|0.00|18|76|8148.00|0.00|0.00|0.00|8148.00|0.00|0.00|0.00|0.00|0.00|0.00|0.00|0.00
FPOT|Restaurante|1|Restaurante|1|Para Aqui|1|Para Aqui|1|247500.00|24749.00|-29259.00|2|0.00|0|19800.00|2|0|0|0|0|0.00|0.00|0.00|0|0|0|42200.00|3|-29259.00|2|0.00|1|292049.00|2|0.00|0|0.00|0|0.00|0|0.00|0.00|18|75|247500.00|0.00|0.00|0.00|247500.00|0.00|0.00|0.00|0.00|0.00|0.00|0.00|0.00
FPOT|Restaurante|1|Restaurante|1|Para Aqui|1|Para Aqui|1|0.00|0.00|0.00|0|0.00|0|0.00|0|0|0|0|0|0.00|0.00|0.00|0|0|0|0.00|0|0.00|0|0.00|0|0.00|0|69817.00|1|0.00|0|0.00|0|0.00|0.00|19|80|0.00|0.00|0.00|0.00|0.00|0.00|0.00|0.00|0.00|0.00|0.00|0.00|0.00
FPOT|Plataformas|21|Plataformas|21|Domicilios|7|Domicilios|7|26019.00|0.00|0.00|0|0.00|0|2081.00|1|0|0|0|0|0.00|0.00|0.00|0|0|0|0.00|0|0.00|0|0.00|0|28100.00|1|28100.00|1|0.00|0|0.00|0|0.00|0.00|12|49|26019.00|0.00|0.00|0.00|26019.00|0.00|0.00|0.00|0.00|0.00|0.00|0.00|0.00
FPOT|Restaurante|1|Restaurante|1|Para Aqui|1|Para Aqui|1|65463.00|6546.00|0.00|0|0.00|0|5237.00|1|0|0|0|0|0.00|0.00|0.00|0|0|0|0.00|0|0.00|0|0.00|0|77246.00|1|0.00|0|0.00|0|0.00|0|0.00|0.00|16|68|65463.00|0.00|0.00|0.00|65463.00|0.00|0.00|0.00|0.00|0.00|0.00|0.00|0.00
FPOT|Restaurante|1|Restaurante|1|Para Aqui|1|Para Aqui|1|159445.00|15943.00|0.00|0|0.00|0|12755.00|3|0|0|0|0|0.00|0.00|0.00|0|0|0|10900.00|1|0.00|0|0.00|0|188143.00|3|0.00|0|0.00|0|0.00|0|0.00|0.00|12|51|159445.00|0.00|0.00|0.00|159445.00|0.00|0.00|0.00|0.00|0.00|0.00|0.00|0.00
FPOT|Restaurante|1|Restaurante|1|Para Aqui|1|Para Aqui|1|556207.00|39924.00|0.00|0|0.00|0|44493.00|5|0|0|0|0|0.00|0.00|0.00|0|0|0|0.00|0|0.00|0|0.00|0|640624.00|5|272312.00|3|0.00|0|0.00|0|0.00|0.00|13|55|556207.00|0.00|0.00|0.00|556207.00|0.00|0.00|0.00|0.00|0.00|0.00|0.00|0.00
FPOT|Restaurante|1|Restaurante|1|Para Aqui|1|Para Aqui|1|0.00|0.00|0.00|0|0.00|0|0.00|0|0|0|0|0|0.00|0.00|0.00|0|0|0|0.00|0|0.00|0|0.00|0|0.00|0|70581.00|1|0.00|0|0.00|0|0.00|0.00|17|70|0.00|0.00|0.00|0.00|0.00|0.00|0.00|0.00|0.00|0.00|0.00|0.00|0.00
FPOT|Restaurante|1|Restaurante|1|Para Aqui|1|Para Aqui|1|52593.00|5259.00|0.00|0|0.00|0|4207.00|1|0|0|0|0|0.00|0.00|0.00|0|0|0|0.00|0|0.00|0|0.00|0|62059.00|1|62059.00|1|0.00|0|0.00|0|0.00|0.00|14|59|52593.00|0.00|0.00|0.00|52593.00|0.00|0.00|0.00|0.00|0.00|0.00|0.00|0.00
FPOT|Restaurante|1|Restaurante|1|Para Aqui|1|Para Aqui|1|217685.00|21767.00|0.00|0|0.00|0|17415.00|2|0|0|0|0|0.00|0.00|0.00|0|0|0|58800.00|1|0.00|0|0.00|1|256867.00|2|0.00|0|0.00|0|0.00|0|0.00|0.00|15|61|217685.00|0.00|0.00|0.00|217685.00|0.00|0.00|0.00|0.00|0.00|0.00|0.00|0.00
FPOT|Restaurante|1|Restaurante|1|Para Aqui|1|Para Aqui|1|-99260.00|-9926.00|-120482.00|3|0.00|0|-7940.00|0|0|0|0|0|0.00|0.00|0.00|0|0|0|0.00|0|0.00|0|0.00|0|-117126.00|0|224418.00|1|0.00|0|0.00|0|0.00|-7940.00|14|58|-99260.00|0.00|0.00|0.00|-99260.00|0.00|0.00|0.00|0.00|0.00|0.00|0.00|0.00
FPOT|Domicilios|20|Domicilios|20|Para Llevar|2|Para Llevar|2|0.00|0.00|0.00|0|0.00|0|0.00|0|0|0|0|0|0.00|0.00|0.00|0|0|0|0.00|0|0.00|0|0.00|0|0.00|0|78700.00|1|0.00|0|0.00|0|0.00|0.00|14|59|0.00|0.00|0.00|0.00|0.00|0.00|0.00|0.00|0.00|0.00|0.00|0.00|0.00
FPOT|Plataformas|21|Plataformas|21|Domicilios|7|Domicilios|7|20278.00|0.00|0.00|0|0.00|0|1622.00|1|0|0|0|0|0.00|0.00|0.00|0|0|0|0.00|0|0.00|0|0.00|0|21900.00|1|21900.00|1|0.00|0|0.00|0|0.00|0.00|11|47|20278.00|0.00|0.00|0.00|20278.00|0.00|0.00|0.00|0.00|0.00|0.00|0.00|0.00
FPOT|Plataformas|21|Plataformas|21|Domicilios|7|Domicilios|7|57778.00|0.00|0.00|0|0.00|0|4622.00|1|0|0|0|0|0.00|0.00|0.00|0|0|0|12000.00|1|0.00|0|0.00|0|62400.00|1|62400.00|1|0.00|0|0.00|0|0.00|0.00|15|62|57778.00|0.00|0.00|0.00|57778.00|0.00|0.00|0.00|0.00|0.00|0.00|0.00|0.00
FPOT|Plataformas|21|Plataformas|21|Domicilios|7|Domicilios|7|39815.00|0.00|0.00|0|0.00|0|3185.00|1|0|0|0|0|0.00|0.00|0.00|0|0|0|0.00|0|0.00|0|0.00|0|43000.00|1|43000.00|1|0.00|0|0.00|0|0.00|0.00|19|77|39815.00|0.00|0.00|0.00|39815.00|0.00|0.00|0.00|0.00|0.00|0.00|0.00|0.00
FPOT|Restaurante|1|Restaurante|1|Para Aqui|1|Para Aqui|1|310094.00|31009.00|0.00|0|0.00|0|24806.00|0|0|0|0|0|0.00|0.00|0.00|0|0|0|0.00|0|0.00|0|0.00|0|365909.00|0|74405.00|1|0.00|0|0.00|0|0.00|0.00|15|62|310094.00|0.00|0.00|0.00|310094.00|0.00|0.00|0.00|0.00|0.00|0.00|0.00|0.00
FPOT|Restaurante|1|Restaurante|1|Para Aqui|1|Para Aqui|1|110556.00|11056.00|0.00|0|0.00|0|8844.00|0|0|0|0|0|0.00|0.00|0.00|0|0|0|0.00|0|0.00|0|0.00|0|130456.00|0|195683.00|2|0.00|0|0.00|0|0.00|0.00|13|56|110556.00|0.00|0.00|0.00|110556.00|0.00|0.00|0.00|0.00|0.00|0.00|0.00|0.00
FPOT|Restaurante|1|Restaurante|1|Para Aqui|1|Para Aqui|1|32592.00|3259.00|0.00|0|0.00|0|2608.00|1|0|0|0|0|0.00|0.00|0.00|0|0|0|0.00|0|0.00|0|0.00|1|38459.00|1|76262.00|2|0.00|0|0.00|0|0.00|0.00|12|52|32592.00|0.00|0.00|0.00|32592.00|0.00|0.00|0.00|0.00|0.00|0.00|0.00|0.00
FPOT|Restaurante|1|Restaurante|1|Para Aqui|1|Para Aqui|1|109723.00|10972.00|0.00|0|0.00|0|8777.00|1|0|0|0|0|0.00|0.00|0.00|0|0|0|0.00|0|0.00|0|0.00|0|129472.00|1|0.00|0|0.00|0|0.00|0|0.00|0.00|16|67|109723.00|0.00|0.00|0.00|109723.00|0.00|0.00|0.00|0.00|0.00|0.00|0.00|0.00
FPOT|Restaurante|1|Restaurante|1|Para Aqui|1|Para Aqui|1|72222.00|7222.00|0.00|0|0.00|0|5778.00|1|0|0|0|0|0.00|0.00|0.00|0|0|0|0.00|0|0.00|0|43485.00|1|85222.00|1|0.00|0|0.00|0|0.00|0|0.00|0.00|12|50|72222.00|0.00|0.00|0.00|72222.00|0.00|0.00|0.00|0.00|0.00|0.00|0.00|0.00
FPOT|Restaurante|1|Restaurante|1|Para Aqui|1|Para Aqui|1|0.00|0.00|0.00|0|0.00|0|0.00|0|0|0|0|0|0.00|0.00|0.00|0|0|0|0.00|0|0.00|0|0.00|0|1.00|0|46764.00|1|0.00|0|0.00|0|0.00|0.00|18|74|0.00|0.00|0.00|0.00|0.00|0.00|0.00|0.00|0.00|0.00|0.00|0.00|0.00
FPOT|Domicilios|20|Domicilios|20|Para Llevar|2|Para Llevar|2|23150.00|0.00|0.00|0|0.00|0|1850.00|1|0|0|0|0|0.00|0.00|0.00|0|0|0|0.00|0|0.00|0|0.00|0|25000.00|1|0.00|0|0.00|0|0.00|0|0.00|0.00|16|68|23150.00|0.00|0.00|0.00|23150.00|0.00|0.00|0.00|0.00|0.00|0.00|0.00|0.00
FPOT|Plataformas|21|Plataformas|21|Domicilios|7|Domicilios|7|138981.00|0.00|0.00|0|0.00|0|11119.00|3|0|0|0|0|0.00|0.00|0.00|0|0|0|0.00|0|0.00|0|0.00|1|150100.00|3|150100.00|3|0.00|0|0.00|0|0.00|0.00|14|58|138981.00|0.00|0.00|0.00|138981.00|0.00|0.00|0.00|0.00|0.00|0.00|0.00|0.00
FPOT|Plataformas|21|Plataformas|21|Domicilios|7|Domicilios|7|123704.00|0.00|0.00|0|0.00|0|9896.00|2|0|0|0|0|0.00|0.00|0.00|0|0|0|0.00|0|0.00|0|22800.00|1|133600.00|2|133600.00|2|0.00|0|0.00|0|0.00|0.00|14|57|123704.00|0.00|0.00|0.00|123704.00|0.00|0.00|0.00|0.00|0.00|0.00|0.00|0.00
FPOT|Plataformas|21|Plataformas|21|Domicilios|7|Domicilios|7|83149.00|0.00|0.00|0|0.00|0|6651.00|1|0|0|0|0|0.00|0.00|0.00|0|0|0|0.00|0|0.00|0|0.00|0|89800.00|1|89800.00|1|0.00|0|0.00|0|0.00|0.00|16|68|83149.00|0.00|0.00|0.00|83149.00|0.00|0.00|0.00|0.00|0.00|0.00|0.00|0.00
FPOT|Restaurante|1|Restaurante|1|Para Aqui|1|Para Aqui|1|0.00|0.00|-49815.00|2|0.00|0|0.00|0|0|0|0|0|0.00|0.00|0.00|0|0|0|0.00|0|-49815.00|2|0.00|0|0.00|0|157005.00|1|0.00|0|0.00|0|0.00|0.00|15|64|0.00|0.00|0.00|0.00|0.00|0.00|0.00|0.00|0.00|0.00|0.00|0.00|0.00
FPOT|Restaurante|1|Restaurante|1|Para Aqui|1|Para Aqui|1|59167.00|5917.00|0.00|0|0.00|0|4733.00|1|0|0|0|0|0.00|0.00|0.00|0|0|0|0.00|0|0.00|0|0.00|0|69817.00|1|341544.00|2|0.00|0|0.00|0|0.00|0.00|19|78|59167.00|0.00|0.00|0.00|59167.00|0.00|0.00|0.00|0.00|0.00|0.00|0.00|0.00
FPOT|Restaurante|1|Restaurante|1|Para Aqui|1|Para Aqui|1|39629.00|3963.00|0.00|0|0.00|0|3171.00|1|0|0|0|0|0.00|0.00|0.00|0|0|0|0.00|0|0.00|0|0.00|0|46763.00|1|0.00|0|0.00|0|0.00|0|0.00|0.00|17|72|39629.00|0.00|0.00|0.00|39629.00|0.00|0.00|0.00|0.00|0.00|0.00|0.00|0.00
FPOT|Domicilios|20|Domicilios|20|Para Llevar|2|Para Llevar|2|0.00|0.00|0.00|0|0.00|0|0.00|0|0|0|0|0|0.00|0.00|0.00|0|0|0|0.00|0|0.00|0|0.00|0|0.00|0|0.00|0|0.00|0|0.00|0|0.00|0.00|16|66|0.00|0.00|0.00|0.00|0.00|0.00|0.00|0.00|0.00|0.00|0.00|0.00|0.00
FPOT|Plataformas|21|Plataformas|21|Domicilios|7|Domicilios|7|33935.00|0.00|0.00|0|0.00|0|2715.00|1|0|0|0|0|0.00|0.00|0.00|0|0|0|0.00|0|0.00|0|0.00|0|36650.00|1|36650.00|1|0.00|0|0.00|0|0.00|0.00|14|59|33935.00|0.00|0.00|0.00|33935.00|0.00|0.00|0.00|0.00|0.00|0.00|0.00|0.00
FPOT|Plataformas|21|Plataformas|21|Domicilios|7|Domicilios|7|86388.00|0.00|0.00|0|0.00|0|6912.00|1|0|0|0|0|0.00|0.00|0.00|0|0|0|0.00|0|0.00|0|0.00|0|93300.00|1|93300.00|1|0.00|0|0.00|0|0.00|0.00|11|46|86388.00|0.00|0.00|0.00|86388.00|0.00|0.00|0.00|0.00|0.00|0.00|0.00|0.00
FPOT|Plataformas|21|Plataformas|21|Domicilios|7|Domicilios|7|111111.00|0.00|0.00|0|0.00|0|8889.00|2|0|0|0|0|0.00|0.00|0.00|0|0|0|0.00|0|0.00|0|0.00|0|120000.00|2|120000.00|2|0.00|0|0.00|0|0.00|0.00|19|78|111111.00|0.00|0.00|0.00|111111.00|0.00|0.00|0.00|0.00|0.00|0.00|0.00|0.00
FPOT|Restaurante|1|Restaurante|1|Para Aqui|1|Para Aqui|1|0.00|0.00|0.00|0|0.00|0|0.00|0|0|0|0|0|0.00|0.00|0.00|0|0|0|0.00|0|0.00|0|0.00|0|0.00|0|111881.00|1|0.00|0|0.00|0|0.00|0.00|13|54|0.00|0.00|0.00|0.00|0.00|0.00|0.00|0.00|0.00|0.00|0.00|0.00|0.00
FPOT|Plataformas|21|Plataformas|21|Domicilios|7|Domicilios|7|61898.00|0.00|0.00|0|0.00|0|4952.00|1|0|0|0|0|0.00|0.00|0.00|0|0|0|41800.00|1|0.00|0|77800.00|1|66850.00|1|66850.00|1|0.00|0|0.00|0|0.00|0.00|13|53|61898.00|0.00|0.00|0.00|61898.00|0.00|0.00|0.00|0.00|0.00|0.00|0.00|0.00
FPOT|Plataformas|21|Plataformas|21|Domicilios|7|Domicilios|7|68241.00|0.00|0.00|0|0.00|0|5459.00|2|0|0|0|0|0.00|0.00|0.00|0|0|0|0.00|0|0.00|0|0.00|0|73700.00|2|73700.00|2|0.00|0|0.00|0|0.00|0.00|18|74|68241.00|0.00|0.00|0.00|68241.00|0.00|0.00|0.00|0.00|0.00|0.00|0.00|0.00
FPOT|Plataformas|21|Plataformas|21|Domicilios|7|Domicilios|7|21111.00|0.00|0.00|0|0.00|0|1689.00|1|0|0|0|0|0.00|0.00|0.00|0|0|0|0.00|0|0.00|0|0.00|0|22800.00|1|22800.00|1|0.00|0|0.00|0|0.00|0.00|16|66|21111.00|0.00|0.00|0.00|21111.00|0.00|0.00|0.00|0.00|0.00|0.00|0.00|0.00
FPOT|Restaurante|1|Restaurante|1|Para Aqui|1|Para Aqui|1|0.00|0.00|0.00|0|0.00|0|0.00|0|0|0|0|0|0.00|0.00|0.00|0|0|0|0.00|0|0.00|0|0.00|0|0.00|0|85222.00|1|0.00|0|0.00|0|0.00|0.00|13|53|0.00|0.00|0.00|0.00|0.00|0.00|0.00|0.00|0.00|0.00|0.00|0.00|0.00
FPOT|Restaurante|1|Restaurante|1|Para Aqui|1|Para Aqui|1|0.00|0.00|0.00|0|0.00|0|0.00|0|0|0|0|0|0.00|0.00|0.00|0|0|0|0.00|0|0.00|0|0.00|0|0.00|0|0.00|0|0.00|0|0.00|0|0.00|0.00|17|71|0.00|0.00|0.00|0.00|0.00|0.00|0.00|0.00|0.00|0.00|0.00|0.00|0.00
FPOT|Restaurante|1|Restaurante|1|Para Aqui|1|Para Aqui|1|0.00|0.00|0.00|0|0.00|0|0.00|0|0|0|0|0|0.00|0.00|0.00|0|0|0|0.00|0|0.00|0|0.00|0|0.00|0|136137.00|1|0.00|0|0.00|0|0.00|0.00|17|69|0.00|0.00|0.00|0.00|0.00|0.00|0.00|0.00|0.00|0.00|0.00|0.00|0.00
FPOT|Restaurante|1|Restaurante|1|Para Aqui|1|Para Aqui|1|0.00|0.00|0.00|0|0.00|0|0.00|0|0|0|0|0|0.00|0.00|0.00|0|0|0|0.00|0|0.00|0|0.00|0|0.00|0|0.00|0|0.00|0|0.00|0|0.00|0.00|20|81|0.00|0.00|0.00|0.00|0.00|0.00|0.00|0.00|0.00|0.00|0.00|0.00|0.00
FPOT|Domicilios|20|Domicilios|20|Para Llevar|2|Para Llevar|2|110556.00|0.00|0.00|0|0.00|0|8844.00|1|0|0|0|0|0.00|0.00|0.00|0|0|0|0.00|0|0.00|0|0.00|0|119400.00|1|119400.00|1|0.00|0|0.00|0|0.00|0.00|14|58|110556.00|0.00|0.00|0.00|110556.00|0.00|0.00|0.00|0.00|0.00|0.00|0.00|0.00
FPOT|Plataformas|21|Plataformas|21|Domicilios|7|Domicilios|7|26019.00|0.00|0.00|0|0.00|0|2081.00|1|0|0|0|0|0.00|0.00|0.00|0|0|0|0.00|0|0.00|0|0.00|0|28100.00|1|28100.00|1|0.00|0|0.00|0|0.00|0.00|12|50|26019.00|0.00|0.00|0.00|26019.00|0.00|0.00|0.00|0.00|0.00|0.00|0.00|0.00
FPOT|Plataformas|21|Plataformas|21|Domicilios|7|Domicilios|7|235557.00|0.00|0.00|0|0.00|0|18843.00|1|0|0|0|0|0.00|0.00|0.00|0|0|0|0.00|0|0.00|0|0.00|0|254400.00|1|254400.00|1|0.00|0|0.00|0|0.00|0.00|11|48|235557.00|0.00|0.00|0.00|235557.00|0.00|0.00|0.00|0.00|0.00|0.00|0.00|0.00
FPOT|Restaurante|1|Restaurante|1|Para Aqui|1|Para Aqui|1|168520.00|16851.00|0.00|0|0.00|0|13480.00|2|0|0|0|0|0.00|0.00|0.00|0|0|0|0.00|0|0.00|0|0.00|0|198851.00|2|0.00|0|0.00|0|0.00|0|0.00|0.00|14|60|168520.00|0.00|0.00|0.00|168520.00|0.00|0.00|0.00|0.00|0.00|0.00|0.00|0.00
FPOT|Domicilios|20|Domicilios|20|Para Llevar|2|Para Llevar|2|0.00|0.00|0.00|0|0.00|0|0.00|0|0|0|0|0|0.00|0.00|0.00|0|0|0|0.00|0|0.00|0|0.00|0|0.00|0|25000.00|1|0.00|0|0.00|0|0.00|0.00|19|79|0.00|0.00|0.00|0.00|0.00|0.00|0.00|0.00|0.00|0.00|0.00|0.00|0.00
FPOT|Domicilios|20|Domicilios|20|Para Llevar|2|Para Llevar|2|72871.00|0.00|0.00|0|0.00|0|5829.00|1|0|0|0|0|0.00|0.00|0.00|0|0|0|0.00|0|0.00|0|0.00|0|78700.00|1|0.00|0|0.00|0|0.00|0|0.00|0.00|14|57|72871.00|0.00|0.00|0.00|72871.00|0.00|0.00|0.00|0.00|0.00|0.00|0.00|0.00
FPOT|Plataformas|21|Plataformas|21|Domicilios|7|Domicilios|7|232317.00|0.00|0.00|0|0.00|0|18583.00|2|0|0|0|0|0.00|0.00|0.00|0|0|0|301600.00|15|0.00|0|0.00|0|250900.00|2|250900.00|2|0.00|0|0.00|0|0.00|0.00|14|60|232317.00|0.00|0.00|0.00|232317.00|0.00|0.00|0.00|0.00|0.00|0.00|0.00|0.00
FPOT|Restaurante|1|Restaurante|1|Para Aqui|1|Para Aqui|1|12870.00|1287.00|-12870.00|1|0.00|0|1030.00|0|0|0|0|0|0.00|0.00|0.00|0|0|0|0.00|0|0.00|0|0.00|0|15187.00|0|119529.00|1|0.00|0|0.00|0|0.00|0.00|15|63|12870.00|0.00|0.00|0.00|12870.00|0.00|0.00|0.00|0.00|0.00|0.00|0.00|0.00
FPOT|Restaurante|1|Restaurante|1|Para Aqui|1|Para Aqui|1|-37408.00|-15833.00|-41149.00|3|0.00|0|-2992.00|0|0|0|0|0|0.00|0.00|0.00|0|0|0|0.00|0|0.00|0|0.00|0|-56233.00|0|429642.00|1|0.00|0|0.00|0|0.00|-15084.00|16|65|-37408.00|0.00|0.00|0.00|-37408.00|0.00|0.00|0.00|0.00|0.00|0.00|0.00|0.00
FPOT|Plataformas|21|Plataformas|21|Domicilios|7|Domicilios|7|57130.00|0.00|0.00|0|0.00|0|4570.00|1|0|0|0|0|0.00|0.00|0.00|0|0|0|0.00|0|0.00|0|217800.00|2|61700.00|1|61700.00|1|0.00|0|0.00|0|0.00|0.00|12|52|57130.00|0.00|0.00|0.00|57130.00|0.00|0.00|0.00|0.00|0.00|0.00|0.00|0.00
FPOT|Plataformas|21|Plataformas|21|Domicilios|7|Domicilios|7|159816.00|0.00|0.00|0|0.00|0|12784.00|3|0|0|0|0|0.00|0.00|0.00|0|0|0|0.00|0|0.00|0|0.00|1|172600.00|3|172600.00|3|0.00|0|0.00|0|0.00|0.00|15|61|159816.00|0.00|0.00|0.00|159816.00|0.00|0.00|0.00|0.00|0.00|0.00|0.00|0.00
FPMI|Restaurante|1|Restaurante|1|JUGO DE MORA EN LECHE| |9604104|JUGO DE MORA EN LECHE| |9604104|BEBIDAS|20|BEBIDAS|20|Bebidas Sin Alcohol|3000|Bebidas Sin Alcohol|3000|Para Aqui|1|Para Aqui|1|-12870.00|0.00|-12870.00|0.00|0.00|0.00|-12870.00|0.00|-12870.00|1|-12870.00|-1|0|0.00|0.00|0.00|63|15
FPMI|Restaurante|1|Restaurante|1|LIMONADA DE PANELA| |9604067|LIMONADA DE PANELA| |9604067|BEBIDAS|20|BEBIDAS|20|Bebidas Sin Alcohol|3000|Bebidas Sin Alcohol|3000|Para Aqui|1|Para Aqui|1|9074.00|0.00|9074.00|0.00|0.00|0.00|9074.00|0.00|9074.00|1|9074.00|1|0|0.00|0.00|0.00|61|15
FPMI|Restaurante|1|Restaurante|1|GASEOSA 400 ml| |9606131|GASEOSA 400 ml| |9606131|BEBIDAS|20|BEBIDAS|20|Bebidas Sin Alcohol|3000|Bebidas Sin Alcohol|3000|Para Aqui|1|Para Aqui|1|7593.00|0.00|7593.00|0.00|0.00|0.00|7593.00|0.00|7593.00|1|7593.00|1|0|0.00|0.00|0.00|59|14
FPMI|Plataformas|21|Plataformas|21|MANDARINO BOLS 2X1| |9626126|MANDARINO BOLS 2X1| |9626126|BEBIDAS|20|BEBIDAS|20|Bebidas Sin Alcohol|3000|Bebidas Sin Alcohol|3000|Domicilios|7|Domicilios|7|32963.00|0.00|32963.00|0.00|0.00|0.00|32963.00|0.00|32963.00|161|32963.00|1|0|0.00|0.00|0.00|60|14
FPMI|Restaurante|1|Restaurante|1|PUNTA DE ANCA 250 gr ENSALADA| |9502234|PUNTA DE ANCA 250 gr ENSALADA| |9502234|ALIMENTOS|10|ALIMENTOS|10|Para Empezar|1008|Para Empezar|1008|Para Aqui|1|Para Aqui|1|52593.00|0.00|52593.00|0.00|0.00|0.00|52593.00|0.00|52593.00|1|52593.00|1|0|0.00|0.00|0.00|68|16
FPMI|Restaurante|1|Restaurante|1|LOMO 220 gr ARROZ BLANCO| |9502515|LOMO 220 gr ARROZ BLANCO| |9502515|ALIMENTOS|10|ALIMENTOS|10|Para Empezar|1008|Para Empezar|1008|Para Aqui|1|Para Aqui|1|54444.00|0.00|54444.00|0.00|0.00|0.00|54444.00|0.00|54444.00|1|54444.00|1|0|0.00|0.00|0.00|61|15
FPMI|Restaurante|1|Restaurante|1|MJE ALM| |90000037|MJE ALM| |90000037|ALIMENTOS|10|ALIMENTOS|10|Para Empezar|1008|Para Empezar|1008|Para Aqui|1|Para Aqui|1|0.00|0.00|0.00|0.00|0.00|0.00|0.00|0.00|0.00|1|0.00|1|0|0.00|0.00|0.00|60|14
FPMI|Restaurante|1|Restaurante|1|AREPA DE CHOCOLO| |9506036|AREPA DE CHOCOLO| |9506036|ALIMENTOS|10|ALIMENTOS|10|Para Empezar|1008|Para Empezar|1008|Para Aqui|1|Para Aqui|1|20185.00|0.00|20185.00|0.00|0.00|0.00|20185.00|0.00|20185.00|1|20185.00|1|0|0.00|0.00|0.00|67|16
FPMI|Restaurante|1|Restaurante|1|CHICHARRON 90 gr| |9528024|CHICHARRON 90 gr| |9528024|ALIMENTOS|10|ALIMENTOS|10|Para Empezar|1008|Para Empezar|1008|Para Aqui|1|Para Aqui|1|26667.00|0.00|26667.00|0.00|0.00|0.00|26667.00|0.00|26667.00|1|26667.00|1|0|0.00|0.00|0.00|67|16
FPMI|Restaurante|1|Restaurante|1|CHICHARRON 90 gr| |9528024|CHICHARRON 90 gr| |9528024|ALIMENTOS|10|ALIMENTOS|10|Para Empezar|1008|Para Empezar|1008|Para Aqui|1|Para Aqui|1|26667.00|0.00|26667.00|0.00|0.00|0.00|26667.00|0.00|26667.00|1|26667.00|1|0|0.00|0.00|0.00|62|15
FPMI|Restaurante|1|Restaurante|1|COSTILLAS DE CERDO 410 gr  FRANCESA| |9502180|COSTILLAS DE CERDO 410 gr  FRANCESA| |9502180|ALIMENTOS|10|ALIMENTOS|10|Para Empezar|1008|Para Empezar|1008|Para Aqui|1|Para Aqui|1|51667.00|0.00|51667.00|0.00|0.00|0.00|51667.00|0.00|51667.00|1|51667.00|1|0|0.00|0.00|0.00|62|15
FPMI|Restaurante|1|Restaurante|1|PATACON CARNE DESMECHADA| |9524028|PATACON CARNE DESMECHADA| |9524028|ALIMENTOS|10|ALIMENTOS|10|Para Empezar|1008|Para Empezar|1008|Para Aqui|1|Para Aqui|1|24630.00|0.00|24630.00|0.00|0.00|0.00|24630.00|0.00|24630.00|1|24630.00|1|0|0.00|0.00|0.00|62|15
FPMI|Restaurante|1|Restaurante|1|PINCHO DE POLLO X 100 GRS| |9502527|PINCHO DE POLLO X 100 GRS| |9502527|ALIMENTOS|10|ALIMENTOS|10|Para Empezar|1008|Para Empezar|1008|Para Aqui|1|Para Aqui|1|14722.00|0.00|14722.00|0.00|0.00|0.00|14722.00|0.00|14722.00|1|14722.00|1|0|0.00|0.00|0.00|61|15
FPMI|Restaurante|1|Restaurante|1|SOPA DE VERDURAS| |9520050|SOPA DE VERDURAS| |9520050|ALIMENTOS|10|ALIMENTOS|10|Para Empezar|1008|Para Empezar|1008|Para Aqui|1|Para Aqui|1|13148.00|0.00|13148.00|0.00|0.00|0.00|13148.00|0.00|13148.00|1|13148.00|1|0|0.00|0.00|0.00|60|14
FPMI|Restaurante|1|Restaurante|1|Mensaje Bebidas 2024| |980000095|Mensaje Bebidas 2024| |980000095|ALIMENTOS|10|ALIMENTOS|10|Para Empezar|1008|Para Empezar|1008|Para Aqui|1|Para Aqui|1|0.00|0.00|0.00|0.00|0.00|0.00|0.00|0.00|0.00|1|0.00|1|0|0.00|0.00|0.00|60|14
FPMI|Restaurante|1|Restaurante|1|AJIACO  POLLO| |9520008|AJIACO  POLLO| |9520008|ALIMENTOS|10|ALIMENTOS|10|Para Empezar|1008|Para Empezar|1008|Para Aqui|1|Para Aqui|1|34074.00|0.00|34074.00|0.00|0.00|0.00|34074.00|0.00|34074.00|1|34074.00|1|0|0.00|0.00|0.00|51|12
FPMI|Restaurante|1|Restaurante|1|AREPA DE CHOCOLO| |9506036|AREPA DE CHOCOLO| |9506036|ALIMENTOS|10|ALIMENTOS|10|Para Empezar|1008|Para Empezar|1008|Para Aqui|1|Para Aqui|1|20185.00|0.00|20185.00|0.00|0.00|0.00|20185.00|0.00|20185.00|1|20185.00|1|0|0.00|0.00|0.00|59|14
FPMI|Restaurante|1|Restaurante|1|PECHUGA A LA PARRILLA 230 gr ENSALADA | |9506091|PECHUGA A LA PARRILLA 230 gr ENSALADA | |9506091|ALIMENTOS|10|ALIMENTOS|10|Para Empezar|1008|Para Empezar|1008|Para Aqui|1|Para Aqui|1|24815.00|0.00|24815.00|0.00|0.00|0.00|24815.00|0.00|24815.00|1|24815.00|1|0|0.00|0.00|0.00|59|14
FPMI|Restaurante|1|Restaurante|1|CANASTA DE 4 EMPANADAS CACHACAS| |9528040|CANASTA DE 4 EMPANADAS CACHACAS| |9528040|ALIMENTOS|10|ALIMENTOS|10|Para Empezar|1008|Para Empezar|1008|Para Aqui|1|Para Aqui|1|22500.00|0.00|22500.00|0.00|0.00|0.00|22500.00|0.00|22500.00|1|22500.00|1|0|0.00|0.00|0.00|55|13
FPMI|Plataformas|21|Plataformas|21|Mod CocaCola Original 400ml| |980000102|Mod CocaCola Original 400ml| |980000102|ALIMENTOS|10|ALIMENTOS|10|Para Empezar|1008|Para Empezar|1008|Domicilios|7|Domicilios|7|0.00|0.00|0.00|0.00|0.00|0.00|0.00|0.00|0.00|1|0.00|1|0|0.00|0.00|0.00|58|14
FPMI|Plataformas|21|Plataformas|21|MADURITOS| |9500252|MADURITOS| |9500252|ALIMENTOS|10|ALIMENTOS|10|Para Empezar|1008|Para Empezar|1008|Domicilios|7|Domicilios|7|3519.00|0.00|3519.00|0.00|0.00|0.00|3519.00|0.00|3519.00|153|3519.00|1|0|0.00|0.00|0.00|61|15
FPMI|Plataformas|21|Plataformas|21|PECHUGA A LA PARRILLA 230 gr ENSALADA | |9506091|PECHUGA A LA PARRILLA 230 gr ENSALADA | |9506091|ALIMENTOS|10|ALIMENTOS|10|Para Empezar|1008|Para Empezar|1008|Domicilios|7|Domicilios|7|26019.00|0.00|26019.00|0.00|0.00|0.00|26019.00|0.00|26019.00|153|26019.00|1|0|0.00|0.00|0.00|68|16
FPMI|Plataformas|21|Plataformas|21|CANASTA DE 4 EMPANADAS CACHACAS| |9528040|CANASTA DE 4 EMPANADAS CACHACAS| |9528040|ALIMENTOS|10|ALIMENTOS|10|Para Empezar|1008|Para Empezar|1008|Domicilios|7|Domicilios|7|23611.00|0.00|23611.00|0.00|0.00|0.00|23611.00|0.00|23611.00|153|23611.00|1|0|0.00|0.00|0.00|78|19
FPMI|Restaurante|1|Restaurante|1|AGUA MANANTIAL SIN GAS 500 ML| |9606135|AGUA MANANTIAL SIN GAS 500 ML| |9606135|BEBIDAS|20|BEBIDAS|20|Bebidas Sin Alcohol|3000|Bebidas Sin Alcohol|3000|Para Aqui|1|Para Aqui|1|8148.00|0.00|8148.00|0.00|0.00|0.00|8148.00|0.00|8148.00|1|8148.00|1|0|0.00|0.00|0.00|76|18
FPMI|Restaurante|1|Restaurante|1|GASEOSA 400 ml| |9606131|GASEOSA 400 ml| |9606131|BEBIDAS|20|BEBIDAS|20|Bebidas Sin Alcohol|3000|Bebidas Sin Alcohol|3000|Para Aqui|1|Para Aqui|1|15186.00|0.00|15186.00|0.00|0.00|0.00|15186.00|0.00|15186.00|1|15186.00|2|0|0.00|0.00|0.00|51|12
FPMI|Restaurante|1|Restaurante|1|Mensaje Bebidas 2024| |980000095|Mensaje Bebidas 2024| |980000095|ALIMENTOS|10|ALIMENTOS|10|Para Empezar|1008|Para Empezar|1008|Para Aqui|1|Para Aqui|1|0.00|0.00|0.00|0.00|0.00|0.00|0.00|0.00|0.00|1|0.00|1|0|0.00|0.00|0.00|61|15
FPMI|Restaurante|1|Restaurante|1|AREPA CON HOGAO| |9524092|AREPA CON HOGAO| |9524092|ALIMENTOS|10|ALIMENTOS|10|Para Empezar|1008|Para Empezar|1008|Para Aqui|1|Para Aqui|1|6852.00|0.00|6852.00|0.00|0.00|0.00|6852.00|0.00|6852.00|1|6852.00|1|0|0.00|0.00|0.00|61|15
FPMI|Restaurante|1|Restaurante|1|PATACON CON HOGAO| |9524044|PATACON CON HOGAO| |9524044|ALIMENTOS|10|ALIMENTOS|10|Para Empezar|1008|Para Empezar|1008|Para Aqui|1|Para Aqui|1|10000.00|0.00|10000.00|0.00|0.00|0.00|10000.00|0.00|10000.00|1|10000.00|1|0|0.00|0.00|0.00|52|12
FPMI|Restaurante|1|Restaurante|1|PECHUGA A LA PARRILLA 230 gr CASCO| |9506084|PECHUGA A LA PARRILLA 230 gr CASCO| |9506084|ALIMENTOS|10|ALIMENTOS|10|Para Empezar|1008|Para Empezar|1008|Para Aqui|1|Para Aqui|1|24815.00|0.00|24815.00|0.00|0.00|0.00|24815.00|0.00|24815.00|1|24815.00|1|0|0.00|0.00|0.00|50|12
FPMI|Restaurante|1|Restaurante|1|MJE ALM| |90000037|MJE ALM| |90000037|ALIMENTOS|10|ALIMENTOS|10|Para Empezar|1008|Para Empezar|1008|Para Aqui|1|Para Aqui|1|0.00|0.00|0.00|0.00|0.00|0.00|0.00|0.00|0.00|1|0.00|-1|0|0.00|0.00|0.00|58|14
FPMI|Restaurante|1|Restaurante|1|Kola Roman 400| |980000106|Kola Roman 400| |980000106|ALIMENTOS|10|ALIMENTOS|10|Para Empezar|1008|Para Empezar|1008|Para Aqui|1|Para Aqui|1|0.00|0.00|0.00|0.00|0.00|0.00|0.00|0.00|0.00|1|0.00|1|0|0.00|0.00|0.00|75|18
FPMI|Restaurante|1|Restaurante|1|TAZA DE FRIJOLES| |9520049|TAZA DE FRIJOLES| |9520049|ALIMENTOS|10|ALIMENTOS|10|Para Empezar|1008|Para Empezar|1008|Para Aqui|1|Para Aqui|1|11667.00|0.00|11667.00|0.00|0.00|0.00|11667.00|0.00|11667.00|1|11667.00|1|0|0.00|0.00|0.00|75|18
FPMI|Restaurante|1|Restaurante|1|CHICHARRON 90 gr| |9528024|CHICHARRON 90 gr| |9528024|ALIMENTOS|10|ALIMENTOS|10|Para Empezar|1008|Para Empezar|1008|Para Aqui|1|Para Aqui|1|-26667.00|0.00|-26667.00|0.00|0.00|0.00|-26667.00|0.00|-26667.00|1|-26667.00|-1|0|0.00|0.00|0.00|65|16
FPMI|Domicilios|20|Domicilios|20|AREPA CON HOGAO| |9524092|AREPA CON HOGAO| |9524092|ALIMENTOS|10|ALIMENTOS|10|Para Empezar|1008|Para Empezar|1008|Para Llevar|2|Para Llevar|2|6852.00|0.00|6852.00|0.00|0.00|0.00|6852.00|0.00|6852.00|73|6852.00|1|0|0.00|0.00|0.00|57|14
FPMI|Plataformas|21|Plataformas|21|AREPA DE CHOCOLO| |9506036|AREPA DE CHOCOLO| |9506036|ALIMENTOS|10|ALIMENTOS|10|Para Empezar|1008|Para Empezar|1008|Domicilios|7|Domicilios|7|21111.00|0.00|21111.00|0.00|0.00|0.00|21111.00|0.00|21111.00|153|21111.00|1|0|0.00|0.00|0.00|46|11
FPMI|Plataformas|21|Plataformas|21|CANASTA DE 4 EMPANADAS DE CARNE| |9528034|CANASTA DE 4 EMPANADAS DE CARNE| |9528034|ALIMENTOS|10|ALIMENTOS|10|Para Empezar|1008|Para Empezar|1008|Domicilios|7|Domicilios|7|23611.00|0.00|23611.00|0.00|0.00|0.00|23611.00|0.00|23611.00|153|23611.00|1|0|0.00|0.00|0.00|62|15
FPMI|Plataformas|21|Plataformas|21|PICADA INDIVIDUAL  ENSALADA| |9502579|PICADA INDIVIDUAL  ENSALADA| |9502579|ALIMENTOS|10|ALIMENTOS|10|Para Empezar|1008|Para Empezar|1008|Domicilios|7|Domicilios|7|33935.00|0.00|33935.00|0.00|0.00|0.00|33935.00|0.00|33935.00|177|33935.00|1|0|0.00|0.00|0.00|59|14
FPMI|Plataformas|21|Plataformas|21|CHORIPAN 100 gr| |9502076|CHORIPAN 100 gr| |9502076|ALIMENTOS|10|ALIMENTOS|10|Para Empezar|1008|Para Empezar|1008|Domicilios|7|Domicilios|7|24167.00|0.00|24167.00|0.00|0.00|0.00|24167.00|0.00|24167.00|153|24167.00|1|0|0.00|0.00|0.00|60|14
FPMI|Plataformas|21|Plataformas|21|AREPA DE CHOCOLO| |9506036|AREPA DE CHOCOLO| |9506036|ALIMENTOS|10|ALIMENTOS|10|Para Empezar|1008|Para Empezar|1008|Domicilios|7|Domicilios|7|42222.00|0.00|42222.00|0.00|0.00|0.00|42222.00|0.00|42222.00|153|42222.00|2|0|0.00|0.00|0.00|74|18
FPMI|Plataformas|21|Plataformas|21|PECHUGA A LA PARRILLA 230 gr CRIOLLA| |9506118|PECHUGA A LA PARRILLA 230 gr CRIOLLA| |9506118|ALIMENTOS|10|ALIMENTOS|10|Para Empezar|1008|Para Empezar|1008|Domicilios|7|Domicilios|7|26019.00|0.00|26019.00|0.00|0.00|0.00|26019.00|0.00|26019.00|153|26019.00|1|0|0.00|0.00|0.00|50|12
FPMI|Restaurante|1|Restaurante|1|LIMONADA HIERBABUENA| |9604066|LIMONADA HIERBABUENA| |9604066|BEBIDAS|20|BEBIDAS|20|Bebidas Sin Alcohol|3000|Bebidas Sin Alcohol|3000|Para Aqui|1|Para Aqui|1|8519.00|0.00|8519.00|0.00|0.00|0.00|8519.00|0.00|8519.00|1|8519.00|1|0|0.00|0.00|0.00|60|14
FPMI|Restaurante|1|Restaurante|1|AGUA MANANTIAL CON GAS 300 ML CON LIMON| |9606138|AGUA MANANTIAL CON GAS 300 ML CON LIMON| |9606138|BEBIDAS|20|BEBIDAS|20|Bebidas Sin Alcohol|3000|Bebidas Sin Alcohol|3000|Para Aqui|1|Para Aqui|1|6852.00|0.00|6852.00|0.00|0.00|0.00|6852.00|0.00|6852.00|1|6852.00|1|0|0.00|0.00|0.00|55|13
FPMI|Restaurante|1|Restaurante|1|JUGO DE MANGO EN AGUA| |9604156|JUGO DE MANGO EN AGUA| |9604156|BEBIDAS|20|BEBIDAS|20|Bebidas Sin Alcohol|3000|Bebidas Sin Alcohol|3000|Para Aqui|1|Para Aqui|1|10093.00|0.00|10093.00|0.00|0.00|0.00|10093.00|0.00|10093.00|1|10093.00|1|0|0.00|0.00|0.00|67|16
FPMI|Restaurante|1|Restaurante|1|GASEOSA 400 ml| |9606131|GASEOSA 400 ml| |9606131|BEBIDAS|20|BEBIDAS|20|Bebidas Sin Alcohol|3000|Bebidas Sin Alcohol|3000|Para Aqui|1|Para Aqui|1|7593.00|0.00|7593.00|0.00|0.00|0.00|7593.00|0.00|7593.00|1|7593.00|1|0|0.00|0.00|0.00|62|15
FPMI|Restaurante|1|Restaurante|1|CERVEZA CLUB COLOMBIA| |9608004|CERVEZA CLUB COLOMBIA| |9608004|BEBIDAS|20|BEBIDAS|20|Bebidas Sin Alcohol|3000|Bebidas Sin Alcohol|3000|Para Aqui|1|Para Aqui|1|11296.00|0.00|11296.00|0.00|0.00|0.00|11296.00|0.00|11296.00|1|11296.00|1|0|0.00|0.00|0.00|55|13
FPMI|Restaurante|1|Restaurante|1|LIMONADA DE PANELA| |9604067|LIMONADA DE PANELA| |9604067|BEBIDAS|20|BEBIDAS|20|Bebidas Sin Alcohol|3000|Bebidas Sin Alcohol|3000|Para Aqui|1|Para Aqui|1|18148.00|0.00|18148.00|0.00|0.00|0.00|18148.00|0.00|18148.00|1|18148.00|2|0|0.00|0.00|0.00|55|13
FPMI|Plataformas|21|Plataformas|21|JUGO DE MARACUYA EN LECHE| |9604112|JUGO DE MARACUYA EN LECHE| |9604112|BEBIDAS|20|BEBIDAS|20|Bebidas Sin Alcohol|3000|Bebidas Sin Alcohol|3000|Domicilios|7|Domicilios|7|26852.00|0.00|26852.00|0.00|0.00|0.00|26852.00|0.00|26852.00|153|26852.00|2|0|0.00|0.00|0.00|60|14
FPMI|Restaurante|1|Restaurante|1|Mod CocaCola Zero 400ml| |980000103|Mod CocaCola Zero 400ml| |980000103|ALIMENTOS|10|ALIMENTOS|10|Para Empezar|1008|Para Empezar|1008|Para Aqui|1|Para Aqui|1|0.00|0.00|0.00|0.00|0.00|0.00|0.00|0.00|0.00|1|0.00|2|0|0.00|0.00|0.00|61|15
FPMI|Restaurante|1|Restaurante|1|PECHUGA A LA PARRILLA 230 gr CRIOLLA| |9506118|PECHUGA A LA PARRILLA 230 gr CRIOLLA| |9506118|ALIMENTOS|10|ALIMENTOS|10|Para Empezar|1008|Para Empezar|1008|Para Aqui|1|Para Aqui|1|24815.00|0.00|24815.00|0.00|0.00|0.00|24815.00|0.00|24815.00|1|24815.00|1|0|0.00|0.00|0.00|61|15
FPMI|Restaurante|1|Restaurante|1|COMBO HAMBURGUESA MILAGROSA 180 gr BOT| |9508039|COMBO HAMBURGUESA MILAGROSA 180 gr BOT| |9508039|ALIMENTOS|10|ALIMENTOS|10|Para Empezar|1008|Para Empezar|1008|Para Aqui|1|Para Aqui|1|33796.00|0.00|33796.00|0.00|0.00|0.00|33796.00|0.00|33796.00|1|33796.00|1|0|0.00|0.00|0.00|55|13
FPMI|Restaurante|1|Restaurante|1|CALENTADO PAISA| |9518008|CALENTADO PAISA| |9518008|ALIMENTOS|10|ALIMENTOS|10|Para Empezar|1008|Para Empezar|1008|Para Aqui|1|Para Aqui|1|35093.00|0.00|35093.00|0.00|0.00|0.00|35093.00|0.00|35093.00|1|35093.00|1|0|0.00|0.00|0.00|55|13
FPMI|Restaurante|1|Restaurante|1|PECHUGA A LA PARRILLA 230 gr ENSALADA | |9506091|PECHUGA A LA PARRILLA 230 gr ENSALADA | |9506091|ALIMENTOS|10|ALIMENTOS|10|Para Empezar|1008|Para Empezar|1008|Para Aqui|1|Para Aqui|1|24815.00|0.00|24815.00|0.00|0.00|0.00|24815.00|0.00|24815.00|1|24815.00|1|0|0.00|0.00|0.00|51|12
FPMI|Restaurante|1|Restaurante|1|CHURRASCO 250 gr ENSALADA| |9502108|CHURRASCO 250 gr ENSALADA| |9502108|ALIMENTOS|10|ALIMENTOS|10|Para Empezar|1008|Para Empezar|1008|Para Aqui|1|Para Aqui|1|49815.00|0.00|49815.00|0.00|0.00|0.00|49815.00|0.00|49815.00|1|49815.00|1|0|0.00|0.00|0.00|55|13
FPMI|Restaurante|1|Restaurante|1|ADICION DE AGUACATE 100 gr| |9500032|ADICION DE AGUACATE 100 gr| |9500032|ALIMENTOS|10|ALIMENTOS|10|Para Empezar|1008|Para Empezar|1008|Para Aqui|1|Para Aqui|1|5648.00|0.00|5648.00|0.00|0.00|0.00|5648.00|0.00|5648.00|1|5648.00|1|0|0.00|0.00|0.00|68|16
FPMI|Restaurante|1|Restaurante|1|Mod BienAsado| |980000006|Mod BienAsado| |980000006|ALIMENTOS|10|ALIMENTOS|10|Para Empezar|1008|Para Empezar|1008|Para Aqui|1|Para Aqui|1|0.00|0.00|0.00|0.00|0.00|0.00|0.00|0.00|0.00|1|0.00|0|0|0.00|0.00|0.00|64|15
FPMI|Restaurante|1|Restaurante|1|AREPA DE CHOCOLO| |9506036|AREPA DE CHOCOLO| |9506036|ALIMENTOS|10|ALIMENTOS|10|Para Empezar|1008|Para Empezar|1008|Para Aqui|1|Para Aqui|1|20185.00|0.00|20185.00|0.00|0.00|0.00|20185.00|0.00|20185.00|1|20185.00|1|0|0.00|0.00|0.00|75|18
FPMI|Domicilios|20|Domicilios|20|CHICHARRON 90 gr| |9528024|CHICHARRON 90 gr| |9528024|ALIMENTOS|10|ALIMENTOS|10|Para Empezar|1008|Para Empezar|1008|Para Llevar|2|Para Llevar|2|53334.00|0.00|53334.00|0.00|0.00|0.00|53334.00|0.00|53334.00|73|53334.00|2|0|0.00|0.00|0.00|57|14
FPMI|Plataformas|21|Plataformas|21|TRES LECHES| |9514016|TRES LECHES| |9514016|ALIMENTOS|10|ALIMENTOS|10|Para Empezar|1008|Para Empezar|1008|Domicilios|7|Domicilios|7|26112.00|0.00|26112.00|0.00|0.00|0.00|26112.00|0.00|26112.00|153|26112.00|2|0|0.00|0.00|0.00|60|14
FPMI|Plataformas|21|Plataformas|21|PORCION DE ARROZ BLANCO| |9500064|PORCION DE ARROZ BLANCO| |9500064|ALIMENTOS|10|ALIMENTOS|10|Para Empezar|1008|Para Empezar|1008|Domicilios|7|Domicilios|7|3611.00|0.00|3611.00|0.00|0.00|0.00|3611.00|0.00|3611.00|153|3611.00|1|0|0.00|0.00|0.00|58|14
FPMI|Plataformas|21|Plataformas|21|BANDEJA PAISA| |9520036|BANDEJA PAISA| |9520036|ALIMENTOS|10|ALIMENTOS|10|Para Empezar|1008|Para Empezar|1008|Domicilios|7|Domicilios|7|44537.00|0.00|44537.00|0.00|0.00|0.00|44537.00|0.00|44537.00|153|44537.00|1|0|0.00|0.00|0.00|58|14
FPMI|Plataformas|21|Plataformas|21|CHICHARRON 90 gr| |9528024|CHICHARRON 90 gr| |9528024|ALIMENTOS|10|ALIMENTOS|10|Para Empezar|1008|Para Empezar|1008|Domicilios|7|Domicilios|7|27963.00|0.00|27963.00|0.00|0.00|0.00|27963.00|0.00|27963.00|153|27963.00|1|0|0.00|0.00|0.00|53|13
FPMI|Plataformas|21|Plataformas|21|AREPA DE CHOCOLO| |9506036|AREPA DE CHOCOLO| |9506036|ALIMENTOS|10|ALIMENTOS|10|Para Empezar|1008|Para Empezar|1008|Domicilios|7|Domicilios|7|63333.00|0.00|63333.00|0.00|0.00|0.00|63333.00|0.00|63333.00|153|63333.00|3|0|0.00|0.00|0.00|78|19
FPMI|Plataformas|21|Plataformas|21|AREPA DE CHOCOLO| |9506036|AREPA DE CHOCOLO| |9506036|ALIMENTOS|10|ALIMENTOS|10|Para Empezar|1008|Para Empezar|1008|Domicilios|7|Domicilios|7|21111.00|0.00|21111.00|0.00|0.00|0.00|21111.00|0.00|21111.00|153|21111.00|1|0|0.00|0.00|0.00|61|15
FPMI|Restaurante|1|Restaurante|1|GASEOSA 400 ml| |9606131|GASEOSA 400 ml| |9606131|BEBIDAS|20|BEBIDAS|20|Bebidas Sin Alcohol|3000|Bebidas Sin Alcohol|3000|Para Aqui|1|Para Aqui|1|15186.00|0.00|15186.00|0.00|0.00|0.00|15186.00|0.00|15186.00|1|15186.00|2|0|0.00|0.00|0.00|61|15
FPMI|Restaurante|1|Restaurante|1|JUGO DE MORA EN LECHE| |9604104|JUGO DE MORA EN LECHE| |9604104|BEBIDAS|20|BEBIDAS|20|Bebidas Sin Alcohol|3000|Bebidas Sin Alcohol|3000|Para Aqui|1|Para Aqui|1|12870.00|0.00|12870.00|0.00|0.00|0.00|12870.00|0.00|12870.00|1|12870.00|1|0|0.00|0.00|0.00|60|14
FPMI|Restaurante|1|Restaurante|1|LIMONADA NATURAL| |9604060|LIMONADA NATURAL| |9604060|BEBIDAS|20|BEBIDAS|20|Bebidas Sin Alcohol|3000|Bebidas Sin Alcohol|3000|Para Aqui|1|Para Aqui|1|8519.00|0.00|8519.00|0.00|0.00|0.00|8519.00|0.00|8519.00|1|8519.00|1|0|0.00|0.00|0.00|67|16
FPMI|Restaurante|1|Restaurante|1|GASEOSA 400 ml| |9606131|GASEOSA 400 ml| |9606131|BEBIDAS|20|BEBIDAS|20|Bebidas Sin Alcohol|3000|Bebidas Sin Alcohol|3000|Para Aqui|1|Para Aqui|1|7593.00|0.00|7593.00|0.00|0.00|0.00|7593.00|0.00|7593.00|1|7593.00|1|0|0.00|0.00|0.00|75|18
FPMI|Restaurante|1|Restaurante|1|CANASTA DE 4 EMPANADAS DE CARNE| |9528034|CANASTA DE 4 EMPANADAS DE CARNE| |9528034|ALIMENTOS|10|ALIMENTOS|10|Para Empezar|1008|Para Empezar|1008|Para Aqui|1|Para Aqui|1|22500.00|0.00|22500.00|0.00|0.00|0.00|22500.00|0.00|22500.00|1|22500.00|1|0|0.00|0.00|0.00|61|15
FPMI|Restaurante|1|Restaurante|1|SALSA CHIMICHURRI| |9500388|SALSA CHIMICHURRI| |9500388|ALIMENTOS|10|ALIMENTOS|10|Para Empezar|1008|Para Empezar|1008|Para Aqui|1|Para Aqui|1|0.00|0.00|0.00|0.00|0.00|0.00|0.00|0.00|0.00|1|0.00|3|0|0.00|0.00|0.00|69|17
FPMI|Restaurante|1|Restaurante|1|Mod 1/2| |980000002|Mod 1/2| |980000002|ALIMENTOS|10|ALIMENTOS|10|Para Empezar|1008|Para Empezar|1008|Para Aqui|1|Para Aqui|1|0.00|0.00|0.00|0.00|0.00|0.00|0.00|0.00|0.00|1|0.00|1|0|0.00|0.00|0.00|60|14
FPMI|Restaurante|1|Restaurante|1|MORCILLA 100 gr| |9502080|MORCILLA 100 gr| |9502080|ALIMENTOS|10|ALIMENTOS|10|Para Empezar|1008|Para Empezar|1008|Para Aqui|1|Para Aqui|1|10741.00|0.00|10741.00|0.00|0.00|0.00|10741.00|0.00|10741.00|1|10741.00|1|0|0.00|0.00|0.00|62|15
FPMI|Restaurante|1|Restaurante|1|MJE ALM| |90000037|MJE ALM| |90000037|ALIMENTOS|10|ALIMENTOS|10|Para Empezar|1008|Para Empezar|1008|Para Aqui|1|Para Aqui|1|0.00|0.00|0.00|0.00|0.00|0.00|0.00|0.00|0.00|1|0.00|1|0|0.00|0.00|0.00|62|15
FPMI|Restaurante|1|Restaurante|1|CHORIPAN 100 gr| |9502076|CHORIPAN 100 gr| |9502076|ALIMENTOS|10|ALIMENTOS|10|Para Empezar|1008|Para Empezar|1008|Para Aqui|1|Para Aqui|1|23056.00|0.00|23056.00|0.00|0.00|0.00|23056.00|0.00|23056.00|1|23056.00|1|0|0.00|0.00|0.00|60|14
FPMI|Restaurante|1|Restaurante|1|PECHUGA A LA PARRILLA 230 gr FRANCESA | |9506090|PECHUGA A LA PARRILLA 230 gr FRANCESA | |9506090|ALIMENTOS|10|ALIMENTOS|10|Para Empezar|1008|Para Empezar|1008|Para Aqui|1|Para Aqui|1|24815.00|0.00|24815.00|0.00|0.00|0.00|24815.00|0.00|24815.00|1|24815.00|1|0|0.00|0.00|0.00|50|12
FPMI|Restaurante|1|Restaurante|1|Mod CocaCola Original 400ml| |980000102|Mod CocaCola Original 400ml| |980000102|ALIMENTOS|10|ALIMENTOS|10|Para Empezar|1008|Para Empezar|1008|Para Aqui|1|Para Aqui|1|0.00|0.00|0.00|0.00|0.00|0.00|0.00|0.00|0.00|1|0.00|1|0|0.00|0.00|0.00|77|19
FPMI|Restaurante|1|Restaurante|1|CALENTADO ANDRES| |9518004|CALENTADO ANDRES| |9518004|ALIMENTOS|10|ALIMENTOS|10|Para Empezar|1008|Para Empezar|1008|Para Aqui|1|Para Aqui|1|35093.00|0.00|35093.00|0.00|0.00|0.00|35093.00|0.00|35093.00|1|35093.00|1|0|0.00|0.00|0.00|75|18
FPMI|Restaurante|1|Restaurante|1|MJE ALM| |90000037|MJE ALM| |90000037|ALIMENTOS|10|ALIMENTOS|10|Para Empezar|1008|Para Empezar|1008|Para Aqui|1|Para Aqui|1|0.00|0.00|0.00|0.00|0.00|0.00|0.00|0.00|0.00|1|0.00|1|0|0.00|0.00|0.00|75|18
FPMI|Restaurante|1|Restaurante|1|MORCILLA 100 gr| |9502080|MORCILLA 100 gr| |9502080|ALIMENTOS|10|ALIMENTOS|10|Para Empezar|1008|Para Empezar|1008|Para Aqui|1|Para Aqui|1|21482.00|0.00|21482.00|0.00|0.00|0.00|21482.00|0.00|21482.00|1|21482.00|2|0|0.00|0.00|0.00|55|13
FPMI|Restaurante|1|Restaurante|1|PINCHO DE POLLO X 100 GRS| |9502527|PINCHO DE POLLO X 100 GRS| |9502527|ALIMENTOS|10|ALIMENTOS|10|Para Empezar|1008|Para Empezar|1008|Para Aqui|1|Para Aqui|1|14722.00|0.00|14722.00|0.00|0.00|0.00|14722.00|0.00|14722.00|1|14722.00|1|0|0.00|0.00|0.00|75|18
FPMI|Plataformas|21|Plataformas|21|CAZUELA DE FRIJOLES| |9520032|CAZUELA DE FRIJOLES| |9520032|ALIMENTOS|10|ALIMENTOS|10|Para Empezar|1008|Para Empezar|1008|Domicilios|7|Domicilios|7|38611.00|0.00|38611.00|0.00|0.00|0.00|38611.00|0.00|38611.00|153|38611.00|1|0|0.00|0.00|0.00|60|14
FPMI|Plataformas|21|Plataformas|21|PECHUGA A LA PARRILLA 230 gr ARROZ| |9506120|PECHUGA A LA PARRILLA 230 gr ARROZ| |9506120|ALIMENTOS|10|ALIMENTOS|10|Para Empezar|1008|Para Empezar|1008|Domicilios|7|Domicilios|7|26019.00|0.00|26019.00|0.00|0.00|0.00|26019.00|0.00|26019.00|153|26019.00|1|0|0.00|0.00|0.00|49|12
FPMI|Plataformas|21|Plataformas|21|CHORIPAN 100 gr| |9502076|CHORIPAN 100 gr| |9502076|ALIMENTOS|10|ALIMENTOS|10|Para Empezar|1008|Para Empezar|1008|Domicilios|7|Domicilios|7|24167.00|0.00|24167.00|0.00|0.00|0.00|24167.00|0.00|24167.00|153|24167.00|1|0|0.00|0.00|0.00|78|19
FPMI|Restaurante|1|Restaurante|1|LIMONADA NATURAL| |9604060|LIMONADA NATURAL| |9604060|BEBIDAS|20|BEBIDAS|20|Bebidas Sin Alcohol|3000|Bebidas Sin Alcohol|3000|Para Aqui|1|Para Aqui|1|8519.00|0.00|8519.00|0.00|0.00|0.00|8519.00|0.00|8519.00|1|8519.00|1|0|0.00|0.00|0.00|60|14
FPMI|Plataformas|21|Plataformas|21|GASEOSA 400 ml| |9606131|GASEOSA 400 ml| |9606131|BEBIDAS|20|BEBIDAS|20|Bebidas Sin Alcohol|3000|Bebidas Sin Alcohol|3000|Domicilios|7|Domicilios|7|7963.00|0.00|7963.00|0.00|0.00|0.00|7963.00|0.00|7963.00|153|7963.00|1|0|0.00|0.00|0.00|58|14
FPMI|Restaurante|1|Restaurante|1|Mod 3/4| |980000004|Mod 3/4| |980000004|ALIMENTOS|10|ALIMENTOS|10|Para Empezar|1008|Para Empezar|1008|Para Aqui|1|Para Aqui|1|0.00|0.00|0.00|0.00|0.00|0.00|0.00|0.00|0.00|1|0.00|1|0|0.00|0.00|0.00|61|15
FPMI|Restaurante|1|Restaurante|1|Mod CocaCola Original 400ml| |980000102|Mod CocaCola Original 400ml| |980000102|ALIMENTOS|10|ALIMENTOS|10|Para Empezar|1008|Para Empezar|1008|Para Aqui|1|Para Aqui|1|0.00|0.00|0.00|0.00|0.00|0.00|0.00|0.00|0.00|1|0.00|1|0|0.00|0.00|0.00|55|13
FPMI|Restaurante|1|Restaurante|1|CHORIZO ANTIOQUENO 100 gr| |9502084|CHORIZO ANTIOQUENO 100 gr| |9502084|ALIMENTOS|10|ALIMENTOS|10|Para Empezar|1008|Para Empezar|1008|Para Aqui|1|Para Aqui|1|13519.00|0.00|13519.00|0.00|0.00|0.00|13519.00|0.00|13519.00|1|13519.00|1|0|0.00|0.00|0.00|55|13
FPMI|Restaurante|1|Restaurante|1|PAPA FRANCESA| |9500452|PAPA FRANCESA| |9500452|ALIMENTOS|10|ALIMENTOS|10|Para Empezar|1008|Para Empezar|1008|Para Aqui|1|Para Aqui|1|7222.00|0.00|7222.00|0.00|0.00|0.00|7222.00|0.00|7222.00|1|7222.00|1|0|0.00|0.00|0.00|55|13
FPMI|Restaurante|1|Restaurante|1|COMO ENTRADA| |90000038|COMO ENTRADA| |90000038|ALIMENTOS|10|ALIMENTOS|10|Para Empezar|1008|Para Empezar|1008|Para Aqui|1|Para Aqui|1|0.00|0.00|0.00|0.00|0.00|0.00|0.00|0.00|0.00|1|0.00|1|0|0.00|0.00|0.00|67|16
FPMI|Restaurante|1|Restaurante|1|AJIACO NINOS| |9542004|AJIACO NINOS| |9542004|ALIMENTOS|10|ALIMENTOS|10|Para Empezar|1008|Para Empezar|1008|Para Aqui|1|Para Aqui|1|19444.00|0.00|19444.00|0.00|0.00|0.00|19444.00|0.00|19444.00|1|19444.00|1|0|0.00|0.00|0.00|67|16
FPMI|Restaurante|1|Restaurante|1|Mod BienAsado| |980000006|Mod BienAsado| |980000006|ALIMENTOS|10|ALIMENTOS|10|Para Empezar|1008|Para Empezar|1008|Para Aqui|1|Para Aqui|1|0.00|0.00|0.00|0.00|0.00|0.00|0.00|0.00|0.00|1|0.00|1|0|0.00|0.00|0.00|62|15
FPMI|Restaurante|1|Restaurante|1|COMBO HAMBURGUESA MILAGROSA 180 gr BOT| |9508039|COMBO HAMBURGUESA MILAGROSA 180 gr BOT| |9508039|ALIMENTOS|10|ALIMENTOS|10|Para Empezar|1008|Para Empezar|1008|Para Aqui|1|Para Aqui|1|33796.00|0.00|33796.00|0.00|0.00|0.00|33796.00|0.00|33796.00|1|33796.00|1|0|0.00|0.00|0.00|62|15
FPMI|Restaurante|1|Restaurante|1|AREPA DE CHOCOLO| |9506036|AREPA DE CHOCOLO| |9506036|ALIMENTOS|10|ALIMENTOS|10|Para Empezar|1008|Para Empezar|1008|Para Aqui|1|Para Aqui|1|20185.00|0.00|20185.00|0.00|0.00|0.00|20185.00|0.00|20185.00|1|20185.00|1|0|0.00|0.00|0.00|72|17
FPMI|Restaurante|1|Restaurante|1|PUNTA DE ANCA 250 gr CASCO| |9502232|PUNTA DE ANCA 250 gr CASCO| |9502232|ALIMENTOS|10|ALIMENTOS|10|Para Empezar|1008|Para Empezar|1008|Para Aqui|1|Para Aqui|1|52593.00|0.00|52593.00|0.00|0.00|0.00|52593.00|0.00|52593.00|1|52593.00|1|0|0.00|0.00|0.00|55|13
FPMI|Restaurante|1|Restaurante|1|Mod 3/4| |980000004|Mod 3/4| |980000004|ALIMENTOS|10|ALIMENTOS|10|Para Empezar|1008|Para Empezar|1008|Para Aqui|1|Para Aqui|1|0.00|0.00|0.00|0.00|0.00|0.00|0.00|0.00|0.00|1|0.00|3|0|0.00|0.00|0.00|55|13
FPMI|Restaurante|1|Restaurante|1|Mod CocaCola Zero 400ml| |980000103|Mod CocaCola Zero 400ml| |980000103|ALIMENTOS|10|ALIMENTOS|10|Para Empezar|1008|Para Empezar|1008|Para Aqui|1|Para Aqui|1|0.00|0.00|0.00|0.00|0.00|0.00|0.00|0.00|0.00|1|0.00|1|0|0.00|0.00|0.00|59|14
FPMI|Restaurante|1|Restaurante|1|COMO ENTRADA| |90000038|COMO ENTRADA| |90000038|ALIMENTOS|10|ALIMENTOS|10|Para Empezar|1008|Para Empezar|1008|Para Aqui|1|Para Aqui|1|0.00|0.00|0.00|0.00|0.00|0.00|0.00|0.00|0.00|1|0.00|2|0|0.00|0.00|0.00|75|18
FPMI|Restaurante|1|Restaurante|1|MORCILLA 100 gr| |9502080|MORCILLA 100 gr| |9502080|ALIMENTOS|10|ALIMENTOS|10|Para Empezar|1008|Para Empezar|1008|Para Aqui|1|Para Aqui|1|10741.00|0.00|10741.00|0.00|0.00|0.00|10741.00|0.00|10741.00|1|10741.00|1|0|0.00|0.00|0.00|75|18
FPMI|Restaurante|1|Restaurante|1|PORCION DE ARROZ BLANCO| |9500064|PORCION DE ARROZ BLANCO| |9500064|ALIMENTOS|10|ALIMENTOS|10|Para Empezar|1008|Para Empezar|1008|Para Aqui|1|Para Aqui|1|3426.00|0.00|3426.00|0.00|0.00|0.00|3426.00|0.00|3426.00|1|3426.00|1|0|0.00|0.00|0.00|75|18
FPMI|Restaurante|1|Restaurante|1|MJE ALM| |90000037|MJE ALM| |90000037|ALIMENTOS|10|ALIMENTOS|10|Para Empezar|1008|Para Empezar|1008|Para Aqui|1|Para Aqui|1|0.00|0.00|0.00|0.00|0.00|0.00|0.00|0.00|0.00|1|0.00|1|0|0.00|0.00|0.00|56|13
FPMI|Restaurante|1|Restaurante|1|CALENTADO ANDRES| |9518004|CALENTADO ANDRES| |9518004|ALIMENTOS|10|ALIMENTOS|10|Para Empezar|1008|Para Empezar|1008|Para Aqui|1|Para Aqui|1|35093.00|0.00|35093.00|0.00|0.00|0.00|35093.00|0.00|35093.00|1|35093.00|1|0|0.00|0.00|0.00|78|19
FPMI|Restaurante|1|Restaurante|1|SOPA DE VERDURAS| |9520050|SOPA DE VERDURAS| |9520050|ALIMENTOS|10|ALIMENTOS|10|Para Empezar|1008|Para Empezar|1008|Para Aqui|1|Para Aqui|1|13148.00|0.00|13148.00|0.00|0.00|0.00|13148.00|0.00|13148.00|1|13148.00|1|0|0.00|0.00|0.00|78|19
FPMI|Domicilios|20|Domicilios|20|PAPA CRIOLLA| |9500288|PAPA CRIOLLA| |9500288|ALIMENTOS|10|ALIMENTOS|10|Para Empezar|1008|Para Empezar|1008|Para Llevar|2|Para Llevar|2|7222.00|0.00|7222.00|0.00|0.00|0.00|7222.00|0.00|7222.00|73|7222.00|1|0|0.00|0.00|0.00|57|14
FPMI|Domicilios|20|Domicilios|20|CAZUELA DE FRIJOLES| |9520032|CAZUELA DE FRIJOLES| |9520032|ALIMENTOS|10|ALIMENTOS|10|Para Empezar|1008|Para Empezar|1008|Para Llevar|2|Para Llevar|2|110556.00|0.00|110556.00|0.00|0.00|0.00|110556.00|0.00|110556.00|73|110556.00|3|0|0.00|0.00|0.00|58|14
FPMI|Plataformas|21|Plataformas|21|CAZUELA DE FRIJOLES| |9520032|CAZUELA DE FRIJOLES| |9520032|ALIMENTOS|10|ALIMENTOS|10|Para Empezar|1008|Para Empezar|1008|Domicilios|7|Domicilios|7|38611.00|0.00|38611.00|0.00|0.00|0.00|38611.00|0.00|38611.00|153|38611.00|1|0|0.00|0.00|0.00|57|14
FPMI|Plataformas|21|Plataformas|21|AJIACO  POLLO| |9520008|AJIACO  POLLO| |9520008|ALIMENTOS|10|ALIMENTOS|10|Para Empezar|1008|Para Empezar|1008|Domicilios|7|Domicilios|7|107223.00|0.00|107223.00|0.00|0.00|0.00|107223.00|0.00|107223.00|153|107223.00|3|0|0.00|0.00|0.00|61|15
FPMI|Plataformas|21|Plataformas|21|LOMO 220 gr PAPA CRIOLLA| |9502513|LOMO 220 gr PAPA CRIOLLA| |9502513|ALIMENTOS|10|ALIMENTOS|10|Para Empezar|1008|Para Empezar|1008|Domicilios|7|Domicilios|7|57130.00|0.00|57130.00|0.00|0.00|0.00|57130.00|0.00|57130.00|153|57130.00|1|0|0.00|0.00|0.00|52|12
FPMI|Plataformas|21|Plataformas|21|LOMO 220 gr ENSALADA| |9502516|LOMO 220 gr ENSALADA| |9502516|ALIMENTOS|10|ALIMENTOS|10|Para Empezar|1008|Para Empezar|1008|Domicilios|7|Domicilios|7|57130.00|0.00|57130.00|0.00|0.00|0.00|57130.00|0.00|57130.00|153|57130.00|1|0|0.00|0.00|0.00|68|16
FPMI|Plataformas|21|Plataformas|21|PECHUGA A LA PARRILLA 230 gr CRIOLLA| |9506118|PECHUGA A LA PARRILLA 230 gr CRIOLLA| |9506118|ALIMENTOS|10|ALIMENTOS|10|Para Empezar|1008|Para Empezar|1008|Domicilios|7|Domicilios|7|26019.00|0.00|26019.00|0.00|0.00|0.00|26019.00|0.00|26019.00|153|26019.00|1|0|0.00|0.00|0.00|74|18
FPMI|Restaurante|1|Restaurante|1|JUGO DE MARACUYA EN LECHE| |9604112|JUGO DE MARACUYA EN LECHE| |9604112|BEBIDAS|20|BEBIDAS|20|Bebidas Sin Alcohol|3000|Bebidas Sin Alcohol|3000|Para Aqui|1|Para Aqui|1|25740.00|0.00|25740.00|0.00|0.00|0.00|25740.00|0.00|25740.00|1|25740.00|2|0|0.00|0.00|0.00|63|15
FPMI|Restaurante|1|Restaurante|1|CERVEZA CLUB COLOMBIA| |9608004|CERVEZA CLUB COLOMBIA| |9608004|BEBIDAS|20|BEBIDAS|20|Bebidas Sin Alcohol|3000|Bebidas Sin Alcohol|3000|Para Aqui|1|Para Aqui|1|11296.00|0.00|11296.00|0.00|0.00|0.00|11296.00|0.00|11296.00|1|11296.00|1|0|0.00|0.00|0.00|58|14
FPMI|Restaurante|1|Restaurante|1|FUZE TE LIMON| |9606096|FUZE TE LIMON| |9606096|BEBIDAS|20|BEBIDAS|20|Bebidas Sin Alcohol|3000|Bebidas Sin Alcohol|3000|Para Aqui|1|Para Aqui|1|6389.00|0.00|6389.00|0.00|0.00|0.00|6389.00|0.00|6389.00|1|6389.00|1|0|0.00|0.00|0.00|78|19
FPMI|Restaurante|1|Restaurante|1|Mod 3/4| |980000004|Mod 3/4| |980000004|ALIMENTOS|10|ALIMENTOS|10|Para Empezar|1008|Para Empezar|1008|Para Aqui|1|Para Aqui|1|0.00|0.00|0.00|0.00|0.00|0.00|0.00|0.00|0.00|1|0.00|1|0|0.00|0.00|0.00|68|16
FPMI|Restaurante|1|Restaurante|1|AREPA DE CHOCOLO| |9506036|AREPA DE CHOCOLO| |9506036|ALIMENTOS|10|ALIMENTOS|10|Para Empezar|1008|Para Empezar|1008|Para Aqui|1|Para Aqui|1|40370.00|0.00|40370.00|0.00|0.00|0.00|40370.00|0.00|40370.00|1|40370.00|2|0|0.00|0.00|0.00|61|15
FPMI|Restaurante|1|Restaurante|1|BISTEC ENTRECOT 180 gr  CASCO| |9502519|BISTEC ENTRECOT 180 gr  CASCO| |9502519|ALIMENTOS|10|ALIMENTOS|10|Para Empezar|1008|Para Empezar|1008|Para Aqui|1|Para Aqui|1|38704.00|0.00|38704.00|0.00|0.00|0.00|38704.00|0.00|38704.00|1|38704.00|1|0|0.00|0.00|0.00|60|14
FPMI|Restaurante|1|Restaurante|1|SALMON A LA PLANCHA 200 gr ENSALADA| |9504162|SALMON A LA PLANCHA 200 gr ENSALADA| |9504162|ALIMENTOS|10|ALIMENTOS|10|Para Empezar|1008|Para Empezar|1008|Para Aqui|1|Para Aqui|1|49815.00|0.00|49815.00|0.00|0.00|0.00|49815.00|0.00|49815.00|1|49815.00|1|0|0.00|0.00|0.00|55|13
FPMI|Restaurante|1|Restaurante|1|PECHUGA A LA PARRILLA 230 gr ENSALADA | |9506091|PECHUGA A LA PARRILLA 230 gr ENSALADA | |9506091|ALIMENTOS|10|ALIMENTOS|10|Para Empezar|1008|Para Empezar|1008|Para Aqui|1|Para Aqui|1|24815.00|0.00|24815.00|0.00|0.00|0.00|24815.00|0.00|24815.00|1|24815.00|1|0|0.00|0.00|0.00|67|16
FPMI|Restaurante|1|Restaurante|1|Mensaje Bebidas 2024| |980000095|Mensaje Bebidas 2024| |980000095|ALIMENTOS|10|ALIMENTOS|10|Para Empezar|1008|Para Empezar|1008|Para Aqui|1|Para Aqui|1|0.00|0.00|0.00|0.00|0.00|0.00|0.00|0.00|0.00|1|0.00|1|0|0.00|0.00|0.00|67|16
FPMI|Restaurante|1|Restaurante|1|COMBO HAMBURGUESA CAMPESINA 125 gr BOT| |9508022|COMBO HAMBURGUESA CAMPESINA 125 gr BOT| |9508022|ALIMENTOS|10|ALIMENTOS|10|Para Empezar|1008|Para Empezar|1008|Para Aqui|1|Para Aqui|1|58518.00|0.00|58518.00|0.00|0.00|0.00|58518.00|0.00|58518.00|1|58518.00|2|0|0.00|0.00|0.00|62|15
FPMI|Restaurante|1|Restaurante|1|COMO ENTRADA| |90000038|COMO ENTRADA| |90000038|ALIMENTOS|10|ALIMENTOS|10|Para Empezar|1008|Para Empezar|1008|Para Aqui|1|Para Aqui|1|0.00|0.00|0.00|0.00|0.00|0.00|0.00|0.00|0.00|1|0.00|1|0|0.00|0.00|0.00|51|12
FPMI|Restaurante|1|Restaurante|1|AJIACO NINOS| |9542004|AJIACO NINOS| |9542004|ALIMENTOS|10|ALIMENTOS|10|Para Empezar|1008|Para Empezar|1008|Para Aqui|1|Para Aqui|1|19444.00|0.00|19444.00|0.00|0.00|0.00|19444.00|0.00|19444.00|1|19444.00|1|0|0.00|0.00|0.00|72|17
FPMI|Restaurante|1|Restaurante|1|PECHUGA A LA PARRILLA 230 gr CASCO| |9506084|PECHUGA A LA PARRILLA 230 gr CASCO| |9506084|ALIMENTOS|10|ALIMENTOS|10|Para Empezar|1008|Para Empezar|1008|Para Aqui|1|Para Aqui|1|49630.00|0.00|49630.00|0.00|0.00|0.00|49630.00|0.00|49630.00|1|49630.00|2|0|0.00|0.00|0.00|55|13
FPMI|Restaurante|1|Restaurante|1|PUNTA DE ANCA 250 gr ENSALADA| |9502234|PUNTA DE ANCA 250 gr ENSALADA| |9502234|ALIMENTOS|10|ALIMENTOS|10|Para Empezar|1008|Para Empezar|1008|Para Aqui|1|Para Aqui|1|52593.00|0.00|52593.00|0.00|0.00|0.00|52593.00|0.00|52593.00|1|52593.00|1|0|0.00|0.00|0.00|55|13
FPMI|Restaurante|1|Restaurante|1|EMPANADA MIXTA 4 UNIDADES| |9528041|EMPANADA MIXTA 4 UNIDADES| |9528041|ALIMENTOS|10|ALIMENTOS|10|Para Empezar|1008|Para Empezar|1008|Para Aqui|1|Para Aqui|1|22500.00|0.00|22500.00|0.00|0.00|0.00|22500.00|0.00|22500.00|1|22500.00|1|0|0.00|0.00|0.00|75|18
FPMI|Restaurante|1|Restaurante|1|Mod CocaCola Original 400ml| |980000102|Mod CocaCola Original 400ml| |980000102|ALIMENTOS|10|ALIMENTOS|10|Para Empezar|1008|Para Empezar|1008|Para Aqui|1|Para Aqui|1|0.00|0.00|0.00|0.00|0.00|0.00|0.00|0.00|0.00|1|0.00|2|0|0.00|0.00|0.00|51|12
FPMI|Restaurante|1|Restaurante|1|AREPA DE CHOCOLO| |9506036|AREPA DE CHOCOLO| |9506036|ALIMENTOS|10|ALIMENTOS|10|Para Empezar|1008|Para Empezar|1008|Para Aqui|1|Para Aqui|1|40370.00|0.00|40370.00|0.00|0.00|0.00|40370.00|0.00|40370.00|1|40370.00|2|0|0.00|0.00|0.00|51|12
FPMI|Restaurante|1|Restaurante|1|Mod CocaCola Zero 400ml| |980000103|Mod CocaCola Zero 400ml| |980000103|ALIMENTOS|10|ALIMENTOS|10|Para Empezar|1008|Para Empezar|1008|Para Aqui|1|Para Aqui|1|0.00|0.00|0.00|0.00|0.00|0.00|0.00|0.00|0.00|1|0.00|2|0|0.00|0.00|0.00|75|18
FPMI|Plataformas|21|Plataformas|21|PAPA CRIOLLA| |9500288|PAPA CRIOLLA| |9500288|ALIMENTOS|10|ALIMENTOS|10|Para Empezar|1008|Para Empezar|1008|Domicilios|7|Domicilios|7|7500.00|0.00|7500.00|0.00|0.00|0.00|7500.00|0.00|7500.00|153|7500.00|1|0|0.00|0.00|0.00|46|11
FPMI|Plataformas|21|Plataformas|21|CAZUELA DE FRIJOLES| |9520032|CAZUELA DE FRIJOLES| |9520032|ALIMENTOS|10|ALIMENTOS|10|Para Empezar|1008|Para Empezar|1008|Domicilios|7|Domicilios|7|38611.00|0.00|38611.00|0.00|0.00|0.00|38611.00|0.00|38611.00|153|38611.00|1|0|0.00|0.00|0.00|58|14
FPMI|Plataformas|21|Plataformas|21|AREPA DE CHOCOLO| |9506036|AREPA DE CHOCOLO| |9506036|ALIMENTOS|10|ALIMENTOS|10|Para Empezar|1008|Para Empezar|1008|Domicilios|7|Domicilios|7|21111.00|0.00|21111.00|0.00|0.00|0.00|21111.00|0.00|21111.00|153|21111.00|1|0|0.00|0.00|0.00|62|15
FPMI|Plataformas|21|Plataformas|21|PECHUGA A LA PARRILLA 230 gr ENSALADA | |9506091|PECHUGA A LA PARRILLA 230 gr ENSALADA | |9506091|ALIMENTOS|10|ALIMENTOS|10|Para Empezar|1008|Para Empezar|1008|Domicilios|7|Domicilios|7|23148.00|0.00|23148.00|0.00|0.00|0.00|23148.00|0.00|23148.00|177|23148.00|1|0|0.00|0.00|0.00|58|14
FPMI|Plataformas|21|Plataformas|21|PICADA INDIVIDUAL  ENSALADA| |9502579|PICADA INDIVIDUAL  ENSALADA| |9502579|ALIMENTOS|10|ALIMENTOS|10|Para Empezar|1008|Para Empezar|1008|Domicilios|7|Domicilios|7|33935.00|0.00|33935.00|0.00|0.00|0.00|33935.00|0.00|33935.00|177|33935.00|1|0|0.00|0.00|0.00|53|13
FPMI|Plataformas|21|Plataformas|21|ADICION DE AGUACATE 100 gr| |9500032|ADICION DE AGUACATE 100 gr| |9500032|ALIMENTOS|10|ALIMENTOS|10|Para Empezar|1008|Para Empezar|1008|Domicilios|7|Domicilios|7|5741.00|0.00|5741.00|0.00|0.00|0.00|5741.00|0.00|5741.00|153|5741.00|1|0|0.00|0.00|0.00|60|14
FPMI|Plataformas|21|Plataformas|21|AJIACO  POLLO| |9520008|AJIACO  POLLO| |9520008|ALIMENTOS|10|ALIMENTOS|10|Para Empezar|1008|Para Empezar|1008|Domicilios|7|Domicilios|7|71482.00|0.00|71482.00|0.00|0.00|0.00|71482.00|0.00|71482.00|153|71482.00|2|0|0.00|0.00|0.00|60|14
FPMI|Plataformas|21|Plataformas|21|PECHUGA A LA PARRILLA 230 gr ARROZ| |9506120|PECHUGA A LA PARRILLA 230 gr ARROZ| |9506120|ALIMENTOS|10|ALIMENTOS|10|Para Empezar|1008|Para Empezar|1008|Domicilios|7|Domicilios|7|26019.00|0.00|26019.00|0.00|0.00|0.00|26019.00|0.00|26019.00|153|26019.00|1|0|0.00|0.00|0.00|77|19
FPMI|Plataformas|21|Plataformas|21|SOPA DE VERDURAS| |9520050|SOPA DE VERDURAS| |9520050|ALIMENTOS|10|ALIMENTOS|10|Para Empezar|1008|Para Empezar|1008|Domicilios|7|Domicilios|7|13796.00|0.00|13796.00|0.00|0.00|0.00|13796.00|0.00|13796.00|153|13796.00|1|0|0.00|0.00|0.00|77|19
FPMI|Restaurante|1|Restaurante|1|SODA CON LIMON| |9606141|SODA CON LIMON| |9606141|BEBIDAS|20|BEBIDAS|20|Bebidas Sin Alcohol|3000|Bebidas Sin Alcohol|3000|Para Aqui|1|Para Aqui|1|7222.00|0.00|7222.00|0.00|0.00|0.00|7222.00|0.00|7222.00|1|7222.00|1|0|0.00|0.00|0.00|68|16
FPMI|Restaurante|1|Restaurante|1|CERVEZA CLUB COLOMBIA| |9608004|CERVEZA CLUB COLOMBIA| |9608004|BEBIDAS|20|BEBIDAS|20|Bebidas Sin Alcohol|3000|Bebidas Sin Alcohol|3000|Para Aqui|1|Para Aqui|1|22592.00|0.00|22592.00|0.00|0.00|0.00|22592.00|0.00|22592.00|1|22592.00|2|0|0.00|0.00|0.00|52|12
FPMI|Restaurante|1|Restaurante|1|AGUA MANANTIAL SIN GAS 500 ML| |9606135|AGUA MANANTIAL SIN GAS 500 ML| |9606135|BEBIDAS|20|BEBIDAS|20|Bebidas Sin Alcohol|3000|Bebidas Sin Alcohol|3000|Para Aqui|1|Para Aqui|1|8148.00|0.00|8148.00|0.00|0.00|0.00|8148.00|0.00|8148.00|1|8148.00|1|0|0.00|0.00|0.00|51|12
FPMI|Restaurante|1|Restaurante|1|SODA CON LIMON| |9606141|SODA CON LIMON| |9606141|BEBIDAS|20|BEBIDAS|20|Bebidas Sin Alcohol|3000|Bebidas Sin Alcohol|3000|Para Aqui|1|Para Aqui|1|14444.00|0.00|14444.00|0.00|0.00|0.00|14444.00|0.00|14444.00|1|14444.00|2|0|0.00|0.00|0.00|55|13
FPMI|Restaurante|1|Restaurante|1|LIMONADA NATURAL| |9604060|LIMONADA NATURAL| |9604060|BEBIDAS|20|BEBIDAS|20|Bebidas Sin Alcohol|3000|Bebidas Sin Alcohol|3000|Para Aqui|1|Para Aqui|1|17038.00|0.00|17038.00|0.00|0.00|0.00|17038.00|0.00|17038.00|1|17038.00|2|0|0.00|0.00|0.00|55|13
FPMI|Restaurante|1|Restaurante|1|TINTO COLADO AEX| |9602121|TINTO COLADO AEX| |9602121|BEBIDAS|20|BEBIDAS|20|Bebidas Sin Alcohol|3000|Bebidas Sin Alcohol|3000|Para Aqui|1|Para Aqui|1|4537.00|0.00|4537.00|0.00|0.00|0.00|4537.00|0.00|4537.00|1|4537.00|1|0|0.00|0.00|0.00|78|19
FPMI|Restaurante|1|Restaurante|1|SALSA BABY| |9500376|SALSA BABY| |9500376|ALIMENTOS|10|ALIMENTOS|10|Para Empezar|1008|Para Empezar|1008|Para Aqui|1|Para Aqui|1|0.00|0.00|0.00|0.00|0.00|0.00|0.00|0.00|0.00|1|0.00|4|0|0.00|0.00|0.00|69|17
FPMI|Restaurante|1|Restaurante|1|CUCHUCO CON ESPINAZO| |9520020|CUCHUCO CON ESPINAZO| |9520020|ALIMENTOS|10|ALIMENTOS|10|Para Empezar|1008|Para Empezar|1008|Para Aqui|1|Para Aqui|1|34167.00|0.00|34167.00|0.00|0.00|0.00|34167.00|0.00|34167.00|1|34167.00|1|0|0.00|0.00|0.00|55|13
FPMI|Restaurante|1|Restaurante|1|HAMBURGUESA CAMPESINA 125 gr| |9508008|HAMBURGUESA CAMPESINA 125 gr| |9508008|ALIMENTOS|10|ALIMENTOS|10|Para Empezar|1008|Para Empezar|1008|Para Aqui|1|Para Aqui|1|18333.00|0.00|18333.00|0.00|0.00|0.00|18333.00|0.00|18333.00|1|18333.00|1|0|0.00|0.00|0.00|62|15
FPMI|Restaurante|1|Restaurante|1|PINCHO DE LOMO X 100 GRS| |9502526|PINCHO DE LOMO X 100 GRS| |9502526|ALIMENTOS|10|ALIMENTOS|10|Para Empezar|1008|Para Empezar|1008|Para Aqui|1|Para Aqui|1|18333.00|0.00|18333.00|0.00|0.00|0.00|18333.00|0.00|18333.00|1|18333.00|1|0|0.00|0.00|0.00|60|14
FPMI|Restaurante|1|Restaurante|1|Mensaje Bebidas 2024| |980000095|Mensaje Bebidas 2024| |980000095|ALIMENTOS|10|ALIMENTOS|10|Para Empezar|1008|Para Empezar|1008|Para Aqui|1|Para Aqui|1|0.00|0.00|0.00|0.00|0.00|0.00|0.00|0.00|0.00|1|0.00|2|0|0.00|0.00|0.00|55|13
FPMI|Restaurante|1|Restaurante|1|COMO ENTRADA| |90000038|COMO ENTRADA| |90000038|ALIMENTOS|10|ALIMENTOS|10|Para Empezar|1008|Para Empezar|1008|Para Aqui|1|Para Aqui|1|0.00|0.00|0.00|0.00|0.00|0.00|0.00|0.00|0.00|1|0.00|1|0|0.00|0.00|0.00|59|14
FPMI|Restaurante|1|Restaurante|1|CAZUELA DE FRIJOLES| |9520032|CAZUELA DE FRIJOLES| |9520032|ALIMENTOS|10|ALIMENTOS|10|Para Empezar|1008|Para Empezar|1008|Para Aqui|1|Para Aqui|1|-110556.00|0.00|-110556.00|0.00|0.00|0.00|-110556.00|0.00|-110556.00|1|-110556.00|-3|0|0.00|0.00|0.00|58|14
FPMI|Restaurante|1|Restaurante|1|COMBO HAMBURGUESA MILAGROSA 180 gr BOT| |9508039|COMBO HAMBURGUESA MILAGROSA 180 gr BOT| |9508039|ALIMENTOS|10|ALIMENTOS|10|Para Empezar|1008|Para Empezar|1008|Para Aqui|1|Para Aqui|1|33796.00|0.00|33796.00|0.00|0.00|0.00|33796.00|0.00|33796.00|1|33796.00|1|0|0.00|0.00|0.00|77|19
FPMI|Restaurante|1|Restaurante|1|COMBO HAMBURGUESA CAMPESINA 125 gr BOT| |9508022|COMBO HAMBURGUESA CAMPESINA 125 gr BOT| |9508022|ALIMENTOS|10|ALIMENTOS|10|Para Empezar|1008|Para Empezar|1008|Para Aqui|1|Para Aqui|1|87777.00|0.00|87777.00|0.00|0.00|0.00|87777.00|0.00|87777.00|1|87777.00|3|0|0.00|0.00|0.00|75|18
FPMI|Restaurante|1|Restaurante|1|Mod CocaCola Original 400ml| |980000102|Mod CocaCola Original 400ml| |980000102|ALIMENTOS|10|ALIMENTOS|10|Para Empezar|1008|Para Empezar|1008|Para Aqui|1|Para Aqui|1|0.00|0.00|0.00|0.00|0.00|0.00|0.00|0.00|0.00|1|0.00|2|0|0.00|0.00|0.00|75|18
FPMI|Restaurante|1|Restaurante|1|COMBO HAMBURGUESA MILAGROSA 180 gr BOT| |9508039|COMBO HAMBURGUESA MILAGROSA 180 gr BOT| |9508039|ALIMENTOS|10|ALIMENTOS|10|Para Empezar|1008|Para Empezar|1008|Para Aqui|1|Para Aqui|1|33796.00|0.00|33796.00|0.00|0.00|0.00|33796.00|0.00|33796.00|1|33796.00|1|0|0.00|0.00|0.00|75|18
FPMI|Restaurante|1|Restaurante|1|CAZUELA DE FRIJOLES| |9520032|CAZUELA DE FRIJOLES| |9520032|ALIMENTOS|10|ALIMENTOS|10|Para Empezar|1008|Para Empezar|1008|Para Aqui|1|Para Aqui|1|36852.00|0.00|36852.00|0.00|0.00|0.00|36852.00|0.00|36852.00|1|36852.00|1|0|0.00|0.00|0.00|51|12
FPMI|Restaurante|1|Restaurante|1|SOPA DE VERDURAS| |9520050|SOPA DE VERDURAS| |9520050|ALIMENTOS|10|ALIMENTOS|10|Para Empezar|1008|Para Empezar|1008|Para Aqui|1|Para Aqui|1|13148.00|0.00|13148.00|0.00|0.00|0.00|13148.00|0.00|13148.00|1|13148.00|1|0|0.00|0.00|0.00|55|13
FPMI|Restaurante|1|Restaurante|1|PORCION DE ARROZ BLANCO| |9500064|PORCION DE ARROZ BLANCO| |9500064|ALIMENTOS|10|ALIMENTOS|10|Para Empezar|1008|Para Empezar|1008|Para Aqui|1|Para Aqui|1|3426.00|0.00|3426.00|0.00|0.00|0.00|3426.00|0.00|3426.00|1|3426.00|1|0|0.00|0.00|0.00|55|13
FPMI|Restaurante|1|Restaurante|1|MORCILLA 100 gr| |9502080|MORCILLA 100 gr| |9502080|ALIMENTOS|10|ALIMENTOS|10|Para Empezar|1008|Para Empezar|1008|Para Aqui|1|Para Aqui|1|-10741.00|0.00|-10741.00|0.00|0.00|0.00|-10741.00|0.00|-10741.00|1|-10741.00|-1|0|0.00|0.00|0.00|65|16
FPMI|Restaurante|1|Restaurante|1|CAZUELA DE FRIJOLES| |9520032|CAZUELA DE FRIJOLES| |9520032|ALIMENTOS|10|ALIMENTOS|10|Para Empezar|1008|Para Empezar|1008|Para Aqui|1|Para Aqui|1|110556.00|0.00|110556.00|0.00|0.00|0.00|110556.00|0.00|110556.00|1|110556.00|3|0|0.00|0.00|0.00|56|13
FPMI|Domicilios|20|Domicilios|20|GUACAMOLE| |9500192|GUACAMOLE| |9500192|ALIMENTOS|10|ALIMENTOS|10|Para Empezar|1008|Para Empezar|1008|Para Llevar|2|Para Llevar|2|5463.00|0.00|5463.00|0.00|0.00|0.00|5463.00|0.00|5463.00|73|5463.00|1|0|0.00|0.00|0.00|57|14
FPMI|Plataformas|21|Plataformas|21|AREPA DE CHOCOLO| |9506036|AREPA DE CHOCOLO| |9506036|ALIMENTOS|10|ALIMENTOS|10|Para Empezar|1008|Para Empezar|1008|Domicilios|7|Domicilios|7|21111.00|0.00|21111.00|0.00|0.00|0.00|21111.00|0.00|21111.00|153|21111.00|1|0|0.00|0.00|0.00|58|14
FPMI|Plataformas|21|Plataformas|21|CHICHARRON 90 gr| |9528024|CHICHARRON 90 gr| |9528024|ALIMENTOS|10|ALIMENTOS|10|Para Empezar|1008|Para Empezar|1008|Domicilios|7|Domicilios|7|27963.00|0.00|27963.00|0.00|0.00|0.00|27963.00|0.00|27963.00|153|27963.00|1|0|0.00|0.00|0.00|61|15
FPMI|Plataformas|21|Plataformas|21|TRES LECHES| |9514016|TRES LECHES| |9514016|ALIMENTOS|10|ALIMENTOS|10|Para Empezar|1008|Para Empezar|1008|Domicilios|7|Domicilios|7|13056.00|0.00|13056.00|0.00|0.00|0.00|13056.00|0.00|13056.00|153|13056.00|1|0|0.00|0.00|0.00|62|15
FPMI|Plataformas|21|Plataformas|21|AJIACO NINOS| |9542004|AJIACO NINOS| |9542004|ALIMENTOS|10|ALIMENTOS|10|Para Empezar|1008|Para Empezar|1008|Domicilios|7|Domicilios|7|20278.00|0.00|20278.00|0.00|0.00|0.00|20278.00|0.00|20278.00|153|20278.00|1|0|0.00|0.00|0.00|47|11
FPMI|Restaurante|1|Restaurante|1|SODA CON LIMON| |9606141|SODA CON LIMON| |9606141|BEBIDAS|20|BEBIDAS|20|Bebidas Sin Alcohol|3000|Bebidas Sin Alcohol|3000|Para Aqui|1|Para Aqui|1|7222.00|0.00|7222.00|0.00|0.00|0.00|7222.00|0.00|7222.00|1|7222.00|1|0|0.00|0.00|0.00|61|15
FPMI|Restaurante|1|Restaurante|1|JUGO DE MANGO EN AGUA| |9604156|JUGO DE MANGO EN AGUA| |9604156|BEBIDAS|20|BEBIDAS|20|Bebidas Sin Alcohol|3000|Bebidas Sin Alcohol|3000|Para Aqui|1|Para Aqui|1|20186.00|0.00|20186.00|0.00|0.00|0.00|20186.00|0.00|20186.00|1|20186.00|2|0|0.00|0.00|0.00|62|15
FPMI|Restaurante|1|Restaurante|1|AGUA MANANTIAL SIN GAS 500 ML| |9606135|AGUA MANANTIAL SIN GAS 500 ML| |9606135|BEBIDAS|20|BEBIDAS|20|Bebidas Sin Alcohol|3000|Bebidas Sin Alcohol|3000|Para Aqui|1|Para Aqui|1|8148.00|0.00|8148.00|0.00|0.00|0.00|8148.00|0.00|8148.00|1|8148.00|1|0|0.00|0.00|0.00|62|15
FPMI|Restaurante|1|Restaurante|1|CERVEZA CLUB COLOMBIA| |9608004|CERVEZA CLUB COLOMBIA| |9608004|BEBIDAS|20|BEBIDAS|20|Bebidas Sin Alcohol|3000|Bebidas Sin Alcohol|3000|Para Aqui|1|Para Aqui|1|22592.00|0.00|22592.00|0.00|0.00|0.00|22592.00|0.00|22592.00|1|22592.00|2|0|0.00|0.00|0.00|50|12
FPMI|Restaurante|1|Restaurante|1|CANASTA DE 4 EMPANADAS CACHACAS| |9528040|CANASTA DE 4 EMPANADAS CACHACAS| |9528040|ALIMENTOS|10|ALIMENTOS|10|Para Empezar|1008|Para Empezar|1008|Para Aqui|1|Para Aqui|1|22500.00|0.00|22500.00|0.00|0.00|0.00|22500.00|0.00|22500.00|1|22500.00|1|0|0.00|0.00|0.00|61|15
FPMI|Restaurante|1|Restaurante|1|CALENTADO PAISA| |9518008|CALENTADO PAISA| |9518008|ALIMENTOS|10|ALIMENTOS|10|Para Empezar|1008|Para Empezar|1008|Para Aqui|1|Para Aqui|1|35093.00|0.00|35093.00|0.00|0.00|0.00|35093.00|0.00|35093.00|1|35093.00|1|0|0.00|0.00|0.00|60|14
FPMI|Restaurante|1|Restaurante|1|PORCION DE ARROZ BLANCO| |9500064|PORCION DE ARROZ BLANCO| |9500064|ALIMENTOS|10|ALIMENTOS|10|Para Empezar|1008|Para Empezar|1008|Para Aqui|1|Para Aqui|1|3426.00|0.00|3426.00|0.00|0.00|0.00|3426.00|0.00|3426.00|1|3426.00|1|0|0.00|0.00|0.00|60|14
FPMI|Restaurante|1|Restaurante|1|AREPA CON HOGAO| |9524092|AREPA CON HOGAO| |9524092|ALIMENTOS|10|ALIMENTOS|10|Para Empezar|1008|Para Empezar|1008|Para Aqui|1|Para Aqui|1|6852.00|0.00|6852.00|0.00|0.00|0.00|6852.00|0.00|6852.00|1|6852.00|1|0|0.00|0.00|0.00|60|14
FPMI|Restaurante|1|Restaurante|1|CHURRASCO 250 gr ARROZ| |9502104|CHURRASCO 250 gr ARROZ| |9502104|ALIMENTOS|10|ALIMENTOS|10|Para Empezar|1008|Para Empezar|1008|Para Aqui|1|Para Aqui|1|49815.00|0.00|49815.00|0.00|0.00|0.00|49815.00|0.00|49815.00|1|49815.00|1|0|0.00|0.00|0.00|62|15
FPMI|Restaurante|1|Restaurante|1|Mod CocaCola Original 400ml| |980000102|Mod CocaCola Original 400ml| |980000102|ALIMENTOS|10|ALIMENTOS|10|Para Empezar|1008|Para Empezar|1008|Para Aqui|1|Para Aqui|1|0.00|0.00|0.00|0.00|0.00|0.00|0.00|0.00|0.00|1|0.00|4|0|0.00|0.00|0.00|62|15
FPMI|Restaurante|1|Restaurante|1|PECHUGA A LA PARRILLA 230 gr ENSALADA | |9506091|PECHUGA A LA PARRILLA 230 gr ENSALADA | |9506091|ALIMENTOS|10|ALIMENTOS|10|Para Empezar|1008|Para Empezar|1008|Para Aqui|1|Para Aqui|1|49630.00|0.00|49630.00|0.00|0.00|0.00|49630.00|0.00|49630.00|1|49630.00|2|0|0.00|0.00|0.00|55|13
FPMI|Restaurante|1|Restaurante|1|CHURRASCO 250 gr ARROZ| |9502104|CHURRASCO 250 gr ARROZ| |9502104|ALIMENTOS|10|ALIMENTOS|10|Para Empezar|1008|Para Empezar|1008|Para Aqui|1|Para Aqui|1|-49815.00|0.00|-49815.00|0.00|0.00|0.00|-49815.00|0.00|-49815.00|1|-49815.00|-1|0|0.00|0.00|0.00|64|15
FPMI|Restaurante|1|Restaurante|1|CHURRASCO 250 gr CASCO| |9502106|CHURRASCO 250 gr CASCO| |9502106|ALIMENTOS|10|ALIMENTOS|10|Para Empezar|1008|Para Empezar|1008|Para Aqui|1|Para Aqui|1|49815.00|0.00|49815.00|0.00|0.00|0.00|49815.00|0.00|49815.00|1|49815.00|1|0|0.00|0.00|0.00|64|15
FPMI|Domicilios|20|Domicilios|20|SOPA DE PASTA PERSONAL| |9540237|SOPA DE PASTA PERSONAL| |9540237|ALIMENTOS|10|ALIMENTOS|10|Para Empezar|1008|Para Empezar|1008|Para Llevar|2|Para Llevar|2|23150.00|0.00|23150.00|0.00|0.00|0.00|23150.00|0.00|23150.00|73|23150.00|5|0|0.00|0.00|0.00|68|16
FPMI|Plataformas|21|Plataformas|21|PINCHO DE LOMO X 100 GRS| |9502526|PINCHO DE LOMO X 100 GRS| |9502526|ALIMENTOS|10|ALIMENTOS|10|Para Empezar|1008|Para Empezar|1008|Domicilios|7|Domicilios|7|57777.00|0.00|57777.00|0.00|0.00|0.00|57777.00|0.00|57777.00|153|57777.00|3|0|0.00|0.00|0.00|46|11
FPMI|Plataformas|21|Plataformas|21|AREPA DE CHOCOLO| |9506036|AREPA DE CHOCOLO| |9506036|ALIMENTOS|10|ALIMENTOS|10|Para Empezar|1008|Para Empezar|1008|Domicilios|7|Domicilios|7|21111.00|0.00|21111.00|0.00|0.00|0.00|21111.00|0.00|21111.00|153|21111.00|1|0|0.00|0.00|0.00|66|16
FPMI|Plataformas|21|Plataformas|21|AJIACO  POLLO| |9520008|AJIACO  POLLO| |9520008|ALIMENTOS|10|ALIMENTOS|10|Para Empezar|1008|Para Empezar|1008|Domicilios|7|Domicilios|7|214446.00|0.00|214446.00|0.00|0.00|0.00|214446.00|0.00|214446.00|153|214446.00|6|0|0.00|0.00|0.00|48|11
FPMI|Plataformas|21|Plataformas|21|AREPA DE CHOCOLO| |9506036|AREPA DE CHOCOLO| |9506036|ALIMENTOS|10|ALIMENTOS|10|Para Empezar|1008|Para Empezar|1008|Domicilios|7|Domicilios|7|21111.00|0.00|21111.00|0.00|0.00|0.00|21111.00|0.00|21111.00|153|21111.00|1|0|0.00|0.00|0.00|48|11
FPMI|Plataformas|21|Plataformas|21|LOMO 220 gr ENSALADA| |9502516|LOMO 220 gr ENSALADA| |9502516|ALIMENTOS|10|ALIMENTOS|10|Para Empezar|1008|Para Empezar|1008|Domicilios|7|Domicilios|7|57130.00|0.00|57130.00|0.00|0.00|0.00|57130.00|0.00|57130.00|153|57130.00|1|0|0.00|0.00|0.00|57|14
FPMI|Plataformas|21|Plataformas|21|CHICHARRON 90 gr| |9528024|CHICHARRON 90 gr| |9528024|ALIMENTOS|10|ALIMENTOS|10|Para Empezar|1008|Para Empezar|1008|Domicilios|7|Domicilios|7|27963.00|0.00|27963.00|0.00|0.00|0.00|27963.00|0.00|27963.00|153|27963.00|1|0|0.00|0.00|0.00|57|14
FPMI|Plataformas|21|Plataformas|21|EMPANADA CACHACA| |9528008|EMPANADA CACHACA| |9528008|ALIMENTOS|10|ALIMENTOS|10|Para Empezar|1008|Para Empezar|1008|Domicilios|7|Domicilios|7|6389.00|0.00|6389.00|0.00|0.00|0.00|6389.00|0.00|6389.00|153|6389.00|1|0|0.00|0.00|0.00|60|14
