FPID|Andr12345678|Andres Expres Casa Andes|20241223|20241223|20241224|122950|2.00|2.00|Simphony|19.7.2
FPSUM|Plataformas|21|Plataformas|21|34445.00|0.00|0|0|0.00|0|2755.00|1|0|0|0|0|0.00|0.00|0.00|0|0|0|0.00|0|0.00|0|0.00|0|37200.00|1|37200.00|1|0.00|0|0.00|0|0.00|0.00|11|47|34445.00|0.00|0.00|0.00|34445.00|6034.00|6034.00|0.00|0.17|0.00|36203.93|6034.00|6034.00
FPSUM|Restaurante|1|Restaurante|1|0.00|0.00|0|0|0.00|0|0.00|0|0|0|0|0|0.00|0.00|0.00|0|0|0|0.00|0|0.00|0|0.00|0|0.00|0|155148.00|1|0.00|0|0.00|0|0.00|0.00|14|60|0.00|0.00|0.00|0.00|0.00|3364.17|3364.17|0.00|0.00|0.00|0.00|3364.17|3364.17
FPSUM|Plataformas|21|Plataformas|21|234445.00|0.00|0|0|0.00|0|18755.00|2|0|0|0|0|0.00|0.00|0.00|0|0|0|0.00|0|0.00|0|0.00|0|253200.00|2|253200.00|2|0.00|0|0.00|0|0.00|0.00|12|52|234445.00|0.00|0.00|0.00|234445.00|9892.00|9892.00|0.00|0.33|0.00|29676.03|9892.00|9892.00
FPSUM|Restaurante|1|Restaurante|1|49260.00|4926.00|0|0|0.00|0|3940.00|1|0|0|0|0|0.00|0.00|0.00|0|0|0|6900.00|1|0.00|0|0.00|0|58126.00|1|0.00|0|0.00|0|0.00|0|0.00|0.00|15|63|49260.00|0.00|0.00|0.00|49260.00|42624.00|41274.00|-1350.00|0.33|0.00|123822.12|42624.00|41274.00
FPSUM|Plataformas|21|Plataformas|21|0.00|0.00|0|0|0.00|0|0.00|0|0|0|0|0|0.00|0.00|0.00|0|0|0|0.00|0|0.00|0|71400.00|2|0.00|0|0.00|0|0.00|0|0.00|0|0.00|0.00|16|67|0.00|0.00|0.00|0.00|0.00|13379.50|13379.50|0.00|0.17|0.00|80276.84|13379.50|13379.50
FPSUM|Restaurante|1|Restaurante|1|131482.00|13148.00|0|0|0.00|0|10518.00|1|0|0|0|0|0.00|0.00|0.00|0|0|0|0.00|0|0.00|0|0.00|0|155148.00|1|0.00|0|0.00|0|0.00|0|0.00|0.00|14|57|131482.00|0.00|0.00|0.00|131482.00|47129.00|45812.33|-1316.67|0.33|0.00|137437.14|47129.00|45812.33
FPSUM|Restaurante|1|Restaurante|1|114537.00|11453.00|0|0|0.00|0|9163.00|1|0|0|0|0|0.00|0.00|0.00|0|0|0|0.00|0|0.00|0|0.00|0|135153.00|1|0.00|0|0.00|0|0.00|0|0.00|0.00|13|53|114537.00|0.00|0.00|0.00|114537.00|74537.17|74537.17|0.00|0.33|0.00|223611.72|74537.17|74537.17
FPSUM|Domicilios|20|Domicilios|20|18520.00|0.00|0|0|0.00|0|1480.00|1|0|0|0|0|0.00|0.00|0.00|0|0|0|0.00|0|0.00|0|0.00|0|20000.00|1|20000.00|1|0.00|0|0.00|0|0.00|0.00|18|73|18520.00|0.00|0.00|0.00|18520.00|0.00|0.00|0.00|0.00|0.00|0.00|0.00|0.00
FPSUM|Restaurante|1|Restaurante|1|0.00|0.00|0|0|0.00|0|0.00|0|0|0|0|0|0.00|0.00|0.00|0|0|0|0.00|0|0.00|0|0.00|0|0.00|0|0.00|0|0.00|0|0.00|0|0.00|0.00|17|69|0.00|0.00|0.00|0.00|0.00|18472.33|18472.33|0.00|0.17|0.00|110833.78|18472.33|18472.33
FPSUM|Restaurante|1|Restaurante|1|0.00|0.00|0|0|0.00|0|0.00|0|0|0|0|0|0.00|0.00|0.00|0|0|0|0.00|0|0.00|0|0.00|0|0.00|0|135153.00|1|0.00|0|0.00|0|0.00|0.00|13|56|0.00|0.00|0.00|0.00|0.00|80956.17|71772.83|-9183.33|0.33|0.00|215318.72|80956.17|71772.83
FPSUM|Restaurante|1|Restaurante|1|10093.00|1009.00|0|0|0.00|0|807.00|0|0|0|0|0|0.00|0.00|0.00|0|0|0|0.00|0|0.00|0|0.00|0|11909.00|0|70035.00|1|0.00|0|0.00|0|0.00|0.00|16|68|10093.00|0.00|0.00|0.00|10093.00|24151.33|24151.33|0.00|0.33|0.00|72454.07|24151.33|24151.33
FPSUM|Plataformas|21|Plataformas|21|0.00|0.00|0|0|0.00|0|0.00|0|0|0|0|0|0.00|0.00|0.00|0|0|0|0.00|0|0.00|0|71400.00|1|0.00|0|0.00|0|0.00|0|0.00|0|0.00|0.00|16|68|0.00|0.00|0.00|0.00|0.00|5818.00|5818.00|0.00|0.17|0.00|34907.93|5818.00|5818.00
FPSUM|Plataformas|21|Plataformas|21|46945.00|0.00|0|0|0.00|0|3755.00|1|0|0|0|0|0.00|0.00|0.00|0|0|0|0.00|0|0.00|0|0.00|0|50700.00|1|50700.00|1|0.00|0|0.00|0|0.00|0.00|15|62|46945.00|0.00|0.00|0.00|46945.00|0.00|0.00|0.00|0.00|0.00|0.00|0.00|0.00
FPSUM|Plataformas|21|Plataformas|21|115000.00|0.00|0|0|0.00|0|9200.00|1|0|0|0|0|0.00|0.00|0.00|0|0|0|39700.00|1|0.00|0|289200.00|4|124200.00|1|124200.00|1|0.00|0|0.00|0|0.00|0.00|17|69|115000.00|0.00|0.00|0.00|115000.00|0.00|0.00|0.00|0.00|0.00|0.00|0.00|0.00
FPSUM|Plataformas|21|Plataformas|21|36204.00|0.00|0|0|0.00|0|2896.00|1|0|0|0|0|0.00|0.00|0.00|0|0|0|0.00|0|0.00|0|0.00|0|39100.00|1|39100.00|1|0.00|0|0.00|0|0.00|0.00|11|46|36204.00|0.00|0.00|0.00|36204.00|0.00|0.00|0.00|0.00|0.00|0.00|0.00|0.00
FPSUM|Plataformas|21|Plataformas|21|45001.00|0.00|0|0|0.00|0|3599.00|1|0|0|0|0|0.00|0.00|0.00|0|0|0|0.00|0|0.00|0|0.00|0|48600.00|1|48600.00|1|0.00|0|0.00|0|0.00|0.00|13|55|45001.00|0.00|0.00|0.00|45001.00|0.00|0.00|0.00|0.00|0.00|0.00|0.00|0.00
FPSUM|Plataformas|21|Plataformas|21|0.00|0.00|0|0|0.00|0|0.00|0|0|0|0|0|0.00|0.00|0.00|0|0|0|0.00|0|0.00|0|86700.00|1|0.00|0|0.00|0|0.00|0|0.00|0|0.00|0.00|16|65|0.00|0.00|0.00|0.00|0.00|0.00|0.00|0.00|0.00|0.00|0.00|0.00|0.00
FPOT|Restaurante|1|Restaurante|1|OT1|1|Order Type Master 1|1|0.00|0.00|0.00|0|0.00|0|0.00|0|0|0|0|0|0.00|0.00|0.00|0|0|0|0.00|0|0.00|0|0.00|0|0.00|0|0.00|0|0.00|0|0.00|0|0.00|0.00|17|69|0.00|0.00|0.00|0.00|0.00|18472.33|18472.33|0.00|0.17|0.00|110833.78|18472.33|18472.33
FPOT|Restaurante|1|Restaurante|1|OT1|1|Order Type Master 1|1|10093.00|1009.00|0.00|0|0.00|0|807.00|0|0|0|0|0|0.00|0.00|0.00|0|0|0|0.00|0|0.00|0|0.00|0|11909.00|0|70035.00|1|0.00|0|0.00|0|0.00|0.00|16|68|10093.00|0.00|0.00|0.00|10093.00|24151.33|24151.33|0.00|0.33|0.00|72454.07|24151.33|24151.33
FPOT|Plataformas|21|Plataformas|21|OT1|1|Order Type Master 1|1|0.00|0.00|0.00|0|0.00|0|0.00|0|0|0|0|0|0.00|0.00|0.00|0|0|0|0.00|0|0.00|0|86700.00|1|0.00|0|0.00|0|0.00|0|0.00|0|0.00|0.00|16|65|0.00|0.00|0.00|0.00|0.00|0.00|0.00|0.00|0.00|0.00|0.00|0.00|0.00
FPOT|Plataformas|21|Plataformas|21|OT1|1|Order Type Master 1|1|46945.00|0.00|0.00|0|0.00|0|3755.00|1|0|0|0|0|0.00|0.00|0.00|0|0|0|0.00|0|0.00|0|0.00|0|50700.00|1|50700.00|1|0.00|0|0.00|0|0.00|0.00|15|62|46945.00|0.00|0.00|0.00|46945.00|0.00|0.00|0.00|0.00|0.00|0.00|0.00|0.00
FPOT|Plataformas|21|Plataformas|21|OT1|1|Order Type Master 1|1|234445.00|0.00|0.00|0|0.00|0|18755.00|2|0|0|0|0|0.00|0.00|0.00|0|0|0|0.00|0|0.00|0|0.00|0|253200.00|2|253200.00|2|0.00|0|0.00|0|0.00|0.00|12|52|234445.00|0.00|0.00|0.00|234445.00|9892.00|9892.00|0.00|0.33|0.00|29676.03|9892.00|9892.00
FPOT|Restaurante|1|Restaurante|1|OT1|1|Order Type Master 1|1|0.00|0.00|0.00|0|0.00|0|0.00|0|0|0|0|0|0.00|0.00|0.00|0|0|0|0.00|0|0.00|0|0.00|0|0.00|0|155148.00|1|0.00|0|0.00|0|0.00|0.00|14|60|0.00|0.00|0.00|0.00|0.00|3364.17|3364.17|0.00|0.00|0.00|0.00|3364.17|3364.17
FPOT|Plataformas|21|Plataformas|21|OT1|1|Order Type Master 1|1|0.00|0.00|0.00|0|0.00|0|0.00|0|0|0|0|0|0.00|0.00|0.00|0|0|0|0.00|0|0.00|0|71400.00|2|0.00|0|0.00|0|0.00|0|0.00|0|0.00|0.00|16|67|0.00|0.00|0.00|0.00|0.00|13379.50|13379.50|0.00|0.17|0.00|80276.84|13379.50|13379.50
FPOT|Restaurante|1|Restaurante|1|OT1|1|Order Type Master 1|1|49260.00|4926.00|0.00|0|0.00|0|3940.00|1|0|0|0|0|0.00|0.00|0.00|0|0|0|6900.00|1|0.00|0|0.00|0|58126.00|1|0.00|0|0.00|0|0.00|0|0.00|0.00|15|63|49260.00|0.00|0.00|0.00|49260.00|42624.00|41274.00|-1350.00|0.33|0.00|123822.12|42624.00|41274.00
FPOT|Restaurante|1|Restaurante|1|OT1|1|Order Type Master 1|1|131482.00|13148.00|0.00|0|0.00|0|10518.00|1|0|0|0|0|0.00|0.00|0.00|0|0|0|0.00|0|0.00|0|0.00|0|155148.00|1|0.00|0|0.00|0|0.00|0|0.00|0.00|14|57|131482.00|0.00|0.00|0.00|131482.00|47129.00|45812.33|-1316.67|0.33|0.00|137437.14|47129.00|45812.33
FPOT|Plataformas|21|Plataformas|21|OT1|1|Order Type Master 1|1|115000.00|0.00|0.00|0|0.00|0|9200.00|1|0|0|0|0|0.00|0.00|0.00|0|0|0|39700.00|1|0.00|0|289200.00|4|124200.00|1|124200.00|1|0.00|0|0.00|0|0.00|0.00|17|69|115000.00|0.00|0.00|0.00|115000.00|0.00|0.00|0.00|0.00|0.00|0.00|0.00|0.00
FPOT|Plataformas|21|Plataformas|21|OT1|1|Order Type Master 1|1|36204.00|0.00|0.00|0|0.00|0|2896.00|1|0|0|0|0|0.00|0.00|0.00|0|0|0|0.00|0|0.00|0|0.00|0|39100.00|1|39100.00|1|0.00|0|0.00|0|0.00|0.00|11|46|36204.00|0.00|0.00|0.00|36204.00|0.00|0.00|0.00|0.00|0.00|0.00|0.00|0.00
FPOT|Restaurante|1|Restaurante|1|OT1|1|Order Type Master 1|1|0.00|0.00|0.00|0|0.00|0|0.00|0|0|0|0|0|0.00|0.00|0.00|0|0|0|0.00|0|0.00|0|0.00|0|0.00|0|135153.00|1|0.00|0|0.00|0|0.00|0.00|13|56|0.00|0.00|0.00|0.00|0.00|80956.17|71772.83|-9183.33|0.33|0.00|215318.72|80956.17|71772.83
FPOT|Domicilios|20|Domicilios|20|OT1|1|Order Type Master 1|1|18520.00|0.00|0.00|0|0.00|0|1480.00|1|0|0|0|0|0.00|0.00|0.00|0|0|0|0.00|0|0.00|0|0.00|0|20000.00|1|20000.00|1|0.00|0|0.00|0|0.00|0.00|18|73|18520.00|0.00|0.00|0.00|18520.00|0.00|0.00|0.00|0.00|0.00|0.00|0.00|0.00
FPOT|Plataformas|21|Plataformas|21|OT1|1|Order Type Master 1|1|45001.00|0.00|0.00|0|0.00|0|3599.00|1|0|0|0|0|0.00|0.00|0.00|0|0|0|0.00|0|0.00|0|0.00|0|48600.00|1|48600.00|1|0.00|0|0.00|0|0.00|0.00|13|55|45001.00|0.00|0.00|0.00|45001.00|0.00|0.00|0.00|0.00|0.00|0.00|0.00|0.00
FPOT|Plataformas|21|Plataformas|21|OT1|1|Order Type Master 1|1|0.00|0.00|0.00|0|0.00|0|0.00|0|0|0|0|0|0.00|0.00|0.00|0|0|0|0.00|0|0.00|0|71400.00|1|0.00|0|0.00|0|0.00|0|0.00|0|0.00|0.00|16|68|0.00|0.00|0.00|0.00|0.00|5818.00|5818.00|0.00|0.17|0.00|34907.93|5818.00|5818.00
FPOT|Restaurante|1|Restaurante|1|OT1|1|Order Type Master 1|1|114537.00|11453.00|0.00|0|0.00|0|9163.00|1|0|0|0|0|0.00|0.00|0.00|0|0|0|0.00|0|0.00|0|0.00|0|135153.00|1|0.00|0|0.00|0|0.00|0|0.00|0.00|13|53|114537.00|0.00|0.00|0.00|114537.00|74537.17|74537.17|0.00|0.33|0.00|223611.72|74537.17|74537.17
FPOT|Plataformas|21|Plataformas|21|OT1|1|Order Type Master 1|1|34445.00|0.00|0.00|0|0.00|0|2755.00|1|0|0|0|0|0.00|0.00|0.00|0|0|0|0.00|0|0.00|0|0.00|0|37200.00|1|37200.00|1|0.00|0|0.00|0|0.00|0.00|11|47|34445.00|0.00|0.00|0.00|34445.00|6034.00|6034.00|0.00|0.17|0.00|36203.93|6034.00|6034.00
FPMI|Restaurante|1|Restaurante|1|AGUA MANANTIAL SIN GAS 500 ML| |9606135|AGUA MANANTIAL SIN GAS 500 ML| |9606135|BEBIDAS|20|BEBIDAS|20|Bebidas Sin Alcohol|3000|Bebidas Sin Alcohol|3000|OT1|1|Order Type Master 1|1|8148.00|0.00|8148.00|0.00|0.00|0.00|8148.00|0.00|8148.00|1|8148.00|1|0|0.00|0.00|0.00|53|13
FPMI|Restaurante|1|Restaurante|1|AGUA MANANTIAL SIN GAS 500 ML| |9606135|AGUA MANANTIAL SIN GAS 500 ML| |9606135|BEBIDAS|20|BEBIDAS|20|Bebidas Sin Alcohol|3000|Bebidas Sin Alcohol|3000|OT1|1|Order Type Master 1|1|16296.00|0.00|16296.00|0.00|0.00|0.00|16296.00|0.00|16296.00|1|16296.00|2|0|0.00|0.00|0.00|57|14
FPMI|Restaurante|1|Restaurante|1|PORCION DE ARROZ BLANCO| |9500064|PORCION DE ARROZ BLANCO| |9500064|ALIMENTOS|10|ALIMENTOS|10|Para Empezar|1008|Para Empezar|1008|OT1|1|Order Type Master 1|1|3426.00|0.00|3426.00|0.00|0.00|0.00|3426.00|0.00|3426.00|1|3426.00|1|0|0.00|0.00|0.00|63|15
FPMI|Restaurante|1|Restaurante|1|CHICHARRON 90 gr| |9528024|CHICHARRON 90 gr| |9528024|ALIMENTOS|10|ALIMENTOS|10|Para Empezar|1008|Para Empezar|1008|OT1|1|Order Type Master 1|1|26667.00|0.00|26667.00|0.00|0.00|0.00|26667.00|0.00|26667.00|1|26667.00|1|0|0.00|0.00|0.00|57|14
FPMI|Plataformas|21|Plataformas|21|SALSA BABY| |9500376|SALSA BABY| |9500376|ALIMENTOS|10|ALIMENTOS|10|Para Empezar|1008|Para Empezar|1008|OT1|1|Order Type Master 1|1|3148.00|0.00|3148.00|0.00|0.00|0.00|3148.00|0.00|3148.00|153|3148.00|1|0|0.00|0.00|0.00|47|11
FPMI|Plataformas|21|Plataformas|21|AJIACO NINOS| |9542004|AJIACO NINOS| |9542004|ALIMENTOS|10|ALIMENTOS|10|Para Empezar|1008|Para Empezar|1008|OT1|1|Order Type Master 1|1|20278.00|0.00|20278.00|0.00|0.00|0.00|20278.00|0.00|20278.00|153|20278.00|1|0|0.00|0.00|0.00|47|11
FPMI|Plataformas|21|Plataformas|21|CHICHARRON 90 gr| |9528024|CHICHARRON 90 gr| |9528024|ALIMENTOS|10|ALIMENTOS|10|Para Empezar|1008|Para Empezar|1008|OT1|1|Order Type Master 1|1|83889.00|0.00|83889.00|0.00|0.00|0.00|83889.00|0.00|83889.00|153|83889.00|3|0|0.00|0.00|0.00|52|12
FPMI|Plataformas|21|Plataformas|21|SALSA CHIMICHURRI| |9500388|SALSA CHIMICHURRI| |9500388|ALIMENTOS|10|ALIMENTOS|10|Para Empezar|1008|Para Empezar|1008|OT1|1|Order Type Master 1|1|4352.00|0.00|4352.00|0.00|0.00|0.00|4352.00|0.00|4352.00|153|4352.00|1|0|0.00|0.00|0.00|52|12
FPMI|Plataformas|21|Plataformas|21|LOMO 220 gr ENSALADA| |9502516|LOMO 220 gr ENSALADA| |9502516|ALIMENTOS|10|ALIMENTOS|10|Para Empezar|1008|Para Empezar|1008|OT1|1|Order Type Master 1|1|57130.00|0.00|57130.00|0.00|0.00|0.00|57130.00|0.00|57130.00|153|57130.00|1|0|0.00|0.00|0.00|52|12
FPMI|Restaurante|1|Restaurante|1|EMPANADA MIXTA 4 UNIDADES| |9528041|EMPANADA MIXTA 4 UNIDADES| |9528041|ALIMENTOS|10|ALIMENTOS|10|Para Empezar|1008|Para Empezar|1008|OT1|1|Order Type Master 1|1|22500.00|0.00|22500.00|0.00|0.00|0.00|22500.00|0.00|22500.00|1|22500.00|1|0|0.00|0.00|0.00|53|13
FPMI|Domicilios|20|Domicilios|20|PINCHO DE POLLO PERSONAL| |9540235|PINCHO DE POLLO PERSONAL| |9540235|ALIMENTOS|10|ALIMENTOS|10|Para Empezar|1008|Para Empezar|1008|OT1|1|Order Type Master 1|1|18520.00|0.00|18520.00|0.00|0.00|0.00|18520.00|0.00|18520.00|73|18520.00|4|0|0.00|0.00|0.00|73|18
FPMI|Plataformas|21|Plataformas|21|CAZUELA DE FRIJOLES| |9520032|CAZUELA DE FRIJOLES| |9520032|ALIMENTOS|10|ALIMENTOS|10|Para Empezar|1008|Para Empezar|1008|OT1|1|Order Type Master 1|1|31204.00|0.00|31204.00|0.00|0.00|0.00|31204.00|0.00|31204.00|177|31204.00|1|0|0.00|0.00|0.00|46|11
FPMI|Plataformas|21|Plataformas|21|BANDEJA PAISA| |9520036|BANDEJA PAISA| |9520036|ALIMENTOS|10|ALIMENTOS|10|Para Empezar|1008|Para Empezar|1008|OT1|1|Order Type Master 1|1|89074.00|0.00|89074.00|0.00|0.00|0.00|89074.00|0.00|89074.00|153|89074.00|2|0|0.00|0.00|0.00|52|12
FPMI|Plataformas|21|Plataformas|21|MANDARINO BOLS 2X1| |9626126|MANDARINO BOLS 2X1| |9626126|BEBIDAS|20|BEBIDAS|20|Bebidas Sin Alcohol|3000|Bebidas Sin Alcohol|3000|OT1|1|Order Type Master 1|1|34722.00|0.00|34722.00|0.00|0.00|0.00|34722.00|0.00|34722.00|169|34722.00|1|0|0.00|0.00|0.00|69|17
FPMI|Restaurante|1|Restaurante|1|MJE ALM| |90000037|MJE ALM| |90000037|ALIMENTOS|10|ALIMENTOS|10|Para Empezar|1008|Para Empezar|1008|OT1|1|Order Type Master 1|1|0.00|0.00|0.00|0.00|0.00|0.00|0.00|0.00|0.00|1|0.00|1|0|0.00|0.00|0.00|53|13
FPMI|Restaurante|1|Restaurante|1|SALMON A LA PLANCHA 200 gr ENSALADA| |9504162|SALMON A LA PLANCHA 200 gr ENSALADA| |9504162|ALIMENTOS|10|ALIMENTOS|10|Para Empezar|1008|Para Empezar|1008|OT1|1|Order Type Master 1|1|49815.00|0.00|49815.00|0.00|0.00|0.00|49815.00|0.00|49815.00|1|49815.00|1|0|0.00|0.00|0.00|57|14
FPMI|Restaurante|1|Restaurante|1|BISTEC ENTRECOT 180 gr  ARROZ | |9502522|BISTEC ENTRECOT 180 gr  ARROZ | |9502522|ALIMENTOS|10|ALIMENTOS|10|Para Empezar|1008|Para Empezar|1008|OT1|1|Order Type Master 1|1|38704.00|0.00|38704.00|0.00|0.00|0.00|38704.00|0.00|38704.00|1|38704.00|1|0|0.00|0.00|0.00|57|14
FPMI|Plataformas|21|Plataformas|21|PAPA CASCO| |9500456|PAPA CASCO| |9500456|ALIMENTOS|10|ALIMENTOS|10|Para Empezar|1008|Para Empezar|1008|OT1|1|Order Type Master 1|1|7500.00|0.00|7500.00|0.00|0.00|0.00|7500.00|0.00|7500.00|153|7500.00|1|0|0.00|0.00|0.00|47|11
FPMI|Restaurante|1|Restaurante|1|JUGO DE MARACUYA EN AGUA| |9604116|JUGO DE MARACUYA EN AGUA| |9604116|BEBIDAS|20|BEBIDAS|20|Bebidas Sin Alcohol|3000|Bebidas Sin Alcohol|3000|OT1|1|Order Type Master 1|1|10093.00|0.00|10093.00|0.00|0.00|0.00|10093.00|0.00|10093.00|1|10093.00|1|0|0.00|0.00|0.00|63|15
FPMI|Plataformas|21|Plataformas|21|LIMONADA NATURAL| |9604060|LIMONADA NATURAL| |9604060|BEBIDAS|20|BEBIDAS|20|Bebidas Sin Alcohol|3000|Bebidas Sin Alcohol|3000|OT1|1|Order Type Master 1|1|5000.00|0.00|5000.00|0.00|0.00|0.00|5000.00|0.00|5000.00|177|5000.00|1|0|0.00|0.00|0.00|46|11
FPMI|Restaurante|1|Restaurante|1|AJIACO  POLLO| |9520008|AJIACO  POLLO| |9520008|ALIMENTOS|10|ALIMENTOS|10|Para Empezar|1008|Para Empezar|1008|OT1|1|Order Type Master 1|1|34074.00|0.00|34074.00|0.00|0.00|0.00|34074.00|0.00|34074.00|1|34074.00|1|0|0.00|0.00|0.00|53|13
FPMI|Restaurante|1|Restaurante|1|Mensaje Bebidas 2024| |980000095|Mensaje Bebidas 2024| |980000095|ALIMENTOS|10|ALIMENTOS|10|Para Empezar|1008|Para Empezar|1008|OT1|1|Order Type Master 1|1|0.00|0.00|0.00|0.00|0.00|0.00|0.00|0.00|0.00|1|0.00|1|0|0.00|0.00|0.00|63|15
FPMI|Plataformas|21|Plataformas|21|AJIACO NINOS| |9542004|AJIACO NINOS| |9542004|ALIMENTOS|10|ALIMENTOS|10|Para Empezar|1008|Para Empezar|1008|OT1|1|Order Type Master 1|1|20278.00|0.00|20278.00|0.00|0.00|0.00|20278.00|0.00|20278.00|153|20278.00|1|0|0.00|0.00|0.00|55|13
FPMI|Plataformas|21|Plataformas|21|MORCILLA 100 gr| |9502080|MORCILLA 100 gr| |9502080|ALIMENTOS|10|ALIMENTOS|10|Para Empezar|1008|Para Empezar|1008|OT1|1|Order Type Master 1|1|11204.00|0.00|11204.00|0.00|0.00|0.00|11204.00|0.00|11204.00|153|11204.00|1|0|0.00|0.00|0.00|62|15
FPMI|Restaurante|1|Restaurante|1|CHURRASCO 250 gr CRIOLLA| |9502355|CHURRASCO 250 gr CRIOLLA| |9502355|ALIMENTOS|10|ALIMENTOS|10|Para Empezar|1008|Para Empezar|1008|OT1|1|Order Type Master 1|1|49815.00|0.00|49815.00|0.00|0.00|0.00|49815.00|0.00|49815.00|1|49815.00|1|0|0.00|0.00|0.00|53|13
FPMI|Restaurante|1|Restaurante|1|Mod A Punto| |980000005|Mod A Punto| |980000005|ALIMENTOS|10|ALIMENTOS|10|Para Empezar|1008|Para Empezar|1008|OT1|1|Order Type Master 1|1|0.00|0.00|0.00|0.00|0.00|0.00|0.00|0.00|0.00|1|0.00|1|0|0.00|0.00|0.00|53|13
FPMI|Restaurante|1|Restaurante|1|TRUCHA A LA PLANCHA 350 gr ENSALADA| |9504163|TRUCHA A LA PLANCHA 350 gr ENSALADA| |9504163|ALIMENTOS|10|ALIMENTOS|10|Para Empezar|1008|Para Empezar|1008|OT1|1|Order Type Master 1|1|35741.00|0.00|35741.00|0.00|0.00|0.00|35741.00|0.00|35741.00|1|35741.00|1|0|0.00|0.00|0.00|63|15
FPMI|Restaurante|1|Restaurante|1|MJE ALM| |90000037|MJE ALM| |90000037|ALIMENTOS|10|ALIMENTOS|10|Para Empezar|1008|Para Empezar|1008|OT1|1|Order Type Master 1|1|0.00|0.00|0.00|0.00|0.00|0.00|0.00|0.00|0.00|1|0.00|1|0|0.00|0.00|0.00|57|14
FPMI|Plataformas|21|Plataformas|21|BANDEJA PAISA| |9520036|BANDEJA PAISA| |9520036|ALIMENTOS|10|ALIMENTOS|10|Para Empezar|1008|Para Empezar|1008|OT1|1|Order Type Master 1|1|44537.00|0.00|44537.00|0.00|0.00|0.00|44537.00|0.00|44537.00|153|44537.00|1|0|0.00|0.00|0.00|69|17
FPMI|Plataformas|21|Plataformas|21|JUGO DE MARACUYA EN AGUA| |9604116|JUGO DE MARACUYA EN AGUA| |9604116|BEBIDAS|20|BEBIDAS|20|Bebidas Sin Alcohol|3000|Bebidas Sin Alcohol|3000|OT1|1|Order Type Master 1|1|10556.00|0.00|10556.00|0.00|0.00|0.00|10556.00|0.00|10556.00|153|10556.00|1|0|0.00|0.00|0.00|55|13
FPMI|Restaurante|1|Restaurante|1|Mod 3/4| |980000004|Mod 3/4| |980000004|ALIMENTOS|10|ALIMENTOS|10|Para Empezar|1008|Para Empezar|1008|OT1|1|Order Type Master 1|1|0.00|0.00|0.00|0.00|0.00|0.00|0.00|0.00|0.00|1|0.00|1|0|0.00|0.00|0.00|57|14
FPMI|Plataformas|21|Plataformas|21|MADURITOS| |9500252|MADURITOS| |9500252|ALIMENTOS|10|ALIMENTOS|10|Para Empezar|1008|Para Empezar|1008|OT1|1|Order Type Master 1|1|3519.00|0.00|3519.00|0.00|0.00|0.00|3519.00|0.00|3519.00|153|3519.00|1|0|0.00|0.00|0.00|47|11
FPMI|Restaurante|1|Restaurante|1|JUGO DE MORA EN AGUA| |9604108|JUGO DE MORA EN AGUA| |9604108|BEBIDAS|20|BEBIDAS|20|Bebidas Sin Alcohol|3000|Bebidas Sin Alcohol|3000|OT1|1|Order Type Master 1|1|10093.00|0.00|10093.00|0.00|0.00|0.00|10093.00|0.00|10093.00|1|10093.00|1|0|0.00|0.00|0.00|68|16
FPMI|Plataformas|21|Plataformas|21|CHORIZO ANTIOQUENO 100 gr| |9502084|CHORIZO ANTIOQUENO 100 gr| |9502084|ALIMENTOS|10|ALIMENTOS|10|Para Empezar|1008|Para Empezar|1008|OT1|1|Order Type Master 1|1|14167.00|0.00|14167.00|0.00|0.00|0.00|14167.00|0.00|14167.00|153|14167.00|1|0|0.00|0.00|0.00|55|13
FPMI|Plataformas|21|Plataformas|21|AJIACO  POLLO| |9520008|AJIACO  POLLO| |9520008|ALIMENTOS|10|ALIMENTOS|10|Para Empezar|1008|Para Empezar|1008|OT1|1|Order Type Master 1|1|35741.00|0.00|35741.00|0.00|0.00|0.00|35741.00|0.00|35741.00|153|35741.00|1|0|0.00|0.00|0.00|62|15
FPMI|Plataformas|21|Plataformas|21|AJIACO  POLLO| |9520008|AJIACO  POLLO| |9520008|ALIMENTOS|10|ALIMENTOS|10|Para Empezar|1008|Para Empezar|1008|OT1|1|Order Type Master 1|1|35741.00|0.00|35741.00|0.00|0.00|0.00|35741.00|0.00|35741.00|153|35741.00|1|0|0.00|0.00|0.00|69|17
