FPID|Andr1234567|Andres Expres PepeSierra|20241220|20241220|20250121|122922|2.00|2.00|Simphony|19.7.2
FPSUM|Restaurante|1|Restaurante|1|92685.00|9268.00|0|0|0.00|0|7415.00|1|0|0|0|0|0.00|0.00|0.00|0|0|0|0.00|0|0.00|0|937333.00|1|109368.00|1|0.00|0|0.00|0|0.00|0|0.00|0.00|12|49|92685.00|0.00|0.00|0.00|92685.00|0.00|0.00|0.00|0.00|0.00|0.00|0.00|0.00
FPSUM|Domicilios|20|Domicilios|20|38997.00|0.00|0|0|0.00|0|3903.00|1|0|0|0|0|0.00|0.00|0.00|0|0|0|0.00|0|0.00|0|0.00|0|42900.00|1|42900.00|1|0.00|0|0.00|0|0.00|0.00|13|56|48797.00|-9800.00|0.00|0.00|38997.00|0.00|0.00|0.00|0.00|0.00|0.00|0.00|0.00
FPSUM|Plataformas|21|Plataformas|21|147778.00|0.00|0|0|0.00|0|11822.00|2|0|0|0|0|0.00|0.00|0.00|0|0|0|0.00|0|0.00|0|0.00|0|159600.00|2|159600.00|2|0.00|0|0.00|0|0.00|0.00|22|89|147778.00|0.00|0.00|0.00|147778.00|0.00|0.00|0.00|0.00|0.00|0.00|0.00|0.00
FPSUM|Plataformas|21|Plataformas|21|156667.00|0.00|0|0|0.00|0|12533.00|2|0|0|0|0|0.00|0.00|0.00|0|0|0|0.00|0|0.00|0|0.00|1|169200.00|2|169200.00|2|0.00|0|0.00|0|0.00|0.00|20|81|156667.00|0.00|0.00|0.00|156667.00|0.00|0.00|0.00|0.00|0.00|0.00|0.00|0.00
FPSUM|Domicilios|20|Domicilios|20|174721.00|0.00|0|0|0.00|0|13979.00|1|0|0|0|0|0.00|0.00|0.00|0|0|0|91200.00|2|0.00|0|0.00|0|188700.00|1|188700.00|1|0.00|0|0.00|0|0.00|0.00|18|75|174721.00|0.00|0.00|0.00|174721.00|0.00|0.00|0.00|0.00|0.00|0.00|0.00|0.00
FPSUM|Restaurante|1|Restaurante|1|131296.00|13129.00|0|0|0.00|0|10504.00|1|0|0|0|0|0.00|0.00|0.00|0|0|0|0.00|0|0.00|0|0.00|0|154929.00|1|144222.00|1|0.00|0|0.00|0|0.00|0.00|13|55|131296.00|0.00|0.00|0.00|131296.00|0.00|0.00|0.00|0.00|0.00|0.00|0.00|0.00
FPSUM|Plataformas|21|Plataformas|21|80741.00|0.00|0|0|0.00|0|6459.00|2|0|0|0|0|0.00|0.00|0.00|0|0|0|0.00|0|0.00|0|0.00|0|87200.00|2|87200.00|2|0.00|0|0.00|0|0.00|0.00|13|53|80741.00|0.00|0.00|0.00|80741.00|0.00|0.00|0.00|0.00|0.00|0.00|0.00|0.00
FPSUM|Restaurante|1|Restaurante|1|0.00|0.00|0|0|0.00|0|0.00|0|0|0|0|0|0.00|0.00|0.00|0|0|0|0.00|0|0.00|0|0.00|0|0.00|0|147718.00|1|0.00|0|0.00|0|0.00|0.00|16|65|0.00|0.00|0.00|0.00|0.00|0.00|0.00|0.00|0.00|0.00|0.00|0.00|0.00
FPSUM|Plataformas|21|Plataformas|21|75186.00|0.00|0|0|0.00|0|6014.00|1|0|0|0|0|0.00|0.00|0.00|0|0|0|120200.00|2|0.00|0|0.00|0|81200.00|1|81200.00|1|0.00|0|0.00|0|0.00|0.00|15|64|75186.00|0.00|0.00|0.00|75186.00|0.00|0.00|0.00|0.00|0.00|0.00|0.00|0.00
FPSUM|Restaurante|1|Restaurante|1|431854.00|43184.00|0|0|0.00|0|34546.00|1|0|0|0|0|0.00|0.00|0.00|0|0|0|0.00|0|0.00|0|0.00|2|509584.00|1|0.00|0|0.00|0|0.00|0|0.00|0.00|13|56|431854.00|0.00|0.00|0.00|431854.00|0.00|0.00|0.00|0.00|0.00|0.00|0.00|0.00
FPSUM|Restaurante|1|Restaurante|1|0.00|0.00|0|0|0.00|0|0.00|0|0|0|0|0|0.00|0.00|0.00|0|0|0|0.00|0|0.00|0|0.00|1|0.00|0|0.00|0|0.00|0|0.00|0|0.00|0.00|18|75|0.00|0.00|0.00|0.00|0.00|0.00|0.00|0.00|0.00|0.00|0.00|0.00|0.00
FPSUM|Plataformas|21|Plataformas|21|138149.00|0.00|0|0|0.00|0|11051.00|1|0|0|0|0|0.00|0.00|0.00|0|0|0|0.00|0|0.00|0|0.00|2|149200.00|1|149200.00|1|0.00|0|0.00|0|0.00|0.00|21|87|138149.00|0.00|0.00|0.00|138149.00|0.00|0.00|0.00|0.00|0.00|0.00|0.00|0.00
FPSUM|Restaurante|1|Restaurante|1|0.00|0.00|0|0|0.00|0|0.00|0|0|0|0|0|0.00|0.00|0.00|0|0|0|0.00|0|0.00|0|0.00|0|-1.00|0|-1.00|0|0.00|0|0.00|0|0.00|0.00|21|85|0.00|0.00|0.00|0.00|0.00|0.00|0.00|0.00|0.00|0.00|0.00|0.00|0.00
FPSUM|Restaurante|1|Restaurante|1|12963.00|1296.00|0|0|0.00|0|1037.00|0|0|0|0|0|0.00|0.00|0.00|0|0|0|0.00|0|0.00|0|0.00|0|15296.00|0|104779.00|1|0.00|0|0.00|0|0.00|0.00|17|72|12963.00|0.00|0.00|0.00|12963.00|0.00|0.00|0.00|0.00|0.00|0.00|0.00|0.00
FPSUM|Plataformas|21|Plataformas|21|312870.00|0.00|0|0|0.00|0|25030.00|4|0|0|0|0|0.00|0.00|0.00|0|0|0|0.00|0|0.00|0|0.00|1|337900.00|4|337900.00|4|0.00|0|0.00|0|0.00|0.00|12|50|312870.00|0.00|0.00|0.00|312870.00|0.00|0.00|0.00|0.00|0.00|0.00|0.00|0.00
FPSUM|Plataformas|21|Plataformas|21|189629.00|0.00|0|0|0.00|0|15171.00|4|0|0|0|0|0.00|0.00|0.00|0|0|0|0.00|0|0.00|0|0.00|0|204800.00|4|204800.00|4|0.00|0|0.00|0|0.00|0.00|14|57|189629.00|0.00|0.00|0.00|189629.00|0.00|0.00|0.00|0.00|0.00|0.00|0.00|0.00
FPSUM|Plataformas|21|Plataformas|21|107222.00|0.00|0|0|0.00|0|8578.00|1|0|0|0|0|0.00|0.00|0.00|0|0|0|0.00|0|0.00|0|0.00|0|115800.00|1|115800.00|1|0.00|0|0.00|0|0.00|0.00|11|47|107222.00|0.00|0.00|0.00|107222.00|0.00|0.00|0.00|0.00|0.00|0.00|0.00|0.00
FPSUM|Domicilios|20|Domicilios|20|35093.00|0.00|0|0|0.00|0|2807.00|1|0|0|0|0|0.00|0.00|0.00|0|0|0|0.00|0|0.00|0|0.00|0|37900.00|1|37900.00|1|0.00|0|0.00|0|0.00|0.00|14|58|35093.00|0.00|0.00|0.00|35093.00|0.00|0.00|0.00|0.00|0.00|0.00|0.00|0.00
FPSUM|Restaurante|1|Restaurante|1|59074.00|5907.00|0|0|0.00|0|4726.00|1|0|0|0|0|0.00|0.00|0.00|0|0|0|0.00|0|0.00|0|0.00|0|69707.00|1|0.00|0|0.00|0|0.00|0|0.00|0.00|18|73|59074.00|0.00|0.00|0.00|59074.00|0.00|0.00|0.00|0.00|0.00|0.00|0.00|0.00
FPSUM|Restaurante|1|Restaurante|1|98241.00|9824.00|0|0|0.00|0|7859.00|1|0|0|0|0|0.00|0.00|0.00|0|0|0|7400.00|1|0.00|0|0.00|0|115924.00|1|0.00|0|0.00|0|0.00|0|0.00|0.00|17|69|98241.00|0.00|0.00|0.00|98241.00|0.00|0.00|0.00|0.00|0.00|0.00|0.00|0.00
FPSUM|Domicilios|20|Domicilios|20|0.00|0.00|0|0|0.00|0|0.00|0|0|0|0|0|0.00|0.00|0.00|0|0|0|0.00|0|0.00|0|0.00|0|0.00|0|0.00|0|0.00|0|0.00|0|0.00|0.00|21|86|0.00|0.00|0.00|0.00|0.00|0.00|0.00|0.00|0.00|0.00|0.00|0.00|0.00
FPSUM|Restaurante|1|Restaurante|1|0.00|0.00|0|0|0.00|0|0.00|0|0|0|0|0|0.00|0.00|0.00|0|0|0|0.00|0|0.00|0|0.00|0|-2.00|0|74840.00|1|0.00|0|0.00|0|0.00|0.00|20|84|0.00|0.00|0.00|0.00|0.00|0.00|0.00|0.00|0.00|0.00|0.00|0.00|0.00
FPSUM|Eventos|3|Eventos|3|0.00|0.00|0|0|0.00|0|0.00|0|0|0|0|0|0.00|0.00|0.00|0|0|0|0.00|0|0.00|0|0.00|0|0.00|0|2594136.00|1|0.00|0|0.00|0|0.00|0.00|15|64|0.00|0.00|0.00|0.00|0.00|0.00|0.00|0.00|0.00|0.00|0.00|0.00|0.00
FPSUM|Restaurante|1|Restaurante|1|0.00|0.00|0|0|0.00|0|0.00|0|0|0|0|0|0.00|0.00|0.00|0|0|0|0.00|0|0.00|0|0.00|0|1.00|0|54630.00|1|0.00|0|0.00|0|0.00|0.00|13|53|0.00|0.00|0.00|0.00|0.00|0.00|0.00|0.00|0.00|0.00|0.00|0.00|0.00
FPSUM|Eventos|3|Eventos|3|264158.00|26416.00|0|0|0.00|0|21142.00|0|0|0|0|0|0.00|0.00|0.00|0|0|0|148000.00|4|0.00|0|0.00|0|311716.00|0|0.00|0|0.00|0|0.00|0|0.00|0.00|15|62|264158.00|0.00|0.00|0.00|264158.00|0.00|0.00|0.00|0.00|0.00|0.00|0.00|0.00
FPSUM|Eventos|3|Eventos|3|0.00|0.00|0|0|0.00|0|0.00|0|0|0|0|0|0.00|0.00|0.00|0|0|0|0.00|0|0.00|0|117126.00|10|0.00|0|0.00|0|0.00|0|0.00|0|0.00|0.00|15|61|0.00|0.00|0.00|0.00|0.00|0.00|0.00|0.00|0.00|0.00|0.00|0.00|0.00
FPSUM|Plataformas|21|Plataformas|21|106667.00|0.00|0|0|0.00|0|8533.00|1|0|0|0|0|0.00|0.00|0.00|0|0|0|0.00|0|0.00|0|120200.00|1|115200.00|1|115200.00|1|0.00|0|0.00|0|0.00|0.00|13|55|106667.00|0.00|0.00|0.00|106667.00|0.00|0.00|0.00|0.00|0.00|0.00|0.00|0.00
FPSUM|Eventos|3|Eventos|3|0.00|0.00|0|0|0.00|0|0.00|0|0|0|0|0|0.00|0.00|0.00|0|0|0|0.00|0|0.00|0|0.00|0|0.00|0|0.00|0|0.00|0|0.00|0|0.00|0.00|21|87|0.00|0.00|0.00|0.00|0.00|0.00|0.00|0.00|0.00|0.00|0.00|0.00|0.00
FPSUM|Plataformas|21|Plataformas|21|38287.00|0.00|0|0|0.00|0|3063.00|1|0|0|0|0|0.00|0.00|0.00|0|0|0|0.00|0|0.00|0|0.00|0|41350.00|1|41350.00|1|0.00|0|0.00|0|0.00|0.00|16|68|38287.00|0.00|0.00|0.00|38287.00|0.00|0.00|0.00|0.00|0.00|0.00|0.00|0.00
FPSUM|Restaurante|1|Restaurante|1|63427.00|6342.00|0|0|0.00|0|5073.00|1|0|0|0|0|0.00|0.00|0.00|0|0|0|0.00|0|0.00|0|0.00|0|74842.00|1|0.00|0|0.00|0|0.00|0|0.00|0.00|20|82|63427.00|0.00|0.00|0.00|63427.00|0.00|0.00|0.00|0.00|0.00|0.00|0.00|0.00
FPSUM|Restaurante|1|Restaurante|1|22500.00|2250.00|0|0|0.00|0|1800.00|0|0|0|0|0|0.00|0.00|0.00|0|0|0|0.00|0|0.00|0|0.00|0|26550.00|0|0.00|0|0.00|0|0.00|0|0.00|0.00|15|61|22500.00|0.00|0.00|0.00|22500.00|0.00|0.00|0.00|0.00|0.00|0.00|0.00|0.00
FPSUM|Domicilios|20|Domicilios|20|32410.00|0.00|0|0|0.00|0|2590.00|1|0|0|0|0|0.00|0.00|0.00|0|0|0|0.00|0|0.00|0|0.00|0|35000.00|1|35000.00|1|0.00|0|0.00|0|0.00|0.00|21|87|32410.00|0.00|0.00|0.00|32410.00|0.00|0.00|0.00|0.00|0.00|0.00|0.00|0.00
FPSUM|Plataformas|21|Plataformas|21|101204.00|0.00|0|0|0.00|0|8096.00|2|0|0|0|0|0.00|0.00|0.00|0|0|0|38600.00|1|0.00|0|0.00|0|109300.00|2|109300.00|2|0.00|0|0.00|0|0.00|0.00|12|52|101204.00|0.00|0.00|0.00|101204.00|0.00|0.00|0.00|0.00|0.00|0.00|0.00|0.00
FPSUM|Restaurante|1|Restaurante|1|69352.00|6935.00|0|0|0.00|0|5548.00|1|0|0|0|0|0.00|0.00|0.00|0|0|0|0.00|0|0.00|0|0.00|0|81835.00|1|0.00|0|0.00|0|0.00|0|0.00|0.00|17|70|69352.00|0.00|0.00|0.00|69352.00|0.00|0.00|0.00|0.00|0.00|0.00|0.00|0.00
FPSUM|Eventos|3|Eventos|3|0.00|0.00|0|0|0.00|0|0.00|0|0|0|0|0|0.00|0.00|0.00|0|0|0|0.00|0|0.00|0|38022.00|4|0.00|0|0.00|0|0.00|0|0.00|0|0.00|0.00|14|58|0.00|0.00|0.00|0.00|0.00|0.00|0.00|0.00|0.00|0.00|0.00|0.00|0.00
FPSUM|Restaurante|1|Restaurante|1|0.00|0.00|0|0|0.00|0|0.00|0|0|0|0|0|0.00|0.00|0.00|0|0|0|0.00|0|0.00|0|23818.00|1|0.00|0|0.00|0|0.00|0|0.00|0|0.00|0.00|19|80|0.00|0.00|0.00|0.00|0.00|0.00|0.00|0.00|0.00|0.00|0.00|0.00|0.00
FPSUM|Restaurante|1|Restaurante|1|133610.00|13360.00|0|0|0.00|0|10690.00|1|0|0|0|0|0.00|0.00|0.00|0|0|0|40500.00|3|0.00|0|0.00|0|157660.00|1|329088.00|1|0.00|0|0.00|0|0.00|0.00|14|60|133610.00|0.00|0.00|0.00|133610.00|0.00|0.00|0.00|0.00|0.00|0.00|0.00|0.00
FPSUM|Restaurante|1|Restaurante|1|69538.00|6954.00|0|0|0.00|0|5562.00|1|0|0|0|0|0.00|0.00|0.00|0|0|0|0.00|0|0.00|0|0.00|0|82054.00|1|0.00|0|0.00|0|0.00|0|0.00|0.00|19|79|69538.00|0.00|0.00|0.00|69538.00|0.00|0.00|0.00|0.00|0.00|0.00|0.00|0.00
FPSUM|Eventos|3|Eventos|3|1186479.00|118645.00|0|0|0.00|0|94921.00|0|0|0|0|0|0.00|0.00|0.00|0|0|0|64100.00|2|0.00|0|0.00|0|1400045.00|0|0.00|0|0.00|0|0.00|0|0.00|0.00|14|60|1186479.00|0.00|0.00|0.00|1186479.00|0.00|0.00|0.00|0.00|0.00|0.00|0.00|0.00
FPSUM|Restaurante|1|Restaurante|1|0.00|0.00|0|0|0.00|0|0.00|0|0|0|0|0|0.00|0.00|0.00|0|0|0|0.00|0|0.00|0|0.00|0|0.00|0|194590.00|2|0.00|0|0.00|0|0.00|0.00|18|74|0.00|0.00|0.00|0.00|0.00|0.00|0.00|0.00|0.00|0.00|0.00|0.00|0.00
FPSUM|Domicilios|20|Domicilios|20|102037.00|0.00|0|0|0.00|0|8163.00|2|0|0|0|0|0.00|0.00|0.00|0|0|0|0.00|0|0.00|0|0.00|0|110200.00|2|110200.00|2|0.00|0|0.00|0|0.00|0.00|18|76|102037.00|0.00|0.00|0.00|102037.00|0.00|0.00|0.00|0.00|0.00|0.00|0.00|0.00
FPSUM|Restaurante|1|Restaurante|1|0.00|0.00|0|0|0.00|0|0.00|0|0|0|0|0|0.00|0.00|0.00|0|0|0|0.00|0|0.00|0|4043.00|1|0.00|0|0.00|0|0.00|0|0.00|0|0.00|0.00|16|67|0.00|0.00|0.00|0.00|0.00|0.00|0.00|0.00|0.00|0.00|0.00|0.00|0.00
FPSUM|Restaurante|1|Restaurante|1|0.00|0.00|0|0|0.00|0|0.00|0|0|0|0|0|0.00|0.00|0.00|0|0|0|0.00|0|0.00|0|0.00|2|0.00|0|341107.00|2|0.00|0|0.00|0|0.00|0.00|14|59|0.00|0.00|0.00|0.00|0.00|0.00|0.00|0.00|0.00|0.00|0.00|0.00|0.00
FPSUM|Restaurante|1|Restaurante|1|14074.00|1407.00|0|0|0.00|0|1126.00|0|0|0|0|0|0.00|0.00|0.00|0|0|0|0.00|0|0.00|0|0.00|0|16607.00|0|0.00|0|0.00|0|0.00|0|0.00|0.00|17|71|14074.00|0.00|0.00|0.00|14074.00|0.00|0.00|0.00|0.00|0.00|0.00|0.00|0.00
FPSUM|Domicilios|20|Domicilios|20|108518.00|0.00|0|0|0.00|0|8682.00|1|0|0|0|0|0.00|0.00|0.00|0|0|0|0.00|0|0.00|0|0.00|0|117200.00|1|117200.00|1|0.00|0|0.00|0|0.00|0.00|14|59|108518.00|0.00|0.00|0.00|108518.00|0.00|0.00|0.00|0.00|0.00|0.00|0.00|0.00
FPSUM|Plataformas|21|Plataformas|21|0.00|0.00|0|0|0.00|0|0.00|0|0|0|0|0|0.00|0.00|0.00|0|0|0|0.00|0|0.00|0|0.00|1|0.00|0|0.00|0|0.00|0|0.00|0|0.00|0.00|21|86|0.00|0.00|0.00|0.00|0.00|0.00|0.00|0.00|0.00|0.00|0.00|0.00|0.00
FPSUM|Restaurante|1|Restaurante|1|0.00|0.00|0|0|0.00|0|0.00|0|0|0|0|0|0.00|0.00|0.00|0|0|0|0.00|0|0.00|0|0.00|0|0.00|0|0.00|0|0.00|0|0.00|0|0.00|0.00|21|88|0.00|0.00|0.00|0.00|0.00|0.00|0.00|0.00|0.00|0.00|0.00|0.00|0.00
FPSUM|Eventos|3|Eventos|3|256856.00|25684.00|0|0|0.00|0|20544.00|0|0|0|0|0|0.00|0.00|0.00|0|0|0|62800.00|2|0.00|0|0.00|0|303084.00|0|0.00|0|0.00|0|0.00|0|0.00|0.00|15|63|256856.00|0.00|0.00|0.00|256856.00|0.00|0.00|0.00|0.00|0.00|0.00|0.00|0.00
FPSUM|Plataformas|21|Plataformas|21|104352.00|0.00|0|0|0.00|0|8348.00|1|0|0|0|0|0.00|0.00|0.00|0|0|0|0.00|0|0.00|0|0.00|0|112700.00|1|112700.00|1|0.00|0|0.00|0|0.00|0.00|12|49|104352.00|0.00|0.00|0.00|104352.00|0.00|0.00|0.00|0.00|0.00|0.00|0.00|0.00
FPSUM|Restaurante|1|Restaurante|1|0.00|0.00|0|0|0.00|0|0.00|0|0|0|0|0|0.00|0.00|0.00|0|0|0|0.00|0|0.00|0|0.00|0|0.00|0|82054.00|1|0.00|0|0.00|0|0.00|0.00|20|81|0.00|0.00|0.00|0.00|0.00|0.00|0.00|0.00|0.00|0.00|0.00|0.00|0.00
FPSUM|Domicilios|20|Domicilios|20|0.00|0.00|0|0|0.00|0|0.00|0|0|0|0|0|0.00|0.00|0.00|0|0|0|0.00|0|0.00|0|0.00|0|0.00|0|0.00|0|0.00|0|0.00|0|0.00|0.00|21|85|0.00|0.00|0.00|0.00|0.00|0.00|0.00|0.00|0.00|0.00|0.00|0.00|0.00
FPSUM|Restaurante|1|Restaurante|1|53890.00|5388.00|0|0|0.00|0|4310.00|1|0|0|0|0|0.00|0.00|0.00|0|0|0|0.00|0|0.00|0|0.00|0|63588.00|1|233486.00|2|0.00|0|0.00|0|0.00|0.00|12|51|53890.00|0.00|0.00|0.00|53890.00|0.00|0.00|0.00|0.00|0.00|0.00|0.00|0.00
FPSUM|Restaurante|1|Restaurante|1|122224.00|12222.00|0|0|0.00|0|9776.00|1|0|0|0|0|0.00|0.00|0.00|0|0|0|0.00|0|0.00|0|0.00|0|144222.00|1|0.00|0|0.00|0|0.00|0|0.00|0.00|12|52|122224.00|0.00|0.00|0.00|122224.00|0.00|0.00|0.00|0.00|0.00|0.00|0.00|0.00
FPSUM|Domicilios|20|Domicilios|20|31574.00|0.00|0|0|0.00|0|2526.00|1|0|0|0|0|0.00|0.00|0.00|0|0|0|0.00|0|0.00|0|0.00|1|34100.00|1|34100.00|1|0.00|0|0.00|0|0.00|0.00|13|54|31574.00|0.00|0.00|0.00|31574.00|0.00|0.00|0.00|0.00|0.00|0.00|0.00|0.00
FPSUM|Plataformas|21|Plataformas|21|44722.00|0.00|0|0|0.00|0|3578.00|1|0|0|0|0|0.00|0.00|0.00|0|0|0|0.00|0|0.00|0|0.00|0|48300.00|1|48300.00|1|0.00|0|0.00|0|0.00|0.00|18|76|44722.00|0.00|0.00|0.00|44722.00|0.00|0.00|0.00|0.00|0.00|0.00|0.00|0.00
FPSUM|Domicilios|20|Domicilios|20|46018.00|0.00|0|0|0.00|0|3682.00|1|0|0|0|0|0.00|0.00|0.00|0|0|0|0.00|0|0.00|0|0.00|0|49700.00|1|49700.00|1|0.00|0|0.00|0|0.00|0.00|19|80|46018.00|0.00|0.00|0.00|46018.00|0.00|0.00|0.00|0.00|0.00|0.00|0.00|0.00
FPSUM|Plataformas|21|Plataformas|21|127594.00|0.00|0|0|0.00|0|10206.00|2|0|0|0|0|0.00|0.00|0.00|0|0|0|58500.00|1|0.00|0|0.00|0|137800.00|2|137800.00|2|0.00|0|0.00|0|0.00|0.00|18|75|127594.00|0.00|0.00|0.00|127594.00|0.00|0.00|0.00|0.00|0.00|0.00|0.00|0.00
FPSUM|Restaurante|1|Restaurante|1|125186.00|12518.00|0|0|0.00|0|10014.00|1|0|0|0|0|0.00|0.00|0.00|0|0|0|4900.00|1|0.00|0|0.00|0|147718.00|1|658067.00|2|0.00|0|0.00|0|0.00|0.00|15|63|125186.00|0.00|0.00|0.00|125186.00|0.00|0.00|0.00|0.00|0.00|0.00|0.00|0.00
FPSUM|Restaurante|1|Restaurante|1|1759.00|176.00|-6389|1|0.00|0|141.00|0|0|0|0|0|0.00|0.00|0.00|0|0|0|0.00|0|0.00|0|29281.00|1|2076.00|0|0.00|0|0.00|0|0.00|0|0.00|0.00|14|58|1759.00|0.00|0.00|0.00|1759.00|0.00|0.00|0.00|0.00|0.00|0.00|0.00|0.00
FPSUM|Restaurante|1|Restaurante|1|0.00|0.00|0|0|0.00|0|0.00|0|0|0|0|0|0.00|0.00|0.00|0|0|0|0.00|0|0.00|0|0.00|1|0.00|0|0.00|0|0.00|0|0.00|0|0.00|0.00|22|89|0.00|0.00|0.00|0.00|0.00|0.00|0.00|0.00|0.00|0.00|0.00|0.00|0.00
FPSUM|Eventos|3|Eventos|3|490922.00|49091.00|0|0|0.00|0|39278.00|1|0|0|0|0|0.00|0.00|0.00|0|0|0|1074000.00|1|0.00|0|1767374.00|3|579291.00|1|0.00|0|0.00|0|0.00|0|0.00|0.00|14|59|490922.00|0.00|0.00|0.00|490922.00|0.00|0.00|0.00|0.00|0.00|0.00|0.00|0.00
FPSUM|Restaurante|1|Restaurante|1|137501.00|13750.00|0|0|0.00|0|10999.00|2|0|0|0|0|0.00|0.00|0.00|0|0|0|0.00|0|0.00|0|0.00|0|162250.00|2|0.00|0|0.00|0|0.00|0|0.00|0.00|12|50|137501.00|0.00|0.00|0.00|137501.00|0.00|0.00|0.00|0.00|0.00|0.00|0.00|0.00
FPSUM|Restaurante|1|Restaurante|1|0.00|0.00|0|0|0.00|0|0.00|0|0|0|0|0|0.00|0.00|0.00|0|0|0|0.00|0|0.00|0|1547763.00|1|0.00|0|0.00|0|0.00|0|0.00|0|0.00|0.00|13|54|0.00|0.00|0.00|0.00|0.00|0.00|0.00|0.00|0.00|0.00|0.00|0.00|0.00
FPSUM|Domicilios|20|Domicilios|20|30926.00|0.00|0|0|0.00|0|2474.00|1|0|0|0|0|0.00|0.00|0.00|0|0|0|0.00|0|0.00|0|0.00|0|33400.00|1|33400.00|1|0.00|0|0.00|0|0.00|0.00|15|64|30926.00|0.00|0.00|0.00|30926.00|0.00|0.00|0.00|0.00|0.00|0.00|0.00|0.00
FPSUM|Restaurante|1|Restaurante|1|364723.00|36472.00|0|0|0.00|0|29177.00|1|0|0|0|0|0.00|0.00|0.00|0|0|0|0.00|0|0.00|0|55285.00|1|430372.00|1|0.00|0|0.00|0|0.00|0|0.00|0.00|14|57|364723.00|0.00|0.00|0.00|364723.00|0.00|0.00|0.00|0.00|0.00|0.00|0.00|0.00
FPOT|Restaurante|1|Restaurante|1|Para Aqui|1|Para Aqui|1|125186.00|12518.00|0.00|0|0.00|0|10014.00|1|0|0|0|0|0.00|0.00|0.00|0|0|0|4900.00|1|0.00|0|0.00|0|147718.00|1|658067.00|2|0.00|0|0.00|0|0.00|0.00|15|63|125186.00|0.00|0.00|0.00|125186.00|0.00|0.00|0.00|0.00|0.00|0.00|0.00|0.00
FPOT|Restaurante|1|Restaurante|1|Para Aqui|1|Para Aqui|1|0.00|0.00|0.00|0|0.00|0|0.00|0|0|0|0|0|0.00|0.00|0.00|0|0|0|0.00|0|0.00|0|0.00|2|0.00|0|341107.00|2|0.00|0|0.00|0|0.00|0.00|14|59|0.00|0.00|0.00|0.00|0.00|0.00|0.00|0.00|0.00|0.00|0.00|0.00|0.00
FPOT|Domicilios|20|Domicilios|20|Para Llevar|2|Para Llevar|2|0.00|0.00|0.00|0|0.00|0|0.00|0|0|0|0|0|0.00|0.00|0.00|0|0|0|0.00|0|0.00|0|0.00|0|0.00|0|0.00|0|0.00|0|0.00|0|0.00|0.00|21|85|0.00|0.00|0.00|0.00|0.00|0.00|0.00|0.00|0.00|0.00|0.00|0.00|0.00
FPOT|Domicilios|20|Domicilios|20|Para Llevar|2|Para Llevar|2|30926.00|0.00|0.00|0|0.00|0|2474.00|1|0|0|0|0|0.00|0.00|0.00|0|0|0|0.00|0|0.00|0|0.00|0|33400.00|1|33400.00|1|0.00|0|0.00|0|0.00|0.00|15|64|30926.00|0.00|0.00|0.00|30926.00|0.00|0.00|0.00|0.00|0.00|0.00|0.00|0.00
FPOT|Domicilios|20|Domicilios|20|Para Llevar|2|Para Llevar|2|0.00|0.00|0.00|0|0.00|0|0.00|0|0|0|0|0|0.00|0.00|0.00|0|0|0|0.00|0|0.00|0|0.00|0|0.00|0|0.00|0|0.00|0|0.00|0|0.00|0.00|21|86|0.00|0.00|0.00|0.00|0.00|0.00|0.00|0.00|0.00|0.00|0.00|0.00|0.00
FPOT|Plataformas|21|Plataformas|21|Domicilios|7|Domicilios|7|147778.00|0.00|0.00|0|0.00|0|11822.00|2|0|0|0|0|0.00|0.00|0.00|0|0|0|0.00|0|0.00|0|0.00|0|159600.00|2|159600.00|2|0.00|0|0.00|0|0.00|0.00|22|89|147778.00|0.00|0.00|0.00|147778.00|0.00|0.00|0.00|0.00|0.00|0.00|0.00|0.00
FPOT|Plataformas|21|Plataformas|21|Domicilios|7|Domicilios|7|44722.00|0.00|0.00|0|0.00|0|3578.00|1|0|0|0|0|0.00|0.00|0.00|0|0|0|0.00|0|0.00|0|0.00|0|48300.00|1|48300.00|1|0.00|0|0.00|0|0.00|0.00|18|76|44722.00|0.00|0.00|0.00|44722.00|0.00|0.00|0.00|0.00|0.00|0.00|0.00|0.00
FPOT|Eventos|3|Eventos|3|Para Aqui|1|Para Aqui|1|0.00|0.00|0.00|0|0.00|0|0.00|0|0|0|0|0|0.00|0.00|0.00|0|0|0|0.00|0|0.00|0|38022.00|4|0.00|0|0.00|0|0.00|0|0.00|0|0.00|0.00|14|58|0.00|0.00|0.00|0.00|0.00|0.00|0.00|0.00|0.00|0.00|0.00|0.00|0.00
FPOT|Eventos|3|Eventos|3|Para Aqui|1|Para Aqui|1|0.00|0.00|0.00|0|0.00|0|0.00|0|0|0|0|0|0.00|0.00|0.00|0|0|0|0.00|0|0.00|0|0.00|0|0.00|0|0.00|0|0.00|0|0.00|0|0.00|0.00|21|87|0.00|0.00|0.00|0.00|0.00|0.00|0.00|0.00|0.00|0.00|0.00|0.00|0.00
FPOT|Eventos|3|Eventos|3|Para Aqui|1|Para Aqui|1|0.00|0.00|0.00|0|0.00|0|0.00|0|0|0|0|0|0.00|0.00|0.00|0|0|0|0.00|0|0.00|0|0.00|0|0.00|0|2594136.00|1|0.00|0|0.00|0|0.00|0.00|15|64|0.00|0.00|0.00|0.00|0.00|0.00|0.00|0.00|0.00|0.00|0.00|0.00|0.00
FPOT|Restaurante|1|Restaurante|1|Para Aqui|1|Para Aqui|1|0.00|0.00|0.00|0|0.00|0|0.00|0|0|0|0|0|0.00|0.00|0.00|0|0|0|0.00|0|0.00|0|0.00|0|0.00|0|147718.00|1|0.00|0|0.00|0|0.00|0.00|16|65|0.00|0.00|0.00|0.00|0.00|0.00|0.00|0.00|0.00|0.00|0.00|0.00|0.00
FPOT|Restaurante|1|Restaurante|1|Para Aqui|1|Para Aqui|1|53890.00|5388.00|0.00|0|0.00|0|4310.00|1|0|0|0|0|0.00|0.00|0.00|0|0|0|0.00|0|0.00|0|0.00|0|63588.00|1|233486.00|2|0.00|0|0.00|0|0.00|0.00|12|51|53890.00|0.00|0.00|0.00|53890.00|0.00|0.00|0.00|0.00|0.00|0.00|0.00|0.00
FPOT|Domicilios|20|Domicilios|20|Para Llevar|2|Para Llevar|2|108518.00|0.00|0.00|0|0.00|0|8682.00|1|0|0|0|0|0.00|0.00|0.00|0|0|0|0.00|0|0.00|0|0.00|0|117200.00|1|117200.00|1|0.00|0|0.00|0|0.00|0.00|14|59|108518.00|0.00|0.00|0.00|108518.00|0.00|0.00|0.00|0.00|0.00|0.00|0.00|0.00
FPOT|Plataformas|21|Plataformas|21|Domicilios|7|Domicilios|7|189629.00|0.00|0.00|0|0.00|0|15171.00|4|0|0|0|0|0.00|0.00|0.00|0|0|0|0.00|0|0.00|0|0.00|0|204800.00|4|204800.00|4|0.00|0|0.00|0|0.00|0.00|14|57|189629.00|0.00|0.00|0.00|189629.00|0.00|0.00|0.00|0.00|0.00|0.00|0.00|0.00
FPOT|Plataformas|21|Plataformas|21|Domicilios|7|Domicilios|7|107222.00|0.00|0.00|0|0.00|0|8578.00|1|0|0|0|0|0.00|0.00|0.00|0|0|0|0.00|0|0.00|0|0.00|0|115800.00|1|115800.00|1|0.00|0|0.00|0|0.00|0.00|11|47|107222.00|0.00|0.00|0.00|107222.00|0.00|0.00|0.00|0.00|0.00|0.00|0.00|0.00
FPOT|Plataformas|21|Plataformas|21|Domicilios|7|Domicilios|7|0.00|0.00|0.00|0|0.00|0|0.00|0|0|0|0|0|0.00|0.00|0.00|0|0|0|0.00|0|0.00|0|0.00|1|0.00|0|0.00|0|0.00|0|0.00|0|0.00|0.00|21|86|0.00|0.00|0.00|0.00|0.00|0.00|0.00|0.00|0.00|0.00|0.00|0.00|0.00
FPOT|Eventos|3|Eventos|3|Para Aqui|1|Para Aqui|1|0.00|0.00|0.00|0|0.00|0|0.00|0|0|0|0|0|0.00|0.00|0.00|0|0|0|0.00|0|0.00|0|117126.00|10|0.00|0|0.00|0|0.00|0|0.00|0|0.00|0.00|15|61|0.00|0.00|0.00|0.00|0.00|0.00|0.00|0.00|0.00|0.00|0.00|0.00|0.00
FPOT|Restaurante|1|Restaurante|1|Para Aqui|1|Para Aqui|1|122224.00|12222.00|0.00|0|0.00|0|9776.00|1|0|0|0|0|0.00|0.00|0.00|0|0|0|0.00|0|0.00|0|0.00|0|144222.00|1|0.00|0|0.00|0|0.00|0|0.00|0.00|12|52|122224.00|0.00|0.00|0.00|122224.00|0.00|0.00|0.00|0.00|0.00|0.00|0.00|0.00
FPOT|Restaurante|1|Restaurante|1|Para Aqui|1|Para Aqui|1|63427.00|6342.00|0.00|0|0.00|0|5073.00|1|0|0|0|0|0.00|0.00|0.00|0|0|0|0.00|0|0.00|0|0.00|0|74842.00|1|0.00|0|0.00|0|0.00|0|0.00|0.00|20|82|63427.00|0.00|0.00|0.00|63427.00|0.00|0.00|0.00|0.00|0.00|0.00|0.00|0.00
FPOT|Restaurante|1|Restaurante|1|Para Aqui|1|Para Aqui|1|0.00|0.00|0.00|0|0.00|0|0.00|0|0|0|0|0|0.00|0.00|0.00|0|0|0|0.00|0|0.00|0|0.00|1|0.00|0|0.00|0|0.00|0|0.00|0|0.00|0.00|22|89|0.00|0.00|0.00|0.00|0.00|0.00|0.00|0.00|0.00|0.00|0.00|0.00|0.00
FPOT|Domicilios|20|Domicilios|20|Para Llevar|2|Para Llevar|2|31574.00|0.00|0.00|0|0.00|0|2526.00|1|0|0|0|0|0.00|0.00|0.00|0|0|0|0.00|0|0.00|0|0.00|1|34100.00|1|34100.00|1|0.00|0|0.00|0|0.00|0.00|13|54|31574.00|0.00|0.00|0.00|31574.00|0.00|0.00|0.00|0.00|0.00|0.00|0.00|0.00
FPOT|Domicilios|20|Domicilios|20|Para Llevar|2|Para Llevar|2|38997.00|0.00|0.00|0|0.00|0|3903.00|1|0|0|0|0|0.00|0.00|0.00|0|0|0|0.00|0|0.00|0|0.00|0|42900.00|1|42900.00|1|0.00|0|0.00|0|0.00|0.00|13|56|48797.00|-9800.00|0.00|0.00|38997.00|0.00|0.00|0.00|0.00|0.00|0.00|0.00|0.00
FPOT|Domicilios|20|Domicilios|20|Para Llevar|2|Para Llevar|2|32410.00|0.00|0.00|0|0.00|0|2590.00|1|0|0|0|0|0.00|0.00|0.00|0|0|0|0.00|0|0.00|0|0.00|0|35000.00|1|35000.00|1|0.00|0|0.00|0|0.00|0.00|21|87|32410.00|0.00|0.00|0.00|32410.00|0.00|0.00|0.00|0.00|0.00|0.00|0.00|0.00
FPOT|Plataformas|21|Plataformas|21|Domicilios|7|Domicilios|7|156667.00|0.00|0.00|0|0.00|0|12533.00|2|0|0|0|0|0.00|0.00|0.00|0|0|0|0.00|0|0.00|0|0.00|1|169200.00|2|169200.00|2|0.00|0|0.00|0|0.00|0.00|20|81|156667.00|0.00|0.00|0.00|156667.00|0.00|0.00|0.00|0.00|0.00|0.00|0.00|0.00
FPOT|Plataformas|21|Plataformas|21|Domicilios|7|Domicilios|7|312870.00|0.00|0.00|0|0.00|0|25030.00|4|0|0|0|0|0.00|0.00|0.00|0|0|0|0.00|0|0.00|0|0.00|1|337900.00|4|337900.00|4|0.00|0|0.00|0|0.00|0.00|12|50|312870.00|0.00|0.00|0.00|312870.00|0.00|0.00|0.00|0.00|0.00|0.00|0.00|0.00
FPOT|Eventos|3|Eventos|3|Para Aqui|1|Para Aqui|1|264158.00|26416.00|0.00|0|0.00|0|21142.00|0|0|0|0|0|0.00|0.00|0.00|0|0|0|148000.00|4|0.00|0|0.00|0|311716.00|0|0.00|0|0.00|0|0.00|0|0.00|0.00|15|62|264158.00|0.00|0.00|0.00|264158.00|0.00|0.00|0.00|0.00|0.00|0.00|0.00|0.00
FPOT|Eventos|3|Eventos|3|Para Aqui|1|Para Aqui|1|490922.00|49091.00|0.00|0|0.00|0|39278.00|1|0|0|0|0|0.00|0.00|0.00|0|0|0|1074000.00|1|0.00|0|1767374.00|3|579291.00|1|0.00|0|0.00|0|0.00|0|0.00|0.00|14|59|490922.00|0.00|0.00|0.00|490922.00|0.00|0.00|0.00|0.00|0.00|0.00|0.00|0.00
FPOT|Restaurante|1|Restaurante|1|Para Aqui|1|Para Aqui|1|69538.00|6954.00|0.00|0|0.00|0|5562.00|1|0|0|0|0|0.00|0.00|0.00|0|0|0|0.00|0|0.00|0|0.00|0|82054.00|1|0.00|0|0.00|0|0.00|0|0.00|0.00|19|79|69538.00|0.00|0.00|0.00|69538.00|0.00|0.00|0.00|0.00|0.00|0.00|0.00|0.00
FPOT|Restaurante|1|Restaurante|1|Para Aqui|1|Para Aqui|1|22500.00|2250.00|0.00|0|0.00|0|1800.00|0|0|0|0|0|0.00|0.00|0.00|0|0|0|0.00|0|0.00|0|0.00|0|26550.00|0|0.00|0|0.00|0|0.00|0|0.00|0.00|15|61|22500.00|0.00|0.00|0.00|22500.00|0.00|0.00|0.00|0.00|0.00|0.00|0.00|0.00
FPOT|Restaurante|1|Restaurante|1|Para Aqui|1|Para Aqui|1|0.00|0.00|0.00|0|0.00|0|0.00|0|0|0|0|0|0.00|0.00|0.00|0|0|0|0.00|0|0.00|0|0.00|0|0.00|0|82054.00|1|0.00|0|0.00|0|0.00|0.00|20|81|0.00|0.00|0.00|0.00|0.00|0.00|0.00|0.00|0.00|0.00|0.00|0.00|0.00
FPOT|Restaurante|1|Restaurante|1|Para Aqui|1|Para Aqui|1|0.00|0.00|0.00|0|0.00|0|0.00|0|0|0|0|0|0.00|0.00|0.00|0|0|0|0.00|0|0.00|0|0.00|0|0.00|0|194590.00|2|0.00|0|0.00|0|0.00|0.00|18|74|0.00|0.00|0.00|0.00|0.00|0.00|0.00|0.00|0.00|0.00|0.00|0.00|0.00
FPOT|Restaurante|1|Restaurante|1|Para Aqui|1|Para Aqui|1|14074.00|1407.00|0.00|0|0.00|0|1126.00|0|0|0|0|0|0.00|0.00|0.00|0|0|0|0.00|0|0.00|0|0.00|0|16607.00|0|0.00|0|0.00|0|0.00|0|0.00|0.00|17|71|14074.00|0.00|0.00|0.00|14074.00|0.00|0.00|0.00|0.00|0.00|0.00|0.00|0.00
FPOT|Restaurante|1|Restaurante|1|Para Aqui|1|Para Aqui|1|1759.00|176.00|-6389.00|1|0.00|0|141.00|0|0|0|0|0|0.00|0.00|0.00|0|0|0|0.00|0|0.00|0|29281.00|1|2076.00|0|0.00|0|0.00|0|0.00|0|0.00|0.00|14|58|1759.00|0.00|0.00|0.00|1759.00|0.00|0.00|0.00|0.00|0.00|0.00|0.00|0.00
FPOT|Restaurante|1|Restaurante|1|Para Aqui|1|Para Aqui|1|0.00|0.00|0.00|0|0.00|0|0.00|0|0|0|0|0|0.00|0.00|0.00|0|0|0|0.00|0|0.00|0|4043.00|1|0.00|0|0.00|0|0.00|0|0.00|0|0.00|0.00|16|67|0.00|0.00|0.00|0.00|0.00|0.00|0.00|0.00|0.00|0.00|0.00|0.00|0.00
FPOT|Restaurante|1|Restaurante|1|Para Aqui|1|Para Aqui|1|133610.00|13360.00|0.00|0|0.00|0|10690.00|1|0|0|0|0|0.00|0.00|0.00|0|0|0|40500.00|3|0.00|0|0.00|0|157660.00|1|329088.00|1|0.00|0|0.00|0|0.00|0.00|14|60|133610.00|0.00|0.00|0.00|133610.00|0.00|0.00|0.00|0.00|0.00|0.00|0.00|0.00
FPOT|Restaurante|1|Restaurante|1|Para Aqui|1|Para Aqui|1|12963.00|1296.00|0.00|0|0.00|0|1037.00|0|0|0|0|0|0.00|0.00|0.00|0|0|0|0.00|0|0.00|0|0.00|0|15296.00|0|104779.00|1|0.00|0|0.00|0|0.00|0.00|17|72|12963.00|0.00|0.00|0.00|12963.00|0.00|0.00|0.00|0.00|0.00|0.00|0.00|0.00
FPOT|Restaurante|1|Restaurante|1|Para Aqui|1|Para Aqui|1|0.00|0.00|0.00|0|0.00|0|0.00|0|0|0|0|0|0.00|0.00|0.00|0|0|0|0.00|0|0.00|0|0.00|0|-1.00|0|-1.00|0|0.00|0|0.00|0|0.00|0.00|21|85|0.00|0.00|0.00|0.00|0.00|0.00|0.00|0.00|0.00|0.00|0.00|0.00|0.00
FPOT|Domicilios|20|Domicilios|20|Para Llevar|2|Para Llevar|2|46018.00|0.00|0.00|0|0.00|0|3682.00|1|0|0|0|0|0.00|0.00|0.00|0|0|0|0.00|0|0.00|0|0.00|0|49700.00|1|49700.00|1|0.00|0|0.00|0|0.00|0.00|19|80|46018.00|0.00|0.00|0.00|46018.00|0.00|0.00|0.00|0.00|0.00|0.00|0.00|0.00
FPOT|Plataformas|21|Plataformas|21|Domicilios|7|Domicilios|7|80741.00|0.00|0.00|0|0.00|0|6459.00|2|0|0|0|0|0.00|0.00|0.00|0|0|0|0.00|0|0.00|0|0.00|0|87200.00|2|87200.00|2|0.00|0|0.00|0|0.00|0.00|13|53|80741.00|0.00|0.00|0.00|80741.00|0.00|0.00|0.00|0.00|0.00|0.00|0.00|0.00
FPOT|Restaurante|1|Restaurante|1|Para Aqui|1|Para Aqui|1|69352.00|6935.00|0.00|0|0.00|0|5548.00|1|0|0|0|0|0.00|0.00|0.00|0|0|0|0.00|0|0.00|0|0.00|0|81835.00|1|0.00|0|0.00|0|0.00|0|0.00|0.00|17|70|69352.00|0.00|0.00|0.00|69352.00|0.00|0.00|0.00|0.00|0.00|0.00|0.00|0.00
FPOT|Restaurante|1|Restaurante|1|Para Aqui|1|Para Aqui|1|431854.00|43184.00|0.00|0|0.00|0|34546.00|1|0|0|0|0|0.00|0.00|0.00|0|0|0|0.00|0|0.00|0|0.00|2|509584.00|1|0.00|0|0.00|0|0.00|0|0.00|0.00|13|56|431854.00|0.00|0.00|0.00|431854.00|0.00|0.00|0.00|0.00|0.00|0.00|0.00|0.00
FPOT|Restaurante|1|Restaurante|1|Para Aqui|1|Para Aqui|1|0.00|0.00|0.00|0|0.00|0|0.00|0|0|0|0|0|0.00|0.00|0.00|0|0|0|0.00|0|0.00|0|0.00|0|-2.00|0|74840.00|1|0.00|0|0.00|0|0.00|0.00|20|84|0.00|0.00|0.00|0.00|0.00|0.00|0.00|0.00|0.00|0.00|0.00|0.00|0.00
FPOT|Restaurante|1|Restaurante|1|Para Aqui|1|Para Aqui|1|92685.00|9268.00|0.00|0|0.00|0|7415.00|1|0|0|0|0|0.00|0.00|0.00|0|0|0|0.00|0|0.00|0|937333.00|1|109368.00|1|0.00|0|0.00|0|0.00|0|0.00|0.00|12|49|92685.00|0.00|0.00|0.00|92685.00|0.00|0.00|0.00|0.00|0.00|0.00|0.00|0.00
FPOT|Domicilios|20|Domicilios|20|Para Llevar|2|Para Llevar|2|35093.00|0.00|0.00|0|0.00|0|2807.00|1|0|0|0|0|0.00|0.00|0.00|0|0|0|0.00|0|0.00|0|0.00|0|37900.00|1|37900.00|1|0.00|0|0.00|0|0.00|0.00|14|58|35093.00|0.00|0.00|0.00|35093.00|0.00|0.00|0.00|0.00|0.00|0.00|0.00|0.00
FPOT|Plataformas|21|Plataformas|21|Domicilios|7|Domicilios|7|101204.00|0.00|0.00|0|0.00|0|8096.00|2|0|0|0|0|0.00|0.00|0.00|0|0|0|38600.00|1|0.00|0|0.00|0|109300.00|2|109300.00|2|0.00|0|0.00|0|0.00|0.00|12|52|101204.00|0.00|0.00|0.00|101204.00|0.00|0.00|0.00|0.00|0.00|0.00|0.00|0.00
FPOT|Plataformas|21|Plataformas|21|Domicilios|7|Domicilios|7|138149.00|0.00|0.00|0|0.00|0|11051.00|1|0|0|0|0|0.00|0.00|0.00|0|0|0|0.00|0|0.00|0|0.00|2|149200.00|1|149200.00|1|0.00|0|0.00|0|0.00|0.00|21|87|138149.00|0.00|0.00|0.00|138149.00|0.00|0.00|0.00|0.00|0.00|0.00|0.00|0.00
FPOT|Eventos|3|Eventos|3|Para Aqui|1|Para Aqui|1|1186479.00|118645.00|0.00|0|0.00|0|94921.00|0|0|0|0|0|0.00|0.00|0.00|0|0|0|64100.00|2|0.00|0|0.00|0|1400045.00|0|0.00|0|0.00|0|0.00|0|0.00|0.00|14|60|1186479.00|0.00|0.00|0.00|1186479.00|0.00|0.00|0.00|0.00|0.00|0.00|0.00|0.00
FPOT|Eventos|3|Eventos|3|Para Aqui|1|Para Aqui|1|256856.00|25684.00|0.00|0|0.00|0|20544.00|0|0|0|0|0|0.00|0.00|0.00|0|0|0|62800.00|2|0.00|0|0.00|0|303084.00|0|0.00|0|0.00|0|0.00|0|0.00|0.00|15|63|256856.00|0.00|0.00|0.00|256856.00|0.00|0.00|0.00|0.00|0.00|0.00|0.00|0.00
FPOT|Restaurante|1|Restaurante|1|Para Aqui|1|Para Aqui|1|137501.00|13750.00|0.00|0|0.00|0|10999.00|2|0|0|0|0|0.00|0.00|0.00|0|0|0|0.00|0|0.00|0|0.00|0|162250.00|2|0.00|0|0.00|0|0.00|0|0.00|0.00|12|50|137501.00|0.00|0.00|0.00|137501.00|0.00|0.00|0.00|0.00|0.00|0.00|0.00|0.00
FPOT|Restaurante|1|Restaurante|1|Para Aqui|1|Para Aqui|1|0.00|0.00|0.00|0|0.00|0|0.00|0|0|0|0|0|0.00|0.00|0.00|0|0|0|0.00|0|0.00|0|23818.00|1|0.00|0|0.00|0|0.00|0|0.00|0|0.00|0.00|19|80|0.00|0.00|0.00|0.00|0.00|0.00|0.00|0.00|0.00|0.00|0.00|0.00|0.00
FPOT|Restaurante|1|Restaurante|1|Para Aqui|1|Para Aqui|1|0.00|0.00|0.00|0|0.00|0|0.00|0|0|0|0|0|0.00|0.00|0.00|0|0|0|0.00|0|0.00|0|0.00|0|0.00|0|0.00|0|0.00|0|0.00|0|0.00|0.00|21|88|0.00|0.00|0.00|0.00|0.00|0.00|0.00|0.00|0.00|0.00|0.00|0.00|0.00
FPOT|Restaurante|1|Restaurante|1|Para Aqui|1|Para Aqui|1|364723.00|36472.00|0.00|0|0.00|0|29177.00|1|0|0|0|0|0.00|0.00|0.00|0|0|0|0.00|0|0.00|0|55285.00|1|430372.00|1|0.00|0|0.00|0|0.00|0|0.00|0.00|14|57|364723.00|0.00|0.00|0.00|364723.00|0.00|0.00|0.00|0.00|0.00|0.00|0.00|0.00
FPOT|Domicilios|20|Domicilios|20|Para Llevar|2|Para Llevar|2|174721.00|0.00|0.00|0|0.00|0|13979.00|1|0|0|0|0|0.00|0.00|0.00|0|0|0|91200.00|2|0.00|0|0.00|0|188700.00|1|188700.00|1|0.00|0|0.00|0|0.00|0.00|18|75|174721.00|0.00|0.00|0.00|174721.00|0.00|0.00|0.00|0.00|0.00|0.00|0.00|0.00
FPOT|Domicilios|20|Domicilios|20|Para Llevar|2|Para Llevar|2|102037.00|0.00|0.00|0|0.00|0|8163.00|2|0|0|0|0|0.00|0.00|0.00|0|0|0|0.00|0|0.00|0|0.00|0|110200.00|2|110200.00|2|0.00|0|0.00|0|0.00|0.00|18|76|102037.00|0.00|0.00|0.00|102037.00|0.00|0.00|0.00|0.00|0.00|0.00|0.00|0.00
FPOT|Plataformas|21|Plataformas|21|Domicilios|7|Domicilios|7|38287.00|0.00|0.00|0|0.00|0|3063.00|1|0|0|0|0|0.00|0.00|0.00|0|0|0|0.00|0|0.00|0|0.00|0|41350.00|1|41350.00|1|0.00|0|0.00|0|0.00|0.00|16|68|38287.00|0.00|0.00|0.00|38287.00|0.00|0.00|0.00|0.00|0.00|0.00|0.00|0.00
FPOT|Plataformas|21|Plataformas|21|Domicilios|7|Domicilios|7|75186.00|0.00|0.00|0|0.00|0|6014.00|1|0|0|0|0|0.00|0.00|0.00|0|0|0|120200.00|2|0.00|0|0.00|0|81200.00|1|81200.00|1|0.00|0|0.00|0|0.00|0.00|15|64|75186.00|0.00|0.00|0.00|75186.00|0.00|0.00|0.00|0.00|0.00|0.00|0.00|0.00
FPOT|Plataformas|21|Plataformas|21|Domicilios|7|Domicilios|7|104352.00|0.00|0.00|0|0.00|0|8348.00|1|0|0|0|0|0.00|0.00|0.00|0|0|0|0.00|0|0.00|0|0.00|0|112700.00|1|112700.00|1|0.00|0|0.00|0|0.00|0.00|12|49|104352.00|0.00|0.00|0.00|104352.00|0.00|0.00|0.00|0.00|0.00|0.00|0.00|0.00
FPOT|Restaurante|1|Restaurante|1|Para Aqui|1|Para Aqui|1|98241.00|9824.00|0.00|0|0.00|0|7859.00|1|0|0|0|0|0.00|0.00|0.00|0|0|0|7400.00|1|0.00|0|0.00|0|115924.00|1|0.00|0|0.00|0|0.00|0|0.00|0.00|17|69|98241.00|0.00|0.00|0.00|98241.00|0.00|0.00|0.00|0.00|0.00|0.00|0.00|0.00
FPOT|Restaurante|1|Restaurante|1|Para Aqui|1|Para Aqui|1|0.00|0.00|0.00|0|0.00|0|0.00|0|0|0|0|0|0.00|0.00|0.00|0|0|0|0.00|0|0.00|0|0.00|0|1.00|0|54630.00|1|0.00|0|0.00|0|0.00|0.00|13|53|0.00|0.00|0.00|0.00|0.00|0.00|0.00|0.00|0.00|0.00|0.00|0.00|0.00
FPOT|Restaurante|1|Restaurante|1|Para Aqui|1|Para Aqui|1|0.00|0.00|0.00|0|0.00|0|0.00|0|0|0|0|0|0.00|0.00|0.00|0|0|0|0.00|0|0.00|0|1547763.00|1|0.00|0|0.00|0|0.00|0|0.00|0|0.00|0.00|13|54|0.00|0.00|0.00|0.00|0.00|0.00|0.00|0.00|0.00|0.00|0.00|0.00|0.00
FPOT|Restaurante|1|Restaurante|1|Para Aqui|1|Para Aqui|1|59074.00|5907.00|0.00|0|0.00|0|4726.00|1|0|0|0|0|0.00|0.00|0.00|0|0|0|0.00|0|0.00|0|0.00|0|69707.00|1|0.00|0|0.00|0|0.00|0|0.00|0.00|18|73|59074.00|0.00|0.00|0.00|59074.00|0.00|0.00|0.00|0.00|0.00|0.00|0.00|0.00
FPOT|Restaurante|1|Restaurante|1|Para Aqui|1|Para Aqui|1|131296.00|13129.00|0.00|0|0.00|0|10504.00|1|0|0|0|0|0.00|0.00|0.00|0|0|0|0.00|0|0.00|0|0.00|0|154929.00|1|144222.00|1|0.00|0|0.00|0|0.00|0.00|13|55|131296.00|0.00|0.00|0.00|131296.00|0.00|0.00|0.00|0.00|0.00|0.00|0.00|0.00
FPOT|Restaurante|1|Restaurante|1|Para Aqui|1|Para Aqui|1|0.00|0.00|0.00|0|0.00|0|0.00|0|0|0|0|0|0.00|0.00|0.00|0|0|0|0.00|0|0.00|0|0.00|1|0.00|0|0.00|0|0.00|0|0.00|0|0.00|0.00|18|75|0.00|0.00|0.00|0.00|0.00|0.00|0.00|0.00|0.00|0.00|0.00|0.00|0.00
FPOT|Plataformas|21|Plataformas|21|Domicilios|7|Domicilios|7|127594.00|0.00|0.00|0|0.00|0|10206.00|2|0|0|0|0|0.00|0.00|0.00|0|0|0|58500.00|1|0.00|0|0.00|0|137800.00|2|137800.00|2|0.00|0|0.00|0|0.00|0.00|18|75|127594.00|0.00|0.00|0.00|127594.00|0.00|0.00|0.00|0.00|0.00|0.00|0.00|0.00
FPOT|Plataformas|21|Plataformas|21|Domicilios|7|Domicilios|7|106667.00|0.00|0.00|0|0.00|0|8533.00|1|0|0|0|0|0.00|0.00|0.00|0|0|0|0.00|0|0.00|0|120200.00|1|115200.00|1|115200.00|1|0.00|0|0.00|0|0.00|0.00|13|55|106667.00|0.00|0.00|0.00|106667.00|0.00|0.00|0.00|0.00|0.00|0.00|0.00|0.00
FPMI|Restaurante|1|Restaurante|1|AGUA MANANTIAL CON GAS 300 ML| |9606136|AGUA MANANTIAL CON GAS 300 ML| |9606136|BEBIDAS|20|BEBIDAS|20|Bebidas Sin Alcohol|3000|Bebidas Sin Alcohol|3000|Para Aqui|1|Para Aqui|1|-6389.00|0.00|-6389.00|0.00|0.00|0.00|-6389.00|0.00|-6389.00|1|-6389.00|-1|0|0.00|0.00|0.00|58|14
FPMI|Restaurante|1|Restaurante|1|JUGO DE MANGO EN AGUA| |9604156|JUGO DE MANGO EN AGUA| |9604156|BEBIDAS|20|BEBIDAS|20|Bebidas Sin Alcohol|3000|Bebidas Sin Alcohol|3000|Para Aqui|1|Para Aqui|1|10093.00|0.00|10093.00|0.00|0.00|0.00|10093.00|0.00|10093.00|1|10093.00|1|0|0.00|0.00|0.00|73|18
FPMI|Restaurante|1|Restaurante|1|AGUA MANANTIAL CON GAS 300 ML CON LIMON| |9606138|AGUA MANANTIAL CON GAS 300 ML CON LIMON| |9606138|BEBIDAS|20|BEBIDAS|20|Bebidas Sin Alcohol|3000|Bebidas Sin Alcohol|3000|Para Aqui|1|Para Aqui|1|6852.00|0.00|6852.00|0.00|0.00|0.00|6852.00|0.00|6852.00|1|6852.00|1|0|0.00|0.00|0.00|73|18
FPMI|Restaurante|1|Restaurante|1|AGUA MANANTIAL CON GAS 300 ML CON LIMON| |9606138|AGUA MANANTIAL CON GAS 300 ML CON LIMON| |9606138|BEBIDAS|20|BEBIDAS|20|Bebidas Sin Alcohol|3000|Bebidas Sin Alcohol|3000|Para Aqui|1|Para Aqui|1|6852.00|0.00|6852.00|0.00|0.00|0.00|6852.00|0.00|6852.00|1|6852.00|1|0|0.00|0.00|0.00|55|13
FPMI|Restaurante|1|Restaurante|1|CERVEZA CLUB COLOMBIA| |9608004|CERVEZA CLUB COLOMBIA| |9608004|BEBIDAS|20|BEBIDAS|20|Bebidas Sin Alcohol|3000|Bebidas Sin Alcohol|3000|Para Aqui|1|Para Aqui|1|11296.00|0.00|11296.00|0.00|0.00|0.00|11296.00|0.00|11296.00|1|11296.00|1|0|0.00|0.00|0.00|60|14
FPMI|Restaurante|1|Restaurante|1|LIMONADA NATURAL| |9604060|LIMONADA NATURAL| |9604060|BEBIDAS|20|BEBIDAS|20|Bebidas Sin Alcohol|3000|Bebidas Sin Alcohol|3000|Para Aqui|1|Para Aqui|1|8519.00|0.00|8519.00|0.00|0.00|0.00|8519.00|0.00|8519.00|1|8519.00|1|0|0.00|0.00|0.00|56|13
FPMI|Eventos|3|Eventos|3|MANDARINO BOLS 2X1| |9626126|MANDARINO BOLS 2X1| |9626126|BEBIDAS|20|BEBIDAS|20|Bebidas Sin Alcohol|3000|Bebidas Sin Alcohol|3000|Para Aqui|1|Para Aqui|1|469440.00|0.00|469440.00|0.00|0.00|0.00|469440.00|0.00|469440.00|249|469440.00|15|0|0.00|0.00|0.00|60|14
FPMI|Restaurante|1|Restaurante|1|AREPA DE CHOCOLO| |9506036|AREPA DE CHOCOLO| |9506036|ALIMENTOS|10|ALIMENTOS|10|Para Empezar|1008|Para Empezar|1008|Para Aqui|1|Para Aqui|1|20185.00|0.00|20185.00|0.00|0.00|0.00|20185.00|0.00|20185.00|1|20185.00|1|0|0.00|0.00|0.00|49|12
FPMI|Restaurante|1|Restaurante|1|Mod 3/4| |980000004|Mod 3/4| |980000004|ALIMENTOS|10|ALIMENTOS|10|Para Empezar|1008|Para Empezar|1008|Para Aqui|1|Para Aqui|1|0.00|0.00|0.00|0.00|0.00|0.00|0.00|0.00|0.00|1|0.00|1|0|0.00|0.00|0.00|56|13
FPMI|Restaurante|1|Restaurante|1|PAPA FRANCESA| |9500452|PAPA FRANCESA| |9500452|ALIMENTOS|10|ALIMENTOS|10|Para Empezar|1008|Para Empezar|1008|Para Aqui|1|Para Aqui|1|7222.00|0.00|7222.00|0.00|0.00|0.00|7222.00|0.00|7222.00|1|7222.00|1|0|0.00|0.00|0.00|73|18
FPMI|Restaurante|1|Restaurante|1|EMPANADA MIXTA 4 UNIDADES| |9528041|EMPANADA MIXTA 4 UNIDADES| |9528041|ALIMENTOS|10|ALIMENTOS|10|Para Empezar|1008|Para Empezar|1008|Para Aqui|1|Para Aqui|1|22500.00|0.00|22500.00|0.00|0.00|0.00|22500.00|0.00|22500.00|1|22500.00|1|0|0.00|0.00|0.00|61|15
FPMI|Restaurante|1|Restaurante|1|COMO ENTRADA| |90000038|COMO ENTRADA| |90000038|ALIMENTOS|10|ALIMENTOS|10|Para Empezar|1008|Para Empezar|1008|Para Aqui|1|Para Aqui|1|0.00|0.00|0.00|0.00|0.00|0.00|0.00|0.00|0.00|1|0.00|1|0|0.00|0.00|0.00|55|13
FPMI|Restaurante|1|Restaurante|1|EMPANADA MIXTA 4 UNIDADES| |9528041|EMPANADA MIXTA 4 UNIDADES| |9528041|ALIMENTOS|10|ALIMENTOS|10|Para Empezar|1008|Para Empezar|1008|Para Aqui|1|Para Aqui|1|45000.00|0.00|45000.00|0.00|0.00|0.00|45000.00|0.00|45000.00|1|45000.00|2|0|0.00|0.00|0.00|55|13
FPMI|Restaurante|1|Restaurante|1|COMBO HAMBURGUESA CAMPESINA 125 gr LIMONADA| |9508033|COMBO HAMBURGUESA CAMPESINA 125 gr LIMONADA| |9508033|ALIMENTOS|10|ALIMENTOS|10|Para Empezar|1008|Para Empezar|1008|Para Aqui|1|Para Aqui|1|29259.00|0.00|29259.00|0.00|0.00|0.00|29259.00|0.00|29259.00|1|29259.00|1|0|0.00|0.00|0.00|60|14
FPMI|Restaurante|1|Restaurante|1|TAZA DE FRIJOLES| |9520049|TAZA DE FRIJOLES| |9520049|ALIMENTOS|10|ALIMENTOS|10|Para Empezar|1008|Para Empezar|1008|Para Aqui|1|Para Aqui|1|11667.00|0.00|11667.00|0.00|0.00|0.00|11667.00|0.00|11667.00|1|11667.00|1|0|0.00|0.00|0.00|56|13
FPMI|Restaurante|1|Restaurante|1|BANDEJA PAISA| |9520036|BANDEJA PAISA| |9520036|ALIMENTOS|10|ALIMENTOS|10|Para Empezar|1008|Para Empezar|1008|Para Aqui|1|Para Aqui|1|42500.00|0.00|42500.00|0.00|0.00|0.00|42500.00|0.00|42500.00|1|42500.00|1|0|0.00|0.00|0.00|56|13
FPMI|Restaurante|1|Restaurante|1|MORCILLA 100 gr| |9502080|MORCILLA 100 gr| |9502080|ALIMENTOS|10|ALIMENTOS|10|Para Empezar|1008|Para Empezar|1008|Para Aqui|1|Para Aqui|1|10741.00|0.00|10741.00|0.00|0.00|0.00|10741.00|0.00|10741.00|1|10741.00|1|0|0.00|0.00|0.00|56|13
FPMI|Restaurante|1|Restaurante|1| COMBO HAMBURGUESA MILAGROSA 180 gr LIMONADA| |9508040| COMBO HAMBURGUESA MILAGROSA 180 gr LIMONADA| |9508040|ALIMENTOS|10|ALIMENTOS|10|Para Empezar|1008|Para Empezar|1008|Para Aqui|1|Para Aqui|1|33796.00|0.00|33796.00|0.00|0.00|0.00|33796.00|0.00|33796.00|1|33796.00|1|0|0.00|0.00|0.00|57|14
FPMI|Restaurante|1|Restaurante|1|PATACON CARNE DESMECHADA| |9524028|PATACON CARNE DESMECHADA| |9524028|ALIMENTOS|10|ALIMENTOS|10|Para Empezar|1008|Para Empezar|1008|Para Aqui|1|Para Aqui|1|24630.00|0.00|24630.00|0.00|0.00|0.00|24630.00|0.00|24630.00|1|24630.00|1|0|0.00|0.00|0.00|82|20
FPMI|Eventos|3|Eventos|3|COMBO HAMBURGUESA MILAGROSA 180 gr BOT| |9508039|COMBO HAMBURGUESA MILAGROSA 180 gr BOT| |9508039|ALIMENTOS|10|ALIMENTOS|10|Para Empezar|1008|Para Empezar|1008|Para Aqui|1|Para Aqui|1|65740.00|0.00|65740.00|0.00|0.00|0.00|65740.00|0.00|65740.00|249|65740.00|2|0|0.00|0.00|0.00|60|14
FPMI|Domicilios|20|Domicilios|20|PECHUGA A LA PARRILLA 230 gr ARROZ| |9506120|PECHUGA A LA PARRILLA 230 gr ARROZ| |9506120|ALIMENTOS|10|ALIMENTOS|10|Para Empezar|1008|Para Empezar|1008|Para Llevar|2|Para Llevar|2|49630.00|0.00|49630.00|0.00|0.00|0.00|49630.00|0.00|49630.00|73|49630.00|2|0|0.00|0.00|0.00|76|18
FPMI|Domicilios|20|Domicilios|20|AJIACO  POLLO| |9520008|AJIACO  POLLO| |9520008|ALIMENTOS|10|ALIMENTOS|10|Para Empezar|1008|Para Empezar|1008|Para Llevar|2|Para Llevar|2|68148.00|0.00|68148.00|0.00|0.00|0.00|68148.00|0.00|68148.00|73|68148.00|2|0|0.00|0.00|0.00|59|14
FPMI|Plataformas|21|Plataformas|21|PUNTA DE ANCA 250 gr ENSALADA| |9502234|PUNTA DE ANCA 250 gr ENSALADA| |9502234|ALIMENTOS|10|ALIMENTOS|10|Para Empezar|1008|Para Empezar|1008|Domicilios|7|Domicilios|7|57130.00|0.00|57130.00|0.00|0.00|0.00|57130.00|0.00|57130.00|153|57130.00|1|0|0.00|0.00|0.00|64|15
FPMI|Plataformas|21|Plataformas|21|AREPA DE CHOCOLO| |9506036|AREPA DE CHOCOLO| |9506036|ALIMENTOS|10|ALIMENTOS|10|Para Empezar|1008|Para Empezar|1008|Domicilios|7|Domicilios|7|42222.00|0.00|42222.00|0.00|0.00|0.00|42222.00|0.00|42222.00|153|42222.00|2|0|0.00|0.00|0.00|57|14
FPMI|Plataformas|21|Plataformas|21|CHORIPAN 100 gr| |9502076|CHORIPAN 100 gr| |9502076|ALIMENTOS|10|ALIMENTOS|10|Para Empezar|1008|Para Empezar|1008|Domicilios|7|Domicilios|7|24167.00|0.00|24167.00|0.00|0.00|0.00|24167.00|0.00|24167.00|153|24167.00|1|0|0.00|0.00|0.00|47|11
FPMI|Plataformas|21|Plataformas|21|AJIACO  POLLO| |9520008|AJIACO  POLLO| |9520008|ALIMENTOS|10|ALIMENTOS|10|Para Empezar|1008|Para Empezar|1008|Domicilios|7|Domicilios|7|35741.00|0.00|35741.00|0.00|0.00|0.00|35741.00|0.00|35741.00|153|35741.00|1|0|0.00|0.00|0.00|89|22
FPMI|Plataformas|21|Plataformas|21|BANDEJA PAISA| |9520036|BANDEJA PAISA| |9520036|ALIMENTOS|10|ALIMENTOS|10|Para Empezar|1008|Para Empezar|1008|Domicilios|7|Domicilios|7|44537.00|0.00|44537.00|0.00|0.00|0.00|44537.00|0.00|44537.00|153|44537.00|1|0|0.00|0.00|0.00|81|20
FPMI|Plataformas|21|Plataformas|21|PECHUGA NINOS| |9542014|PECHUGA NINOS| |9542014|ALIMENTOS|10|ALIMENTOS|10|Para Empezar|1008|Para Empezar|1008|Domicilios|7|Domicilios|7|24444.00|0.00|24444.00|0.00|0.00|0.00|24444.00|0.00|24444.00|153|24444.00|1|0|0.00|0.00|0.00|76|18
FPMI|Restaurante|1|Restaurante|1|JUGO DE MANDARINA| |9604044|JUGO DE MANDARINA| |9604044|BEBIDAS|20|BEBIDAS|20|Bebidas Sin Alcohol|3000|Bebidas Sin Alcohol|3000|Para Aqui|1|Para Aqui|1|14074.00|0.00|14074.00|0.00|0.00|0.00|14074.00|0.00|14074.00|1|14074.00|1|0|0.00|0.00|0.00|71|17
FPMI|Restaurante|1|Restaurante|1|JUGO DE MARACUYA EN AGUA| |9604116|JUGO DE MARACUYA EN AGUA| |9604116|BEBIDAS|20|BEBIDAS|20|Bebidas Sin Alcohol|3000|Bebidas Sin Alcohol|3000|Para Aqui|1|Para Aqui|1|10093.00|0.00|10093.00|0.00|0.00|0.00|10093.00|0.00|10093.00|1|10093.00|1|0|0.00|0.00|0.00|82|20
FPMI|Eventos|3|Eventos|3|GASEOSA 400 ml| |9606131|GASEOSA 400 ml| |9606131|BEBIDAS|20|BEBIDAS|20|Bebidas Sin Alcohol|3000|Bebidas Sin Alcohol|3000|Para Aqui|1|Para Aqui|1|78430.00|0.00|78430.00|0.00|0.00|0.00|78430.00|0.00|78430.00|249|78430.00|11|0|0.00|0.00|0.00|60|14
FPMI|Plataformas|21|Plataformas|21|CERVEZA CORONA| |9608012|CERVEZA CORONA| |9608012|BEBIDAS|20|BEBIDAS|20|Bebidas Sin Alcohol|3000|Bebidas Sin Alcohol|3000|Domicilios|7|Domicilios|7|26852.00|0.00|26852.00|0.00|0.00|0.00|26852.00|0.00|26852.00|153|26852.00|2|0|0.00|0.00|0.00|87|21
FPMI|Restaurante|1|Restaurante|1|COMO ENTRADA| |90000038|COMO ENTRADA| |90000038|ALIMENTOS|10|ALIMENTOS|10|Para Empezar|1008|Para Empezar|1008|Para Aqui|1|Para Aqui|1|0.00|0.00|0.00|0.00|0.00|0.00|0.00|0.00|0.00|1|0.00|2|0|0.00|0.00|0.00|50|12
FPMI|Restaurante|1|Restaurante|1|MJE ALM| |90000037|MJE ALM| |90000037|ALIMENTOS|10|ALIMENTOS|10|Para Empezar|1008|Para Empezar|1008|Para Aqui|1|Para Aqui|1|0.00|0.00|0.00|0.00|0.00|0.00|0.00|0.00|0.00|1|0.00|1|0|0.00|0.00|0.00|60|14
FPMI|Restaurante|1|Restaurante|1|CANASTA MINI FRITANGUERA| |9502525|CANASTA MINI FRITANGUERA| |9502525|ALIMENTOS|10|ALIMENTOS|10|Para Empezar|1008|Para Empezar|1008|Para Aqui|1|Para Aqui|1|44260.00|0.00|44260.00|0.00|0.00|0.00|44260.00|0.00|44260.00|1|44260.00|2|0|0.00|0.00|0.00|57|14
FPMI|Restaurante|1|Restaurante|1|COMO ENTRADA| |90000038|COMO ENTRADA| |90000038|ALIMENTOS|10|ALIMENTOS|10|Para Empezar|1008|Para Empezar|1008|Para Aqui|1|Para Aqui|1|0.00|0.00|0.00|0.00|0.00|0.00|0.00|0.00|0.00|1|0.00|1|0|0.00|0.00|0.00|63|15
FPMI|Restaurante|1|Restaurante|1|PUNTA DE ANCA 250 gr ENSALADA| |9502234|PUNTA DE ANCA 250 gr ENSALADA| |9502234|ALIMENTOS|10|ALIMENTOS|10|Para Empezar|1008|Para Empezar|1008|Para Aqui|1|Para Aqui|1|52593.00|0.00|52593.00|0.00|0.00|0.00|52593.00|0.00|52593.00|1|52593.00|1|0|0.00|0.00|0.00|63|15
FPMI|Eventos|3|Eventos|3|TRES LECHES| |9514016|TRES LECHES| |9514016|ALIMENTOS|10|ALIMENTOS|10|Para Empezar|1008|Para Empezar|1008|Para Aqui|1|Para Aqui|1|83608.00|0.00|83608.00|0.00|0.00|0.00|83608.00|0.00|83608.00|17|83608.00|7|0|0.00|0.00|0.00|62|15
FPMI|Domicilios|20|Domicilios|20|AREPA DE CHOCOLO| |9506036|AREPA DE CHOCOLO| |9506036|ALIMENTOS|10|ALIMENTOS|10|Para Empezar|1008|Para Empezar|1008|Para Llevar|2|Para Llevar|2|40370.00|0.00|40370.00|0.00|0.00|0.00|40370.00|0.00|40370.00|73|40370.00|2|0|0.00|0.00|0.00|80|19
FPMI|Domicilios|20|Domicilios|20|CHICHARRON 90 gr| |9528024|CHICHARRON 90 gr| |9528024|ALIMENTOS|10|ALIMENTOS|10|Para Empezar|1008|Para Empezar|1008|Para Llevar|2|Para Llevar|2|26667.00|0.00|26667.00|0.00|0.00|0.00|26667.00|0.00|26667.00|73|26667.00|1|0|0.00|0.00|0.00|75|18
FPMI|Plataformas|21|Plataformas|21|CAZUELA DE FRIJOLES| |9520032|CAZUELA DE FRIJOLES| |9520032|ALIMENTOS|10|ALIMENTOS|10|Para Empezar|1008|Para Empezar|1008|Domicilios|7|Domicilios|7|38611.00|0.00|38611.00|0.00|0.00|0.00|38611.00|0.00|38611.00|153|38611.00|1|0|0.00|0.00|0.00|49|12
FPMI|Plataformas|21|Plataformas|21|CAZUELA DE FRIJOLES| |9520032|CAZUELA DE FRIJOLES| |9520032|ALIMENTOS|10|ALIMENTOS|10|Para Empezar|1008|Para Empezar|1008|Domicilios|7|Domicilios|7|31204.00|0.00|31204.00|0.00|0.00|0.00|31204.00|0.00|31204.00|177|31204.00|1|0|0.00|0.00|0.00|53|13
FPMI|Plataformas|21|Plataformas|21|TAZA DE FRIJOLES| |9520049|TAZA DE FRIJOLES| |9520049|ALIMENTOS|10|ALIMENTOS|10|Para Empezar|1008|Para Empezar|1008|Domicilios|7|Domicilios|7|12222.00|0.00|12222.00|0.00|0.00|0.00|12222.00|0.00|12222.00|153|12222.00|1|0|0.00|0.00|0.00|57|14
FPMI|Plataformas|21|Plataformas|21|AJIACO NINOS| |9542004|AJIACO NINOS| |9542004|ALIMENTOS|10|ALIMENTOS|10|Para Empezar|1008|Para Empezar|1008|Domicilios|7|Domicilios|7|20278.00|0.00|20278.00|0.00|0.00|0.00|20278.00|0.00|20278.00|153|20278.00|1|0|0.00|0.00|0.00|52|12
FPMI|Plataformas|21|Plataformas|21|CANASTA MINI FRITANGUERA| |9502525|CANASTA MINI FRITANGUERA| |9502525|ALIMENTOS|10|ALIMENTOS|10|Para Empezar|1008|Para Empezar|1008|Domicilios|7|Domicilios|7|23148.00|0.00|23148.00|0.00|0.00|0.00|23148.00|0.00|23148.00|153|23148.00|1|0|0.00|0.00|0.00|57|14
FPMI|Plataformas|21|Plataformas|21|PICADA INDIVIDUAL FRANCESA| |9502584|PICADA INDIVIDUAL FRANCESA| |9502584|ALIMENTOS|10|ALIMENTOS|10|Para Empezar|1008|Para Empezar|1008|Domicilios|7|Domicilios|7|33935.00|0.00|33935.00|0.00|0.00|0.00|33935.00|0.00|33935.00|185|33935.00|1|0|0.00|0.00|0.00|68|16
FPMI|Plataformas|21|Plataformas|21|SALSA CHIMICHURRI| |9500388|SALSA CHIMICHURRI| |9500388|ALIMENTOS|10|ALIMENTOS|10|Para Empezar|1008|Para Empezar|1008|Domicilios|7|Domicilios|7|4352.00|0.00|4352.00|0.00|0.00|0.00|4352.00|0.00|4352.00|153|4352.00|1|0|0.00|0.00|0.00|68|16
FPMI|Restaurante|1|Restaurante|1|CERVEZA CLUB COLOMBIA| |9608004|CERVEZA CLUB COLOMBIA| |9608004|BEBIDAS|20|BEBIDAS|20|Bebidas Sin Alcohol|3000|Bebidas Sin Alcohol|3000|Para Aqui|1|Para Aqui|1|22592.00|0.00|22592.00|0.00|0.00|0.00|22592.00|0.00|22592.00|1|22592.00|2|0|0.00|0.00|0.00|57|14
FPMI|Restaurante|1|Restaurante|1|LIMONADA HIERBABUENA| |9604066|LIMONADA HIERBABUENA| |9604066|BEBIDAS|20|BEBIDAS|20|Bebidas Sin Alcohol|3000|Bebidas Sin Alcohol|3000|Para Aqui|1|Para Aqui|1|17038.00|0.00|17038.00|0.00|0.00|0.00|17038.00|0.00|17038.00|1|17038.00|2|0|0.00|0.00|0.00|52|12
FPMI|Restaurante|1|Restaurante|1|COMO ENTRADA| |90000038|COMO ENTRADA| |90000038|ALIMENTOS|10|ALIMENTOS|10|Para Empezar|1008|Para Empezar|1008|Para Aqui|1|Para Aqui|1|0.00|0.00|0.00|0.00|0.00|0.00|0.00|0.00|0.00|1|0.00|1|0|0.00|0.00|0.00|49|12
FPMI|Restaurante|1|Restaurante|1|PUNTA DE ANCA 250 gr ENSALADA| |9502234|PUNTA DE ANCA 250 gr ENSALADA| |9502234|ALIMENTOS|10|ALIMENTOS|10|Para Empezar|1008|Para Empezar|1008|Para Aqui|1|Para Aqui|1|52593.00|0.00|52593.00|0.00|0.00|0.00|52593.00|0.00|52593.00|1|52593.00|1|0|0.00|0.00|0.00|70|17
FPMI|Restaurante|1|Restaurante|1|COMO ENTRADA| |90000038|COMO ENTRADA| |90000038|ALIMENTOS|10|ALIMENTOS|10|Para Empezar|1008|Para Empezar|1008|Para Aqui|1|Para Aqui|1|0.00|0.00|0.00|0.00|0.00|0.00|0.00|0.00|0.00|1|0.00|1|0|0.00|0.00|0.00|69|17
FPMI|Restaurante|1|Restaurante|1|AREPA DE CHOCOLO| |9506036|AREPA DE CHOCOLO| |9506036|ALIMENTOS|10|ALIMENTOS|10|Para Empezar|1008|Para Empezar|1008|Para Aqui|1|Para Aqui|1|60555.00|0.00|60555.00|0.00|0.00|0.00|60555.00|0.00|60555.00|1|60555.00|3|0|0.00|0.00|0.00|69|17
FPMI|Restaurante|1|Restaurante|1|CUCHUCO CON ESPINAZO| |9520020|CUCHUCO CON ESPINAZO| |9520020|ALIMENTOS|10|ALIMENTOS|10|Para Empezar|1008|Para Empezar|1008|Para Aqui|1|Para Aqui|1|34167.00|0.00|34167.00|0.00|0.00|0.00|34167.00|0.00|34167.00|1|34167.00|1|0|0.00|0.00|0.00|79|19
FPMI|Restaurante|1|Restaurante|1|PINCHO DE LOMO X 100 GRS| |9502526|PINCHO DE LOMO X 100 GRS| |9502526|ALIMENTOS|10|ALIMENTOS|10|Para Empezar|1008|Para Empezar|1008|Para Aqui|1|Para Aqui|1|18333.00|0.00|18333.00|0.00|0.00|0.00|18333.00|0.00|18333.00|1|18333.00|1|0|0.00|0.00|0.00|79|19
FPMI|Restaurante|1|Restaurante|1|CUCHUCO CON ESPINAZO| |9520020|CUCHUCO CON ESPINAZO| |9520020|ALIMENTOS|10|ALIMENTOS|10|Para Empezar|1008|Para Empezar|1008|Para Aqui|1|Para Aqui|1|34167.00|0.00|34167.00|0.00|0.00|0.00|34167.00|0.00|34167.00|1|34167.00|1|0|0.00|0.00|0.00|56|13
FPMI|Restaurante|1|Restaurante|1|PUNTA DE ANCA 250 gr FRANCESA| |9502236|PUNTA DE ANCA 250 gr FRANCESA| |9502236|ALIMENTOS|10|ALIMENTOS|10|Para Empezar|1008|Para Empezar|1008|Para Aqui|1|Para Aqui|1|52593.00|0.00|52593.00|0.00|0.00|0.00|52593.00|0.00|52593.00|1|52593.00|1|0|0.00|0.00|0.00|56|13
FPMI|Restaurante|1|Restaurante|1|Mod CocaCola Original 400ml| |980000102|Mod CocaCola Original 400ml| |980000102|ALIMENTOS|10|ALIMENTOS|10|Para Empezar|1008|Para Empezar|1008|Para Aqui|1|Para Aqui|1|0.00|0.00|0.00|0.00|0.00|0.00|0.00|0.00|0.00|1|0.00|1|0|0.00|0.00|0.00|57|14
FPMI|Restaurante|1|Restaurante|1|AREPA DE CHOCOLO| |9506036|AREPA DE CHOCOLO| |9506036|ALIMENTOS|10|ALIMENTOS|10|Para Empezar|1008|Para Empezar|1008|Para Aqui|1|Para Aqui|1|40370.00|0.00|40370.00|0.00|0.00|0.00|40370.00|0.00|40370.00|1|40370.00|2|0|0.00|0.00|0.00|57|14
FPMI|Restaurante|1|Restaurante|1|Mod 3/4| |980000004|Mod 3/4| |980000004|ALIMENTOS|10|ALIMENTOS|10|Para Empezar|1008|Para Empezar|1008|Para Aqui|1|Para Aqui|1|0.00|0.00|0.00|0.00|0.00|0.00|0.00|0.00|0.00|1|0.00|1|0|0.00|0.00|0.00|63|15
FPMI|Restaurante|1|Restaurante|1|Mod 3/4| |980000004|Mod 3/4| |980000004|ALIMENTOS|10|ALIMENTOS|10|Para Empezar|1008|Para Empezar|1008|Para Aqui|1|Para Aqui|1|0.00|0.00|0.00|0.00|0.00|0.00|0.00|0.00|0.00|1|0.00|1|0|0.00|0.00|0.00|50|12
FPMI|Eventos|3|Eventos|3|Mod CocaCola Original 400ml| |980000102|Mod CocaCola Original 400ml| |980000102|ALIMENTOS|10|ALIMENTOS|10|Para Empezar|1008|Para Empezar|1008|Para Aqui|1|Para Aqui|1|0.00|0.00|0.00|0.00|0.00|0.00|0.00|0.00|0.00|1|0.00|7|0|0.00|0.00|0.00|60|14
FPMI|Domicilios|20|Domicilios|20|AJIACO NINOS| |9542004|AJIACO NINOS| |9542004|ALIMENTOS|10|ALIMENTOS|10|Para Empezar|1008|Para Empezar|1008|Para Llevar|2|Para Llevar|2|18426.00|0.00|18426.00|0.00|0.00|0.00|18426.00|0.00|18426.00|81|18426.00|1|0|0.00|0.00|0.00|54|13
FPMI|Plataformas|21|Plataformas|21|CANASTA DE 4 EMPANADAS CACHACAS| |9528040|CANASTA DE 4 EMPANADAS CACHACAS| |9528040|ALIMENTOS|10|ALIMENTOS|10|Para Empezar|1008|Para Empezar|1008|Domicilios|7|Domicilios|7|23611.00|0.00|23611.00|0.00|0.00|0.00|23611.00|0.00|23611.00|153|23611.00|1|0|0.00|0.00|0.00|49|12
FPMI|Plataformas|21|Plataformas|21|PORCION DE ARROZ BLANCO| |9500064|PORCION DE ARROZ BLANCO| |9500064|ALIMENTOS|10|ALIMENTOS|10|Para Empezar|1008|Para Empezar|1008|Domicilios|7|Domicilios|7|3611.00|0.00|3611.00|0.00|0.00|0.00|3611.00|0.00|3611.00|153|3611.00|1|0|0.00|0.00|0.00|57|14
FPMI|Plataformas|21|Plataformas|21|BANDEJA PAISA| |9520036|BANDEJA PAISA| |9520036|ALIMENTOS|10|ALIMENTOS|10|Para Empezar|1008|Para Empezar|1008|Domicilios|7|Domicilios|7|44537.00|0.00|44537.00|0.00|0.00|0.00|44537.00|0.00|44537.00|153|44537.00|1|0|0.00|0.00|0.00|52|12
FPMI|Plataformas|21|Plataformas|21|CALENTADO ANDRES| |9518004|CALENTADO ANDRES| |9518004|ALIMENTOS|10|ALIMENTOS|10|Para Empezar|1008|Para Empezar|1008|Domicilios|7|Domicilios|7|73518.00|0.00|73518.00|0.00|0.00|0.00|73518.00|0.00|73518.00|153|73518.00|2|0|0.00|0.00|0.00|47|11
FPMI|Plataformas|21|Plataformas|21|PINCHO DE LOMO X 100 GRS| |9502526|PINCHO DE LOMO X 100 GRS| |9502526|ALIMENTOS|10|ALIMENTOS|10|Para Empezar|1008|Para Empezar|1008|Domicilios|7|Domicilios|7|19259.00|0.00|19259.00|0.00|0.00|0.00|19259.00|0.00|19259.00|153|19259.00|1|0|0.00|0.00|0.00|81|20
FPMI|Plataformas|21|Plataformas|21|AJIACO  POLLO| |9520008|AJIACO  POLLO| |9520008|ALIMENTOS|10|ALIMENTOS|10|Para Empezar|1008|Para Empezar|1008|Domicilios|7|Domicilios|7|35741.00|0.00|35741.00|0.00|0.00|0.00|35741.00|0.00|35741.00|153|35741.00|1|0|0.00|0.00|0.00|75|18
FPMI|Plataformas|21|Plataformas|21|PAPA FRANCESA| |9500452|PAPA FRANCESA| |9500452|ALIMENTOS|10|ALIMENTOS|10|Para Empezar|1008|Para Empezar|1008|Domicilios|7|Domicilios|7|7500.00|0.00|7500.00|0.00|0.00|0.00|7500.00|0.00|7500.00|153|7500.00|1|0|0.00|0.00|0.00|50|12
FPMI|Plataformas|21|Plataformas|21|EMPANADA CACHACA| |9528008|EMPANADA CACHACA| |9528008|ALIMENTOS|10|ALIMENTOS|10|Para Empezar|1008|Para Empezar|1008|Domicilios|7|Domicilios|7|12778.00|0.00|12778.00|0.00|0.00|0.00|12778.00|0.00|12778.00|153|12778.00|2|0|0.00|0.00|0.00|55|13
FPMI|Plataformas|21|Plataformas|21|CANASTA DE 4 EMPANADAS CACHACAS| |9528040|CANASTA DE 4 EMPANADAS CACHACAS| |9528040|ALIMENTOS|10|ALIMENTOS|10|Para Empezar|1008|Para Empezar|1008|Domicilios|7|Domicilios|7|47222.00|0.00|47222.00|0.00|0.00|0.00|47222.00|0.00|47222.00|153|47222.00|2|0|0.00|0.00|0.00|89|22
FPMI|Plataformas|21|Plataformas|21|AJIACO  POLLO| |9520008|AJIACO  POLLO| |9520008|ALIMENTOS|10|ALIMENTOS|10|Para Empezar|1008|Para Empezar|1008|Domicilios|7|Domicilios|7|35741.00|0.00|35741.00|0.00|0.00|0.00|35741.00|0.00|35741.00|153|35741.00|1|0|0.00|0.00|0.00|81|20
FPMI|Plataformas|21|Plataformas|21|PUNTA DE ANCA 250 gr FRANCESA| |9502236|PUNTA DE ANCA 250 gr FRANCESA| |9502236|ALIMENTOS|10|ALIMENTOS|10|Para Empezar|1008|Para Empezar|1008|Domicilios|7|Domicilios|7|57130.00|0.00|57130.00|0.00|0.00|0.00|57130.00|0.00|57130.00|153|57130.00|1|0|0.00|0.00|0.00|75|18
FPMI|Restaurante|1|Restaurante|1|CERVEZA CLUB COLOMBIA| |9608004|CERVEZA CLUB COLOMBIA| |9608004|BEBIDAS|20|BEBIDAS|20|Bebidas Sin Alcohol|3000|Bebidas Sin Alcohol|3000|Para Aqui|1|Para Aqui|1|45184.00|0.00|45184.00|0.00|0.00|0.00|45184.00|0.00|45184.00|1|45184.00|4|0|0.00|0.00|0.00|55|13
FPMI|Restaurante|1|Restaurante|1|AGUA MANANTIAL CON GAS 300 ML CON LIMON| |9606138|AGUA MANANTIAL CON GAS 300 ML CON LIMON| |9606138|BEBIDAS|20|BEBIDAS|20|Bebidas Sin Alcohol|3000|Bebidas Sin Alcohol|3000|Para Aqui|1|Para Aqui|1|6852.00|0.00|6852.00|0.00|0.00|0.00|6852.00|0.00|6852.00|1|6852.00|1|0|0.00|0.00|0.00|56|13
FPMI|Restaurante|1|Restaurante|1|JUGO DE GUANABANA EN AGUA| |9604224|JUGO DE GUANABANA EN AGUA| |9604224|BEBIDAS|20|BEBIDAS|20|Bebidas Sin Alcohol|3000|Bebidas Sin Alcohol|3000|Para Aqui|1|Para Aqui|1|10093.00|0.00|10093.00|0.00|0.00|0.00|10093.00|0.00|10093.00|1|10093.00|1|0|0.00|0.00|0.00|56|13
FPMI|Restaurante|1|Restaurante|1|AGUA MANANTIAL CON GAS 300 ML CON LIMON| |9606138|AGUA MANANTIAL CON GAS 300 ML CON LIMON| |9606138|BEBIDAS|20|BEBIDAS|20|Bebidas Sin Alcohol|3000|Bebidas Sin Alcohol|3000|Para Aqui|1|Para Aqui|1|13704.00|0.00|13704.00|0.00|0.00|0.00|13704.00|0.00|13704.00|1|13704.00|2|0|0.00|0.00|0.00|63|15
FPMI|Eventos|3|Eventos|3|CERVEZA CLUB COLOMBIA| |9608004|CERVEZA CLUB COLOMBIA| |9608004|BEBIDAS|20|BEBIDAS|20|Bebidas Sin Alcohol|3000|Bebidas Sin Alcohol|3000|Para Aqui|1|Para Aqui|1|22592.00|0.00|22592.00|0.00|0.00|0.00|22592.00|0.00|22592.00|249|22592.00|2|0|0.00|0.00|0.00|62|15
FPMI|Eventos|3|Eventos|3|AGUA MANANTIAL SIN GAS 500 ML| |9606135|AGUA MANANTIAL SIN GAS 500 ML| |9606135|BEBIDAS|20|BEBIDAS|20|Bebidas Sin Alcohol|3000|Bebidas Sin Alcohol|3000|Para Aqui|1|Para Aqui|1|32592.00|0.00|32592.00|0.00|0.00|0.00|32592.00|0.00|32592.00|1|32592.00|4|0|0.00|0.00|0.00|60|14
FPMI|Eventos|3|Eventos|3|TINTO COLADO AEX| |9602121|TINTO COLADO AEX| |9602121|BEBIDAS|20|BEBIDAS|20|Bebidas Sin Alcohol|3000|Bebidas Sin Alcohol|3000|Para Aqui|1|Para Aqui|1|0.00|0.00|0.00|0.00|0.00|0.00|0.00|0.00|0.00|153|0.00|24|0|0.00|0.00|0.00|62|15
FPMI|Plataformas|21|Plataformas|21|JUGO DE FRESA EN AGUA| |9604148|JUGO DE FRESA EN AGUA| |9604148|BEBIDAS|20|BEBIDAS|20|Bebidas Sin Alcohol|3000|Bebidas Sin Alcohol|3000|Domicilios|7|Domicilios|7|10556.00|0.00|10556.00|0.00|0.00|0.00|10556.00|0.00|10556.00|153|10556.00|1|0|0.00|0.00|0.00|52|12
FPMI|Restaurante|1|Restaurante|1|PECHUGA A LA PARRILLA 230 gr ENSALADA | |9506091|PECHUGA A LA PARRILLA 230 gr ENSALADA | |9506091|ALIMENTOS|10|ALIMENTOS|10|Para Empezar|1008|Para Empezar|1008|Para Aqui|1|Para Aqui|1|24815.00|0.00|24815.00|0.00|0.00|0.00|24815.00|0.00|24815.00|1|24815.00|1|0|0.00|0.00|0.00|49|12
FPMI|Restaurante|1|Restaurante|1|GUACAMOLE| |9500192|GUACAMOLE| |9500192|ALIMENTOS|10|ALIMENTOS|10|Para Empezar|1008|Para Empezar|1008|Para Aqui|1|Para Aqui|1|5463.00|0.00|5463.00|0.00|0.00|0.00|5463.00|0.00|5463.00|1|5463.00|1|0|0.00|0.00|0.00|49|12
FPMI|Restaurante|1|Restaurante|1|AREPA DE MAIZ  MANTEQUILLA| |9524096|AREPA DE MAIZ  MANTEQUILLA| |9524096|ALIMENTOS|10|ALIMENTOS|10|Para Empezar|1008|Para Empezar|1008|Para Aqui|1|Para Aqui|1|2685.00|0.00|2685.00|0.00|0.00|0.00|2685.00|0.00|2685.00|1|2685.00|1|0|0.00|0.00|0.00|70|17
FPMI|Restaurante|1|Restaurante|1|PUNTA DE ANCA 250 gr CASCO| |9502232|PUNTA DE ANCA 250 gr CASCO| |9502232|ALIMENTOS|10|ALIMENTOS|10|Para Empezar|1008|Para Empezar|1008|Para Aqui|1|Para Aqui|1|52593.00|0.00|52593.00|0.00|0.00|0.00|52593.00|0.00|52593.00|1|52593.00|1|0|0.00|0.00|0.00|56|13
FPMI|Restaurante|1|Restaurante|1|GUACAMOLE| |9500192|GUACAMOLE| |9500192|ALIMENTOS|10|ALIMENTOS|10|Para Empezar|1008|Para Empezar|1008|Para Aqui|1|Para Aqui|1|5463.00|0.00|5463.00|0.00|0.00|0.00|5463.00|0.00|5463.00|1|5463.00|1|0|0.00|0.00|0.00|56|13
FPMI|Restaurante|1|Restaurante|1|Mensaje Bebidas 2024| |980000095|Mensaje Bebidas 2024| |980000095|ALIMENTOS|10|ALIMENTOS|10|Para Empezar|1008|Para Empezar|1008|Para Aqui|1|Para Aqui|1|0.00|0.00|0.00|0.00|0.00|0.00|0.00|0.00|0.00|1|0.00|1|0|0.00|0.00|0.00|73|18
FPMI|Restaurante|1|Restaurante|1|Mod CocaCola Original 400ml| |980000102|Mod CocaCola Original 400ml| |980000102|ALIMENTOS|10|ALIMENTOS|10|Para Empezar|1008|Para Empezar|1008|Para Aqui|1|Para Aqui|1|0.00|0.00|0.00|0.00|0.00|0.00|0.00|0.00|0.00|1|0.00|1|0|0.00|0.00|0.00|55|13
FPMI|Restaurante|1|Restaurante|1|Mod CocaCola Zero 400ml| |980000103|Mod CocaCola Zero 400ml| |980000103|ALIMENTOS|10|ALIMENTOS|10|Para Empezar|1008|Para Empezar|1008|Para Aqui|1|Para Aqui|1|0.00|0.00|0.00|0.00|0.00|0.00|0.00|0.00|0.00|1|0.00|2|0|0.00|0.00|0.00|69|17
FPMI|Restaurante|1|Restaurante|1|CHULETA DE CERDO 300 gr CRIOLLA| |9502380|CHULETA DE CERDO 300 gr CRIOLLA| |9502380|ALIMENTOS|10|ALIMENTOS|10|Para Empezar|1008|Para Empezar|1008|Para Aqui|1|Para Aqui|1|35000.00|0.00|35000.00|0.00|0.00|0.00|35000.00|0.00|35000.00|1|35000.00|1|0|0.00|0.00|0.00|60|14
FPMI|Restaurante|1|Restaurante|1|BISTEC CHURRASCO 250 gr ARROZ| |9502433|BISTEC CHURRASCO 250 gr ARROZ| |9502433|ALIMENTOS|10|ALIMENTOS|10|Para Empezar|1008|Para Empezar|1008|Para Aqui|1|Para Aqui|1|53333.00|0.00|53333.00|0.00|0.00|0.00|53333.00|0.00|53333.00|1|53333.00|1|0|0.00|0.00|0.00|56|13
FPMI|Restaurante|1|Restaurante|1|AREPA DE CHOCOLO| |9506036|AREPA DE CHOCOLO| |9506036|ALIMENTOS|10|ALIMENTOS|10|Para Empezar|1008|Para Empezar|1008|Para Aqui|1|Para Aqui|1|40370.00|0.00|40370.00|0.00|0.00|0.00|40370.00|0.00|40370.00|1|40370.00|2|0|0.00|0.00|0.00|56|13
FPMI|Restaurante|1|Restaurante|1|CANASTA DE 4 EMPANADAS CACHACAS| |9528040|CANASTA DE 4 EMPANADAS CACHACAS| |9528040|ALIMENTOS|10|ALIMENTOS|10|Para Empezar|1008|Para Empezar|1008|Para Aqui|1|Para Aqui|1|22500.00|0.00|22500.00|0.00|0.00|0.00|22500.00|0.00|22500.00|1|22500.00|1|0|0.00|0.00|0.00|57|14
FPMI|Restaurante|1|Restaurante|1|CANASTA DE 4 EMPANADAS DE CARNE| |9528034|CANASTA DE 4 EMPANADAS DE CARNE| |9528034|ALIMENTOS|10|ALIMENTOS|10|Para Empezar|1008|Para Empezar|1008|Para Aqui|1|Para Aqui|1|22500.00|0.00|22500.00|0.00|0.00|0.00|22500.00|0.00|22500.00|1|22500.00|1|0|0.00|0.00|0.00|57|14
FPMI|Restaurante|1|Restaurante|1|CHICHARRON 90 gr| |9528024|CHICHARRON 90 gr| |9528024|ALIMENTOS|10|ALIMENTOS|10|Para Empezar|1008|Para Empezar|1008|Para Aqui|1|Para Aqui|1|53334.00|0.00|53334.00|0.00|0.00|0.00|53334.00|0.00|53334.00|1|53334.00|2|0|0.00|0.00|0.00|57|14
FPMI|Restaurante|1|Restaurante|1|AREPA DE MAIZ  MANTEQUILLA| |9524096|AREPA DE MAIZ  MANTEQUILLA| |9524096|ALIMENTOS|10|ALIMENTOS|10|Para Empezar|1008|Para Empezar|1008|Para Aqui|1|Para Aqui|1|5370.00|0.00|5370.00|0.00|0.00|0.00|5370.00|0.00|5370.00|1|5370.00|2|0|0.00|0.00|0.00|72|17
FPMI|Restaurante|1|Restaurante|1|LOMO 220 gr PAPA FRANCESA| |9502511|LOMO 220 gr PAPA FRANCESA| |9502511|ALIMENTOS|10|ALIMENTOS|10|Para Empezar|1008|Para Empezar|1008|Para Aqui|1|Para Aqui|1|54444.00|0.00|54444.00|0.00|0.00|0.00|54444.00|0.00|54444.00|1|54444.00|1|0|0.00|0.00|0.00|50|12
FPMI|Restaurante|1|Restaurante|1|Mensaje Bebidas 2024| |980000095|Mensaje Bebidas 2024| |980000095|ALIMENTOS|10|ALIMENTOS|10|Para Empezar|1008|Para Empezar|1008|Para Aqui|1|Para Aqui|1|0.00|0.00|0.00|0.00|0.00|0.00|0.00|0.00|0.00|1|0.00|1|0|0.00|0.00|0.00|82|20
FPMI|Eventos|3|Eventos|3|AJIACO  POLLO| |9520008|AJIACO  POLLO| |9520008|ALIMENTOS|10|ALIMENTOS|10|Para Empezar|1008|Para Empezar|1008|Para Aqui|1|Para Aqui|1|64444.00|0.00|64444.00|0.00|0.00|0.00|64444.00|0.00|64444.00|249|64444.00|2|0|0.00|0.00|0.00|60|14
FPMI|Eventos|3|Eventos|3|TRUCHA A LA PLANCHA 350 gr ENSALADA| |9504163|TRUCHA A LA PLANCHA 350 gr ENSALADA| |9504163|ALIMENTOS|10|ALIMENTOS|10|Para Empezar|1008|Para Empezar|1008|Para Aqui|1|Para Aqui|1|374814.00|0.00|374814.00|0.00|0.00|0.00|374814.00|0.00|374814.00|249|374814.00|11|0|0.00|0.00|0.00|60|14
FPMI|Eventos|3|Eventos|3|TORTA DE CHOCOLATE | |9514022|TORTA DE CHOCOLATE | |9514022|ALIMENTOS|10|ALIMENTOS|10|Para Empezar|1008|Para Empezar|1008|Para Aqui|1|Para Aqui|1|25740.00|0.00|25740.00|0.00|0.00|0.00|25740.00|0.00|25740.00|17|25740.00|2|0|0.00|0.00|0.00|62|15
FPMI|Eventos|3|Eventos|3|CHULETA DE CERDO 300 gr CRIOLLA| |9502380|CHULETA DE CERDO 300 gr CRIOLLA| |9502380|ALIMENTOS|10|ALIMENTOS|10|Para Empezar|1008|Para Empezar|1008|Para Aqui|1|Para Aqui|1|99444.00|0.00|99444.00|0.00|0.00|0.00|99444.00|0.00|99444.00|249|99444.00|3|0|0.00|0.00|0.00|59|14
FPMI|Domicilios|20|Domicilios|20|CUCHUCO CON ESPINAZO| |9520020|CUCHUCO CON ESPINAZO| |9520020|ALIMENTOS|10|ALIMENTOS|10|Para Empezar|1008|Para Empezar|1008|Para Llevar|2|Para Llevar|2|34167.00|-6862.00|27305.00|0.00|0.00|0.00|34167.00|-6862.00|27305.00|73|34167.00|1|0|0.00|0.00|0.00|56|13
FPMI|Domicilios|20|Domicilios|20|COMBO HAMBURGUESA CAMPESINA 125 gr BOT| |9508022|COMBO HAMBURGUESA CAMPESINA 125 gr BOT| |9508022|ALIMENTOS|10|ALIMENTOS|10|Para Empezar|1008|Para Empezar|1008|Para Llevar|2|Para Llevar|2|29259.00|0.00|29259.00|0.00|0.00|0.00|29259.00|0.00|29259.00|73|29259.00|1|0|0.00|0.00|0.00|76|18
FPMI|Domicilios|20|Domicilios|20|PAPA CRIOLLA| |9500288|PAPA CRIOLLA| |9500288|ALIMENTOS|10|ALIMENTOS|10|Para Empezar|1008|Para Empezar|1008|Para Llevar|2|Para Llevar|2|7222.00|0.00|7222.00|0.00|0.00|0.00|7222.00|0.00|7222.00|73|7222.00|1|0|0.00|0.00|0.00|75|18
FPMI|Plataformas|21|Plataformas|21|CHURRASCO 250 gr CRIOLLA| |9502355|CHURRASCO 250 gr CRIOLLA| |9502355|ALIMENTOS|10|ALIMENTOS|10|Para Empezar|1008|Para Empezar|1008|Domicilios|7|Domicilios|7|54167.00|0.00|54167.00|0.00|0.00|0.00|54167.00|0.00|54167.00|153|54167.00|1|0|0.00|0.00|0.00|87|21
FPMI|Plataformas|21|Plataformas|21|CHURRASCO 250 gr ARROZ| |9502104|CHURRASCO 250 gr ARROZ| |9502104|ALIMENTOS|10|ALIMENTOS|10|Para Empezar|1008|Para Empezar|1008|Domicilios|7|Domicilios|7|54167.00|0.00|54167.00|0.00|0.00|0.00|54167.00|0.00|54167.00|153|54167.00|1|0|0.00|0.00|0.00|50|12
FPMI|Plataformas|21|Plataformas|21|PECHUGA NINOS| |9542014|PECHUGA NINOS| |9542014|ALIMENTOS|10|ALIMENTOS|10|Para Empezar|1008|Para Empezar|1008|Domicilios|7|Domicilios|7|24444.00|0.00|24444.00|0.00|0.00|0.00|24444.00|0.00|24444.00|153|24444.00|1|0|0.00|0.00|0.00|50|12
FPMI|Plataformas|21|Plataformas|21|PICADA INDIVIDUAL  ENSALADA| |9502579|PICADA INDIVIDUAL  ENSALADA| |9502579|ALIMENTOS|10|ALIMENTOS|10|Para Empezar|1008|Para Empezar|1008|Domicilios|7|Domicilios|7|33935.00|0.00|33935.00|0.00|0.00|0.00|33935.00|0.00|33935.00|177|33935.00|1|0|0.00|0.00|0.00|50|12
FPMI|Plataformas|21|Plataformas|21|PUNTA DE ANCA 250 gr ARROZ| |9502230|PUNTA DE ANCA 250 gr ARROZ| |9502230|ALIMENTOS|10|ALIMENTOS|10|Para Empezar|1008|Para Empezar|1008|Domicilios|7|Domicilios|7|57130.00|0.00|57130.00|0.00|0.00|0.00|57130.00|0.00|57130.00|153|57130.00|1|0|0.00|0.00|0.00|81|20
FPMI|Plataformas|21|Plataformas|21|AJIACO  POLLO| |9520008|AJIACO  POLLO| |9520008|ALIMENTOS|10|ALIMENTOS|10|Para Empezar|1008|Para Empezar|1008|Domicilios|7|Domicilios|7|35741.00|0.00|35741.00|0.00|0.00|0.00|35741.00|0.00|35741.00|153|35741.00|1|0|0.00|0.00|0.00|50|12
FPMI|Restaurante|1|Restaurante|1|FUZE TE DURAZNO | |9606108|FUZE TE DURAZNO | |9606108|BEBIDAS|20|BEBIDAS|20|Bebidas Sin Alcohol|3000|Bebidas Sin Alcohol|3000|Para Aqui|1|Para Aqui|1|6389.00|0.00|6389.00|0.00|0.00|0.00|6389.00|0.00|6389.00|1|6389.00|1|0|0.00|0.00|0.00|50|12
FPMI|Restaurante|1|Restaurante|1|AGUA MANANTIAL SIN GAS 500 ML| |9606135|AGUA MANANTIAL SIN GAS 500 ML| |9606135|BEBIDAS|20|BEBIDAS|20|Bebidas Sin Alcohol|3000|Bebidas Sin Alcohol|3000|Para Aqui|1|Para Aqui|1|8148.00|0.00|8148.00|0.00|0.00|0.00|8148.00|0.00|8148.00|1|8148.00|1|0|0.00|0.00|0.00|58|14
FPMI|Restaurante|1|Restaurante|1|GASEOSA 400 ml| |9606131|GASEOSA 400 ml| |9606131|BEBIDAS|20|BEBIDAS|20|Bebidas Sin Alcohol|3000|Bebidas Sin Alcohol|3000|Para Aqui|1|Para Aqui|1|15186.00|0.00|15186.00|0.00|0.00|0.00|15186.00|0.00|15186.00|1|15186.00|2|0|0.00|0.00|0.00|69|17
FPMI|Restaurante|1|Restaurante|1|GASEOSA 400 ml| |9606131|GASEOSA 400 ml| |9606131|BEBIDAS|20|BEBIDAS|20|Bebidas Sin Alcohol|3000|Bebidas Sin Alcohol|3000|Para Aqui|1|Para Aqui|1|7593.00|0.00|7593.00|0.00|0.00|0.00|7593.00|0.00|7593.00|1|7593.00|1|0|0.00|0.00|0.00|60|14
FPMI|Plataformas|21|Plataformas|21|LIMONADA NATURAL| |9604060|LIMONADA NATURAL| |9604060|BEBIDAS|20|BEBIDAS|20|Bebidas Sin Alcohol|3000|Bebidas Sin Alcohol|3000|Domicilios|7|Domicilios|7|5000.00|0.00|5000.00|0.00|0.00|0.00|5000.00|0.00|5000.00|177|5000.00|1|0|0.00|0.00|0.00|53|13
FPMI|Plataformas|21|Plataformas|21|GASEOSA 400 ml| |9606131|GASEOSA 400 ml| |9606131|BEBIDAS|20|BEBIDAS|20|Bebidas Sin Alcohol|3000|Bebidas Sin Alcohol|3000|Domicilios|7|Domicilios|7|23889.00|0.00|23889.00|0.00|0.00|0.00|23889.00|0.00|23889.00|153|23889.00|3|0|0.00|0.00|0.00|50|12
FPMI|Plataformas|21|Plataformas|21|GASEOSA 400 ml| |9606131|GASEOSA 400 ml| |9606131|BEBIDAS|20|BEBIDAS|20|Bebidas Sin Alcohol|3000|Bebidas Sin Alcohol|3000|Domicilios|7|Domicilios|7|7963.00|0.00|7963.00|0.00|0.00|0.00|7963.00|0.00|7963.00|153|7963.00|1|0|0.00|0.00|0.00|57|14
FPMI|Restaurante|1|Restaurante|1|TRES LECHES| |9514016|TRES LECHES| |9514016|ALIMENTOS|10|ALIMENTOS|10|Para Empezar|1008|Para Empezar|1008|Para Aqui|1|Para Aqui|1|35832.00|0.00|35832.00|0.00|0.00|0.00|35832.00|0.00|35832.00|17|35832.00|3|0|0.00|0.00|0.00|60|14
FPMI|Restaurante|1|Restaurante|1|Mod 3/4| |980000004|Mod 3/4| |980000004|ALIMENTOS|10|ALIMENTOS|10|Para Empezar|1008|Para Empezar|1008|Para Aqui|1|Para Aqui|1|0.00|0.00|0.00|0.00|0.00|0.00|0.00|0.00|0.00|1|0.00|1|0|0.00|0.00|0.00|70|17
FPMI|Restaurante|1|Restaurante|1|CHICHARRON 90 gr| |9528024|CHICHARRON 90 gr| |9528024|ALIMENTOS|10|ALIMENTOS|10|Para Empezar|1008|Para Empezar|1008|Para Aqui|1|Para Aqui|1|53334.00|0.00|53334.00|0.00|0.00|0.00|53334.00|0.00|53334.00|1|53334.00|2|0|0.00|0.00|0.00|50|12
FPMI|Restaurante|1|Restaurante|1|PINCHO DE POLLO X 100 GRS| |9502527|PINCHO DE POLLO X 100 GRS| |9502527|ALIMENTOS|10|ALIMENTOS|10|Para Empezar|1008|Para Empezar|1008|Para Aqui|1|Para Aqui|1|14722.00|0.00|14722.00|0.00|0.00|0.00|14722.00|0.00|14722.00|1|14722.00|1|0|0.00|0.00|0.00|73|18
FPMI|Restaurante|1|Restaurante|1|Mensaje Bebidas 2024| |980000095|Mensaje Bebidas 2024| |980000095|ALIMENTOS|10|ALIMENTOS|10|Para Empezar|1008|Para Empezar|1008|Para Aqui|1|Para Aqui|1|0.00|0.00|0.00|0.00|0.00|0.00|0.00|0.00|0.00|1|0.00|1|0|0.00|0.00|0.00|79|19
FPMI|Restaurante|1|Restaurante|1|Mod CocaCola Original 400ml| |980000102|Mod CocaCola Original 400ml| |980000102|ALIMENTOS|10|ALIMENTOS|10|Para Empezar|1008|Para Empezar|1008|Para Aqui|1|Para Aqui|1|0.00|0.00|0.00|0.00|0.00|0.00|0.00|0.00|0.00|1|0.00|2|0|0.00|0.00|0.00|51|12
FPMI|Restaurante|1|Restaurante|1|PORCION DE ARROZ BLANCO| |9500064|PORCION DE ARROZ BLANCO| |9500064|ALIMENTOS|10|ALIMENTOS|10|Para Empezar|1008|Para Empezar|1008|Para Aqui|1|Para Aqui|1|3426.00|0.00|3426.00|0.00|0.00|0.00|3426.00|0.00|3426.00|1|3426.00|1|0|0.00|0.00|0.00|56|13
FPMI|Restaurante|1|Restaurante|1|LOMO 220 gr PAPA FRANCESA| |9502511|LOMO 220 gr PAPA FRANCESA| |9502511|ALIMENTOS|10|ALIMENTOS|10|Para Empezar|1008|Para Empezar|1008|Para Aqui|1|Para Aqui|1|54444.00|0.00|54444.00|0.00|0.00|0.00|54444.00|0.00|54444.00|1|54444.00|1|0|0.00|0.00|0.00|56|13
FPMI|Restaurante|1|Restaurante|1|MJE ALM| |90000037|MJE ALM| |90000037|ALIMENTOS|10|ALIMENTOS|10|Para Empezar|1008|Para Empezar|1008|Para Aqui|1|Para Aqui|1|0.00|0.00|0.00|0.00|0.00|0.00|0.00|0.00|0.00|1|0.00|3|0|0.00|0.00|0.00|57|14
FPMI|Restaurante|1|Restaurante|1|Mod 1/4| |980000003|Mod 1/4| |980000003|ALIMENTOS|10|ALIMENTOS|10|Para Empezar|1008|Para Empezar|1008|Para Aqui|1|Para Aqui|1|0.00|0.00|0.00|0.00|0.00|0.00|0.00|0.00|0.00|1|0.00|1|0|0.00|0.00|0.00|57|14
FPMI|Restaurante|1|Restaurante|1|MJE ALM| |90000037|MJE ALM| |90000037|ALIMENTOS|10|ALIMENTOS|10|Para Empezar|1008|Para Empezar|1008|Para Aqui|1|Para Aqui|1|0.00|0.00|0.00|0.00|0.00|0.00|0.00|0.00|0.00|1|0.00|2|0|0.00|0.00|0.00|72|17
FPMI|Restaurante|1|Restaurante|1|CHICHARRON 90 gr| |9528024|CHICHARRON 90 gr| |9528024|ALIMENTOS|10|ALIMENTOS|10|Para Empezar|1008|Para Empezar|1008|Para Aqui|1|Para Aqui|1|26667.00|0.00|26667.00|0.00|0.00|0.00|26667.00|0.00|26667.00|1|26667.00|1|0|0.00|0.00|0.00|56|13
FPMI|Eventos|3|Eventos|3|TORTA MILKYWAY| |9514163|TORTA MILKYWAY| |9514163|ALIMENTOS|10|ALIMENTOS|10|Para Empezar|1008|Para Empezar|1008|Para Aqui|1|Para Aqui|1|119440.00|0.00|119440.00|0.00|0.00|0.00|119440.00|0.00|119440.00|17|119440.00|10|0|0.00|0.00|0.00|62|15
FPMI|Eventos|3|Eventos|3|CHULETA DE CERDO 300 gr CASCO| |9502581|CHULETA DE CERDO 300 gr CASCO| |9502581|ALIMENTOS|10|ALIMENTOS|10|Para Empezar|1008|Para Empezar|1008|Para Aqui|1|Para Aqui|1|132592.00|0.00|132592.00|0.00|0.00|0.00|132592.00|0.00|132592.00|249|132592.00|4|0|0.00|0.00|0.00|59|14
FPMI|Domicilios|20|Domicilios|20|Mod CocaCola Original 400ml| |980000102|Mod CocaCola Original 400ml| |980000102|ALIMENTOS|10|ALIMENTOS|10|Para Empezar|1008|Para Empezar|1008|Para Llevar|2|Para Llevar|2|0.00|0.00|0.00|0.00|0.00|0.00|0.00|0.00|0.00|1|0.00|1|0|0.00|0.00|0.00|76|18
FPMI|Domicilios|20|Domicilios|20|MADURITOS| |9500252|MADURITOS| |9500252|ALIMENTOS|10|ALIMENTOS|10|Para Empezar|1008|Para Empezar|1008|Para Llevar|2|Para Llevar|2|6852.00|0.00|6852.00|0.00|0.00|0.00|6852.00|0.00|6852.00|73|6852.00|2|0|0.00|0.00|0.00|76|18
FPMI|Plataformas|21|Plataformas|21|CHORIZO ANTIOQUENO 100 gr| |9502084|CHORIZO ANTIOQUENO 100 gr| |9502084|ALIMENTOS|10|ALIMENTOS|10|Para Empezar|1008|Para Empezar|1008|Domicilios|7|Domicilios|7|14167.00|0.00|14167.00|0.00|0.00|0.00|14167.00|0.00|14167.00|153|14167.00|1|0|0.00|0.00|0.00|49|12
FPMI|Plataformas|21|Plataformas|21|PUNTA DE ANCA 250 gr FRANCESA| |9502236|PUNTA DE ANCA 250 gr FRANCESA| |9502236|ALIMENTOS|10|ALIMENTOS|10|Para Empezar|1008|Para Empezar|1008|Domicilios|7|Domicilios|7|57130.00|0.00|57130.00|0.00|0.00|0.00|57130.00|0.00|57130.00|153|57130.00|1|0|0.00|0.00|0.00|87|21
FPMI|Plataformas|21|Plataformas|21|AJIACO NINOS| |9542004|AJIACO NINOS| |9542004|ALIMENTOS|10|ALIMENTOS|10|Para Empezar|1008|Para Empezar|1008|Domicilios|7|Domicilios|7|20278.00|0.00|20278.00|0.00|0.00|0.00|20278.00|0.00|20278.00|153|20278.00|1|0|0.00|0.00|0.00|89|22
FPMI|Plataformas|21|Plataformas|21|TORTA MILKYWAY| |9514163|TORTA MILKYWAY| |9514163|ALIMENTOS|10|ALIMENTOS|10|Para Empezar|1008|Para Empezar|1008|Domicilios|7|Domicilios|7|9537.00|0.00|9537.00|0.00|0.00|0.00|9537.00|0.00|9537.00|169|9537.00|1|0|0.00|0.00|0.00|47|11
FPMI|Restaurante|1|Restaurante|1|AGUA MANANTIAL SIN GAS 500 ML| |9606135|AGUA MANANTIAL SIN GAS 500 ML| |9606135|BEBIDAS|20|BEBIDAS|20|Bebidas Sin Alcohol|3000|Bebidas Sin Alcohol|3000|Para Aqui|1|Para Aqui|1|8148.00|0.00|8148.00|0.00|0.00|0.00|8148.00|0.00|8148.00|1|8148.00|1|0|0.00|0.00|0.00|49|12
FPMI|Restaurante|1|Restaurante|1|GASEOSA 400 ml| |9606131|GASEOSA 400 ml| |9606131|BEBIDAS|20|BEBIDAS|20|Bebidas Sin Alcohol|3000|Bebidas Sin Alcohol|3000|Para Aqui|1|Para Aqui|1|7593.00|0.00|7593.00|0.00|0.00|0.00|7593.00|0.00|7593.00|1|7593.00|1|0|0.00|0.00|0.00|50|12
FPMI|Restaurante|1|Restaurante|1|CERVEZA CORONA| |9608012|CERVEZA CORONA| |9608012|BEBIDAS|20|BEBIDAS|20|Bebidas Sin Alcohol|3000|Bebidas Sin Alcohol|3000|Para Aqui|1|Para Aqui|1|12778.00|0.00|12778.00|0.00|0.00|0.00|12778.00|0.00|12778.00|1|12778.00|1|0|0.00|0.00|0.00|56|13
FPMI|Restaurante|1|Restaurante|1|GASEOSA 400 ml| |9606131|GASEOSA 400 ml| |9606131|BEBIDAS|20|BEBIDAS|20|Bebidas Sin Alcohol|3000|Bebidas Sin Alcohol|3000|Para Aqui|1|Para Aqui|1|7593.00|0.00|7593.00|0.00|0.00|0.00|7593.00|0.00|7593.00|1|7593.00|1|0|0.00|0.00|0.00|72|17
FPMI|Eventos|3|Eventos|3|CERVEZA CORONA| |9608012|CERVEZA CORONA| |9608012|BEBIDAS|20|BEBIDAS|20|Bebidas Sin Alcohol|3000|Bebidas Sin Alcohol|3000|Para Aqui|1|Para Aqui|1|242782.00|0.00|242782.00|0.00|0.00|0.00|242782.00|0.00|242782.00|1|242782.00|19|0|0.00|0.00|0.00|63|15
FPMI|Eventos|3|Eventos|3|FUZE TE LIMON| |9606096|FUZE TE LIMON| |9606096|BEBIDAS|20|BEBIDAS|20|Bebidas Sin Alcohol|3000|Bebidas Sin Alcohol|3000|Para Aqui|1|Para Aqui|1|38334.00|0.00|38334.00|0.00|0.00|0.00|38334.00|0.00|38334.00|1|38334.00|6|0|0.00|0.00|0.00|60|14
FPMI|Plataformas|21|Plataformas|21|JUGO DE MANGO EN AGUA| |9604156|JUGO DE MANGO EN AGUA| |9604156|BEBIDAS|20|BEBIDAS|20|Bebidas Sin Alcohol|3000|Bebidas Sin Alcohol|3000|Domicilios|7|Domicilios|7|10556.00|0.00|10556.00|0.00|0.00|0.00|10556.00|0.00|10556.00|153|10556.00|1|0|0.00|0.00|0.00|64|15
FPMI|Restaurante|1|Restaurante|1|Mensaje Bebidas 2024| |980000095|Mensaje Bebidas 2024| |980000095|ALIMENTOS|10|ALIMENTOS|10|Para Empezar|1008|Para Empezar|1008|Para Aqui|1|Para Aqui|1|0.00|0.00|0.00|0.00|0.00|0.00|0.00|0.00|0.00|1|0.00|1|0|0.00|0.00|0.00|52|12
FPMI|Restaurante|1|Restaurante|1|Mod BienAsado| |980000006|Mod BienAsado| |980000006|ALIMENTOS|10|ALIMENTOS|10|Para Empezar|1008|Para Empezar|1008|Para Aqui|1|Para Aqui|1|0.00|0.00|0.00|0.00|0.00|0.00|0.00|0.00|0.00|1|0.00|1|0|0.00|0.00|0.00|52|12
FPMI|Restaurante|1|Restaurante|1|MJE ALM| |90000037|MJE ALM| |90000037|ALIMENTOS|10|ALIMENTOS|10|Para Empezar|1008|Para Empezar|1008|Para Aqui|1|Para Aqui|1|0.00|0.00|0.00|0.00|0.00|0.00|0.00|0.00|0.00|1|0.00|1|0|0.00|0.00|0.00|69|17
FPMI|Restaurante|1|Restaurante|1|CANASTA DE 4 EMPANADAS DE CARNE| |9528034|CANASTA DE 4 EMPANADAS DE CARNE| |9528034|ALIMENTOS|10|ALIMENTOS|10|Para Empezar|1008|Para Empezar|1008|Para Aqui|1|Para Aqui|1|22500.00|0.00|22500.00|0.00|0.00|0.00|22500.00|0.00|22500.00|1|22500.00|1|0|0.00|0.00|0.00|69|17
FPMI|Restaurante|1|Restaurante|1|PICADA INDIVIDUAL  CASCO| |9502575|PICADA INDIVIDUAL  CASCO| |9502575|ALIMENTOS|10|ALIMENTOS|10|Para Empezar|1008|Para Empezar|1008|Para Aqui|1|Para Aqui|1|38704.00|0.00|38704.00|0.00|0.00|0.00|38704.00|0.00|38704.00|1|38704.00|1|0|0.00|0.00|0.00|51|12
FPMI|Restaurante|1|Restaurante|1|Mod A Punto| |980000005|Mod A Punto| |980000005|ALIMENTOS|10|ALIMENTOS|10|Para Empezar|1008|Para Empezar|1008|Para Aqui|1|Para Aqui|1|0.00|0.00|0.00|0.00|0.00|0.00|0.00|0.00|0.00|1|0.00|3|0|0.00|0.00|0.00|56|13
FPMI|Restaurante|1|Restaurante|1|CALENTADO ANDRES| |9518004|CALENTADO ANDRES| |9518004|ALIMENTOS|10|ALIMENTOS|10|Para Empezar|1008|Para Empezar|1008|Para Aqui|1|Para Aqui|1|35093.00|0.00|35093.00|0.00|0.00|0.00|35093.00|0.00|35093.00|1|35093.00|1|0|0.00|0.00|0.00|57|14
FPMI|Restaurante|1|Restaurante|1|AJIACO  POLLO| |9520008|AJIACO  POLLO| |9520008|ALIMENTOS|10|ALIMENTOS|10|Para Empezar|1008|Para Empezar|1008|Para Aqui|1|Para Aqui|1|34074.00|0.00|34074.00|0.00|0.00|0.00|34074.00|0.00|34074.00|1|34074.00|1|0|0.00|0.00|0.00|57|14
FPMI|Restaurante|1|Restaurante|1|AREPA DE CHOCOLO| |9506036|AREPA DE CHOCOLO| |9506036|ALIMENTOS|10|ALIMENTOS|10|Para Empezar|1008|Para Empezar|1008|Para Aqui|1|Para Aqui|1|20185.00|0.00|20185.00|0.00|0.00|0.00|20185.00|0.00|20185.00|1|20185.00|1|0|0.00|0.00|0.00|63|15
FPMI|Eventos|3|Eventos|3|CHOCOLATE| |9602076|CHOCOLATE| |9602076|ALIMENTOS|10|ALIMENTOS|10|Para Empezar|1008|Para Empezar|1008|Para Aqui|1|Para Aqui|1|14074.00|0.00|14074.00|0.00|0.00|0.00|14074.00|0.00|14074.00|249|14074.00|2|0|0.00|0.00|0.00|63|15
FPMI|Eventos|3|Eventos|3|PECHUGA CHAMPINON CRIOLLA| |980000136|PECHUGA CHAMPINON CRIOLLA| |980000136|ALIMENTOS|10|ALIMENTOS|10|Para Empezar|1008|Para Empezar|1008|Para Aqui|1|Para Aqui|1|97221.00|0.00|97221.00|0.00|0.00|0.00|97221.00|0.00|97221.00|1|97221.00|3|0|0.00|0.00|0.00|59|14
FPMI|Domicilios|20|Domicilios|20|AREPA DE CHOCOLO| |9506036|AREPA DE CHOCOLO| |9506036|ALIMENTOS|10|ALIMENTOS|10|Para Empezar|1008|Para Empezar|1008|Para Llevar|2|Para Llevar|2|20185.00|0.00|20185.00|0.00|0.00|0.00|20185.00|0.00|20185.00|73|20185.00|1|0|0.00|0.00|0.00|64|15
FPMI|Domicilios|20|Domicilios|20|MILANESA DE CERDO PERSONAL | |9540236|MILANESA DE CERDO PERSONAL | |9540236|ALIMENTOS|10|ALIMENTOS|10|Para Empezar|1008|Para Empezar|1008|Para Llevar|2|Para Llevar|2|32410.00|0.00|32410.00|0.00|0.00|0.00|32410.00|0.00|32410.00|73|32410.00|7|0|0.00|0.00|0.00|87|21
FPMI|Domicilios|20|Domicilios|20|AREPA DE CHOCOLO| |9506036|AREPA DE CHOCOLO| |9506036|ALIMENTOS|10|ALIMENTOS|10|Para Empezar|1008|Para Empezar|1008|Para Llevar|2|Para Llevar|2|40370.00|0.00|40370.00|0.00|0.00|0.00|40370.00|0.00|40370.00|73|40370.00|2|0|0.00|0.00|0.00|59|14
FPMI|Plataformas|21|Plataformas|21|BANDEJA PAISA| |9520036|BANDEJA PAISA| |9520036|ALIMENTOS|10|ALIMENTOS|10|Para Empezar|1008|Para Empezar|1008|Domicilios|7|Domicilios|7|44537.00|0.00|44537.00|0.00|0.00|0.00|44537.00|0.00|44537.00|153|44537.00|1|0|0.00|0.00|0.00|53|13
FPMI|Plataformas|21|Plataformas|21|PUNTA DE ANCA 250 gr CRIOLLA| |9502358|PUNTA DE ANCA 250 gr CRIOLLA| |9502358|ALIMENTOS|10|ALIMENTOS|10|Para Empezar|1008|Para Empezar|1008|Domicilios|7|Domicilios|7|57130.00|0.00|57130.00|0.00|0.00|0.00|57130.00|0.00|57130.00|153|57130.00|1|0|0.00|0.00|0.00|55|13
FPMI|Plataformas|21|Plataformas|21|BANDEJA PAISA| |9520036|BANDEJA PAISA| |9520036|ALIMENTOS|10|ALIMENTOS|10|Para Empezar|1008|Para Empezar|1008|Domicilios|7|Domicilios|7|44537.00|0.00|44537.00|0.00|0.00|0.00|44537.00|0.00|44537.00|153|44537.00|1|0|0.00|0.00|0.00|57|14
FPMI|Plataformas|21|Plataformas|21|CHICHARRON 90 gr| |9528024|CHICHARRON 90 gr| |9528024|ALIMENTOS|10|ALIMENTOS|10|Para Empezar|1008|Para Empezar|1008|Domicilios|7|Domicilios|7|27963.00|0.00|27963.00|0.00|0.00|0.00|27963.00|0.00|27963.00|153|27963.00|1|0|0.00|0.00|0.00|50|12
FPMI|Restaurante|1|Restaurante|1|JUGO DE MANDARINA| |9604044|JUGO DE MANDARINA| |9604044|BEBIDAS|20|BEBIDAS|20|Bebidas Sin Alcohol|3000|Bebidas Sin Alcohol|3000|Para Aqui|1|Para Aqui|1|14074.00|0.00|14074.00|0.00|0.00|0.00|14074.00|0.00|14074.00|1|14074.00|1|0|0.00|0.00|0.00|70|17
FPMI|Restaurante|1|Restaurante|1|AGUA MANANTIAL CON GAS 300 ML CON LIMON| |9606138|AGUA MANANTIAL CON GAS 300 ML CON LIMON| |9606138|BEBIDAS|20|BEBIDAS|20|Bebidas Sin Alcohol|3000|Bebidas Sin Alcohol|3000|Para Aqui|1|Para Aqui|1|6852.00|0.00|6852.00|0.00|0.00|0.00|6852.00|0.00|6852.00|1|6852.00|1|0|0.00|0.00|0.00|50|12
FPMI|Restaurante|1|Restaurante|1|TINTO COLADO AEX| |9602121|TINTO COLADO AEX| |9602121|BEBIDAS|20|BEBIDAS|20|Bebidas Sin Alcohol|3000|Bebidas Sin Alcohol|3000|Para Aqui|1|Para Aqui|1|4537.00|0.00|4537.00|0.00|0.00|0.00|4537.00|0.00|4537.00|1|4537.00|1|0|0.00|0.00|0.00|60|14
FPMI|Restaurante|1|Restaurante|1|LIMONADA NATURAL| |9604060|LIMONADA NATURAL| |9604060|BEBIDAS|20|BEBIDAS|20|Bebidas Sin Alcohol|3000|Bebidas Sin Alcohol|3000|Para Aqui|1|Para Aqui|1|17038.00|0.00|17038.00|0.00|0.00|0.00|17038.00|0.00|17038.00|1|17038.00|2|0|0.00|0.00|0.00|79|19
FPMI|Restaurante|1|Restaurante|1|GASEOSA 400 ml| |9606131|GASEOSA 400 ml| |9606131|BEBIDAS|20|BEBIDAS|20|Bebidas Sin Alcohol|3000|Bebidas Sin Alcohol|3000|Para Aqui|1|Para Aqui|1|15186.00|0.00|15186.00|0.00|0.00|0.00|15186.00|0.00|15186.00|1|15186.00|2|0|0.00|0.00|0.00|51|12
FPMI|Restaurante|1|Restaurante|1|AGUA MANANTIAL SIN GAS 500 ML CON LIMON| |9606137|AGUA MANANTIAL SIN GAS 500 ML CON LIMON| |9606137|BEBIDAS|20|BEBIDAS|20|Bebidas Sin Alcohol|3000|Bebidas Sin Alcohol|3000|Para Aqui|1|Para Aqui|1|8519.00|0.00|8519.00|0.00|0.00|0.00|8519.00|0.00|8519.00|1|8519.00|1|0|0.00|0.00|0.00|82|20
FPMI|Eventos|3|Eventos|3|CERVEZA HEINEKEN| |9608028|CERVEZA HEINEKEN| |9608028|BEBIDAS|20|BEBIDAS|20|Bebidas Sin Alcohol|3000|Bebidas Sin Alcohol|3000|Para Aqui|1|Para Aqui|1|12778.00|0.00|12778.00|0.00|0.00|0.00|12778.00|0.00|12778.00|1|12778.00|1|0|0.00|0.00|0.00|62|15
FPMI|Eventos|3|Eventos|3|AGUA MANANTIAL SIN GAS 500 ML| |9606135|AGUA MANANTIAL SIN GAS 500 ML| |9606135|BEBIDAS|20|BEBIDAS|20|Bebidas Sin Alcohol|3000|Bebidas Sin Alcohol|3000|Para Aqui|1|Para Aqui|1|30740.00|0.00|30740.00|0.00|0.00|0.00|30740.00|0.00|30740.00|249|30740.00|4|0|0.00|0.00|0.00|60|14
FPMI|Domicilios|20|Domicilios|20|AGUA MANANTIAL SIN GAS 500 ML| |9606135|AGUA MANANTIAL SIN GAS 500 ML| |9606135|BEBIDAS|20|BEBIDAS|20|Bebidas Sin Alcohol|3000|Bebidas Sin Alcohol|3000|Para Llevar|2|Para Llevar|2|16296.00|0.00|16296.00|0.00|0.00|0.00|16296.00|0.00|16296.00|73|16296.00|2|0|0.00|0.00|0.00|76|18
FPMI|Restaurante|1|Restaurante|1|AJIACO  POLLO| |9520008|AJIACO  POLLO| |9520008|ALIMENTOS|10|ALIMENTOS|10|Para Empezar|1008|Para Empezar|1008|Para Aqui|1|Para Aqui|1|34074.00|0.00|34074.00|0.00|0.00|0.00|34074.00|0.00|34074.00|1|34074.00|1|0|0.00|0.00|0.00|49|12
FPMI|Restaurante|1|Restaurante|1|Mod CocaCola Original 400ml| |980000102|Mod CocaCola Original 400ml| |980000102|ALIMENTOS|10|ALIMENTOS|10|Para Empezar|1008|Para Empezar|1008|Para Aqui|1|Para Aqui|1|0.00|0.00|0.00|0.00|0.00|0.00|0.00|0.00|0.00|1|0.00|2|0|0.00|0.00|0.00|60|14
FPMI|Restaurante|1|Restaurante|1|Mod 1/2| |980000002|Mod 1/2| |980000002|ALIMENTOS|10|ALIMENTOS|10|Para Empezar|1008|Para Empezar|1008|Para Aqui|1|Para Aqui|1|0.00|0.00|0.00|0.00|0.00|0.00|0.00|0.00|0.00|1|0.00|1|0|0.00|0.00|0.00|63|15
FPMI|Restaurante|1|Restaurante|1|AREPA DE MAIZ CON CARNE DESMECHADA| |9524076|AREPA DE MAIZ CON CARNE DESMECHADA| |9524076|ALIMENTOS|10|ALIMENTOS|10|Para Empezar|1008|Para Empezar|1008|Para Aqui|1|Para Aqui|1|20185.00|0.00|20185.00|0.00|0.00|0.00|20185.00|0.00|20185.00|1|20185.00|1|0|0.00|0.00|0.00|82|20
FPMI|Eventos|3|Eventos|3|Mod CocaCola Zero 400ml| |980000103|Mod CocaCola Zero 400ml| |980000103|ALIMENTOS|10|ALIMENTOS|10|Para Empezar|1008|Para Empezar|1008|Para Aqui|1|Para Aqui|1|0.00|0.00|0.00|0.00|0.00|0.00|0.00|0.00|0.00|1|0.00|6|0|0.00|0.00|0.00|60|14
FPMI|Domicilios|20|Domicilios|20|MORCILLA 100 gr| |9502080|MORCILLA 100 gr| |9502080|ALIMENTOS|10|ALIMENTOS|10|Para Empezar|1008|Para Empezar|1008|Para Llevar|2|Para Llevar|2|10741.00|0.00|10741.00|0.00|0.00|0.00|10741.00|0.00|10741.00|73|10741.00|1|0|0.00|0.00|0.00|64|15
FPMI|Domicilios|20|Domicilios|20|CALENTADO PAISA| |9518008|CALENTADO PAISA| |9518008|ALIMENTOS|10|ALIMENTOS|10|Para Empezar|1008|Para Empezar|1008|Para Llevar|2|Para Llevar|2|35093.00|0.00|35093.00|0.00|0.00|0.00|35093.00|0.00|35093.00|73|35093.00|1|0|0.00|0.00|0.00|58|14
FPMI|Domicilios|20|Domicilios|20|PINCHO DE POLLO X 100 GRS| |9502527|PINCHO DE POLLO X 100 GRS| |9502527|ALIMENTOS|10|ALIMENTOS|10|Para Empezar|1008|Para Empezar|1008|Para Llevar|2|Para Llevar|2|44166.00|0.00|44166.00|0.00|0.00|0.00|44166.00|0.00|44166.00|73|44166.00|3|0|0.00|0.00|0.00|75|18
FPMI|Domicilios|20|Domicilios|20|PATACON CON HOGAO| |9524044|PATACON CON HOGAO| |9524044|ALIMENTOS|10|ALIMENTOS|10|Para Empezar|1008|Para Empezar|1008|Para Llevar|2|Para Llevar|2|60000.00|0.00|60000.00|0.00|0.00|0.00|60000.00|0.00|60000.00|73|60000.00|6|0|0.00|0.00|0.00|75|18
FPMI|Plataformas|21|Plataformas|21|CHICHARRON 90 gr| |9528024|CHICHARRON 90 gr| |9528024|ALIMENTOS|10|ALIMENTOS|10|Para Empezar|1008|Para Empezar|1008|Domicilios|7|Domicilios|7|27963.00|0.00|27963.00|0.00|0.00|0.00|27963.00|0.00|27963.00|153|27963.00|1|0|0.00|0.00|0.00|49|12
FPMI|Plataformas|21|Plataformas|21|BANDEJA PAISA| |9520036|BANDEJA PAISA| |9520036|ALIMENTOS|10|ALIMENTOS|10|Para Empezar|1008|Para Empezar|1008|Domicilios|7|Domicilios|7|44537.00|0.00|44537.00|0.00|0.00|0.00|44537.00|0.00|44537.00|153|44537.00|1|0|0.00|0.00|0.00|89|22
FPMI|Plataformas|21|Plataformas|21|PATACON CON HOGAO| |9524044|PATACON CON HOGAO| |9524044|ALIMENTOS|10|ALIMENTOS|10|Para Empezar|1008|Para Empezar|1008|Domicilios|7|Domicilios|7|20926.00|0.00|20926.00|0.00|0.00|0.00|20926.00|0.00|20926.00|153|20926.00|2|0|0.00|0.00|0.00|50|12
FPMI|Plataformas|21|Plataformas|21|CHICHARRON 90 gr| |9528024|CHICHARRON 90 gr| |9528024|ALIMENTOS|10|ALIMENTOS|10|Para Empezar|1008|Para Empezar|1008|Domicilios|7|Domicilios|7|55926.00|0.00|55926.00|0.00|0.00|0.00|55926.00|0.00|55926.00|153|55926.00|2|0|0.00|0.00|0.00|57|14
FPMI|Plataformas|21|Plataformas|21|Mod CocaCola Zero 400ml| |980000103|Mod CocaCola Zero 400ml| |980000103|ALIMENTOS|10|ALIMENTOS|10|Para Empezar|1008|Para Empezar|1008|Domicilios|7|Domicilios|7|0.00|0.00|0.00|0.00|0.00|0.00|0.00|0.00|0.00|1|0.00|1|0|0.00|0.00|0.00|57|14
FPMI|Plataformas|21|Plataformas|21|SALMON A LA PLANCHA 200 gr ENSALADA| |9504162|SALMON A LA PLANCHA 200 gr ENSALADA| |9504162|ALIMENTOS|10|ALIMENTOS|10|Para Empezar|1008|Para Empezar|1008|Domicilios|7|Domicilios|7|50370.00|0.00|50370.00|0.00|0.00|0.00|50370.00|0.00|50370.00|153|50370.00|1|0|0.00|0.00|0.00|50|12
FPMI|Plataformas|21|Plataformas|21|CHORIPAN 100 gr| |9502076|CHORIPAN 100 gr| |9502076|ALIMENTOS|10|ALIMENTOS|10|Para Empezar|1008|Para Empezar|1008|Domicilios|7|Domicilios|7|24167.00|0.00|24167.00|0.00|0.00|0.00|24167.00|0.00|24167.00|153|24167.00|1|0|0.00|0.00|0.00|75|18
FPMI|Restaurante|1|Restaurante|1|AGUA MANANTIAL CON GAS 300 ML| |9606136|AGUA MANANTIAL CON GAS 300 ML| |9606136|BEBIDAS|20|BEBIDAS|20|Bebidas Sin Alcohol|3000|Bebidas Sin Alcohol|3000|Para Aqui|1|Para Aqui|1|6389.00|0.00|6389.00|0.00|0.00|0.00|6389.00|0.00|6389.00|1|6389.00|1|0|0.00|0.00|0.00|57|14
FPMI|Restaurante|1|Restaurante|1|JUGO DE GUANABANA EN AGUA| |9604224|JUGO DE GUANABANA EN AGUA| |9604224|BEBIDAS|20|BEBIDAS|20|Bebidas Sin Alcohol|3000|Bebidas Sin Alcohol|3000|Para Aqui|1|Para Aqui|1|10093.00|0.00|10093.00|0.00|0.00|0.00|10093.00|0.00|10093.00|1|10093.00|1|0|0.00|0.00|0.00|60|14
FPMI|Restaurante|1|Restaurante|1|GASEOSA 400 ml| |9606131|GASEOSA 400 ml| |9606131|BEBIDAS|20|BEBIDAS|20|Bebidas Sin Alcohol|3000|Bebidas Sin Alcohol|3000|Para Aqui|1|Para Aqui|1|7593.00|0.00|7593.00|0.00|0.00|0.00|7593.00|0.00|7593.00|1|7593.00|1|0|0.00|0.00|0.00|55|13
FPMI|Eventos|3|Eventos|3|FUZE TE DURAZNO | |9606108|FUZE TE DURAZNO | |9606108|BEBIDAS|20|BEBIDAS|20|Bebidas Sin Alcohol|3000|Bebidas Sin Alcohol|3000|Para Aqui|1|Para Aqui|1|31945.00|0.00|31945.00|0.00|0.00|0.00|31945.00|0.00|31945.00|1|31945.00|5|0|0.00|0.00|0.00|60|14
FPMI|Plataformas|21|Plataformas|21|JUGO DE MANGO EN AGUA| |9604156|JUGO DE MANGO EN AGUA| |9604156|BEBIDAS|20|BEBIDAS|20|Bebidas Sin Alcohol|3000|Bebidas Sin Alcohol|3000|Domicilios|7|Domicilios|7|10556.00|0.00|10556.00|0.00|0.00|0.00|10556.00|0.00|10556.00|153|10556.00|1|0|0.00|0.00|0.00|75|18
FPMI|Restaurante|1|Restaurante|1|PUNTA DE ANCA 250 gr ENSALADA| |9502234|PUNTA DE ANCA 250 gr ENSALADA| |9502234|ALIMENTOS|10|ALIMENTOS|10|Para Empezar|1008|Para Empezar|1008|Para Aqui|1|Para Aqui|1|105186.00|0.00|105186.00|0.00|0.00|0.00|105186.00|0.00|105186.00|1|105186.00|2|0|0.00|0.00|0.00|52|12
FPMI|Restaurante|1|Restaurante|1|Mod 3/4| |980000004|Mod 3/4| |980000004|ALIMENTOS|10|ALIMENTOS|10|Para Empezar|1008|Para Empezar|1008|Para Aqui|1|Para Aqui|1|0.00|0.00|0.00|0.00|0.00|0.00|0.00|0.00|0.00|1|0.00|1|0|0.00|0.00|0.00|52|12
FPMI|Restaurante|1|Restaurante|1|Mod CocaCola Original 400ml| |980000102|Mod CocaCola Original 400ml| |980000102|ALIMENTOS|10|ALIMENTOS|10|Para Empezar|1008|Para Empezar|1008|Para Aqui|1|Para Aqui|1|0.00|0.00|0.00|0.00|0.00|0.00|0.00|0.00|0.00|1|0.00|1|0|0.00|0.00|0.00|50|12
FPMI|Restaurante|1|Restaurante|1|AREPA DE CHOCOLO| |9506036|AREPA DE CHOCOLO| |9506036|ALIMENTOS|10|ALIMENTOS|10|Para Empezar|1008|Para Empezar|1008|Para Aqui|1|Para Aqui|1|20185.00|0.00|20185.00|0.00|0.00|0.00|20185.00|0.00|20185.00|1|20185.00|1|0|0.00|0.00|0.00|73|18
FPMI|Restaurante|1|Restaurante|1|CHICHARRON 90 gr| |9528024|CHICHARRON 90 gr| |9528024|ALIMENTOS|10|ALIMENTOS|10|Para Empezar|1008|Para Empezar|1008|Para Aqui|1|Para Aqui|1|26667.00|0.00|26667.00|0.00|0.00|0.00|26667.00|0.00|26667.00|1|26667.00|1|0|0.00|0.00|0.00|55|13
FPMI|Restaurante|1|Restaurante|1|COMO ENTRADA| |90000038|COMO ENTRADA| |90000038|ALIMENTOS|10|ALIMENTOS|10|Para Empezar|1008|Para Empezar|1008|Para Aqui|1|Para Aqui|1|0.00|0.00|0.00|0.00|0.00|0.00|0.00|0.00|0.00|41|0.00|1|0|0.00|0.00|0.00|55|13
FPMI|Restaurante|1|Restaurante|1|Mod 3/4| |980000004|Mod 3/4| |980000004|ALIMENTOS|10|ALIMENTOS|10|Para Empezar|1008|Para Empezar|1008|Para Aqui|1|Para Aqui|1|0.00|0.00|0.00|0.00|0.00|0.00|0.00|0.00|0.00|1|0.00|1|0|0.00|0.00|0.00|51|12
FPMI|Restaurante|1|Restaurante|1|MJE ALM| |90000037|MJE ALM| |90000037|ALIMENTOS|10|ALIMENTOS|10|Para Empezar|1008|Para Empezar|1008|Para Aqui|1|Para Aqui|1|0.00|0.00|0.00|0.00|0.00|0.00|0.00|0.00|0.00|1|0.00|2|0|0.00|0.00|0.00|56|13
FPMI|Restaurante|1|Restaurante|1|ADICION DE AGUACATE 100 gr| |9500032|ADICION DE AGUACATE 100 gr| |9500032|ALIMENTOS|10|ALIMENTOS|10|Para Empezar|1008|Para Empezar|1008|Para Aqui|1|Para Aqui|1|5648.00|0.00|5648.00|0.00|0.00|0.00|5648.00|0.00|5648.00|1|5648.00|1|0|0.00|0.00|0.00|56|13
FPMI|Restaurante|1|Restaurante|1|CHURRASCO 250 gr FRANCESA| |9502110|CHURRASCO 250 gr FRANCESA| |9502110|ALIMENTOS|10|ALIMENTOS|10|Para Empezar|1008|Para Empezar|1008|Para Aqui|1|Para Aqui|1|49815.00|0.00|49815.00|0.00|0.00|0.00|49815.00|0.00|49815.00|1|49815.00|1|0|0.00|0.00|0.00|57|14
FPMI|Restaurante|1|Restaurante|1|Mod CocaCola Zero 400ml| |980000103|Mod CocaCola Zero 400ml| |980000103|ALIMENTOS|10|ALIMENTOS|10|Para Empezar|1008|Para Empezar|1008|Para Aqui|1|Para Aqui|1|0.00|0.00|0.00|0.00|0.00|0.00|0.00|0.00|0.00|1|0.00|1|0|0.00|0.00|0.00|72|17
FPMI|Restaurante|1|Restaurante|1|BISTEC ENTRECOT 180 gr  ARROZ | |9502522|BISTEC ENTRECOT 180 gr  ARROZ | |9502522|ALIMENTOS|10|ALIMENTOS|10|Para Empezar|1008|Para Empezar|1008|Para Aqui|1|Para Aqui|1|38704.00|0.00|38704.00|0.00|0.00|0.00|38704.00|0.00|38704.00|1|38704.00|1|0|0.00|0.00|0.00|63|15
FPMI|Restaurante|1|Restaurante|1|AREPA  QUESO MOZZARELLA| |9524088|AREPA  QUESO MOZZARELLA| |9524088|ALIMENTOS|10|ALIMENTOS|10|Para Empezar|1008|Para Empezar|1008|Para Aqui|1|Para Aqui|1|8889.00|0.00|8889.00|0.00|0.00|0.00|8889.00|0.00|8889.00|1|8889.00|1|0|0.00|0.00|0.00|50|12
FPMI|Eventos|3|Eventos|3|PECHUGA CHAMPINON CASCO| |980000135|PECHUGA CHAMPINON CASCO| |980000135|ALIMENTOS|10|ALIMENTOS|10|Para Empezar|1008|Para Empezar|1008|Para Aqui|1|Para Aqui|1|97221.00|0.00|97221.00|0.00|0.00|0.00|97221.00|0.00|97221.00|1|97221.00|3|0|0.00|0.00|0.00|59|14
FPMI|Eventos|3|Eventos|3|CUCHUCO CON ESPINAZO| |9520020|CUCHUCO CON ESPINAZO| |9520020|ALIMENTOS|10|ALIMENTOS|10|Para Empezar|1008|Para Empezar|1008|Para Aqui|1|Para Aqui|1|64444.00|0.00|64444.00|0.00|0.00|0.00|64444.00|0.00|64444.00|249|64444.00|2|0|0.00|0.00|0.00|59|14
FPMI|Domicilios|20|Domicilios|20|SOPA DE VERDURAS| |9520050|SOPA DE VERDURAS| |9520050|ALIMENTOS|10|ALIMENTOS|10|Para Empezar|1008|Para Empezar|1008|Para Llevar|2|Para Llevar|2|13148.00|0.00|13148.00|0.00|0.00|0.00|13148.00|0.00|13148.00|73|13148.00|1|0|0.00|0.00|0.00|54|13
FPMI|Domicilios|20|Domicilios|20|AREPA DE CHOCOLO SIN QUESO| |9506038|AREPA DE CHOCOLO SIN QUESO| |9506038|ALIMENTOS|10|ALIMENTOS|10|Para Empezar|1008|Para Empezar|1008|Para Llevar|2|Para Llevar|2|14630.00|-2938.00|11692.00|0.00|0.00|0.00|14630.00|-2938.00|11692.00|73|14630.00|1|0|0.00|0.00|0.00|56|13
FPMI|Domicilios|20|Domicilios|20|ADICION DE AGUACATE 100 gr| |9500032|ADICION DE AGUACATE 100 gr| |9500032|ALIMENTOS|10|ALIMENTOS|10|Para Empezar|1008|Para Empezar|1008|Para Llevar|2|Para Llevar|2|5648.00|0.00|5648.00|0.00|0.00|0.00|5648.00|0.00|5648.00|73|5648.00|1|0|0.00|0.00|0.00|80|19
FPMI|Domicilios|20|Domicilios|20|PINCHO DE LOMO X 100 GRS| |9502526|PINCHO DE LOMO X 100 GRS| |9502526|ALIMENTOS|10|ALIMENTOS|10|Para Empezar|1008|Para Empezar|1008|Para Llevar|2|Para Llevar|2|36666.00|0.00|36666.00|0.00|0.00|0.00|36666.00|0.00|36666.00|73|36666.00|2|0|0.00|0.00|0.00|75|18
FPMI|Plataformas|21|Plataformas|21|PAPA FRANCESA| |9500452|PAPA FRANCESA| |9500452|ALIMENTOS|10|ALIMENTOS|10|Para Empezar|1008|Para Empezar|1008|Domicilios|7|Domicilios|7|7500.00|0.00|7500.00|0.00|0.00|0.00|7500.00|0.00|7500.00|153|7500.00|1|0|0.00|0.00|0.00|64|15
FPMI|Plataformas|21|Plataformas|21|PATACON CARNE DESMECHADA| |9524028|PATACON CARNE DESMECHADA| |9524028|ALIMENTOS|10|ALIMENTOS|10|Para Empezar|1008|Para Empezar|1008|Domicilios|7|Domicilios|7|25833.00|0.00|25833.00|0.00|0.00|0.00|25833.00|0.00|25833.00|153|25833.00|1|0|0.00|0.00|0.00|52|12
FPMI|Plataformas|21|Plataformas|21|Mod CocaCola Original 400ml| |980000102|Mod CocaCola Original 400ml| |980000102|ALIMENTOS|10|ALIMENTOS|10|Para Empezar|1008|Para Empezar|1008|Domicilios|7|Domicilios|7|0.00|0.00|0.00|0.00|0.00|0.00|0.00|0.00|0.00|1|0.00|3|0|0.00|0.00|0.00|50|12
FPMI|Plataformas|21|Plataformas|21|PICADA INDIVIDUAL  CRIOLLA| |9502576|PICADA INDIVIDUAL  CRIOLLA| |9502576|ALIMENTOS|10|ALIMENTOS|10|Para Empezar|1008|Para Empezar|1008|Domicilios|7|Domicilios|7|33935.00|0.00|33935.00|0.00|0.00|0.00|33935.00|0.00|33935.00|177|33935.00|1|0|0.00|0.00|0.00|50|12
FPMI|Plataformas|21|Plataformas|21|CALENTADO PAISA| |9518008|CALENTADO PAISA| |9518008|ALIMENTOS|10|ALIMENTOS|10|Para Empezar|1008|Para Empezar|1008|Domicilios|7|Domicilios|7|36759.00|0.00|36759.00|0.00|0.00|0.00|36759.00|0.00|36759.00|153|36759.00|1|0|0.00|0.00|0.00|55|13
FPMI|Plataformas|21|Plataformas|21|AJIACO NINOS| |9542004|AJIACO NINOS| |9542004|ALIMENTOS|10|ALIMENTOS|10|Para Empezar|1008|Para Empezar|1008|Domicilios|7|Domicilios|7|20278.00|0.00|20278.00|0.00|0.00|0.00|20278.00|0.00|20278.00|153|20278.00|1|0|0.00|0.00|0.00|76|18
