FPID|Expr123|Expres Chia|20241227|20241227|20241228|122913|2.00|2.00|Simphony|19.7.2
FPSUM|Restaurante|1|Restaurante|1|47544.00|5944.00|0|0|0.00|0|4756.00|2|0|0|0|0|0.00|0.00|0.00|0|0|0|0.00|0|0.00|0|0.00|0|58244.00|2|58244.00|2|0.00|0|0.00|0|0.00|0.00|18|76|59444.00|-11900.00|0.00|0.00|47544.00|9521.50|6721.50|-2800.00|0.00|0.00|0.00|9521.50|6721.50
FPSUM|Domicilios|20|Domicilios|20|32370.00|4036.00|0|0|0.00|0|3230.00|2|0|0|0|0|0.00|0.00|0.00|0|0|0|0.00|0|0.00|0|0.00|0|39638.00|2|39638.00|2|0.00|0|0.00|0|0.00|0.00|18|76|40370.00|-8000.00|0.00|0.00|32370.00|8780.83|7014.17|-1766.67|0.33|0.00|21042.52|8780.83|7014.17
FPSUM|Restaurante|1|Restaurante|1|35555.00|3555.00|0|0|0.00|0|2845.00|1|0|0|0|0|0.00|0.00|0.00|0|0|0|0.00|0|0.00|0|0.00|0|41955.00|1|0.00|0|0.00|0|0.00|0|0.00|0.00|14|57|35555.00|0.00|0.00|0.00|35555.00|0.00|-3266.67|-3266.67|0.00|0.00|0.00|0.00|-3266.67
FPSUM|Restaurante|1|Restaurante|1|-21622.00|-722.00|-7944|2|0.00|0|-578.00|0|0|0|0|0|0.00|0.00|0.00|0|0|0|0.00|0|0.00|0|0.00|0|-22922.00|0|70822.00|2|0.00|0|0.00|0|0.00|-578.00|21|85|-7222.00|-14400.00|0.00|0.00|-21622.00|0.00|0.00|0.00|0.00|0.00|0.00|0.00|0.00
FPSUM|Restaurante|1|Restaurante|1|71552.00|8434.00|0|0|0.00|0|6748.00|2|0|0|0|0|0.00|0.00|0.00|0|0|0|0.00|0|0.00|0|0.00|0|86734.00|2|62916.00|1|0.00|0|0.00|0|0.00|0.00|20|81|84352.00|-12800.00|0.00|0.00|71552.00|64954.33|64954.33|0.00|0.50|0.00|129908.67|64954.33|64954.33
FPSUM|Restaurante|1|Restaurante|1|0.00|0.00|0|0|0.00|0|0.00|0|0|0|0|0|0.00|0.00|0.00|0|0|0|0.00|0|0.00|0|0.00|0|-2.00|0|82270.00|1|0.00|0|0.00|0|0.00|0.00|13|55|0.00|0.00|0.00|0.00|0.00|18117.17|18117.17|0.00|0.00|0.00|0.00|18117.17|18117.17
FPSUM|Restaurante|1|Restaurante|1|273426.00|27342.00|0|0|0.00|0|21874.00|3|0|0|0|0|0.00|0.00|0.00|0|0|0|21000.00|1|0.00|0|0.00|0|322642.00|3|340123.00|2|0.00|0|0.00|0|0.00|0.00|14|60|273426.00|0.00|0.00|0.00|273426.00|0.00|0.00|0.00|0.00|0.00|0.00|0.00|0.00
FPSUM|Restaurante|1|Restaurante|1|0.00|0.00|0|0|0.00|0|0.00|1|0|0|0|0|0.00|0.00|0.00|0|0|0|0.00|0|0.00|0|0.00|0|0.00|1|100081.00|1|0.00|0|0.00|0|0.00|0.00|19|79|0.00|0.00|0.00|0.00|0.00|45571.17|45571.17|0.00|0.67|0.00|68356.72|45571.17|45571.17
FPSUM|Domicilios|20|Domicilios|20|10819.00|0.00|0|0|0.00|0|1081.00|1|0|0|0|0|0.00|0.00|0.00|0|0|0|0.00|0|0.00|0|0.00|0|11900.00|1|11900.00|1|0.00|0|0.00|0|0.00|0.00|19|77|13519.00|-2700.00|0.00|0.00|10819.00|23472.33|20505.67|-2966.67|0.67|0.00|30758.48|23472.33|20505.67
FPSUM|Plataformas|21|Plataformas|21|44259.00|0.00|0|0|0.00|0|3541.00|1|0|0|0|0|0.00|0.00|0.00|0|0|0|0.00|0|0.00|0|0.00|0|47800.00|1|47800.00|1|0.00|0|0.00|0|0.00|0.00|15|61|44259.00|0.00|0.00|0.00|44259.00|0.00|0.00|0.00|0.00|0.00|0.00|0.00|0.00
FPSUM|Restaurante|1|Restaurante|1|33796.00|3380.00|0|0|0.00|0|2704.00|1|0|0|0|0|0.00|0.00|0.00|0|0|0|0.00|0|0.00|0|0.00|0|39880.00|1|129800.00|1|0.00|0|0.00|0|0.00|0.00|12|52|33796.00|0.00|0.00|0.00|33796.00|24136.00|22586.00|-1550.00|0.33|0.00|67758.07|24136.00|22586.00
FPSUM|Restaurante|1|Restaurante|1|12778.00|1278.00|0|0|0.00|0|1022.00|0|0|0|0|0|0.00|0.00|0.00|0|0|0|0.00|0|0.00|0|0.00|0|15078.00|0|23818.00|1|0.00|0|0.00|0|0.00|0.00|20|82|12778.00|0.00|0.00|0.00|12778.00|-5833.33|-5833.33|0.00|0.00|0.00|0.00|-5833.33|-5833.33
FPSUM|Restaurante|1|Restaurante|1|0.00|0.00|0|0|0.00|0|0.00|0|0|0|0|0|0.00|0.00|0.00|0|0|0|0.00|0|0.00|0|0.00|0|0.00|0|0.00|0|0.00|0|0.00|0|0.00|0.00|12|49|0.00|0.00|0.00|0.00|0.00|0.00|0.00|0.00|0.00|0.00|0.00|0.00|0.00
FPSUM|Domicilios|20|Domicilios|20|0.00|0.00|0|0|0.00|0|0.00|0|0|0|0|0|0.00|0.00|0.00|0|0|0|0.00|0|0.00|0|0.00|0|0.00|0|30000.00|1|0.00|0|0.00|0|0.00|0.00|16|67|0.00|0.00|0.00|0.00|0.00|10432.00|10432.00|0.00|0.17|0.00|62591.87|10432.00|10432.00
FPSUM|Restaurante|1|Restaurante|1|12222.00|1222.00|0|0|0.00|0|978.00|0|0|0|0|0|0.00|0.00|0.00|0|0|0|0.00|0|0.00|0|0.00|0|14422.00|0|0.00|0|0.00|0|0.00|0|0.00|0.00|10|44|12222.00|0.00|0.00|0.00|12222.00|4845.67|4845.67|0.00|0.00|0.00|0.00|4845.67|4845.67
FPSUM|Restaurante|1|Restaurante|1|0.00|0.00|0|0|0.00|0|0.00|0|0|0|0|0|0.00|0.00|0.00|0|0|0|0.00|0|0.00|0|0.00|0|0.00|0|160720.00|1|0.00|0|0.00|0|0.00|0.00|15|61|0.00|0.00|0.00|0.00|0.00|17839.50|17839.50|0.00|0.17|0.00|107036.79|17839.50|17839.50
FPSUM|Restaurante|1|Restaurante|1|287222.00|28721.00|0|0|0.00|0|22978.00|2|0|0|0|0|0.00|0.00|0.00|0|0|0|14600.00|1|0.00|0|0.00|0|338921.00|2|257851.00|1|0.00|0|0.00|0|0.00|0.00|13|56|287222.00|0.00|0.00|0.00|287222.00|8672.67|8672.67|0.00|0.17|0.00|52035.90|8672.67|8672.67
FPSUM|Restaurante|1|Restaurante|1|522504.00|52248.00|0|0|0.00|0|41796.00|3|0|0|0|0|0.00|0.00|0.00|0|0|0|35700.00|2|0.00|0|0.00|0|616548.00|3|0.00|0|0.00|0|0.00|0|0.00|0.00|10|42|522504.00|0.00|0.00|0.00|522504.00|33857.83|33857.83|0.00|0.33|0.00|101573.60|33857.83|33857.83
FPSUM|Restaurante|1|Restaurante|1|34167.00|3417.00|0|0|0.00|0|2733.00|1|0|0|0|0|0.00|0.00|0.00|0|0|0|0.00|0|0.00|0|0.00|0|40317.00|1|230755.00|1|0.00|0|0.00|0|0.00|0.00|15|63|34167.00|0.00|0.00|0.00|34167.00|6111.00|6111.00|0.00|0.00|0.00|0.00|6111.00|6111.00
FPSUM|Restaurante|1|Restaurante|1|263295.00|27009.00|0|0|0.00|0|21605.00|1|0|0|0|0|0.00|0.00|0.00|0|0|0|0.00|0|0.00|0|0.00|0|311909.00|1|85087.00|2|0.00|0|0.00|0|0.00|0.00|15|62|270095.00|-6800.00|0.00|0.00|263295.00|0.00|0.00|0.00|0.00|0.00|0.00|0.00|0.00
FPSUM|Restaurante|1|Restaurante|1|110001.00|11000.00|0|0|0.00|0|8799.00|1|0|0|0|0|0.00|0.00|0.00|0|0|0|0.00|0|0.00|0|0.00|0|129800.00|1|0.00|0|0.00|0|0.00|0|0.00|0.00|12|50|110001.00|0.00|0.00|0.00|110001.00|4876.50|4876.50|0.00|0.17|0.00|29258.94|4876.50|4876.50
FPSUM|Restaurante|1|Restaurante|1|336575.00|33657.00|0|0|0.00|0|26925.00|2|0|0|0|0|0.00|0.00|0.00|0|0|0|0.00|1|0.00|0|30593.00|1|397157.00|2|0.00|0|0.00|0|0.00|0|0.00|0.00|13|53|336575.00|0.00|0.00|0.00|336575.00|36435.50|36435.50|0.00|0.50|0.00|72871.00|36435.50|36435.50
FPSUM|Restaurante|1|Restaurante|1|0.00|0.00|0|0|0.00|0|0.00|0|0|0|0|0|0.00|0.00|0.00|0|0|0|0.00|0|0.00|0|0.00|0|-2.00|0|10050.00|1|0.00|0|0.00|0|0.00|0.00|12|51|0.00|0.00|0.00|0.00|0.00|0.00|0.00|0.00|0.00|0.00|0.00|0.00|0.00
FPSUM|Plataformas|21|Plataformas|21|49537.00|0.00|0|0|0.00|0|3963.00|1|0|0|0|0|0.00|0.00|0.00|0|0|0|0.00|0|0.00|0|0.00|0|53500.00|1|0.00|0|0.00|0|0.00|0|0.00|0.00|12|51|49537.00|0.00|0.00|0.00|49537.00|6898.17|6898.17|0.00|0.17|0.00|41388.92|6898.17|6898.17
FPSUM|Domicilios|20|Domicilios|20|38050.00|1287.00|0|0|0.00|0|3250.00|2|0|0|0|0|0.00|0.00|0.00|0|0|0|0.00|0|0.00|0|0.00|0|42587.00|2|12587.00|1|0.00|0|0.00|0|0.00|0.00|13|55|40650.00|-2600.00|0.00|0.00|38050.00|4876.50|3893.17|-983.33|0.17|0.00|23358.95|4876.50|3893.17
FPSUM|Restaurante|1|Restaurante|1|0.00|0.00|0|0|0.00|0|0.00|0|0|0|0|0|0.00|0.00|0.00|0|0|0|0.00|0|0.00|0|0.00|0|0.00|0|0.00|0|0.00|0|0.00|0|0.00|0.00|14|58|0.00|0.00|0.00|0.00|0.00|28472.17|27338.83|-1133.33|0.17|0.00|164032.67|28472.17|27338.83
FPSUM|Restaurante|1|Restaurante|1|35926.00|3592.00|0|0|0.00|0|2874.00|0|0|0|0|0|0.00|0.00|0.00|0|0|0|0.00|0|0.00|0|0.00|0|42392.00|0|0.00|0|0.00|0|0.00|0|0.00|0.00|13|54|35926.00|0.00|0.00|0.00|35926.00|0.00|0.00|0.00|0.17|0.00|0.00|0.00|0.00
FPSUM|Restaurante|1|Restaurante|1|149110.00|15110.00|0|0|0.00|0|12090.00|2|0|0|0|0|0.00|0.00|0.00|0|0|0|0.00|0|0.00|0|56400.00|2|176310.00|2|9909.00|1|0.00|0|0.00|0|0.00|0.00|19|78|151110.00|-2000.00|0.00|0.00|149110.00|3503.17|3503.17|0.00|0.17|0.00|21018.96|3503.17|3503.17
FPSUM|Domicilios|20|Domicilios|20|23359.00|0.00|0|0|0.00|0|2341.00|1|0|0|0|0|0.00|0.00|0.00|0|0|0|0.00|0|0.00|0|0.00|0|25700.00|1|25700.00|1|0.00|0|0.00|0|0.00|0.00|20|82|29259.00|-5900.00|0.00|0.00|23359.00|4135.83|4135.83|0.00|0.17|0.00|24814.95|4135.83|4135.83
FPSUM|Domicilios|20|Domicilios|20|149168.00|14916.00|0|0|0.00|0|11932.00|1|0|0|0|0|0.00|0.00|0.00|0|0|0|0.00|0|0.00|0|0.00|0|176016.00|1|176016.00|1|0.00|0|0.00|0|0.00|0.00|12|51|149168.00|0.00|0.00|0.00|149168.00|771.67|771.67|0.00|0.00|0.00|0.00|771.67|771.67
FPSUM|Restaurante|1|Restaurante|1|64631.00|6463.00|0|0|0.00|0|5169.00|1|0|0|0|0|0.00|0.00|0.00|0|0|0|0.00|0|0.00|0|0.00|0|76263.00|1|0.00|0|0.00|0|0.00|0|0.00|0.00|19|77|64631.00|0.00|0.00|0.00|64631.00|25493.83|24327.17|-1166.67|0.33|0.00|72981.57|25493.83|24327.17
FPSUM|Restaurante|1|Restaurante|1|8519.00|852.00|0|0|0.00|0|681.00|1|0|0|0|0|0.00|0.00|0.00|0|0|0|0.00|0|0.00|0|0.00|0|10052.00|1|0.00|0|0.00|0|0.00|0|0.00|0.00|11|47|8519.00|0.00|0.00|0.00|8519.00|12299.50|8282.83|-4016.67|0.00|0.00|0.00|12299.50|8282.83
FPSUM|Plataformas|21|Plataformas|21|85278.00|0.00|0|0|0.00|0|6822.00|1|0|0|0|0|0.00|0.00|0.00|0|0|0|0.00|1|0.00|0|0.00|0|92100.00|1|0.00|0|0.00|0|0.00|0|0.00|0.00|11|48|85278.00|0.00|0.00|0.00|85278.00|30663.67|30663.67|0.00|0.33|0.00|91991.09|30663.67|30663.67
FPSUM|Restaurante|1|Restaurante|1|41096.00|5129.00|0|0|0.00|0|4104.00|2|0|0|0|0|0.00|0.00|0.00|0|0|0|0.00|0|0.00|0|0.00|0|50331.00|2|50331.00|2|0.00|0|0.00|0|0.00|0.00|20|83|51296.00|-10200.00|0.00|0.00|41096.00|-5524.67|-9241.33|-3716.67|0.00|0.00|0.00|-5524.67|-9241.33
FPSUM|Restaurante|1|Restaurante|1|0.00|0.00|0|0|0.00|0|0.00|0|0|0|0|0|0.00|0.00|0.00|0|0|0|0.00|0|0.00|0|0.00|1|0.00|0|0.00|0|0.00|0|0.00|0|0.00|0.00|11|48|0.00|0.00|0.00|0.00|0.00|1682.17|-3384.50|-5066.67|0.00|0.00|0.00|1682.17|-3384.50
FPSUM|Domicilios|20|Domicilios|20|14726.00|0.00|0|0|0.00|0|1474.00|1|0|0|0|0|0.00|0.00|0.00|0|0|0|3900.00|1|0.00|0|0.00|0|16200.00|1|16200.00|1|0.00|0|0.00|0|0.00|0.00|14|60|18426.00|-3700.00|0.00|0.00|14726.00|0.00|0.00|0.00|0.00|0.00|0.00|0.00|0.00
FPSUM|Restaurante|1|Restaurante|1|0.00|0.00|0|0|0.00|0|0.00|0|0|0|0|0|0.00|0.00|0.00|0|0|0|0.00|0|0.00|0|0.00|0|0.00|0|362958.00|2|0.00|0|0.00|0|0.00|0.00|11|46|0.00|0.00|0.00|0.00|0.00|6605.00|6605.00|0.00|0.17|0.00|39629.92|6605.00|6605.00
FPSUM|Restaurante|1|Restaurante|1|19167.00|1916.00|0|0|0.00|0|1533.00|0|0|0|0|0|0.00|0.00|0.00|0|0|0|0.00|0|0.00|0|0.00|0|22616.00|0|41955.00|1|0.00|0|0.00|0|0.00|0.00|14|59|19167.00|0.00|0.00|0.00|19167.00|941.33|941.33|0.00|0.00|0.00|0.00|941.33|941.33
FPSUM|Restaurante|1|Restaurante|1|70741.00|7073.00|0|0|0.00|0|5659.00|1|0|0|0|0|0.00|0.00|0.00|0|0|0|0.00|0|0.00|0|0.00|0|83473.00|1|147390.00|1|0.00|0|0.00|0|0.00|0.00|19|80|70741.00|0.00|0.00|0.00|70741.00|0.00|0.00|0.00|0.00|0.00|0.00|0.00|0.00
FPSUM|Restaurante|1|Restaurante|1|0.00|0.00|0|0|0.00|0|0.00|0|0|0|0|0|0.00|0.00|0.00|0|0|0|0.00|0|0.00|0|0.00|0|-2.00|0|268010.00|1|0.00|0|0.00|0|0.00|0.00|11|45|0.00|0.00|0.00|0.00|0.00|21512.33|21512.33|0.00|0.33|0.00|64537.06|21512.33|21512.33
FPSUM|Domicilios|20|Domicilios|20|27908.00|0.00|0|0|0.00|0|2792.00|1|0|0|0|0|0.00|0.00|0.00|0|0|0|0.00|0|0.00|0|0.00|0|30700.00|1|30700.00|1|0.00|0|0.00|0|0.00|0.00|19|78|34908.00|-7000.00|0.00|0.00|27908.00|13441.17|10757.83|-2683.33|0.33|0.00|32273.53|13441.17|10757.83
FPSUM|Domicilios|20|Domicilios|20|52963.00|0.00|0|0|0.00|0|4237.00|1|0|0|0|0|0.00|0.00|0.00|0|0|0|0.00|0|0.00|0|0.00|1|57200.00|1|57200.00|1|0.00|0|0.00|0|0.00|0.00|13|56|52963.00|0.00|0.00|0.00|52963.00|0.00|0.00|0.00|0.00|0.00|0.00|0.00|0.00
FPSUM|Domicilios|20|Domicilios|20|23359.00|0.00|0|0|0.00|0|2341.00|1|0|0|0|0|0.00|0.00|0.00|0|0|0|0.00|0|0.00|0|25700.00|1|25700.00|1|25700.00|1|0.00|0|0.00|0|0.00|0.00|15|63|29259.00|-5900.00|0.00|0.00|23359.00|0.00|0.00|0.00|0.00|0.00|0.00|0.00|0.00
FPSUM|Restaurante|1|Restaurante|1|0.00|0.00|0|0|0.00|0|0.00|0|0|0|0|0|0.00|0.00|0.00|0|0|0|0.00|0|0.00|0|0.00|0|3.00|0|359029.00|2|0.00|0|0.00|0|0.00|0.00|16|65|0.00|0.00|0.00|0.00|0.00|0.00|0.00|0.00|0.00|0.00|0.00|0.00|0.00
FPSUM|Restaurante|1|Restaurante|1|67088.00|8388.00|0|0|0.00|0|6712.00|2|0|0|0|0|0.00|0.00|0.00|0|0|0|0.00|0|0.00|0|0.00|0|82184.00|2|82184.00|2|0.00|0|0.00|0|0.00|0.00|17|69|83888.00|-16800.00|0.00|0.00|67088.00|0.00|0.00|0.00|0.00|0.00|0.00|0.00|0.00
FPSUM|Plataformas|21|Plataformas|21|53889.00|0.00|0|0|0.00|0|4311.00|1|0|0|0|0|0.00|0.00|0.00|0|0|0|0.00|0|0.00|0|0.00|0|58200.00|1|58200.00|1|0.00|0|0.00|0|0.00|0.00|13|53|53889.00|0.00|0.00|0.00|53889.00|0.00|0.00|0.00|0.00|0.00|0.00|0.00|0.00
FPSUM|Restaurante|1|Restaurante|1|31637.00|3954.00|0|0|0.00|0|3163.00|1|0|0|0|0|0.00|0.00|0.00|0|0|0|0.00|0|0.00|0|0.00|0|38754.00|1|38754.00|1|0.00|0|0.00|0|0.00|0.00|17|70|39537.00|-7900.00|0.00|0.00|31637.00|0.00|0.00|0.00|0.00|0.00|0.00|0.00|0.00
FPSUM|Plataformas|21|Plataformas|21|0.00|0.00|0|0|0.00|0|0.00|0|0|0|0|0|0.00|0.00|0.00|0|0|0|0.00|0|0.00|0|0.00|0|0.00|0|92100.00|1|0.00|0|0.00|0|0.00|0.00|12|49|0.00|0.00|0.00|0.00|0.00|0.00|0.00|0.00|0.00|0.00|0.00|0.00|0.00
FPSUM|Restaurante|1|Restaurante|1|27004.00|3370.00|0|0|0.00|0|2696.00|1|0|0|0|0|0.00|0.00|0.00|0|0|0|0.00|0|0.00|0|0.00|0|33070.00|1|33070.00|1|0.00|0|0.00|0|0.00|0.00|17|71|33704.00|-6700.00|0.00|0.00|27004.00|0.00|0.00|0.00|0.00|0.00|0.00|0.00|0.00
FPSUM|Domicilios|20|Domicilios|20|5370.00|0.00|0|0|0.00|0|430.00|1|0|0|0|0|0.00|0.00|0.00|0|0|0|0.00|0|0.00|0|0.00|0|5800.00|1|5800.00|1|0.00|0|0.00|0|0.00|0.00|10|44|5370.00|0.00|0.00|0.00|5370.00|0.00|0.00|0.00|0.00|0.00|0.00|0.00|0.00
FPSUM|Domicilios|20|Domicilios|20|36996.00|4629.00|0|0|0.00|0|3704.00|1|0|0|0|0|0.00|0.00|0.00|0|0|0|0.00|0|0.00|0|0.00|0|45329.00|1|45329.00|1|0.00|0|0.00|0|0.00|0.00|16|68|46296.00|-9300.00|0.00|0.00|36996.00|0.00|0.00|0.00|0.00|0.00|0.00|0.00|0.00
FPSUM|Plataformas|21|Plataformas|21|0.00|0.00|0|0|0.00|0|0.00|0|0|0|0|0|0.00|0.00|0.00|0|0|0|0.00|0|0.00|0|0.00|0|0.00|0|53500.00|1|0.00|0|0.00|0|0.00|0.00|12|52|0.00|0.00|0.00|0.00|0.00|0.00|0.00|0.00|0.00|0.00|0.00|0.00|0.00
FPSUM|Domicilios|20|Domicilios|20|175554.00|0.00|0|0|0.00|0|14046.00|1|0|0|0|0|0.00|0.00|0.00|0|0|0|0.00|0|0.00|0|0.00|0|189600.00|1|189600.00|1|0.00|0|0.00|0|0.00|0.00|14|59|175554.00|0.00|0.00|0.00|175554.00|0.00|0.00|0.00|0.00|0.00|0.00|0.00|0.00
FPSUM|Restaurante|1|Restaurante|1|0.00|0.00|0|0|0.00|0|0.00|0|0|0|0|0|0.00|0.00|0.00|0|0|0|0.00|0|0.00|0|0.00|0|0.00|0|0.00|0|0.00|0|0.00|0|0.00|0.00|16|67|0.00|0.00|0.00|0.00|0.00|0.00|0.00|0.00|0.00|0.00|0.00|0.00|0.00
FPSUM|Domicilios|20|Domicilios|20|0.00|0.00|0|0|0.00|0|0.00|0|0|0|0|0|0.00|0.00|0.00|0|0|0|0.00|0|0.00|0|13600.00|1|0.00|0|0.00|0|0.00|0|0.00|0|0.00|0.00|11|48|0.00|0.00|0.00|0.00|0.00|0.00|0.00|0.00|0.00|0.00|0.00|0.00|0.00
FPSUM|Almacen|2|Almacen|2|0.00|0.00|0|0|0.00|0|0.00|0|0|0|0|0|0.00|0.00|0.00|0|0|0|0.00|0|0.00|0|39000.00|1|0.00|0|0.00|0|0.00|0|0.00|0|0.00|0.00|14|58|0.00|0.00|0.00|0.00|0.00|0.00|0.00|0.00|0.00|0.00|0.00|0.00|0.00
FPSUM|Almacen|2|Almacen|2|0.00|0.00|0|0|0.00|0|0.00|0|0|0|0|0|0.00|0.00|0.00|0|0|0|0.00|0|0.00|0|0.00|1|0.00|0|0.00|0|0.00|0|0.00|0|0.00|0.00|13|54|0.00|0.00|0.00|0.00|0.00|0.00|0.00|0.00|0.00|0.00|0.00|0.00|0.00
FPSUM|Domicilios|20|Domicilios|20|0.00|0.00|0|0|0.00|0|0.00|0|0|0|0|0|0.00|0.00|0.00|0|0|0|0.00|0|0.00|0|0.00|0|0.00|0|0.00|0|0.00|0|0.00|0|0.00|0.00|12|52|0.00|0.00|0.00|0.00|0.00|0.00|0.00|0.00|0.00|0.00|0.00|0.00|0.00
FPSUM|Domicilios|20|Domicilios|20|23359.00|0.00|0|0|0.00|0|2341.00|1|0|0|0|0|0.00|0.00|0.00|0|0|0|0.00|0|0.00|0|0.00|0|25700.00|1|25700.00|1|0.00|0|0.00|0|0.00|0.00|13|54|29259.00|-5900.00|0.00|0.00|23359.00|0.00|0.00|0.00|0.00|0.00|0.00|0.00|0.00
FPSUM|Almacen|2|Almacen|2|0.00|0.00|0|0|0.00|0|0.00|0|0|0|0|0|0.00|0.00|0.00|0|0|0|0.00|0|0.00|0|0.00|1|0.00|0|0.00|0|0.00|0|0.00|0|0.00|0.00|13|55|0.00|0.00|0.00|0.00|0.00|0.00|0.00|0.00|0.00|0.00|0.00|0.00|0.00
FPSUM|Almacen|2|Almacen|2|0.00|0.00|0|0|0.00|0|0.00|0|0|0|0|0|0.00|0.00|0.00|0|0|0|0.00|0|0.00|0|82000.00|2|0.00|0|0.00|0|0.00|0|0.00|0|0.00|0.00|14|57|0.00|0.00|0.00|0.00|0.00|0.00|0.00|0.00|0.00|0.00|0.00|0.00|0.00
FPOT|Restaurante|1|Restaurante|1|OT1|1|Order Type Master 1|1|47544.00|5944.00|0.00|0|0.00|0|4756.00|2|0|0|0|0|0.00|0.00|0.00|0|0|0|0.00|0|0.00|0|0.00|0|58244.00|2|58244.00|2|0.00|0|0.00|0|0.00|0.00|18|76|59444.00|-11900.00|0.00|0.00|47544.00|9521.50|6721.50|-2800.00|0.00|0.00|0.00|9521.50|6721.50
FPOT|Domicilios|20|Domicilios|20|OT2|2|Order Type Master 2|2|149168.00|14916.00|0.00|0|0.00|0|11932.00|1|0|0|0|0|0.00|0.00|0.00|0|0|0|0.00|0|0.00|0|0.00|0|176016.00|1|176016.00|1|0.00|0|0.00|0|0.00|0.00|12|51|149168.00|0.00|0.00|0.00|149168.00|771.67|771.67|0.00|0.00|0.00|0.00|771.67|771.67
FPOT|Domicilios|20|Domicilios|20|OT2|2|Order Type Master 2|2|27908.00|0.00|0.00|0|0.00|0|2792.00|1|0|0|0|0|0.00|0.00|0.00|0|0|0|0.00|0|0.00|0|0.00|0|30700.00|1|30700.00|1|0.00|0|0.00|0|0.00|0.00|19|78|34908.00|-7000.00|0.00|0.00|27908.00|13441.17|10757.83|-2683.33|0.33|0.00|32273.53|13441.17|10757.83
FPOT|Plataformas|21|Plataformas|21|OT7|7|Order Type Master 7|7|44259.00|0.00|0.00|0|0.00|0|3541.00|1|0|0|0|0|0.00|0.00|0.00|0|0|0|0.00|0|0.00|0|0.00|0|47800.00|1|47800.00|1|0.00|0|0.00|0|0.00|0.00|15|61|44259.00|0.00|0.00|0.00|44259.00|0.00|0.00|0.00|0.00|0.00|0.00|0.00|0.00
FPOT|Restaurante|1|Restaurante|1|OT1|1|Order Type Master 1|1|0.00|0.00|0.00|0|0.00|0|0.00|1|0|0|0|0|0.00|0.00|0.00|0|0|0|0.00|0|0.00|0|0.00|0|0.00|1|100081.00|1|0.00|0|0.00|0|0.00|0.00|19|79|0.00|0.00|0.00|0.00|0.00|45571.17|45571.17|0.00|0.67|0.00|68356.72|45571.17|45571.17
FPOT|Restaurante|1|Restaurante|1|OT1|1|Order Type Master 1|1|41096.00|5129.00|0.00|0|0.00|0|4104.00|2|0|0|0|0|0.00|0.00|0.00|0|0|0|0.00|0|0.00|0|0.00|0|50331.00|2|50331.00|2|0.00|0|0.00|0|0.00|0.00|20|83|51296.00|-10200.00|0.00|0.00|41096.00|-5524.67|-9241.33|-3716.67|0.00|0.00|0.00|-5524.67|-9241.33
FPOT|Restaurante|1|Restaurante|1|OT1|1|Order Type Master 1|1|12222.00|1222.00|0.00|0|0.00|0|978.00|0|0|0|0|0|0.00|0.00|0.00|0|0|0|0.00|0|0.00|0|0.00|0|14422.00|0|0.00|0|0.00|0|0.00|0|0.00|0.00|10|44|12222.00|0.00|0.00|0.00|12222.00|4845.67|4845.67|0.00|0.00|0.00|0.00|4845.67|4845.67
FPOT|Restaurante|1|Restaurante|1|OT1|1|Order Type Master 1|1|71552.00|8434.00|0.00|0|0.00|0|6748.00|2|0|0|0|0|0.00|0.00|0.00|0|0|0|0.00|0|0.00|0|0.00|0|86734.00|2|62916.00|1|0.00|0|0.00|0|0.00|0.00|20|81|84352.00|-12800.00|0.00|0.00|71552.00|64954.33|64954.33|0.00|0.50|0.00|129908.67|64954.33|64954.33
FPOT|Domicilios|20|Domicilios|20|OT2|2|Order Type Master 2|2|14726.00|0.00|0.00|0|0.00|0|1474.00|1|0|0|0|0|0.00|0.00|0.00|0|0|0|3900.00|1|0.00|0|0.00|0|16200.00|1|16200.00|1|0.00|0|0.00|0|0.00|0.00|14|60|18426.00|-3700.00|0.00|0.00|14726.00|0.00|0.00|0.00|0.00|0.00|0.00|0.00|0.00
FPOT|Domicilios|20|Domicilios|20|OT2|2|Order Type Master 2|2|23359.00|0.00|0.00|0|0.00|0|2341.00|1|0|0|0|0|0.00|0.00|0.00|0|0|0|0.00|0|0.00|0|0.00|0|25700.00|1|25700.00|1|0.00|0|0.00|0|0.00|0.00|13|54|29259.00|-5900.00|0.00|0.00|23359.00|0.00|0.00|0.00|0.00|0.00|0.00|0.00|0.00
FPOT|Almacen|2|Almacen|2|OT2|2|Order Type Master 2|2|0.00|0.00|0.00|0|0.00|0|0.00|0|0|0|0|0|0.00|0.00|0.00|0|0|0|0.00|0|0.00|0|0.00|1|0.00|0|0.00|0|0.00|0|0.00|0|0.00|0.00|13|54|0.00|0.00|0.00|0.00|0.00|0.00|0.00|0.00|0.00|0.00|0.00|0.00|0.00
FPOT|Plataformas|21|Plataformas|21|OT7|7|Order Type Master 7|7|0.00|0.00|0.00|0|0.00|0|0.00|0|0|0|0|0|0.00|0.00|0.00|0|0|0|0.00|0|0.00|0|0.00|0|0.00|0|53500.00|1|0.00|0|0.00|0|0.00|0.00|12|52|0.00|0.00|0.00|0.00|0.00|0.00|0.00|0.00|0.00|0.00|0.00|0.00|0.00
FPOT|Plataformas|21|Plataformas|21|OT7|7|Order Type Master 7|7|49537.00|0.00|0.00|0|0.00|0|3963.00|1|0|0|0|0|0.00|0.00|0.00|0|0|0|0.00|0|0.00|0|0.00|0|53500.00|1|0.00|0|0.00|0|0.00|0|0.00|0.00|12|51|49537.00|0.00|0.00|0.00|49537.00|6898.17|6898.17|0.00|0.17|0.00|41388.92|6898.17|6898.17
FPOT|Restaurante|1|Restaurante|1|OT1|1|Order Type Master 1|1|0.00|0.00|0.00|0|0.00|0|0.00|0|0|0|0|0|0.00|0.00|0.00|0|0|0|0.00|0|0.00|0|0.00|1|0.00|0|0.00|0|0.00|0|0.00|0|0.00|0.00|11|48|0.00|0.00|0.00|0.00|0.00|1682.17|-3384.50|-5066.67|0.00|0.00|0.00|1682.17|-3384.50
FPOT|Restaurante|1|Restaurante|1|OT1|1|Order Type Master 1|1|149110.00|15110.00|0.00|0|0.00|0|12090.00|2|0|0|0|0|0.00|0.00|0.00|0|0|0|0.00|0|0.00|0|56400.00|2|176310.00|2|9909.00|1|0.00|0|0.00|0|0.00|0.00|19|78|151110.00|-2000.00|0.00|0.00|149110.00|3503.17|3503.17|0.00|0.17|0.00|21018.96|3503.17|3503.17
FPOT|Restaurante|1|Restaurante|1|OT1|1|Order Type Master 1|1|8519.00|852.00|0.00|0|0.00|0|681.00|1|0|0|0|0|0.00|0.00|0.00|0|0|0|0.00|0|0.00|0|0.00|0|10052.00|1|0.00|0|0.00|0|0.00|0|0.00|0.00|11|47|8519.00|0.00|0.00|0.00|8519.00|12299.50|8282.83|-4016.67|0.00|0.00|0.00|12299.50|8282.83
FPOT|Restaurante|1|Restaurante|1|OT1|1|Order Type Master 1|1|0.00|0.00|0.00|0|0.00|0|0.00|0|0|0|0|0|0.00|0.00|0.00|0|0|0|0.00|0|0.00|0|0.00|0|0.00|0|0.00|0|0.00|0|0.00|0|0.00|0.00|14|58|0.00|0.00|0.00|0.00|0.00|28472.17|27338.83|-1133.33|0.17|0.00|164032.67|28472.17|27338.83
FPOT|Domicilios|20|Domicilios|20|OT2|2|Order Type Master 2|2|23359.00|0.00|0.00|0|0.00|0|2341.00|1|0|0|0|0|0.00|0.00|0.00|0|0|0|0.00|0|0.00|0|25700.00|1|25700.00|1|25700.00|1|0.00|0|0.00|0|0.00|0.00|15|63|29259.00|-5900.00|0.00|0.00|23359.00|0.00|0.00|0.00|0.00|0.00|0.00|0.00|0.00
FPOT|Domicilios|20|Domicilios|20|OT2|2|Order Type Master 2|2|36996.00|4629.00|0.00|0|0.00|0|3704.00|1|0|0|0|0|0.00|0.00|0.00|0|0|0|0.00|0|0.00|0|0.00|0|45329.00|1|45329.00|1|0.00|0|0.00|0|0.00|0.00|16|68|46296.00|-9300.00|0.00|0.00|36996.00|0.00|0.00|0.00|0.00|0.00|0.00|0.00|0.00
FPOT|Domicilios|20|Domicilios|20|OT2|2|Order Type Master 2|2|0.00|0.00|0.00|0|0.00|0|0.00|0|0|0|0|0|0.00|0.00|0.00|0|0|0|0.00|0|0.00|0|0.00|0|0.00|0|0.00|0|0.00|0|0.00|0|0.00|0.00|12|52|0.00|0.00|0.00|0.00|0.00|0.00|0.00|0.00|0.00|0.00|0.00|0.00|0.00
FPOT|Almacen|2|Almacen|2|OT2|2|Order Type Master 2|2|0.00|0.00|0.00|0|0.00|0|0.00|0|0|0|0|0|0.00|0.00|0.00|0|0|0|0.00|0|0.00|0|82000.00|2|0.00|0|0.00|0|0.00|0|0.00|0|0.00|0.00|14|57|0.00|0.00|0.00|0.00|0.00|0.00|0.00|0.00|0.00|0.00|0.00|0.00|0.00
FPOT|Restaurante|1|Restaurante|1|OT1|1|Order Type Master 1|1|27004.00|3370.00|0.00|0|0.00|0|2696.00|1|0|0|0|0|0.00|0.00|0.00|0|0|0|0.00|0|0.00|0|0.00|0|33070.00|1|33070.00|1|0.00|0|0.00|0|0.00|0.00|17|71|33704.00|-6700.00|0.00|0.00|27004.00|0.00|0.00|0.00|0.00|0.00|0.00|0.00|0.00
FPOT|Restaurante|1|Restaurante|1|OT1|1|Order Type Master 1|1|0.00|0.00|0.00|0|0.00|0|0.00|0|0|0|0|0|0.00|0.00|0.00|0|0|0|0.00|0|0.00|0|0.00|0|-2.00|0|10050.00|1|0.00|0|0.00|0|0.00|0.00|12|51|0.00|0.00|0.00|0.00|0.00|0.00|0.00|0.00|0.00|0.00|0.00|0.00|0.00
FPOT|Restaurante|1|Restaurante|1|OT1|1|Order Type Master 1|1|34167.00|3417.00|0.00|0|0.00|0|2733.00|1|0|0|0|0|0.00|0.00|0.00|0|0|0|0.00|0|0.00|0|0.00|0|40317.00|1|230755.00|1|0.00|0|0.00|0|0.00|0.00|15|63|34167.00|0.00|0.00|0.00|34167.00|6111.00|6111.00|0.00|0.00|0.00|0.00|6111.00|6111.00
FPOT|Restaurante|1|Restaurante|1|OT1|1|Order Type Master 1|1|263295.00|27009.00|0.00|0|0.00|0|21605.00|1|0|0|0|0|0.00|0.00|0.00|0|0|0|0.00|0|0.00|0|0.00|0|311909.00|1|85087.00|2|0.00|0|0.00|0|0.00|0.00|15|62|270095.00|-6800.00|0.00|0.00|263295.00|0.00|0.00|0.00|0.00|0.00|0.00|0.00|0.00
FPOT|Restaurante|1|Restaurante|1|OT1|1|Order Type Master 1|1|0.00|0.00|0.00|0|0.00|0|0.00|0|0|0|0|0|0.00|0.00|0.00|0|0|0|0.00|0|0.00|0|0.00|0|3.00|0|359029.00|2|0.00|0|0.00|0|0.00|0.00|16|65|0.00|0.00|0.00|0.00|0.00|0.00|0.00|0.00|0.00|0.00|0.00|0.00|0.00
FPOT|Restaurante|1|Restaurante|1|OT1|1|Order Type Master 1|1|12778.00|1278.00|0.00|0|0.00|0|1022.00|0|0|0|0|0|0.00|0.00|0.00|0|0|0|0.00|0|0.00|0|0.00|0|15078.00|0|23818.00|1|0.00|0|0.00|0|0.00|0.00|20|82|12778.00|0.00|0.00|0.00|12778.00|-5833.33|-5833.33|0.00|0.00|0.00|0.00|-5833.33|-5833.33
FPOT|Almacen|2|Almacen|2|OT2|2|Order Type Master 2|2|0.00|0.00|0.00|0|0.00|0|0.00|0|0|0|0|0|0.00|0.00|0.00|0|0|0|0.00|0|0.00|0|0.00|1|0.00|0|0.00|0|0.00|0|0.00|0|0.00|0.00|13|55|0.00|0.00|0.00|0.00|0.00|0.00|0.00|0.00|0.00|0.00|0.00|0.00|0.00
FPOT|Restaurante|1|Restaurante|1|OT1|1|Order Type Master 1|1|33796.00|3380.00|0.00|0|0.00|0|2704.00|1|0|0|0|0|0.00|0.00|0.00|0|0|0|0.00|0|0.00|0|0.00|0|39880.00|1|129800.00|1|0.00|0|0.00|0|0.00|0.00|12|52|33796.00|0.00|0.00|0.00|33796.00|24136.00|22586.00|-1550.00|0.33|0.00|67758.07|24136.00|22586.00
FPOT|Restaurante|1|Restaurante|1|OT1|1|Order Type Master 1|1|31637.00|3954.00|0.00|0|0.00|0|3163.00|1|0|0|0|0|0.00|0.00|0.00|0|0|0|0.00|0|0.00|0|0.00|0|38754.00|1|38754.00|1|0.00|0|0.00|0|0.00|0.00|17|70|39537.00|-7900.00|0.00|0.00|31637.00|0.00|0.00|0.00|0.00|0.00|0.00|0.00|0.00
FPOT|Restaurante|1|Restaurante|1|OT1|1|Order Type Master 1|1|0.00|0.00|0.00|0|0.00|0|0.00|0|0|0|0|0|0.00|0.00|0.00|0|0|0|0.00|0|0.00|0|0.00|0|-2.00|0|82270.00|1|0.00|0|0.00|0|0.00|0.00|13|55|0.00|0.00|0.00|0.00|0.00|18117.17|18117.17|0.00|0.00|0.00|0.00|18117.17|18117.17
FPOT|Restaurante|1|Restaurante|1|OT1|1|Order Type Master 1|1|0.00|0.00|0.00|0|0.00|0|0.00|0|0|0|0|0|0.00|0.00|0.00|0|0|0|0.00|0|0.00|0|0.00|0|0.00|0|160720.00|1|0.00|0|0.00|0|0.00|0.00|15|61|0.00|0.00|0.00|0.00|0.00|17839.50|17839.50|0.00|0.17|0.00|107036.79|17839.50|17839.50
FPOT|Restaurante|1|Restaurante|1|OT1|1|Order Type Master 1|1|0.00|0.00|0.00|0|0.00|0|0.00|0|0|0|0|0|0.00|0.00|0.00|0|0|0|0.00|0|0.00|0|0.00|0|-2.00|0|268010.00|1|0.00|0|0.00|0|0.00|0.00|11|45|0.00|0.00|0.00|0.00|0.00|21512.33|21512.33|0.00|0.33|0.00|64537.06|21512.33|21512.33
FPOT|Restaurante|1|Restaurante|1|OT1|1|Order Type Master 1|1|19167.00|1916.00|0.00|0|0.00|0|1533.00|0|0|0|0|0|0.00|0.00|0.00|0|0|0|0.00|0|0.00|0|0.00|0|22616.00|0|41955.00|1|0.00|0|0.00|0|0.00|0.00|14|59|19167.00|0.00|0.00|0.00|19167.00|941.33|941.33|0.00|0.00|0.00|0.00|941.33|941.33
FPOT|Domicilios|20|Domicilios|20|OT2|2|Order Type Master 2|2|0.00|0.00|0.00|0|0.00|0|0.00|0|0|0|0|0|0.00|0.00|0.00|0|0|0|0.00|0|0.00|0|0.00|0|0.00|0|30000.00|1|0.00|0|0.00|0|0.00|0.00|16|67|0.00|0.00|0.00|0.00|0.00|10432.00|10432.00|0.00|0.17|0.00|62591.87|10432.00|10432.00
FPOT|Plataformas|21|Plataformas|21|OT7|7|Order Type Master 7|7|0.00|0.00|0.00|0|0.00|0|0.00|0|0|0|0|0|0.00|0.00|0.00|0|0|0|0.00|0|0.00|0|0.00|0|0.00|0|92100.00|1|0.00|0|0.00|0|0.00|0.00|12|49|0.00|0.00|0.00|0.00|0.00|0.00|0.00|0.00|0.00|0.00|0.00|0.00|0.00
FPOT|Restaurante|1|Restaurante|1|OT1|1|Order Type Master 1|1|287222.00|28721.00|0.00|0|0.00|0|22978.00|2|0|0|0|0|0.00|0.00|0.00|0|0|0|14600.00|1|0.00|0|0.00|0|338921.00|2|257851.00|1|0.00|0|0.00|0|0.00|0.00|13|56|287222.00|0.00|0.00|0.00|287222.00|8672.67|8672.67|0.00|0.17|0.00|52035.90|8672.67|8672.67
FPOT|Restaurante|1|Restaurante|1|OT1|1|Order Type Master 1|1|67088.00|8388.00|0.00|0|0.00|0|6712.00|2|0|0|0|0|0.00|0.00|0.00|0|0|0|0.00|0|0.00|0|0.00|0|82184.00|2|82184.00|2|0.00|0|0.00|0|0.00|0.00|17|69|83888.00|-16800.00|0.00|0.00|67088.00|0.00|0.00|0.00|0.00|0.00|0.00|0.00|0.00
FPOT|Domicilios|20|Domicilios|20|OT2|2|Order Type Master 2|2|52963.00|0.00|0.00|0|0.00|0|4237.00|1|0|0|0|0|0.00|0.00|0.00|0|0|0|0.00|0|0.00|0|0.00|1|57200.00|1|57200.00|1|0.00|0|0.00|0|0.00|0.00|13|56|52963.00|0.00|0.00|0.00|52963.00|0.00|0.00|0.00|0.00|0.00|0.00|0.00|0.00
FPOT|Domicilios|20|Domicilios|20|OT2|2|Order Type Master 2|2|5370.00|0.00|0.00|0|0.00|0|430.00|1|0|0|0|0|0.00|0.00|0.00|0|0|0|0.00|0|0.00|0|0.00|0|5800.00|1|5800.00|1|0.00|0|0.00|0|0.00|0.00|10|44|5370.00|0.00|0.00|0.00|5370.00|0.00|0.00|0.00|0.00|0.00|0.00|0.00|0.00
FPOT|Domicilios|20|Domicilios|20|OT2|2|Order Type Master 2|2|23359.00|0.00|0.00|0|0.00|0|2341.00|1|0|0|0|0|0.00|0.00|0.00|0|0|0|0.00|0|0.00|0|0.00|0|25700.00|1|25700.00|1|0.00|0|0.00|0|0.00|0.00|20|82|29259.00|-5900.00|0.00|0.00|23359.00|4135.83|4135.83|0.00|0.17|0.00|24814.95|4135.83|4135.83
FPOT|Domicilios|20|Domicilios|20|OT2|2|Order Type Master 2|2|32370.00|4036.00|0.00|0|0.00|0|3230.00|2|0|0|0|0|0.00|0.00|0.00|0|0|0|0.00|0|0.00|0|0.00|0|39638.00|2|39638.00|2|0.00|0|0.00|0|0.00|0.00|18|76|40370.00|-8000.00|0.00|0.00|32370.00|8780.83|7014.17|-1766.67|0.33|0.00|21042.52|8780.83|7014.17
FPOT|Plataformas|21|Plataformas|21|OT7|7|Order Type Master 7|7|53889.00|0.00|0.00|0|0.00|0|4311.00|1|0|0|0|0|0.00|0.00|0.00|0|0|0|0.00|0|0.00|0|0.00|0|58200.00|1|58200.00|1|0.00|0|0.00|0|0.00|0.00|13|53|53889.00|0.00|0.00|0.00|53889.00|0.00|0.00|0.00|0.00|0.00|0.00|0.00|0.00
FPOT|Plataformas|21|Plataformas|21|OT7|7|Order Type Master 7|7|85278.00|0.00|0.00|0|0.00|0|6822.00|1|0|0|0|0|0.00|0.00|0.00|0|0|0|0.00|1|0.00|0|0.00|0|92100.00|1|0.00|0|0.00|0|0.00|0|0.00|0.00|11|48|85278.00|0.00|0.00|0.00|85278.00|30663.67|30663.67|0.00|0.33|0.00|91991.09|30663.67|30663.67
FPOT|Restaurante|1|Restaurante|1|OT1|1|Order Type Master 1|1|35926.00|3592.00|0.00|0|0.00|0|2874.00|0|0|0|0|0|0.00|0.00|0.00|0|0|0|0.00|0|0.00|0|0.00|0|42392.00|0|0.00|0|0.00|0|0.00|0|0.00|0.00|13|54|35926.00|0.00|0.00|0.00|35926.00|0.00|0.00|0.00|0.17|0.00|0.00|0.00|0.00
FPOT|Restaurante|1|Restaurante|1|OT1|1|Order Type Master 1|1|0.00|0.00|0.00|0|0.00|0|0.00|0|0|0|0|0|0.00|0.00|0.00|0|0|0|0.00|0|0.00|0|0.00|0|0.00|0|362958.00|2|0.00|0|0.00|0|0.00|0.00|11|46|0.00|0.00|0.00|0.00|0.00|6605.00|6605.00|0.00|0.17|0.00|39629.92|6605.00|6605.00
FPOT|Restaurante|1|Restaurante|1|OT1|1|Order Type Master 1|1|64631.00|6463.00|0.00|0|0.00|0|5169.00|1|0|0|0|0|0.00|0.00|0.00|0|0|0|0.00|0|0.00|0|0.00|0|76263.00|1|0.00|0|0.00|0|0.00|0|0.00|0.00|19|77|64631.00|0.00|0.00|0.00|64631.00|25493.83|24327.17|-1166.67|0.33|0.00|72981.57|25493.83|24327.17
FPOT|Restaurante|1|Restaurante|1|OT1|1|Order Type Master 1|1|0.00|0.00|0.00|0|0.00|0|0.00|0|0|0|0|0|0.00|0.00|0.00|0|0|0|0.00|0|0.00|0|0.00|0|0.00|0|0.00|0|0.00|0|0.00|0|0.00|0.00|12|49|0.00|0.00|0.00|0.00|0.00|0.00|0.00|0.00|0.00|0.00|0.00|0.00|0.00
FPOT|Restaurante|1|Restaurante|1|OT1|1|Order Type Master 1|1|0.00|0.00|0.00|0|0.00|0|0.00|0|0|0|0|0|0.00|0.00|0.00|0|0|0|0.00|0|0.00|0|0.00|0|0.00|0|0.00|0|0.00|0|0.00|0|0.00|0.00|16|67|0.00|0.00|0.00|0.00|0.00|0.00|0.00|0.00|0.00|0.00|0.00|0.00|0.00
FPOT|Restaurante|1|Restaurante|1|OT1|1|Order Type Master 1|1|70741.00|7073.00|0.00|0|0.00|0|5659.00|1|0|0|0|0|0.00|0.00|0.00|0|0|0|0.00|0|0.00|0|0.00|0|83473.00|1|147390.00|1|0.00|0|0.00|0|0.00|0.00|19|80|70741.00|0.00|0.00|0.00|70741.00|0.00|0.00|0.00|0.00|0.00|0.00|0.00|0.00
FPOT|Restaurante|1|Restaurante|1|OT1|1|Order Type Master 1|1|273426.00|27342.00|0.00|0|0.00|0|21874.00|3|0|0|0|0|0.00|0.00|0.00|0|0|0|21000.00|1|0.00|0|0.00|0|322642.00|3|340123.00|2|0.00|0|0.00|0|0.00|0.00|14|60|273426.00|0.00|0.00|0.00|273426.00|0.00|0.00|0.00|0.00|0.00|0.00|0.00|0.00
FPOT|Domicilios|20|Domicilios|20|OT2|2|Order Type Master 2|2|175554.00|0.00|0.00|0|0.00|0|14046.00|1|0|0|0|0|0.00|0.00|0.00|0|0|0|0.00|0|0.00|0|0.00|0|189600.00|1|189600.00|1|0.00|0|0.00|0|0.00|0.00|14|59|175554.00|0.00|0.00|0.00|175554.00|0.00|0.00|0.00|0.00|0.00|0.00|0.00|0.00
FPOT|Almacen|2|Almacen|2|OT2|2|Order Type Master 2|2|0.00|0.00|0.00|0|0.00|0|0.00|0|0|0|0|0|0.00|0.00|0.00|0|0|0|0.00|0|0.00|0|39000.00|1|0.00|0|0.00|0|0.00|0|0.00|0|0.00|0.00|14|58|0.00|0.00|0.00|0.00|0.00|0.00|0.00|0.00|0.00|0.00|0.00|0.00|0.00
FPOT|Restaurante|1|Restaurante|1|OT1|1|Order Type Master 1|1|35555.00|3555.00|0.00|0|0.00|0|2845.00|1|0|0|0|0|0.00|0.00|0.00|0|0|0|0.00|0|0.00|0|0.00|0|41955.00|1|0.00|0|0.00|0|0.00|0|0.00|0.00|14|57|35555.00|0.00|0.00|0.00|35555.00|0.00|-3266.67|-3266.67|0.00|0.00|0.00|0.00|-3266.67
FPOT|Restaurante|1|Restaurante|1|OT1|1|Order Type Master 1|1|-21622.00|-722.00|-7944.00|2|0.00|0|-578.00|0|0|0|0|0|0.00|0.00|0.00|0|0|0|0.00|0|0.00|0|0.00|0|-22922.00|0|70822.00|2|0.00|0|0.00|0|0.00|-578.00|21|85|-7222.00|-14400.00|0.00|0.00|-21622.00|0.00|0.00|0.00|0.00|0.00|0.00|0.00|0.00
FPOT|Restaurante|1|Restaurante|1|OT1|1|Order Type Master 1|1|336575.00|33657.00|0.00|0|0.00|0|26925.00|2|0|0|0|0|0.00|0.00|0.00|0|0|0|0.00|1|0.00|0|30593.00|1|397157.00|2|0.00|0|0.00|0|0.00|0|0.00|0.00|13|53|336575.00|0.00|0.00|0.00|336575.00|36435.50|36435.50|0.00|0.50|0.00|72871.00|36435.50|36435.50
FPOT|Restaurante|1|Restaurante|1|OT1|1|Order Type Master 1|1|110001.00|11000.00|0.00|0|0.00|0|8799.00|1|0|0|0|0|0.00|0.00|0.00|0|0|0|0.00|0|0.00|0|0.00|0|129800.00|1|0.00|0|0.00|0|0.00|0|0.00|0.00|12|50|110001.00|0.00|0.00|0.00|110001.00|4876.50|4876.50|0.00|0.17|0.00|29258.94|4876.50|4876.50
FPOT|Restaurante|1|Restaurante|1|OT1|1|Order Type Master 1|1|522504.00|52248.00|0.00|0|0.00|0|41796.00|3|0|0|0|0|0.00|0.00|0.00|0|0|0|35700.00|2|0.00|0|0.00|0|616548.00|3|0.00|0|0.00|0|0.00|0|0.00|0.00|10|42|522504.00|0.00|0.00|0.00|522504.00|33857.83|33857.83|0.00|0.33|0.00|101573.60|33857.83|33857.83
FPOT|Domicilios|20|Domicilios|20|OT2|2|Order Type Master 2|2|38050.00|1287.00|0.00|0|0.00|0|3250.00|2|0|0|0|0|0.00|0.00|0.00|0|0|0|0.00|0|0.00|0|0.00|0|42587.00|2|12587.00|1|0.00|0|0.00|0|0.00|0.00|13|55|40650.00|-2600.00|0.00|0.00|38050.00|4876.50|3893.17|-983.33|0.17|0.00|23358.95|4876.50|3893.17
FPOT|Domicilios|20|Domicilios|20|OT2|2|Order Type Master 2|2|10819.00|0.00|0.00|0|0.00|0|1081.00|1|0|0|0|0|0.00|0.00|0.00|0|0|0|0.00|0|0.00|0|0.00|0|11900.00|1|11900.00|1|0.00|0|0.00|0|0.00|0.00|19|77|13519.00|-2700.00|0.00|0.00|10819.00|23472.33|20505.67|-2966.67|0.67|0.00|30758.48|23472.33|20505.67
FPOT|Domicilios|20|Domicilios|20|OT2|2|Order Type Master 2|2|0.00|0.00|0.00|0|0.00|0|0.00|0|0|0|0|0|0.00|0.00|0.00|0|0|0|0.00|0|0.00|0|13600.00|1|0.00|0|0.00|0|0.00|0|0.00|0|0.00|0.00|11|48|0.00|0.00|0.00|0.00|0.00|0.00|0.00|0.00|0.00|0.00|0.00|0.00|0.00
FPMI|Restaurante|1|Restaurante|1|MANDARINO BOLS 2X1| |9626126|MANDARINO BOLS 2X1| |9626126|BEBIDAS|20|BEBIDAS|20|Bebidas Sin Alcohol|3000|Bebidas Sin Alcohol|3000|OT1|1|Order Type Master 1|1|31296.00|0.00|31296.00|0.00|0.00|0.00|31296.00|0.00|31296.00|1|31296.00|1|0|0.00|0.00|0.00|56|13
FPMI|Restaurante|1|Restaurante|1|JUGO DE MARACUYA EN AGUA| |9604116|JUGO DE MARACUYA EN AGUA| |9604116|BEBIDAS|20|BEBIDAS|20|Bebidas Sin Alcohol|3000|Bebidas Sin Alcohol|3000|OT1|1|Order Type Master 1|1|10093.00|0.00|10093.00|0.00|0.00|0.00|10093.00|0.00|10093.00|1|10093.00|1|0|0.00|0.00|0.00|50|12
FPMI|Restaurante|1|Restaurante|1|JUGO DE LULO EN AGUA| |9604216|JUGO DE LULO EN AGUA| |9604216|BEBIDAS|20|BEBIDAS|20|Bebidas Sin Alcohol|3000|Bebidas Sin Alcohol|3000|OT1|1|Order Type Master 1|1|10093.00|0.00|10093.00|0.00|0.00|0.00|10093.00|0.00|10093.00|1|10093.00|1|0|0.00|0.00|0.00|59|14
FPMI|Restaurante|1|Restaurante|1|AROMATICA| |9602088|AROMATICA| |9602088|BEBIDAS|20|BEBIDAS|20|Bebidas Sin Alcohol|3000|Bebidas Sin Alcohol|3000|OT1|1|Order Type Master 1|1|9074.00|0.00|9074.00|0.00|0.00|0.00|9074.00|0.00|9074.00|1|9074.00|2|0|0.00|0.00|0.00|59|14
FPMI|Restaurante|1|Restaurante|1|CERVEZA CORONA| |9608012|CERVEZA CORONA| |9608012|BEBIDAS|20|BEBIDAS|20|Bebidas Sin Alcohol|3000|Bebidas Sin Alcohol|3000|OT1|1|Order Type Master 1|1|0.00|-7643.00|-7643.00|0.00|0.00|0.00|0.00|-7643.00|-7643.00|1|0.00|0|0|0.00|0.00|0.00|85|21
FPMI|Domicilios|20|Domicilios|20|JUGO DE MARACUYA EN AGUA| |9604116|JUGO DE MARACUYA EN AGUA| |9604116|BEBIDAS|20|BEBIDAS|20|Bebidas Sin Alcohol|3000|Bebidas Sin Alcohol|3000|OT2|2|Order Type Master 2|2|10093.00|-2024.00|8069.00|0.00|0.00|0.00|10093.00|-2024.00|8069.00|73|10093.00|1|0|0.00|0.00|0.00|78|19
FPMI|Domicilios|20|Domicilios|20|GASEOSA 400 ml| |9606131|GASEOSA 400 ml| |9606131|BEBIDAS|20|BEBIDAS|20|Bebidas Sin Alcohol|3000|Bebidas Sin Alcohol|3000|OT2|2|Order Type Master 2|2|15186.00|0.00|15186.00|0.00|0.00|0.00|15186.00|0.00|15186.00|73|15186.00|2|0|0.00|0.00|0.00|51|12
FPMI|Restaurante|1|Restaurante|1|SALSA CHIMICHURRI| |9500388|SALSA CHIMICHURRI| |9500388|ALIMENTOS|10|ALIMENTOS|10|Para Empezar|1008|Para Empezar|1008|OT1|1|Order Type Master 1|1|0.00|0.00|0.00|0.00|0.00|0.00|0.00|0.00|0.00|1|0.00|1|0|0.00|0.00|0.00|79|19
FPMI|Restaurante|1|Restaurante|1|PATACON CARNE DESMECHADA| |9524028|PATACON CARNE DESMECHADA| |9524028|ALIMENTOS|10|ALIMENTOS|10|Para Empezar|1008|Para Empezar|1008|OT1|1|Order Type Master 1|1|24630.00|-4931.00|19699.00|0.00|0.00|0.00|24630.00|-4931.00|19699.00|1|24630.00|1|0|0.00|0.00|0.00|69|17
FPMI|Restaurante|1|Restaurante|1|MJE ALM| |90000037|MJE ALM| |90000037|ALIMENTOS|10|ALIMENTOS|10|Para Empezar|1008|Para Empezar|1008|OT1|1|Order Type Master 1|1|0.00|0.00|0.00|0.00|0.00|0.00|0.00|0.00|0.00|1|0.00|2|0|0.00|0.00|0.00|56|13
FPMI|Restaurante|1|Restaurante|1|PUNTA DE ANCA 250 gr ENSALADA| |9502234|PUNTA DE ANCA 250 gr ENSALADA| |9502234|ALIMENTOS|10|ALIMENTOS|10|Para Empezar|1008|Para Empezar|1008|OT1|1|Order Type Master 1|1|52593.00|0.00|52593.00|0.00|0.00|0.00|52593.00|0.00|52593.00|1|52593.00|1|0|0.00|0.00|0.00|56|13
FPMI|Restaurante|1|Restaurante|1|AREPA DE HUEVO Y CARNE DESMECHADA| |9528059|AREPA DE HUEVO Y CARNE DESMECHADA| |9528059|ALIMENTOS|10|ALIMENTOS|10|Para Empezar|1008|Para Empezar|1008|OT1|1|Order Type Master 1|1|13519.00|-2704.00|10815.00|0.00|0.00|0.00|13519.00|-2704.00|10815.00|1|13519.00|1|0|0.00|0.00|0.00|76|18
FPMI|Restaurante|1|Restaurante|1|COMBO HAMBURGUESA MILAGROSA 180 gr BOT| |9508039|COMBO HAMBURGUESA MILAGROSA 180 gr BOT| |9508039|ALIMENTOS|10|ALIMENTOS|10|Para Empezar|1008|Para Empezar|1008|OT1|1|Order Type Master 1|1|67592.00|0.00|67592.00|0.00|0.00|0.00|67592.00|0.00|67592.00|1|67592.00|2|0|0.00|0.00|0.00|60|14
FPMI|Restaurante|1|Restaurante|1|Mensaje Bebidas 2024| |980000095|Mensaje Bebidas 2024| |980000095|ALIMENTOS|10|ALIMENTOS|10|Para Empezar|1008|Para Empezar|1008|OT1|1|Order Type Master 1|1|0.00|0.00|0.00|0.00|0.00|0.00|0.00|0.00|0.00|1|0.00|1|0|0.00|0.00|0.00|83|20
FPMI|Restaurante|1|Restaurante|1|CALENTAO PAISA MEDIO| |9518010|CALENTAO PAISA MEDIO| |9518010|ALIMENTOS|10|ALIMENTOS|10|Para Empezar|1008|Para Empezar|1008|OT1|1|Order Type Master 1|1|33148.00|0.00|33148.00|0.00|0.00|0.00|33148.00|0.00|33148.00|1|33148.00|2|0|0.00|0.00|0.00|42|10
FPMI|Restaurante|1|Restaurante|1|CALDO DE COSTILLA| |9522004|CALDO DE COSTILLA| |9522004|ALIMENTOS|10|ALIMENTOS|10|Para Empezar|1008|Para Empezar|1008|OT1|1|Order Type Master 1|1|46668.00|0.00|46668.00|0.00|0.00|0.00|46668.00|0.00|46668.00|1|46668.00|3|0|0.00|0.00|0.00|42|10
FPMI|Restaurante|1|Restaurante|1|CHANGUA CON HUEVO PAN Y QUESO| |9522008|CHANGUA CON HUEVO PAN Y QUESO| |9522008|ALIMENTOS|10|ALIMENTOS|10|Para Empezar|1008|Para Empezar|1008|OT1|1|Order Type Master 1|1|20186.00|0.00|20186.00|0.00|0.00|0.00|20186.00|0.00|20186.00|1|20186.00|2|0|0.00|0.00|0.00|42|10
FPMI|Restaurante|1|Restaurante|1|PATACON CARNE DESMECHADA| |9524028|PATACON CARNE DESMECHADA| |9524028|ALIMENTOS|10|ALIMENTOS|10|Para Empezar|1008|Para Empezar|1008|OT1|1|Order Type Master 1|1|24630.00|0.00|24630.00|0.00|0.00|0.00|24630.00|0.00|24630.00|1|24630.00|1|0|0.00|0.00|0.00|60|14
FPMI|Restaurante|1|Restaurante|1|CHICHARRON 90 gr| |9528024|CHICHARRON 90 gr| |9528024|ALIMENTOS|10|ALIMENTOS|10|Para Empezar|1008|Para Empezar|1008|OT1|1|Order Type Master 1|1|0.00|-5317.00|-5317.00|0.00|0.00|0.00|0.00|-5317.00|-5317.00|1|0.00|0|0|0.00|0.00|0.00|85|21
FPMI|Restaurante|1|Restaurante|1|PAPA CRIOLLA| |9500288|PAPA CRIOLLA| |9500288|ALIMENTOS|10|ALIMENTOS|10|Para Empezar|1008|Para Empezar|1008|OT1|1|Order Type Master 1|1|0.00|-1440.00|-1440.00|0.00|0.00|0.00|0.00|-1440.00|-1440.00|1|0.00|0|0|0.00|0.00|0.00|85|21
FPMI|Restaurante|1|Restaurante|1|Mod 1/2| |980000002|Mod 1/2| |980000002|ALIMENTOS|10|ALIMENTOS|10|Para Empezar|1008|Para Empezar|1008|OT1|1|Order Type Master 1|1|0.00|0.00|0.00|0.00|0.00|0.00|0.00|0.00|0.00|1|0.00|1|0|0.00|0.00|0.00|81|20
FPMI|Domicilios|20|Domicilios|20|AREPA DE CHOCOLO| |9506036|AREPA DE CHOCOLO| |9506036|ALIMENTOS|10|ALIMENTOS|10|Para Empezar|1008|Para Empezar|1008|OT2|2|Order Type Master 2|2|40370.00|0.00|40370.00|0.00|0.00|0.00|40370.00|0.00|40370.00|73|40370.00|2|0|0.00|0.00|0.00|56|13
FPMI|Domicilios|20|Domicilios|20|COMBO HAMBURGUESA CAMPESINA 125 gr BOT| |9508022|COMBO HAMBURGUESA CAMPESINA 125 gr BOT| |9508022|ALIMENTOS|10|ALIMENTOS|10|Para Empezar|1008|Para Empezar|1008|OT2|2|Order Type Master 2|2|29259.00|-5900.00|23359.00|0.00|0.00|0.00|29259.00|-5900.00|23359.00|73|29259.00|1|0|0.00|0.00|0.00|82|20
FPMI|Domicilios|20|Domicilios|20|COMBO HAMBURGUESA CAMPESINA 125 gr BOT| |9508022|COMBO HAMBURGUESA CAMPESINA 125 gr BOT| |9508022|ALIMENTOS|10|ALIMENTOS|10|Para Empezar|1008|Para Empezar|1008|OT2|2|Order Type Master 2|2|29259.00|-5900.00|23359.00|0.00|0.00|0.00|29259.00|-5900.00|23359.00|73|29259.00|1|0|0.00|0.00|0.00|54|13
FPMI|Plataformas|21|Plataformas|21|CALENTADO PAISA| |9518008|CALENTADO PAISA| |9518008|ALIMENTOS|10|ALIMENTOS|10|Para Empezar|1008|Para Empezar|1008|OT7|7|Order Type Master 7|7|36759.00|0.00|36759.00|0.00|0.00|0.00|36759.00|0.00|36759.00|153|36759.00|1|0|0.00|0.00|0.00|61|15
FPMI|Plataformas|21|Plataformas|21|SOPA DE VERDURAS| |9520050|SOPA DE VERDURAS| |9520050|ALIMENTOS|10|ALIMENTOS|10|Para Empezar|1008|Para Empezar|1008|OT7|7|Order Type Master 7|7|13796.00|0.00|13796.00|0.00|0.00|0.00|13796.00|0.00|13796.00|153|13796.00|1|0|0.00|0.00|0.00|51|12
FPMI|Restaurante|1|Restaurante|1|JUGO DE NARANJA| |9604048|JUGO DE NARANJA| |9604048|BEBIDAS|20|BEBIDAS|20|Bebidas Sin Alcohol|3000|Bebidas Sin Alcohol|3000|OT1|1|Order Type Master 1|1|46668.00|0.00|46668.00|0.00|0.00|0.00|46668.00|0.00|46668.00|1|46668.00|4|0|0.00|0.00|0.00|42|10
FPMI|Restaurante|1|Restaurante|1|CERVEZA CORONA| |9608012|CERVEZA CORONA| |9608012|BEBIDAS|20|BEBIDAS|20|Bebidas Sin Alcohol|3000|Bebidas Sin Alcohol|3000|OT1|1|Order Type Master 1|1|12778.00|0.00|12778.00|0.00|0.00|0.00|12778.00|0.00|12778.00|1|12778.00|1|0|0.00|0.00|0.00|82|20
FPMI|Restaurante|1|Restaurante|1|GASEOSA 400 ml| |9606131|GASEOSA 400 ml| |9606131|BEBIDAS|20|BEBIDAS|20|Bebidas Sin Alcohol|3000|Bebidas Sin Alcohol|3000|OT1|1|Order Type Master 1|1|30372.00|0.00|30372.00|0.00|0.00|0.00|30372.00|0.00|30372.00|1|30372.00|4|0|0.00|0.00|0.00|62|15
FPMI|Restaurante|1|Restaurante|1|JUGO DE MANGO EN LECHE| |9604152|JUGO DE MANGO EN LECHE| |9604152|BEBIDAS|20|BEBIDAS|20|Bebidas Sin Alcohol|3000|Bebidas Sin Alcohol|3000|OT1|1|Order Type Master 1|1|12870.00|-2579.00|10291.00|0.00|0.00|0.00|12870.00|-2579.00|10291.00|1|12870.00|1|0|0.00|0.00|0.00|69|17
FPMI|Restaurante|1|Restaurante|1|JUGO DE GUANABANA EN LECHE| |9604220|JUGO DE GUANABANA EN LECHE| |9604220|BEBIDAS|20|BEBIDAS|20|Bebidas Sin Alcohol|3000|Bebidas Sin Alcohol|3000|OT1|1|Order Type Master 1|1|12870.00|-2572.00|10298.00|0.00|0.00|0.00|12870.00|-2572.00|10298.00|1|12870.00|1|0|0.00|0.00|0.00|70|17
FPMI|Restaurante|1|Restaurante|1|JUGO DE MARACUYA EN LECHE| |9604112|JUGO DE MARACUYA EN LECHE| |9604112|BEBIDAS|20|BEBIDAS|20|Bebidas Sin Alcohol|3000|Bebidas Sin Alcohol|3000|OT1|1|Order Type Master 1|1|12870.00|-2567.00|10303.00|0.00|0.00|0.00|12870.00|-2567.00|10303.00|1|12870.00|1|0|0.00|0.00|0.00|81|20
FPMI|Restaurante|1|Restaurante|1|JUGO DE FRESA EN AGUA| |9604148|JUGO DE FRESA EN AGUA| |9604148|BEBIDAS|20|BEBIDAS|20|Bebidas Sin Alcohol|3000|Bebidas Sin Alcohol|3000|OT1|1|Order Type Master 1|1|10093.00|0.00|10093.00|0.00|0.00|0.00|10093.00|0.00|10093.00|1|10093.00|1|0|0.00|0.00|0.00|78|19
FPMI|Domicilios|20|Domicilios|20|AGUA DE PANELA| |9602084|AGUA DE PANELA| |9602084|BEBIDAS|20|BEBIDAS|20|Bebidas Sin Alcohol|3000|Bebidas Sin Alcohol|3000|OT2|2|Order Type Master 2|2|5370.00|0.00|5370.00|0.00|0.00|0.00|5370.00|0.00|5370.00|73|5370.00|1|0|0.00|0.00|0.00|44|10
FPMI|Restaurante|1|Restaurante|1|MOSTAZA DIJON| |9500481|MOSTAZA DIJON| |9500481|ALIMENTOS|10|ALIMENTOS|10|Para Empezar|1008|Para Empezar|1008|OT1|1|Order Type Master 1|1|0.00|0.00|0.00|0.00|0.00|0.00|0.00|0.00|0.00|1|0.00|1|0|0.00|0.00|0.00|79|19
FPMI|Restaurante|1|Restaurante|1|CONSOME DE RES| |9522020|CONSOME DE RES| |9522020|ALIMENTOS|10|ALIMENTOS|10|Para Empezar|1008|Para Empezar|1008|OT1|1|Order Type Master 1|1|38610.00|0.00|38610.00|0.00|0.00|0.00|38610.00|0.00|38610.00|1|38610.00|3|0|0.00|0.00|0.00|42|10
FPMI|Restaurante|1|Restaurante|1|COMO ENTRADA| |90000038|COMO ENTRADA| |90000038|ALIMENTOS|10|ALIMENTOS|10|Para Empezar|1008|Para Empezar|1008|OT1|1|Order Type Master 1|1|0.00|0.00|0.00|0.00|0.00|0.00|0.00|0.00|0.00|9|0.00|2|0|0.00|0.00|0.00|60|14
FPMI|Restaurante|1|Restaurante|1|Mensaje Bebidas 2024| |980000095|Mensaje Bebidas 2024| |980000095|ALIMENTOS|10|ALIMENTOS|10|Para Empezar|1008|Para Empezar|1008|OT1|1|Order Type Master 1|1|0.00|0.00|0.00|0.00|0.00|0.00|0.00|0.00|0.00|1|0.00|1|0|0.00|0.00|0.00|60|14
FPMI|Restaurante|1|Restaurante|1|AREPA DE MAIZ  MANTEQUILLA| |9524096|AREPA DE MAIZ  MANTEQUILLA| |9524096|ALIMENTOS|10|ALIMENTOS|10|Para Empezar|1008|Para Empezar|1008|OT1|1|Order Type Master 1|1|2685.00|-535.00|2150.00|0.00|0.00|0.00|2685.00|-535.00|2150.00|1|2685.00|1|0|0.00|0.00|0.00|83|20
FPMI|Restaurante|1|Restaurante|1|TAMAL TOLIMENSE| |9522052|TAMAL TOLIMENSE| |9522052|ALIMENTOS|10|ALIMENTOS|10|Para Empezar|1008|Para Empezar|1008|OT1|1|Order Type Master 1|1|23704.00|0.00|23704.00|0.00|0.00|0.00|23704.00|0.00|23704.00|1|23704.00|2|0|0.00|0.00|0.00|42|10
FPMI|Restaurante|1|Restaurante|1|COMBO HAMBURGUESA MILAGROSA 180 gr BOT| |9508039|COMBO HAMBURGUESA MILAGROSA 180 gr BOT| |9508039|ALIMENTOS|10|ALIMENTOS|10|Para Empezar|1008|Para Empezar|1008|OT1|1|Order Type Master 1|1|0.00|-6800.00|-6800.00|0.00|0.00|0.00|0.00|-6800.00|-6800.00|1|0.00|0|0|0.00|0.00|0.00|62|15
FPMI|Restaurante|1|Restaurante|1|AREPA CON QUESO ANTIOQUENO| |9528016|AREPA CON QUESO ANTIOQUENO| |9528016|ALIMENTOS|10|ALIMENTOS|10|Para Empezar|1008|Para Empezar|1008|OT1|1|Order Type Master 1|1|7778.00|-1554.00|6224.00|0.00|0.00|0.00|7778.00|-1554.00|6224.00|1|7778.00|1|0|0.00|0.00|0.00|70|17
FPMI|Restaurante|1|Restaurante|1|MJE ALM| |90000037|MJE ALM| |90000037|ALIMENTOS|10|ALIMENTOS|10|Para Empezar|1008|Para Empezar|1008|OT1|1|Order Type Master 1|1|0.00|0.00|0.00|0.00|0.00|0.00|0.00|0.00|0.00|1|0.00|1|0|0.00|0.00|0.00|70|17
FPMI|Restaurante|1|Restaurante|1|ADICION QUESO MOZZARELLA 60 gr| |9500352|ADICION QUESO MOZZARELLA 60 gr| |9500352|ALIMENTOS|10|ALIMENTOS|10|Para Empezar|1008|Para Empezar|1008|OT1|1|Order Type Master 1|1|7315.00|0.00|7315.00|0.00|0.00|0.00|7315.00|0.00|7315.00|1|7315.00|1|0|0.00|0.00|0.00|42|10
FPMI|Restaurante|1|Restaurante|1|Mod 3/4| |980000004|Mod 3/4| |980000004|ALIMENTOS|10|ALIMENTOS|10|Para Empezar|1008|Para Empezar|1008|OT1|1|Order Type Master 1|1|0.00|0.00|0.00|0.00|0.00|0.00|0.00|0.00|0.00|1|0.00|1|0|0.00|0.00|0.00|77|19
FPMI|Restaurante|1|Restaurante|1|MORCILLA 100 gr| |9502080|MORCILLA 100 gr| |9502080|ALIMENTOS|10|ALIMENTOS|10|Para Empezar|1008|Para Empezar|1008|OT1|1|Order Type Master 1|1|10741.00|0.00|10741.00|0.00|0.00|0.00|10741.00|0.00|10741.00|1|10741.00|1|0|0.00|0.00|0.00|77|19
FPMI|Restaurante|1|Restaurante|1|AREPA DE CHOCOLO| |9506036|AREPA DE CHOCOLO| |9506036|ALIMENTOS|10|ALIMENTOS|10|Para Empezar|1008|Para Empezar|1008|OT1|1|Order Type Master 1|1|60555.00|0.00|60555.00|0.00|0.00|0.00|60555.00|0.00|60555.00|1|60555.00|3|0|0.00|0.00|0.00|53|13
FPMI|Domicilios|20|Domicilios|20|CANASTA DE 4 EMPANADAS CACHACAS| |9528040|CANASTA DE 4 EMPANADAS CACHACAS| |9528040|ALIMENTOS|10|ALIMENTOS|10|Para Empezar|1008|Para Empezar|1008|OT2|2|Order Type Master 2|2|22500.00|0.00|22500.00|0.00|0.00|0.00|22500.00|0.00|22500.00|73|22500.00|1|0|0.00|0.00|0.00|51|12
FPMI|Domicilios|20|Domicilios|20|Mod CocaCola Original 400ml| |980000102|Mod CocaCola Original 400ml| |980000102|ALIMENTOS|10|ALIMENTOS|10|Para Empezar|1008|Para Empezar|1008|OT2|2|Order Type Master 2|2|0.00|0.00|0.00|0.00|0.00|0.00|0.00|0.00|0.00|1|0.00|2|0|0.00|0.00|0.00|51|12
FPMI|Domicilios|20|Domicilios|20|COMBO HAMBURGUESA MILAGROSA 180 gr BOT| |9508039|COMBO HAMBURGUESA MILAGROSA 180 gr BOT| |9508039|ALIMENTOS|10|ALIMENTOS|10|Para Empezar|1008|Para Empezar|1008|OT2|2|Order Type Master 2|2|33796.00|-6789.00|27007.00|0.00|0.00|0.00|33796.00|-6789.00|27007.00|73|33796.00|1|0|0.00|0.00|0.00|68|16
FPMI|Plataformas|21|Plataformas|21|Mensaje Bebidas 2024| |980000095|Mensaje Bebidas 2024| |980000095|ALIMENTOS|10|ALIMENTOS|10|Para Empezar|1008|Para Empezar|1008|OT7|7|Order Type Master 7|7|0.00|0.00|0.00|0.00|0.00|0.00|0.00|0.00|0.00|1|0.00|1|0|0.00|0.00|0.00|53|13
FPMI|Plataformas|21|Plataformas|21|AJIACO  POLLO| |9520008|AJIACO  POLLO| |9520008|ALIMENTOS|10|ALIMENTOS|10|Para Empezar|1008|Para Empezar|1008|OT7|7|Order Type Master 7|7|71482.00|0.00|71482.00|0.00|0.00|0.00|71482.00|0.00|71482.00|153|71482.00|2|0|0.00|0.00|0.00|48|11
FPMI|Plataformas|21|Plataformas|21|MJE ALM| |90000037|MJE ALM| |90000037|ALIMENTOS|10|ALIMENTOS|10|Para Empezar|1008|Para Empezar|1008|OT7|7|Order Type Master 7|7|0.00|0.00|0.00|0.00|0.00|0.00|0.00|0.00|0.00|1|0.00|1|0|0.00|0.00|0.00|48|11
FPMI|Restaurante|1|Restaurante|1|CAPUCCINO NESPRESSO| |9262152|CAPUCCINO NESPRESSO| |9262152|BEBIDAS|20|BEBIDAS|20|Bebidas Sin Alcohol|3000|Bebidas Sin Alcohol|3000|OT1|1|Order Type Master 1|1|6759.00|0.00|6759.00|0.00|0.00|0.00|6759.00|0.00|6759.00|153|6759.00|1|0|0.00|0.00|0.00|42|10
FPMI|Restaurante|1|Restaurante|1|JUGO DE MARACUYA EN LECHE| |9604112|JUGO DE MARACUYA EN LECHE| |9604112|BEBIDAS|20|BEBIDAS|20|Bebidas Sin Alcohol|3000|Bebidas Sin Alcohol|3000|OT1|1|Order Type Master 1|1|12870.00|-2574.00|10296.00|0.00|0.00|0.00|12870.00|-2574.00|10296.00|1|12870.00|1|0|0.00|0.00|0.00|76|18
FPMI|Restaurante|1|Restaurante|1|GASEOSA 400 ml| |9606131|GASEOSA 400 ml| |9606131|BEBIDAS|20|BEBIDAS|20|Bebidas Sin Alcohol|3000|Bebidas Sin Alcohol|3000|OT1|1|Order Type Master 1|1|7593.00|0.00|7593.00|0.00|0.00|0.00|7593.00|0.00|7593.00|1|7593.00|1|0|0.00|0.00|0.00|50|12
FPMI|Restaurante|1|Restaurante|1|JUGO DE MARACUYA EN AGUA| |9604116|JUGO DE MARACUYA EN AGUA| |9604116|BEBIDAS|20|BEBIDAS|20|Bebidas Sin Alcohol|3000|Bebidas Sin Alcohol|3000|OT1|1|Order Type Master 1|1|10093.00|-2000.00|8093.00|0.00|0.00|0.00|10093.00|-2000.00|8093.00|1|10093.00|1|0|0.00|0.00|0.00|78|19
FPMI|Restaurante|1|Restaurante|1|CAFE AMERICANO NESPRESSO| |9262158|CAFE AMERICANO NESPRESSO| |9262158|BEBIDAS|20|BEBIDAS|20|Bebidas Sin Alcohol|3000|Bebidas Sin Alcohol|3000|OT1|1|Order Type Master 1|1|6759.00|0.00|6759.00|0.00|0.00|0.00|6759.00|0.00|6759.00|1|6759.00|1|0|0.00|0.00|0.00|62|15
FPMI|Restaurante|1|Restaurante|1|LIMONADA HIERBABUENA| |9604066|LIMONADA HIERBABUENA| |9604066|BEBIDAS|20|BEBIDAS|20|Bebidas Sin Alcohol|3000|Bebidas Sin Alcohol|3000|OT1|1|Order Type Master 1|1|8519.00|0.00|8519.00|0.00|0.00|0.00|8519.00|0.00|8519.00|1|8519.00|1|0|0.00|0.00|0.00|47|11
FPMI|Restaurante|1|Restaurante|1|CAFE AMERICANO NESPRESSO| |9262158|CAFE AMERICANO NESPRESSO| |9262158|BEBIDAS|20|BEBIDAS|20|Bebidas Sin Alcohol|3000|Bebidas Sin Alcohol|3000|OT1|1|Order Type Master 1|1|6759.00|0.00|6759.00|0.00|0.00|0.00|6759.00|0.00|6759.00|1|6759.00|1|0|0.00|0.00|0.00|80|19
FPMI|Restaurante|1|Restaurante|1|GASEOSA 400 ml| |9606131|GASEOSA 400 ml| |9606131|BEBIDAS|20|BEBIDAS|20|Bebidas Sin Alcohol|3000|Bebidas Sin Alcohol|3000|OT1|1|Order Type Master 1|1|15186.00|0.00|15186.00|0.00|0.00|0.00|15186.00|0.00|15186.00|1|15186.00|2|0|0.00|0.00|0.00|77|19
FPMI|Domicilios|20|Domicilios|20|GINGER 400 ml| |9606116|GINGER 400 ml| |9606116|BEBIDAS|20|BEBIDAS|20|Bebidas Sin Alcohol|3000|Bebidas Sin Alcohol|3000|OT2|2|Order Type Master 2|2|6667.00|0.00|6667.00|0.00|0.00|0.00|6667.00|0.00|6667.00|73|6667.00|1|0|0.00|0.00|0.00|51|12
FPMI|Domicilios|20|Domicilios|20|JUGO DE MARACUYA EN LECHE| |9604112|JUGO DE MARACUYA EN LECHE| |9604112|BEBIDAS|20|BEBIDAS|20|Bebidas Sin Alcohol|3000|Bebidas Sin Alcohol|3000|OT2|2|Order Type Master 2|2|12870.00|-2600.00|10270.00|0.00|0.00|0.00|12870.00|-2600.00|10270.00|73|12870.00|1|0|0.00|0.00|0.00|55|13
FPMI|Restaurante|1|Restaurante|1|SALSA DE TOMATE| |9500483|SALSA DE TOMATE| |9500483|ALIMENTOS|10|ALIMENTOS|10|Para Empezar|1008|Para Empezar|1008|OT1|1|Order Type Master 1|1|0.00|0.00|0.00|0.00|0.00|0.00|0.00|0.00|0.00|1|0.00|2|0|0.00|0.00|0.00|79|19
FPMI|Restaurante|1|Restaurante|1|AREPA DE HUEVO Y CARNE DESMECHADA| |9528059|AREPA DE HUEVO Y CARNE DESMECHADA| |9528059|ALIMENTOS|10|ALIMENTOS|10|Para Empezar|1008|Para Empezar|1008|OT1|1|Order Type Master 1|1|13519.00|0.00|13519.00|0.00|0.00|0.00|13519.00|0.00|13519.00|1|13519.00|1|0|0.00|0.00|0.00|42|10
FPMI|Restaurante|1|Restaurante|1|CHICHARRON 90 gr| |9528024|CHICHARRON 90 gr| |9528024|ALIMENTOS|10|ALIMENTOS|10|Para Empezar|1008|Para Empezar|1008|OT1|1|Order Type Master 1|1|26667.00|0.00|26667.00|0.00|0.00|0.00|26667.00|0.00|26667.00|1|26667.00|1|0|0.00|0.00|0.00|80|19
FPMI|Restaurante|1|Restaurante|1|CHICHARRON 90 gr| |9528024|CHICHARRON 90 gr| |9528024|ALIMENTOS|10|ALIMENTOS|10|Para Empezar|1008|Para Empezar|1008|OT1|1|Order Type Master 1|1|26667.00|0.00|26667.00|0.00|0.00|0.00|26667.00|0.00|26667.00|1|26667.00|1|0|0.00|0.00|0.00|56|13
FPMI|Restaurante|1|Restaurante|1|AREPA DE CHOCOLO| |9506036|AREPA DE CHOCOLO| |9506036|ALIMENTOS|10|ALIMENTOS|10|Para Empezar|1008|Para Empezar|1008|OT1|1|Order Type Master 1|1|20185.00|-4013.00|16172.00|0.00|0.00|0.00|20185.00|-4013.00|16172.00|1|20185.00|1|0|0.00|0.00|0.00|71|17
FPMI|Restaurante|1|Restaurante|1|PATACON SOLO SOLITO| |9524048|PATACON SOLO SOLITO| |9524048|ALIMENTOS|10|ALIMENTOS|10|Para Empezar|1008|Para Empezar|1008|OT1|1|Order Type Master 1|1|7315.00|0.00|7315.00|0.00|0.00|0.00|7315.00|0.00|7315.00|1|7315.00|1|0|0.00|0.00|0.00|60|14
FPMI|Restaurante|1|Restaurante|1|AREPA CON QUESO ANTIOQUENO| |9528016|AREPA CON QUESO ANTIOQUENO| |9528016|ALIMENTOS|10|ALIMENTOS|10|Para Empezar|1008|Para Empezar|1008|OT1|1|Order Type Master 1|1|7778.00|0.00|7778.00|0.00|0.00|0.00|7778.00|0.00|7778.00|1|7778.00|1|0|0.00|0.00|0.00|42|10
FPMI|Restaurante|1|Restaurante|1|PINCHO DE LOMO X 100 GRS| |9502526|PINCHO DE LOMO X 100 GRS| |9502526|ALIMENTOS|10|ALIMENTOS|10|Para Empezar|1008|Para Empezar|1008|OT1|1|Order Type Master 1|1|36666.00|0.00|36666.00|0.00|0.00|0.00|36666.00|0.00|36666.00|1|36666.00|2|0|0.00|0.00|0.00|78|19
FPMI|Restaurante|1|Restaurante|1|SALMON A LA PLANCHA 200 gr ENSALADA| |9504162|SALMON A LA PLANCHA 200 gr ENSALADA| |9504162|ALIMENTOS|10|ALIMENTOS|10|Para Empezar|1008|Para Empezar|1008|OT1|1|Order Type Master 1|1|49815.00|0.00|49815.00|0.00|0.00|0.00|49815.00|0.00|49815.00|1|49815.00|1|0|0.00|0.00|0.00|53|13
FPMI|Restaurante|1|Restaurante|1|Mod CocaCola Zero 400ml| |980000103|Mod CocaCola Zero 400ml| |980000103|ALIMENTOS|10|ALIMENTOS|10|Para Empezar|1008|Para Empezar|1008|OT1|1|Order Type Master 1|1|0.00|0.00|0.00|0.00|0.00|0.00|0.00|0.00|0.00|1|0.00|2|0|0.00|0.00|0.00|77|19
FPMI|Restaurante|1|Restaurante|1|CUCHUCO CON ESPINAZO| |9520020|CUCHUCO CON ESPINAZO| |9520020|ALIMENTOS|10|ALIMENTOS|10|Para Empezar|1008|Para Empezar|1008|OT1|1|Order Type Master 1|1|34167.00|0.00|34167.00|0.00|0.00|0.00|34167.00|0.00|34167.00|1|34167.00|1|0|0.00|0.00|0.00|63|15
FPMI|Domicilios|20|Domicilios|20|PICADA INDIVIDUAL FRANCESA| |9502584|PICADA INDIVIDUAL FRANCESA| |9502584|ALIMENTOS|10|ALIMENTOS|10|Para Empezar|1008|Para Empezar|1008|OT2|2|Order Type Master 2|2|77408.00|0.00|77408.00|0.00|0.00|0.00|77408.00|0.00|77408.00|73|77408.00|2|0|0.00|0.00|0.00|51|12
FPMI|Domicilios|20|Domicilios|20|COMBO HAMBURGUESA CAMPESINA 125 gr BOT| |9508022|COMBO HAMBURGUESA CAMPESINA 125 gr BOT| |9508022|ALIMENTOS|10|ALIMENTOS|10|Para Empezar|1008|Para Empezar|1008|OT2|2|Order Type Master 2|2|29259.00|-5900.00|23359.00|0.00|0.00|0.00|29259.00|-5900.00|23359.00|73|29259.00|1|0|0.00|0.00|0.00|63|15
FPMI|Domicilios|20|Domicilios|20|MJE ALM| |90000037|MJE ALM| |90000037|ALIMENTOS|10|ALIMENTOS|10|Para Empezar|1008|Para Empezar|1008|OT2|2|Order Type Master 2|2|0.00|0.00|0.00|0.00|0.00|0.00|0.00|0.00|0.00|1|0.00|6|0|0.00|0.00|0.00|55|13
FPMI|Domicilios|20|Domicilios|20|Mod CocaCola Original 400ml| |980000102|Mod CocaCola Original 400ml| |980000102|ALIMENTOS|10|ALIMENTOS|10|Para Empezar|1008|Para Empezar|1008|OT2|2|Order Type Master 2|2|0.00|0.00|0.00|0.00|0.00|0.00|0.00|0.00|0.00|1|0.00|1|0|0.00|0.00|0.00|68|16
FPMI|Domicilios|20|Domicilios|20|TRES LECHES| |9514016|TRES LECHES| |9514016|ALIMENTOS|10|ALIMENTOS|10|Para Empezar|1008|Para Empezar|1008|OT2|2|Order Type Master 2|2|12500.00|-2511.00|9989.00|0.00|0.00|0.00|12500.00|-2511.00|9989.00|73|12500.00|1|0|0.00|0.00|0.00|68|16
FPMI|Plataformas|21|Plataformas|21|PAPA FRANCESA| |9500452|PAPA FRANCESA| |9500452|ALIMENTOS|10|ALIMENTOS|10|Para Empezar|1008|Para Empezar|1008|OT7|7|Order Type Master 7|7|7500.00|0.00|7500.00|0.00|0.00|0.00|7500.00|0.00|7500.00|153|7500.00|1|0|0.00|0.00|0.00|61|15
FPMI|Restaurante|1|Restaurante|1|CERVEZA CLUB COLOMBIA| |9608004|CERVEZA CLUB COLOMBIA| |9608004|BEBIDAS|20|BEBIDAS|20|Bebidas Sin Alcohol|3000|Bebidas Sin Alcohol|3000|OT1|1|Order Type Master 1|1|11296.00|0.00|11296.00|0.00|0.00|0.00|11296.00|0.00|11296.00|1|11296.00|1|0|0.00|0.00|0.00|54|13
FPMI|Restaurante|1|Restaurante|1|JUGO DE MANGO EN AGUA| |9604156|JUGO DE MANGO EN AGUA| |9604156|BEBIDAS|20|BEBIDAS|20|Bebidas Sin Alcohol|3000|Bebidas Sin Alcohol|3000|OT1|1|Order Type Master 1|1|10093.00|0.00|10093.00|0.00|0.00|0.00|10093.00|0.00|10093.00|1|10093.00|1|0|0.00|0.00|0.00|60|14
FPMI|Restaurante|1|Restaurante|1|LIMONADA NATURAL| |9604060|LIMONADA NATURAL| |9604060|BEBIDAS|20|BEBIDAS|20|Bebidas Sin Alcohol|3000|Bebidas Sin Alcohol|3000|OT1|1|Order Type Master 1|1|8519.00|0.00|8519.00|0.00|0.00|0.00|8519.00|0.00|8519.00|1|8519.00|1|0|0.00|0.00|0.00|60|14
FPMI|Restaurante|1|Restaurante|1|JUGO DE MANGO EN AGUA| |9604156|JUGO DE MANGO EN AGUA| |9604156|BEBIDAS|20|BEBIDAS|20|Bebidas Sin Alcohol|3000|Bebidas Sin Alcohol|3000|OT1|1|Order Type Master 1|1|10093.00|0.00|10093.00|0.00|0.00|0.00|10093.00|0.00|10093.00|1|10093.00|1|0|0.00|0.00|0.00|62|15
FPMI|Restaurante|1|Restaurante|1|ADICION DE HELADO| |9604336|ADICION DE HELADO| |9604336|BEBIDAS|20|BEBIDAS|20|Bebidas Sin Alcohol|3000|Bebidas Sin Alcohol|3000|OT1|1|Order Type Master 1|1|10740.00|0.00|10740.00|0.00|0.00|0.00|10740.00|0.00|10740.00|1|10740.00|2|0|0.00|0.00|0.00|57|14
FPMI|Restaurante|1|Restaurante|1|JUGO DE MANDARINA| |9604044|JUGO DE MANDARINA| |9604044|BEBIDAS|20|BEBIDAS|20|Bebidas Sin Alcohol|3000|Bebidas Sin Alcohol|3000|OT1|1|Order Type Master 1|1|14074.00|-2821.00|11253.00|0.00|0.00|0.00|14074.00|-2821.00|11253.00|1|14074.00|1|0|0.00|0.00|0.00|69|17
FPMI|Restaurante|1|Restaurante|1|ADICION DE HELADO| |9604336|ADICION DE HELADO| |9604336|BEBIDAS|20|BEBIDAS|20|Bebidas Sin Alcohol|3000|Bebidas Sin Alcohol|3000|OT1|1|Order Type Master 1|1|5370.00|-1073.00|4297.00|0.00|0.00|0.00|5370.00|-1073.00|4297.00|1|5370.00|1|0|0.00|0.00|0.00|70|17
FPMI|Restaurante|1|Restaurante|1|JUGO DE MANDARINA| |9604044|JUGO DE MANDARINA| |9604044|BEBIDAS|20|BEBIDAS|20|Bebidas Sin Alcohol|3000|Bebidas Sin Alcohol|3000|OT1|1|Order Type Master 1|1|28148.00|0.00|28148.00|0.00|0.00|0.00|28148.00|0.00|28148.00|1|28148.00|2|0|0.00|0.00|0.00|53|13
FPMI|Restaurante|1|Restaurante|1|AGUA MANANTIAL CON GAS 300 ML| |9606136|AGUA MANANTIAL CON GAS 300 ML| |9606136|BEBIDAS|20|BEBIDAS|20|Bebidas Sin Alcohol|3000|Bebidas Sin Alcohol|3000|OT1|1|Order Type Master 1|1|6389.00|0.00|6389.00|0.00|0.00|0.00|6389.00|0.00|6389.00|1|6389.00|1|0|0.00|0.00|0.00|53|13
FPMI|Restaurante|1|Restaurante|1|SALSA BABY| |9500376|SALSA BABY| |9500376|ALIMENTOS|10|ALIMENTOS|10|Para Empezar|1008|Para Empezar|1008|OT1|1|Order Type Master 1|1|0.00|0.00|0.00|0.00|0.00|0.00|0.00|0.00|0.00|1|0.00|1|0|0.00|0.00|0.00|79|19
FPMI|Restaurante|1|Restaurante|1|Mensaje Bebidas 2024| |980000095|Mensaje Bebidas 2024| |980000095|ALIMENTOS|10|ALIMENTOS|10|Para Empezar|1008|Para Empezar|1008|OT1|1|Order Type Master 1|1|0.00|0.00|0.00|0.00|0.00|0.00|0.00|0.00|0.00|1|0.00|1|0|0.00|0.00|0.00|42|10
FPMI|Restaurante|1|Restaurante|1|PAPA CRIOLLA| |9500288|PAPA CRIOLLA| |9500288|ALIMENTOS|10|ALIMENTOS|10|Para Empezar|1008|Para Empezar|1008|OT1|1|Order Type Master 1|1|7222.00|0.00|7222.00|0.00|0.00|0.00|7222.00|0.00|7222.00|1|7222.00|1|0|0.00|0.00|0.00|80|19
FPMI|Restaurante|1|Restaurante|1|PAPA CRIOLLA| |9500288|PAPA CRIOLLA| |9500288|ALIMENTOS|10|ALIMENTOS|10|Para Empezar|1008|Para Empezar|1008|OT1|1|Order Type Master 1|1|7222.00|0.00|7222.00|0.00|0.00|0.00|7222.00|0.00|7222.00|1|7222.00|1|0|0.00|0.00|0.00|56|13
FPMI|Restaurante|1|Restaurante|1|Mod 1/2| |980000002|Mod 1/2| |980000002|ALIMENTOS|10|ALIMENTOS|10|Para Empezar|1008|Para Empezar|1008|OT1|1|Order Type Master 1|1|0.00|0.00|0.00|0.00|0.00|0.00|0.00|0.00|0.00|1|0.00|1|0|0.00|0.00|0.00|56|13
FPMI|Restaurante|1|Restaurante|1|PINCHO DE LOMO X 100 GRS| |9502526|PINCHO DE LOMO X 100 GRS| |9502526|ALIMENTOS|10|ALIMENTOS|10|Para Empezar|1008|Para Empezar|1008|OT1|1|Order Type Master 1|1|18333.00|0.00|18333.00|0.00|0.00|0.00|18333.00|0.00|18333.00|1|18333.00|1|0|0.00|0.00|0.00|60|14
FPMI|Restaurante|1|Restaurante|1|ENSALADA FRESCA ACOMPANAMIENTO| |9500164|ENSALADA FRESCA ACOMPANAMIENTO| |9500164|ALIMENTOS|10|ALIMENTOS|10|Para Empezar|1008|Para Empezar|1008|OT1|1|Order Type Master 1|1|7222.00|0.00|7222.00|0.00|0.00|0.00|7222.00|0.00|7222.00|1|7222.00|1|0|0.00|0.00|0.00|60|14
FPMI|Restaurante|1|Restaurante|1|COMO ENTRADA| |90000038|COMO ENTRADA| |90000038|ALIMENTOS|10|ALIMENTOS|10|Para Empezar|1008|Para Empezar|1008|OT1|1|Order Type Master 1|1|0.00|0.00|0.00|0.00|0.00|0.00|0.00|0.00|0.00|41|0.00|1|0|0.00|0.00|0.00|42|10
FPMI|Restaurante|1|Restaurante|1|AJIACO NINOS| |9542004|AJIACO NINOS| |9542004|ALIMENTOS|10|ALIMENTOS|10|Para Empezar|1008|Para Empezar|1008|OT1|1|Order Type Master 1|1|19444.00|0.00|19444.00|0.00|0.00|0.00|19444.00|0.00|19444.00|1|19444.00|1|0|0.00|0.00|0.00|60|14
FPMI|Restaurante|1|Restaurante|1|AJIACO  POLLO| |9520008|AJIACO  POLLO| |9520008|ALIMENTOS|10|ALIMENTOS|10|Para Empezar|1008|Para Empezar|1008|OT1|1|Order Type Master 1|1|34074.00|0.00|34074.00|0.00|0.00|0.00|34074.00|0.00|34074.00|1|34074.00|1|0|0.00|0.00|0.00|53|13
FPMI|Restaurante|1|Restaurante|1|COMO ENTRADA| |90000038|COMO ENTRADA| |90000038|ALIMENTOS|10|ALIMENTOS|10|Para Empezar|1008|Para Empezar|1008|OT1|1|Order Type Master 1|1|0.00|0.00|0.00|0.00|0.00|0.00|0.00|0.00|0.00|1|0.00|1|0|0.00|0.00|0.00|78|19
FPMI|Restaurante|1|Restaurante|1|AJIACO  POLLO| |9520008|AJIACO  POLLO| |9520008|ALIMENTOS|10|ALIMENTOS|10|Para Empezar|1008|Para Empezar|1008|OT1|1|Order Type Master 1|1|102222.00|0.00|102222.00|0.00|0.00|0.00|102222.00|0.00|102222.00|1|102222.00|3|0|0.00|0.00|0.00|62|15
FPMI|Restaurante|1|Restaurante|1|CANASTA DE PAN| |9512010|CANASTA DE PAN| |9512010|ALIMENTOS|10|ALIMENTOS|10|Para Empezar|1008|Para Empezar|1008|OT1|1|Order Type Master 1|1|5463.00|0.00|5463.00|0.00|0.00|0.00|5463.00|0.00|5463.00|1|5463.00|1|0|0.00|0.00|0.00|44|10
FPMI|Restaurante|1|Restaurante|1|PICADA INDIVIDUAL  CHIPS| |9502577|PICADA INDIVIDUAL  CHIPS| |9502577|ALIMENTOS|10|ALIMENTOS|10|Para Empezar|1008|Para Empezar|1008|OT1|1|Order Type Master 1|1|38704.00|-7721.00|30983.00|0.00|0.00|0.00|38704.00|-7721.00|30983.00|1|38704.00|1|0|0.00|0.00|0.00|81|20
FPMI|Restaurante|1|Restaurante|1|Mensaje Bebidas 2024| |980000095|Mensaje Bebidas 2024| |980000095|ALIMENTOS|10|ALIMENTOS|10|Para Empezar|1008|Para Empezar|1008|OT1|1|Order Type Master 1|1|0.00|0.00|0.00|0.00|0.00|0.00|0.00|0.00|0.00|1|0.00|1|0|0.00|0.00|0.00|78|19
FPMI|Domicilios|20|Domicilios|20|Mensaje Bebidas 2024| |980000095|Mensaje Bebidas 2024| |980000095|ALIMENTOS|10|ALIMENTOS|10|Para Empezar|1008|Para Empezar|1008|OT2|2|Order Type Master 2|2|0.00|0.00|0.00|0.00|0.00|0.00|0.00|0.00|0.00|1|0.00|1|0|0.00|0.00|0.00|78|19
FPMI|Domicilios|20|Domicilios|20|Mod CocaCola Original 400ml| |980000102|Mod CocaCola Original 400ml| |980000102|ALIMENTOS|10|ALIMENTOS|10|Para Empezar|1008|Para Empezar|1008|OT2|2|Order Type Master 2|2|0.00|0.00|0.00|0.00|0.00|0.00|0.00|0.00|0.00|1|0.00|6|0|0.00|0.00|0.00|59|14
FPMI|Domicilios|20|Domicilios|20|PAPA CASCO| |9500456|PAPA CASCO| |9500456|ALIMENTOS|10|ALIMENTOS|10|Para Empezar|1008|Para Empezar|1008|OT2|2|Order Type Master 2|2|7222.00|0.00|7222.00|0.00|0.00|0.00|7222.00|0.00|7222.00|73|7222.00|1|0|0.00|0.00|0.00|51|12
FPMI|Domicilios|20|Domicilios|20|Mod CocaCola Original 400ml| |980000102|Mod CocaCola Original 400ml| |980000102|ALIMENTOS|10|ALIMENTOS|10|Para Empezar|1008|Para Empezar|1008|OT2|2|Order Type Master 2|2|0.00|0.00|0.00|0.00|0.00|0.00|0.00|0.00|0.00|1|0.00|1|0|0.00|0.00|0.00|54|13
FPMI|Plataformas|21|Plataformas|21|MJE ALM| |90000037|MJE ALM| |90000037|ALIMENTOS|10|ALIMENTOS|10|Para Empezar|1008|Para Empezar|1008|OT7|7|Order Type Master 7|7|0.00|0.00|0.00|0.00|0.00|0.00|0.00|0.00|0.00|1|0.00|1|0|0.00|0.00|0.00|51|12
FPMI|Restaurante|1|Restaurante|1|TINTO COLADO AEX| |9602121|TINTO COLADO AEX| |9602121|BEBIDAS|20|BEBIDAS|20|Bebidas Sin Alcohol|3000|Bebidas Sin Alcohol|3000|OT1|1|Order Type Master 1|1|4537.00|0.00|4537.00|0.00|0.00|0.00|4537.00|0.00|4537.00|1|4537.00|1|0|0.00|0.00|0.00|42|10
FPMI|Restaurante|1|Restaurante|1|CERVEZA CORONA| |9608012|CERVEZA CORONA| |9608012|BEBIDAS|20|BEBIDAS|20|Bebidas Sin Alcohol|3000|Bebidas Sin Alcohol|3000|OT1|1|Order Type Master 1|1|25556.00|0.00|25556.00|0.00|0.00|0.00|25556.00|0.00|25556.00|1|25556.00|2|0|0.00|0.00|0.00|80|19
FPMI|Restaurante|1|Restaurante|1|CERVEZA CLUB COLOMBIA| |9608004|CERVEZA CLUB COLOMBIA| |9608004|BEBIDAS|20|BEBIDAS|20|Bebidas Sin Alcohol|3000|Bebidas Sin Alcohol|3000|OT1|1|Order Type Master 1|1|11296.00|0.00|11296.00|0.00|0.00|0.00|11296.00|0.00|11296.00|1|11296.00|1|0|0.00|0.00|0.00|52|12
FPMI|Restaurante|1|Restaurante|1|JUGO DE MANDARINA| |9604044|JUGO DE MANDARINA| |9604044|BEBIDAS|20|BEBIDAS|20|Bebidas Sin Alcohol|3000|Bebidas Sin Alcohol|3000|OT1|1|Order Type Master 1|1|14074.00|0.00|14074.00|0.00|0.00|0.00|14074.00|0.00|14074.00|1|14074.00|1|0|0.00|0.00|0.00|42|10
FPMI|Restaurante|1|Restaurante|1|COMO ENTRADA| |90000038|COMO ENTRADA| |90000038|ALIMENTOS|10|ALIMENTOS|10|Para Empezar|1008|Para Empezar|1008|OT1|1|Order Type Master 1|1|0.00|0.00|0.00|0.00|0.00|0.00|0.00|0.00|0.00|1|0.00|1|0|0.00|0.00|0.00|42|10
FPMI|Restaurante|1|Restaurante|1|COMO ENTRADA| |90000038|COMO ENTRADA| |90000038|ALIMENTOS|10|ALIMENTOS|10|Para Empezar|1008|Para Empezar|1008|OT1|1|Order Type Master 1|1|0.00|0.00|0.00|0.00|0.00|0.00|0.00|0.00|0.00|1|0.00|1|0|0.00|0.00|0.00|80|19
FPMI|Restaurante|1|Restaurante|1|EMPANADA CACHACA| |9528008|EMPANADA CACHACA| |9528008|ALIMENTOS|10|ALIMENTOS|10|Para Empezar|1008|Para Empezar|1008|OT1|1|Order Type Master 1|1|12222.00|-2447.00|9775.00|0.00|0.00|0.00|12222.00|-2447.00|9775.00|1|12222.00|2|0|0.00|0.00|0.00|69|17
FPMI|Restaurante|1|Restaurante|1|COMO ENTRADA| |90000038|COMO ENTRADA| |90000038|ALIMENTOS|10|ALIMENTOS|10|Para Empezar|1008|Para Empezar|1008|OT1|1|Order Type Master 1|1|0.00|0.00|0.00|0.00|0.00|0.00|0.00|0.00|0.00|41|0.00|1|0|0.00|0.00|0.00|56|13
FPMI|Restaurante|1|Restaurante|1|COMBO HAMBURGUESA CAMPESINA 125 gr BOT| |9508022|COMBO HAMBURGUESA CAMPESINA 125 gr BOT| |9508022|ALIMENTOS|10|ALIMENTOS|10|Para Empezar|1008|Para Empezar|1008|OT1|1|Order Type Master 1|1|29259.00|0.00|29259.00|0.00|0.00|0.00|29259.00|0.00|29259.00|1|29259.00|1|0|0.00|0.00|0.00|56|13
FPMI|Restaurante|1|Restaurante|1|AREPA DE CHOCOLO| |9506036|AREPA DE CHOCOLO| |9506036|ALIMENTOS|10|ALIMENTOS|10|Para Empezar|1008|Para Empezar|1008|OT1|1|Order Type Master 1|1|20185.00|-4000.00|16185.00|0.00|0.00|0.00|20185.00|-4000.00|16185.00|1|20185.00|1|0|0.00|0.00|0.00|83|20
FPMI|Restaurante|1|Restaurante|1|GUACAMOLE| |9500192|GUACAMOLE| |9500192|ALIMENTOS|10|ALIMENTOS|10|Para Empezar|1008|Para Empezar|1008|OT1|1|Order Type Master 1|1|5463.00|-1089.00|4374.00|0.00|0.00|0.00|5463.00|-1089.00|4374.00|1|5463.00|1|0|0.00|0.00|0.00|83|20
FPMI|Restaurante|1|Restaurante|1|COSTILLAS DE CERDO 410 gr  CRIOLLA| |9502361|COSTILLAS DE CERDO 410 gr  CRIOLLA| |9502361|ALIMENTOS|10|ALIMENTOS|10|Para Empezar|1008|Para Empezar|1008|OT1|1|Order Type Master 1|1|51667.00|0.00|51667.00|0.00|0.00|0.00|51667.00|0.00|51667.00|1|51667.00|1|0|0.00|0.00|0.00|53|13
FPMI|Restaurante|1|Restaurante|1|AREPA DE HUEVO Y CARNE DESMECHADA| |9528059|AREPA DE HUEVO Y CARNE DESMECHADA| |9528059|ALIMENTOS|10|ALIMENTOS|10|Para Empezar|1008|Para Empezar|1008|OT1|1|Order Type Master 1|1|13519.00|0.00|13519.00|0.00|0.00|0.00|13519.00|0.00|13519.00|1|13519.00|1|0|0.00|0.00|0.00|62|15
FPMI|Restaurante|1|Restaurante|1|COMO ENTRADA| |90000038|COMO ENTRADA| |90000038|ALIMENTOS|10|ALIMENTOS|10|Para Empezar|1008|Para Empezar|1008|OT1|1|Order Type Master 1|1|0.00|0.00|0.00|0.00|0.00|0.00|0.00|0.00|0.00|1|0.00|1|0|0.00|0.00|0.00|62|15
FPMI|Restaurante|1|Restaurante|1|AREPA DE HUEVO| |9528012|AREPA DE HUEVO| |9528012|ALIMENTOS|10|ALIMENTOS|10|Para Empezar|1008|Para Empezar|1008|OT1|1|Order Type Master 1|1|7778.00|0.00|7778.00|0.00|0.00|0.00|7778.00|0.00|7778.00|1|7778.00|1|0|0.00|0.00|0.00|62|15
FPMI|Restaurante|1|Restaurante|1|ENTRECOT 180 gr  CASCO| |9502505|ENTRECOT 180 gr  CASCO| |9502505|ALIMENTOS|10|ALIMENTOS|10|Para Empezar|1008|Para Empezar|1008|OT1|1|Order Type Master 1|1|35093.00|0.00|35093.00|0.00|0.00|0.00|35093.00|0.00|35093.00|1|35093.00|1|0|0.00|0.00|0.00|62|15
FPMI|Restaurante|1|Restaurante|1|Mensaje Bebidas 2024| |980000095|Mensaje Bebidas 2024| |980000095|ALIMENTOS|10|ALIMENTOS|10|Para Empezar|1008|Para Empezar|1008|OT1|1|Order Type Master 1|1|0.00|0.00|0.00|0.00|0.00|0.00|0.00|0.00|0.00|1|0.00|2|0|0.00|0.00|0.00|62|15
FPMI|Restaurante|1|Restaurante|1|SALSA DE TOMATE| |9500483|SALSA DE TOMATE| |9500483|ALIMENTOS|10|ALIMENTOS|10|Para Empezar|1008|Para Empezar|1008|OT1|1|Order Type Master 1|1|0.00|0.00|0.00|0.00|0.00|0.00|0.00|0.00|0.00|1|0.00|1|0|0.00|0.00|0.00|61|15
FPMI|Restaurante|1|Restaurante|1|Mensaje Bebidas 2024| |980000095|Mensaje Bebidas 2024| |980000095|ALIMENTOS|10|ALIMENTOS|10|Para Empezar|1008|Para Empezar|1008|OT1|1|Order Type Master 1|1|0.00|0.00|0.00|0.00|0.00|0.00|0.00|0.00|0.00|1|0.00|2|0|0.00|0.00|0.00|47|11
FPMI|Restaurante|1|Restaurante|1|MJE ALM| |90000037|MJE ALM| |90000037|ALIMENTOS|10|ALIMENTOS|10|Para Empezar|1008|Para Empezar|1008|OT1|1|Order Type Master 1|1|0.00|0.00|0.00|0.00|0.00|0.00|0.00|0.00|0.00|1|0.00|2|0|0.00|0.00|0.00|42|10
FPMI|Restaurante|1|Restaurante|1|COMO ENTRADA| |90000038|COMO ENTRADA| |90000038|ALIMENTOS|10|ALIMENTOS|10|Para Empezar|1008|Para Empezar|1008|OT1|1|Order Type Master 1|1|0.00|0.00|0.00|0.00|0.00|0.00|0.00|0.00|0.00|1|0.00|4|0|0.00|0.00|0.00|53|13
FPMI|Restaurante|1|Restaurante|1|Mensaje Bebidas 2024| |980000095|Mensaje Bebidas 2024| |980000095|ALIMENTOS|10|ALIMENTOS|10|Para Empezar|1008|Para Empezar|1008|OT1|1|Order Type Master 1|1|0.00|0.00|0.00|0.00|0.00|0.00|0.00|0.00|0.00|1|0.00|1|0|0.00|0.00|0.00|53|13
FPMI|Domicilios|20|Domicilios|20|PECHUGA A LA PARRILLA 230 gr FRANCESA | |9506090|PECHUGA A LA PARRILLA 230 gr FRANCESA | |9506090|ALIMENTOS|10|ALIMENTOS|10|Para Empezar|1008|Para Empezar|1008|OT2|2|Order Type Master 2|2|24815.00|-4976.00|19839.00|0.00|0.00|0.00|24815.00|-4976.00|19839.00|73|24815.00|1|0|0.00|0.00|0.00|78|19
FPMI|Domicilios|20|Domicilios|20|COMBO HAMBURGUESA CAMPESINA 125 gr BOT| |9508022|COMBO HAMBURGUESA CAMPESINA 125 gr BOT| |9508022|ALIMENTOS|10|ALIMENTOS|10|Para Empezar|1008|Para Empezar|1008|OT2|2|Order Type Master 2|2|175554.00|0.00|175554.00|0.00|0.00|0.00|175554.00|0.00|175554.00|73|175554.00|6|0|0.00|0.00|0.00|59|14
FPMI|Domicilios|20|Domicilios|20|Mod CocaCola Original 400ml| |980000102|Mod CocaCola Original 400ml| |980000102|ALIMENTOS|10|ALIMENTOS|10|Para Empezar|1008|Para Empezar|1008|OT2|2|Order Type Master 2|2|0.00|0.00|0.00|0.00|0.00|0.00|0.00|0.00|0.00|1|0.00|1|0|0.00|0.00|0.00|63|15
FPMI|Domicilios|20|Domicilios|20|MJE ALM| |90000037|MJE ALM| |90000037|ALIMENTOS|10|ALIMENTOS|10|Para Empezar|1008|Para Empezar|1008|OT2|2|Order Type Master 2|2|0.00|0.00|0.00|0.00|0.00|0.00|0.00|0.00|0.00|1|0.00|2|0|0.00|0.00|0.00|82|20
FPMI|Plataformas|21|Plataformas|21|CUBIERTOS Y SERVILLETAS| |980000100|CUBIERTOS Y SERVILLETAS| |980000100|ALIMENTOS|10|ALIMENTOS|10|Para Empezar|1008|Para Empezar|1008|OT7|7|Order Type Master 7|7|0.00|0.00|0.00|0.00|0.00|0.00|0.00|0.00|0.00|153|0.00|1|0|0.00|0.00|0.00|61|15
FPMI|Plataformas|21|Plataformas|21|PATACON GRATINADO| |9524040|PATACON GRATINADO| |9524040|ALIMENTOS|10|ALIMENTOS|10|Para Empezar|1008|Para Empezar|1008|OT7|7|Order Type Master 7|7|13796.00|0.00|13796.00|0.00|0.00|0.00|13796.00|0.00|13796.00|153|13796.00|1|0|0.00|0.00|0.00|48|11
FPMI|Restaurante|1|Restaurante|1|TINTO COLADO AEX| |9602121|TINTO COLADO AEX| |9602121|BEBIDAS|20|BEBIDAS|20|Bebidas Sin Alcohol|3000|Bebidas Sin Alcohol|3000|OT1|1|Order Type Master 1|1|9074.00|0.00|9074.00|0.00|0.00|0.00|9074.00|0.00|9074.00|1|9074.00|2|0|0.00|0.00|0.00|56|13
FPMI|Restaurante|1|Restaurante|1|JUGO DE MARACUYA EN AGUA| |9604116|JUGO DE MARACUYA EN AGUA| |9604116|BEBIDAS|20|BEBIDAS|20|Bebidas Sin Alcohol|3000|Bebidas Sin Alcohol|3000|OT1|1|Order Type Master 1|1|20186.00|0.00|20186.00|0.00|0.00|0.00|20186.00|0.00|20186.00|1|20186.00|2|0|0.00|0.00|0.00|53|13
FPMI|Plataformas|21|Plataformas|21|JUGO DE MANGO EN LECHE| |9604152|JUGO DE MANGO EN LECHE| |9604152|BEBIDAS|20|BEBIDAS|20|Bebidas Sin Alcohol|3000|Bebidas Sin Alcohol|3000|OT7|7|Order Type Master 7|7|13333.00|0.00|13333.00|0.00|0.00|0.00|13333.00|0.00|13333.00|153|13333.00|1|0|0.00|0.00|0.00|53|13
FPMI|Restaurante|1|Restaurante|1|CALENTAO ANDRES MEDIO| |9518003|CALENTAO ANDRES MEDIO| |9518003|ALIMENTOS|10|ALIMENTOS|10|Para Empezar|1008|Para Empezar|1008|OT1|1|Order Type Master 1|1|16574.00|0.00|16574.00|0.00|0.00|0.00|16574.00|0.00|16574.00|1|16574.00|1|0|0.00|0.00|0.00|42|10
FPMI|Restaurante|1|Restaurante|1|EMPANADA MIXTA 4 UNIDADES| |9528041|EMPANADA MIXTA 4 UNIDADES| |9528041|ALIMENTOS|10|ALIMENTOS|10|Para Empezar|1008|Para Empezar|1008|OT1|1|Order Type Master 1|1|22500.00|0.00|22500.00|0.00|0.00|0.00|22500.00|0.00|22500.00|1|22500.00|1|0|0.00|0.00|0.00|52|12
FPMI|Restaurante|1|Restaurante|1|PICADA INDIVIDUAL  CRIOLLA| |9502576|PICADA INDIVIDUAL  CRIOLLA| |9502576|ALIMENTOS|10|ALIMENTOS|10|Para Empezar|1008|Para Empezar|1008|OT1|1|Order Type Master 1|1|38704.00|0.00|38704.00|0.00|0.00|0.00|38704.00|0.00|38704.00|1|38704.00|1|0|0.00|0.00|0.00|53|13
FPMI|Restaurante|1|Restaurante|1|Mod BienAsado| |980000006|Mod BienAsado| |980000006|ALIMENTOS|10|ALIMENTOS|10|Para Empezar|1008|Para Empezar|1008|OT1|1|Order Type Master 1|1|0.00|0.00|0.00|0.00|0.00|0.00|0.00|0.00|0.00|1|0.00|1|0|0.00|0.00|0.00|53|13
FPMI|Restaurante|1|Restaurante|1| COMBO HAMBURGUESA MILAGROSA 180 gr LIMONADA| |9508040| COMBO HAMBURGUESA MILAGROSA 180 gr LIMONADA| |9508040|ALIMENTOS|10|ALIMENTOS|10|Para Empezar|1008|Para Empezar|1008|OT1|1|Order Type Master 1|1|33796.00|0.00|33796.00|0.00|0.00|0.00|33796.00|0.00|33796.00|1|33796.00|1|0|0.00|0.00|0.00|78|19
FPMI|Restaurante|1|Restaurante|1|MJE ALM| |90000037|MJE ALM| |90000037|ALIMENTOS|10|ALIMENTOS|10|Para Empezar|1008|Para Empezar|1008|OT1|1|Order Type Master 1|1|0.00|0.00|0.00|0.00|0.00|0.00|0.00|0.00|0.00|1|0.00|1|0|0.00|0.00|0.00|78|19
FPMI|Restaurante|1|Restaurante|1|TRUCHA A LA PLANCHA 350 gr ENSALADA| |9504163|TRUCHA A LA PLANCHA 350 gr ENSALADA| |9504163|ALIMENTOS|10|ALIMENTOS|10|Para Empezar|1008|Para Empezar|1008|OT1|1|Order Type Master 1|1|35741.00|0.00|35741.00|0.00|0.00|0.00|35741.00|0.00|35741.00|1|35741.00|1|0|0.00|0.00|0.00|53|13
FPMI|Restaurante|1|Restaurante|1|SALSA BABY| |9500376|SALSA BABY| |9500376|ALIMENTOS|10|ALIMENTOS|10|Para Empezar|1008|Para Empezar|1008|OT1|1|Order Type Master 1|1|0.00|0.00|0.00|0.00|0.00|0.00|0.00|0.00|0.00|1|0.00|1|0|0.00|0.00|0.00|55|13
FPMI|Restaurante|1|Restaurante|1|MJE ALM| |90000037|MJE ALM| |90000037|ALIMENTOS|10|ALIMENTOS|10|Para Empezar|1008|Para Empezar|1008|OT1|1|Order Type Master 1|1|0.00|0.00|0.00|0.00|0.00|0.00|0.00|0.00|0.00|1|0.00|3|0|0.00|0.00|0.00|53|13
FPMI|Restaurante|1|Restaurante|1|Mensaje Bebidas 2024| |980000095|Mensaje Bebidas 2024| |980000095|ALIMENTOS|10|ALIMENTOS|10|Para Empezar|1008|Para Empezar|1008|OT1|1|Order Type Master 1|1|0.00|0.00|0.00|0.00|0.00|0.00|0.00|0.00|0.00|1|0.00|1|0|0.00|0.00|0.00|77|19
FPMI|Restaurante|1|Restaurante|1|PATACON GRATINADO| |9524040|PATACON GRATINADO| |9524040|ALIMENTOS|10|ALIMENTOS|10|Para Empezar|1008|Para Empezar|1008|OT1|1|Order Type Master 1|1|12593.00|-2512.00|10081.00|0.00|0.00|0.00|12593.00|-2512.00|10081.00|1|12593.00|1|0|0.00|0.00|0.00|81|20
FPMI|Domicilios|20|Domicilios|20|AREPA DE CHOCOLO| |9506036|AREPA DE CHOCOLO| |9506036|ALIMENTOS|10|ALIMENTOS|10|Para Empezar|1008|Para Empezar|1008|OT2|2|Order Type Master 2|2|20185.00|0.00|20185.00|0.00|0.00|0.00|20185.00|0.00|20185.00|73|20185.00|1|0|0.00|0.00|0.00|51|12
FPMI|Domicilios|20|Domicilios|20|LONGANIZA 100 gr| |9502092|LONGANIZA 100 gr| |9502092|ALIMENTOS|10|ALIMENTOS|10|Para Empezar|1008|Para Empezar|1008|OT2|2|Order Type Master 2|2|12593.00|0.00|12593.00|0.00|0.00|0.00|12593.00|0.00|12593.00|73|12593.00|1|0|0.00|0.00|0.00|56|13
FPMI|Domicilios|20|Domicilios|20|TORTA DE CHOCOLATE | |9514022|TORTA DE CHOCOLATE | |9514022|ALIMENTOS|10|ALIMENTOS|10|Para Empezar|1008|Para Empezar|1008|OT2|2|Order Type Master 2|2|13519.00|-2700.00|10819.00|0.00|0.00|0.00|13519.00|-2700.00|10819.00|73|13519.00|1|0|0.00|0.00|0.00|77|19
FPMI|Domicilios|20|Domicilios|20|AJIACO CON POLLO PERSONAL | |9540230|AJIACO CON POLLO PERSONAL | |9540230|ALIMENTOS|10|ALIMENTOS|10|Para Empezar|1008|Para Empezar|1008|OT2|2|Order Type Master 2|2|27780.00|0.00|27780.00|0.00|0.00|0.00|27780.00|0.00|27780.00|73|27780.00|6|0|0.00|0.00|0.00|55|13
FPMI|Plataformas|21|Plataformas|21|AJIACO NINOS| |9542004|AJIACO NINOS| |9542004|ALIMENTOS|10|ALIMENTOS|10|Para Empezar|1008|Para Empezar|1008|OT7|7|Order Type Master 7|7|40556.00|0.00|40556.00|0.00|0.00|0.00|40556.00|0.00|40556.00|153|40556.00|2|0|0.00|0.00|0.00|53|13
FPMI|Restaurante|1|Restaurante|1|ADICION DE HELADO| |9604336|ADICION DE HELADO| |9604336|BEBIDAS|20|BEBIDAS|20|Bebidas Sin Alcohol|3000|Bebidas Sin Alcohol|3000|OT1|1|Order Type Master 1|1|5370.00|-1075.00|4295.00|0.00|0.00|0.00|5370.00|-1075.00|4295.00|1|5370.00|1|0|0.00|0.00|0.00|69|17
FPMI|Restaurante|1|Restaurante|1|LULADA CON LECHE CONDENSADA| |9604393|LULADA CON LECHE CONDENSADA| |9604393|BEBIDAS|20|BEBIDAS|20|Bebidas Sin Alcohol|3000|Bebidas Sin Alcohol|3000|OT1|1|Order Type Master 1|1|14722.00|-2947.00|11775.00|0.00|0.00|0.00|14722.00|-2947.00|11775.00|1|14722.00|1|0|0.00|0.00|0.00|69|17
FPMI|Restaurante|1|Restaurante|1|JUGO DE FRESA EN AGUA| |9604148|JUGO DE FRESA EN AGUA| |9604148|BEBIDAS|20|BEBIDAS|20|Bebidas Sin Alcohol|3000|Bebidas Sin Alcohol|3000|OT1|1|Order Type Master 1|1|10093.00|0.00|10093.00|0.00|0.00|0.00|10093.00|0.00|10093.00|1|10093.00|1|0|0.00|0.00|0.00|60|14
FPMI|Restaurante|1|Restaurante|1|JUGO DE LULO EN LECHE| |9604212|JUGO DE LULO EN LECHE| |9604212|BEBIDAS|20|BEBIDAS|20|Bebidas Sin Alcohol|3000|Bebidas Sin Alcohol|3000|OT1|1|Order Type Master 1|1|12870.00|-2565.00|10305.00|0.00|0.00|0.00|12870.00|-2565.00|10305.00|1|12870.00|1|0|0.00|0.00|0.00|83|20
FPMI|Restaurante|1|Restaurante|1|JUGO DE MANDARINA| |9604044|JUGO DE MANDARINA| |9604044|BEBIDAS|20|BEBIDAS|20|Bebidas Sin Alcohol|3000|Bebidas Sin Alcohol|3000|OT1|1|Order Type Master 1|1|14074.00|-2821.00|11253.00|0.00|0.00|0.00|14074.00|-2821.00|11253.00|1|14074.00|1|0|0.00|0.00|0.00|76|18
FPMI|Restaurante|1|Restaurante|1|CAFE AMERICANO NESPRESSO| |9262158|CAFE AMERICANO NESPRESSO| |9262158|BEBIDAS|20|BEBIDAS|20|Bebidas Sin Alcohol|3000|Bebidas Sin Alcohol|3000|OT1|1|Order Type Master 1|1|13518.00|0.00|13518.00|0.00|0.00|0.00|13518.00|0.00|13518.00|1|13518.00|2|0|0.00|0.00|0.00|42|10
FPMI|Restaurante|1|Restaurante|1|CAFE AMERICANO NESPRESSO| |9262158|CAFE AMERICANO NESPRESSO| |9262158|BEBIDAS|20|BEBIDAS|20|Bebidas Sin Alcohol|3000|Bebidas Sin Alcohol|3000|OT1|1|Order Type Master 1|1|6759.00|0.00|6759.00|0.00|0.00|0.00|6759.00|0.00|6759.00|1|6759.00|1|0|0.00|0.00|0.00|57|14
FPMI|Restaurante|1|Restaurante|1|AROMATICA| |9602088|AROMATICA| |9602088|BEBIDAS|20|BEBIDAS|20|Bebidas Sin Alcohol|3000|Bebidas Sin Alcohol|3000|OT1|1|Order Type Master 1|1|4537.00|0.00|4537.00|0.00|0.00|0.00|4537.00|0.00|4537.00|1|4537.00|1|0|0.00|0.00|0.00|57|14
FPMI|Restaurante|1|Restaurante|1|BANDEJA PAISA| |9520036|BANDEJA PAISA| |9520036|ALIMENTOS|10|ALIMENTOS|10|Para Empezar|1008|Para Empezar|1008|OT1|1|Order Type Master 1|1|85000.00|0.00|85000.00|0.00|0.00|0.00|85000.00|0.00|85000.00|1|85000.00|2|0|0.00|0.00|0.00|56|13
FPMI|Restaurante|1|Restaurante|1|CHORIZO ANTIOQUENO 100 gr| |9502084|CHORIZO ANTIOQUENO 100 gr| |9502084|ALIMENTOS|10|ALIMENTOS|10|Para Empezar|1008|Para Empezar|1008|OT1|1|Order Type Master 1|1|13519.00|0.00|13519.00|0.00|0.00|0.00|13519.00|0.00|13519.00|1|13519.00|1|0|0.00|0.00|0.00|56|13
FPMI|Restaurante|1|Restaurante|1|PATACON CON HOGAO| |9524044|PATACON CON HOGAO| |9524044|ALIMENTOS|10|ALIMENTOS|10|Para Empezar|1008|Para Empezar|1008|OT1|1|Order Type Master 1|1|10000.00|0.00|10000.00|0.00|0.00|0.00|10000.00|0.00|10000.00|1|10000.00|1|0|0.00|0.00|0.00|56|13
FPMI|Restaurante|1|Restaurante|1|AREPA DE CHOCOLO| |9506036|AREPA DE CHOCOLO| |9506036|ALIMENTOS|10|ALIMENTOS|10|Para Empezar|1008|Para Empezar|1008|OT1|1|Order Type Master 1|1|20185.00|0.00|20185.00|0.00|0.00|0.00|20185.00|0.00|20185.00|1|20185.00|1|0|0.00|0.00|0.00|60|14
FPMI|Restaurante|1|Restaurante|1|CANASTA DE 4 EMPANADAS CACHACAS| |9528040|CANASTA DE 4 EMPANADAS CACHACAS| |9528040|ALIMENTOS|10|ALIMENTOS|10|Para Empezar|1008|Para Empezar|1008|OT1|1|Order Type Master 1|1|45000.00|0.00|45000.00|0.00|0.00|0.00|45000.00|0.00|45000.00|1|45000.00|2|0|0.00|0.00|0.00|60|14
FPMI|Restaurante|1|Restaurante|1|CHORIZO ANTIOQUENO 100 gr| |9502084|CHORIZO ANTIOQUENO 100 gr| |9502084|ALIMENTOS|10|ALIMENTOS|10|Para Empezar|1008|Para Empezar|1008|OT1|1|Order Type Master 1|1|13519.00|-2687.00|10832.00|0.00|0.00|0.00|13519.00|-2687.00|10832.00|1|13519.00|1|0|0.00|0.00|0.00|71|17
FPMI|Restaurante|1|Restaurante|1|EMPANADA DE QUESO| |9528030|EMPANADA DE QUESO| |9528030|ALIMENTOS|10|ALIMENTOS|10|Para Empezar|1008|Para Empezar|1008|OT1|1|Order Type Master 1|1|6111.00|-1222.00|4889.00|0.00|0.00|0.00|6111.00|-1222.00|4889.00|1|6111.00|1|0|0.00|0.00|0.00|76|18
FPMI|Restaurante|1|Restaurante|1|BANDEJA PAISA| |9520036|BANDEJA PAISA| |9520036|ALIMENTOS|10|ALIMENTOS|10|Para Empezar|1008|Para Empezar|1008|OT1|1|Order Type Master 1|1|42500.00|0.00|42500.00|0.00|0.00|0.00|42500.00|0.00|42500.00|1|42500.00|1|0|0.00|0.00|0.00|50|12
FPMI|Restaurante|1|Restaurante|1|CHULETA DE CERDO 300 gr CASCO| |9502581|CHULETA DE CERDO 300 gr CASCO| |9502581|ALIMENTOS|10|ALIMENTOS|10|Para Empezar|1008|Para Empezar|1008|OT1|1|Order Type Master 1|1|35000.00|0.00|35000.00|0.00|0.00|0.00|35000.00|0.00|35000.00|1|35000.00|1|0|0.00|0.00|0.00|60|14
FPMI|Restaurante|1|Restaurante|1|COMO ENTRADA| |90000038|COMO ENTRADA| |90000038|ALIMENTOS|10|ALIMENTOS|10|Para Empezar|1008|Para Empezar|1008|OT1|1|Order Type Master 1|1|0.00|0.00|0.00|0.00|0.00|0.00|0.00|0.00|0.00|1|0.00|1|0|0.00|0.00|0.00|81|20
FPMI|Restaurante|1|Restaurante|1|CHICHARRON 90 gr| |9528024|CHICHARRON 90 gr| |9528024|ALIMENTOS|10|ALIMENTOS|10|Para Empezar|1008|Para Empezar|1008|OT1|1|Order Type Master 1|1|26667.00|0.00|26667.00|0.00|0.00|0.00|26667.00|0.00|26667.00|1|26667.00|1|0|0.00|0.00|0.00|42|10
FPMI|Restaurante|1|Restaurante|1|MJE ALM| |90000037|MJE ALM| |90000037|ALIMENTOS|10|ALIMENTOS|10|Para Empezar|1008|Para Empezar|1008|OT1|1|Order Type Master 1|1|0.00|0.00|0.00|0.00|0.00|0.00|0.00|0.00|0.00|1|0.00|3|0|0.00|0.00|0.00|60|14
FPMI|Restaurante|1|Restaurante|1|AREPA DE CHOCOLO| |9506036|AREPA DE CHOCOLO| |9506036|ALIMENTOS|10|ALIMENTOS|10|Para Empezar|1008|Para Empezar|1008|OT1|1|Order Type Master 1|1|40370.00|0.00|40370.00|0.00|0.00|0.00|40370.00|0.00|40370.00|1|40370.00|2|0|0.00|0.00|0.00|78|19
FPMI|Restaurante|1|Restaurante|1|CONSOME DE RES| |9522020|CONSOME DE RES| |9522020|ALIMENTOS|10|ALIMENTOS|10|Para Empezar|1008|Para Empezar|1008|OT1|1|Order Type Master 1|1|12870.00|0.00|12870.00|0.00|0.00|0.00|12870.00|0.00|12870.00|1|12870.00|1|0|0.00|0.00|0.00|78|19
FPMI|Restaurante|1|Restaurante|1|PAPA FRANCESA| |9500452|PAPA FRANCESA| |9500452|ALIMENTOS|10|ALIMENTOS|10|Para Empezar|1008|Para Empezar|1008|OT1|1|Order Type Master 1|1|-7222.00|0.00|-7222.00|0.00|0.00|0.00|-7222.00|0.00|-7222.00|1|-7222.00|-1|0|0.00|0.00|0.00|85|21
FPMI|Restaurante|1|Restaurante|1|COMBO HAMBURGUESA CAMPESINA 125 gr BOT| |9508022|COMBO HAMBURGUESA CAMPESINA 125 gr BOT| |9508022|ALIMENTOS|10|ALIMENTOS|10|Para Empezar|1008|Para Empezar|1008|OT1|1|Order Type Master 1|1|29259.00|0.00|29259.00|0.00|0.00|0.00|29259.00|0.00|29259.00|1|29259.00|1|0|0.00|0.00|0.00|62|15
FPMI|Restaurante|1|Restaurante|1|Mod 3/4| |980000004|Mod 3/4| |980000004|ALIMENTOS|10|ALIMENTOS|10|Para Empezar|1008|Para Empezar|1008|OT1|1|Order Type Master 1|1|0.00|0.00|0.00|0.00|0.00|0.00|0.00|0.00|0.00|1|0.00|1|0|0.00|0.00|0.00|62|15
FPMI|Restaurante|1|Restaurante|1|CHULETA DE CERDO 300 gr CASCO| |9502581|CHULETA DE CERDO 300 gr CASCO| |9502581|ALIMENTOS|10|ALIMENTOS|10|Para Empezar|1008|Para Empezar|1008|OT1|1|Order Type Master 1|1|35000.00|0.00|35000.00|0.00|0.00|0.00|35000.00|0.00|35000.00|1|35000.00|1|0|0.00|0.00|0.00|62|15
FPMI|Restaurante|1|Restaurante|1|AJI CASERO| |9500480|AJI CASERO| |9500480|ALIMENTOS|10|ALIMENTOS|10|Para Empezar|1008|Para Empezar|1008|OT1|1|Order Type Master 1|1|0.00|0.00|0.00|0.00|0.00|0.00|0.00|0.00|0.00|1|0.00|2|0|0.00|0.00|0.00|57|14
FPMI|Restaurante|1|Restaurante|1|Mensaje Bebidas 2024| |980000095|Mensaje Bebidas 2024| |980000095|ALIMENTOS|10|ALIMENTOS|10|Para Empezar|1008|Para Empezar|1008|OT1|1|Order Type Master 1|1|0.00|0.00|0.00|0.00|0.00|0.00|0.00|0.00|0.00|1|0.00|1|0|0.00|0.00|0.00|80|19
FPMI|Restaurante|1|Restaurante|1|PAPA FRANCESA| |9500452|PAPA FRANCESA| |9500452|ALIMENTOS|10|ALIMENTOS|10|Para Empezar|1008|Para Empezar|1008|OT1|1|Order Type Master 1|1|7222.00|0.00|7222.00|0.00|0.00|0.00|7222.00|0.00|7222.00|1|7222.00|1|0|0.00|0.00|0.00|78|19
FPMI|Restaurante|1|Restaurante|1|HUEVOS MAIZ Y TOCINETA| |9540210|HUEVOS MAIZ Y TOCINETA| |9540210|ALIMENTOS|10|ALIMENTOS|10|Para Empezar|1008|Para Empezar|1008|OT1|1|Order Type Master 1|1|9167.00|0.00|9167.00|0.00|0.00|0.00|9167.00|0.00|9167.00|1|9167.00|1|0|0.00|0.00|0.00|42|10
FPMI|Restaurante|1|Restaurante|1|PICADA INDIVIDUAL FRANCESA| |9502584|PICADA INDIVIDUAL FRANCESA| |9502584|ALIMENTOS|10|ALIMENTOS|10|Para Empezar|1008|Para Empezar|1008|OT1|1|Order Type Master 1|1|38704.00|0.00|38704.00|0.00|0.00|0.00|38704.00|0.00|38704.00|1|38704.00|1|0|0.00|0.00|0.00|77|19
FPMI|Domicilios|20|Domicilios|20|AREPA DE CHOCOLO| |9506036|AREPA DE CHOCOLO| |9506036|ALIMENTOS|10|ALIMENTOS|10|Para Empezar|1008|Para Empezar|1008|OT2|2|Order Type Master 2|2|40370.00|-8000.00|32370.00|0.00|0.00|0.00|40370.00|-8000.00|32370.00|73|40370.00|2|0|0.00|0.00|0.00|76|18
FPMI|Domicilios|20|Domicilios|20|MJE ALM| |90000037|MJE ALM| |90000037|ALIMENTOS|10|ALIMENTOS|10|Para Empezar|1008|Para Empezar|1008|OT2|2|Order Type Master 2|2|0.00|0.00|0.00|0.00|0.00|0.00|0.00|0.00|0.00|1|0.00|1|0|0.00|0.00|0.00|51|12
FPMI|Domicilios|20|Domicilios|20|Mod CocaCola Original 400ml| |980000102|Mod CocaCola Original 400ml| |980000102|ALIMENTOS|10|ALIMENTOS|10|Para Empezar|1008|Para Empezar|1008|OT2|2|Order Type Master 2|2|0.00|0.00|0.00|0.00|0.00|0.00|0.00|0.00|0.00|1|0.00|1|0|0.00|0.00|0.00|82|20
FPMI|Domicilios|20|Domicilios|20|AJIACO NINOS| |9542004|AJIACO NINOS| |9542004|ALIMENTOS|10|ALIMENTOS|10|Para Empezar|1008|Para Empezar|1008|OT2|2|Order Type Master 2|2|18426.00|-3700.00|14726.00|0.00|0.00|0.00|18426.00|-3700.00|14726.00|81|18426.00|1|0|0.00|0.00|0.00|60|14
FPMI|Plataformas|21|Plataformas|21|AJIACO  POLLO| |9520008|AJIACO  POLLO| |9520008|ALIMENTOS|10|ALIMENTOS|10|Para Empezar|1008|Para Empezar|1008|OT7|7|Order Type Master 7|7|35741.00|0.00|35741.00|0.00|0.00|0.00|35741.00|0.00|35741.00|153|35741.00|1|0|0.00|0.00|0.00|51|12
FPMI|Restaurante|1|Restaurante|1|GASEOSA 400 ml| |9606131|GASEOSA 400 ml| |9606131|BEBIDAS|20|BEBIDAS|20|Bebidas Sin Alcohol|3000|Bebidas Sin Alcohol|3000|OT1|1|Order Type Master 1|1|7593.00|0.00|7593.00|0.00|0.00|0.00|7593.00|0.00|7593.00|1|7593.00|1|0|0.00|0.00|0.00|42|10
FPMI|Restaurante|1|Restaurante|1|CERVEZA CLUB COLOMBIA| |9608004|CERVEZA CLUB COLOMBIA| |9608004|BEBIDAS|20|BEBIDAS|20|Bebidas Sin Alcohol|3000|Bebidas Sin Alcohol|3000|OT1|1|Order Type Master 1|1|22592.00|0.00|22592.00|0.00|0.00|0.00|22592.00|0.00|22592.00|1|22592.00|2|0|0.00|0.00|0.00|56|13
FPMI|Restaurante|1|Restaurante|1|JUGO DE LULO EN AGUA| |9604216|JUGO DE LULO EN AGUA| |9604216|BEBIDAS|20|BEBIDAS|20|Bebidas Sin Alcohol|3000|Bebidas Sin Alcohol|3000|OT1|1|Order Type Master 1|1|10093.00|-2011.00|8082.00|0.00|0.00|0.00|10093.00|-2011.00|8082.00|1|10093.00|1|0|0.00|0.00|0.00|83|20
FPMI|Restaurante|1|Restaurante|1|CERVEZA CLUB COLOMBIA| |9608004|CERVEZA CLUB COLOMBIA| |9608004|BEBIDAS|20|BEBIDAS|20|Bebidas Sin Alcohol|3000|Bebidas Sin Alcohol|3000|OT1|1|Order Type Master 1|1|11296.00|0.00|11296.00|0.00|0.00|0.00|11296.00|0.00|11296.00|1|11296.00|1|0|0.00|0.00|0.00|53|13
FPMI|Restaurante|1|Restaurante|1|AROMATICA| |9602088|AROMATICA| |9602088|BEBIDAS|20|BEBIDAS|20|Bebidas Sin Alcohol|3000|Bebidas Sin Alcohol|3000|OT1|1|Order Type Master 1|1|4537.00|0.00|4537.00|0.00|0.00|0.00|4537.00|0.00|4537.00|1|4537.00|1|0|0.00|0.00|0.00|80|19
FPMI|Restaurante|1|Restaurante|1|CAPUCCINO NESPRESSO| |9262152|CAPUCCINO NESPRESSO| |9262152|BEBIDAS|20|BEBIDAS|20|Bebidas Sin Alcohol|3000|Bebidas Sin Alcohol|3000|OT1|1|Order Type Master 1|1|6759.00|0.00|6759.00|0.00|0.00|0.00|6759.00|0.00|6759.00|153|6759.00|1|0|0.00|0.00|0.00|44|10
FPMI|Restaurante|1|Restaurante|1|PATACON CARNE DESMECHADA| |9524028|PATACON CARNE DESMECHADA| |9524028|ALIMENTOS|10|ALIMENTOS|10|Para Empezar|1008|Para Empezar|1008|OT1|1|Order Type Master 1|1|24630.00|0.00|24630.00|0.00|0.00|0.00|24630.00|0.00|24630.00|1|24630.00|1|0|0.00|0.00|0.00|54|13
FPMI|Restaurante|1|Restaurante|1|AREPA DE CHOCOLO| |9506036|AREPA DE CHOCOLO| |9506036|ALIMENTOS|10|ALIMENTOS|10|Para Empezar|1008|Para Empezar|1008|OT1|1|Order Type Master 1|1|100925.00|0.00|100925.00|0.00|0.00|0.00|100925.00|0.00|100925.00|1|100925.00|5|0|0.00|0.00|0.00|42|10
FPMI|Restaurante|1|Restaurante|1|CALENTADO ANDRES| |9518004|CALENTADO ANDRES| |9518004|ALIMENTOS|10|ALIMENTOS|10|Para Empezar|1008|Para Empezar|1008|OT1|1|Order Type Master 1|1|35093.00|0.00|35093.00|0.00|0.00|0.00|35093.00|0.00|35093.00|1|35093.00|1|0|0.00|0.00|0.00|42|10
FPMI|Restaurante|1|Restaurante|1|PATACON CON HOGAO| |9524044|PATACON CON HOGAO| |9524044|ALIMENTOS|10|ALIMENTOS|10|Para Empezar|1008|Para Empezar|1008|OT1|1|Order Type Master 1|1|10000.00|0.00|10000.00|0.00|0.00|0.00|10000.00|0.00|10000.00|1|10000.00|1|0|0.00|0.00|0.00|42|10
FPMI|Restaurante|1|Restaurante|1|CHOCOLATE| |9602076|CHOCOLATE| |9602076|ALIMENTOS|10|ALIMENTOS|10|Para Empezar|1008|Para Empezar|1008|OT1|1|Order Type Master 1|1|29260.00|0.00|29260.00|0.00|0.00|0.00|29260.00|0.00|29260.00|1|29260.00|4|0|0.00|0.00|0.00|42|10
FPMI|Restaurante|1|Restaurante|1|SALMON A LA PLANCHA 200 gr ARROZ BLANCO| |9504092|SALMON A LA PLANCHA 200 gr ARROZ BLANCO| |9504092|ALIMENTOS|10|ALIMENTOS|10|Para Empezar|1008|Para Empezar|1008|OT1|1|Order Type Master 1|1|49815.00|0.00|49815.00|0.00|0.00|0.00|49815.00|0.00|49815.00|1|49815.00|1|0|0.00|0.00|0.00|50|12
FPMI|Restaurante|1|Restaurante|1|AREPA DE CHOCOLO| |9506036|AREPA DE CHOCOLO| |9506036|ALIMENTOS|10|ALIMENTOS|10|Para Empezar|1008|Para Empezar|1008|OT1|1|Order Type Master 1|1|20185.00|0.00|20185.00|0.00|0.00|0.00|20185.00|0.00|20185.00|1|20185.00|1|0|0.00|0.00|0.00|81|20
FPMI|Restaurante|1|Restaurante|1|TORTA MILKYWAY| |9514163|TORTA MILKYWAY| |9514163|ALIMENTOS|10|ALIMENTOS|10|Para Empezar|1008|Para Empezar|1008|OT1|1|Order Type Master 1|1|12870.00|-2579.00|10291.00|0.00|0.00|0.00|12870.00|-2579.00|10291.00|1|12870.00|1|0|0.00|0.00|0.00|76|18
FPMI|Restaurante|1|Restaurante|1|AJI CASERO| |9500480|AJI CASERO| |9500480|ALIMENTOS|10|ALIMENTOS|10|Para Empezar|1008|Para Empezar|1008|OT1|1|Order Type Master 1|1|0.00|0.00|0.00|0.00|0.00|0.00|0.00|0.00|0.00|1|0.00|2|0|0.00|0.00|0.00|58|14
FPMI|Restaurante|1|Restaurante|1|TORTA DE CHOCOLATE | |9514022|TORTA DE CHOCOLATE | |9514022|ALIMENTOS|10|ALIMENTOS|10|Para Empezar|1008|Para Empezar|1008|OT1|1|Order Type Master 1|1|13519.00|0.00|13519.00|0.00|0.00|0.00|13519.00|0.00|13519.00|1|13519.00|1|0|0.00|0.00|0.00|57|14
FPMI|Restaurante|1|Restaurante|1|AJI CASERO| |9500480|AJI CASERO| |9500480|ALIMENTOS|10|ALIMENTOS|10|Para Empezar|1008|Para Empezar|1008|OT1|1|Order Type Master 1|1|0.00|0.00|0.00|0.00|0.00|0.00|0.00|0.00|0.00|1|0.00|1|0|0.00|0.00|0.00|55|13
FPMI|Restaurante|1|Restaurante|1|TORTA DE CHOCOLATE | |9514022|TORTA DE CHOCOLATE | |9514022|ALIMENTOS|10|ALIMENTOS|10|Para Empezar|1008|Para Empezar|1008|OT1|1|Order Type Master 1|1|13519.00|-2701.00|10818.00|0.00|0.00|0.00|13519.00|-2701.00|10818.00|1|13519.00|1|0|0.00|0.00|0.00|70|17
FPMI|Restaurante|1|Restaurante|1|ENVUELTO FRITO| |9522081|ENVUELTO FRITO| |9522081|ALIMENTOS|10|ALIMENTOS|10|Para Empezar|1008|Para Empezar|1008|OT1|1|Order Type Master 1|1|10741.00|0.00|10741.00|0.00|0.00|0.00|10741.00|0.00|10741.00|1|10741.00|1|0|0.00|0.00|0.00|42|10
FPMI|Plataformas|21|Plataformas|21|MJE ALM| |90000037|MJE ALM| |90000037|ALIMENTOS|10|ALIMENTOS|10|Para Empezar|1008|Para Empezar|1008|OT7|7|Order Type Master 7|7|0.00|0.00|0.00|0.00|0.00|0.00|0.00|0.00|0.00|1|0.00|1|0|0.00|0.00|0.00|61|15
