FPID|Expr|Expres Cafam|20250119|20250119|20250120|122926|2.00|2.00|Simphony|19.7.2
FPSUM|Restaurante|1|Restaurante|1|33055.00|3305.00|0|0|0.00|0|2645.00|0|0|0|0|0|0.00|0.00|0.00|0|0|0|0.00|0|0.00|0|0.00|0|39005.00|0|84785.00|1|0.00|0|0.00|0|0.00|0.00|16|67|33055.00|0.00|0.00|0.00|33055.00|0.00|-1783.33|-1783.33|0.00|0.00|0.00|0.00|-1783.33
FPSUM|Plataformas|21|Plataformas|21|45278.00|0.00|0|0|0.00|0|3622.00|1|0|0|0|0|0.00|0.00|0.00|0|0|0|0.00|0|0.00|0|0.00|0|48900.00|1|48900.00|1|0.00|0|0.00|0|0.00|0.00|17|71|45278.00|0.00|0.00|0.00|45278.00|4660.50|4660.50|0.00|0.17|0.00|27962.94|4660.50|4660.50
FPSUM|Restaurante|1|Restaurante|1|30093.00|3009.00|0|0|0.00|0|2407.00|1|0|0|0|0|0.00|0.00|0.00|0|0|0|0.00|0|0.00|0|0.00|0|35510.00|1|35510.00|1|0.00|0|0.00|0|0.00|0.00|19|79|30093.00|0.00|0.00|0.00|30093.00|20540.17|20540.17|0.00|0.33|0.00|61620.56|20540.17|20540.17
FPSUM|Restaurante|1|Restaurante|1|75556.00|7555.00|0|0|0.00|0|6044.00|1|0|0|0|0|0.00|0.00|0.00|0|0|0|0.00|0|0.00|0|0.00|0|89155.00|1|0.00|0|0.00|0|0.00|0|0.00|0.00|13|54|75556.00|0.00|0.00|0.00|75556.00|111728.83|111728.83|0.00|1.00|0.00|111728.83|111728.83|111728.83
FPSUM|Domicilios|20|Domicilios|20|23241.00|0.00|0|0|0.00|0|1859.00|1|0|0|0|0|0.00|0.00|0.00|0|0|0|0.00|0|0.00|0|0.00|0|25100.00|1|0.00|0|0.00|0|0.00|0|0.00|0.00|14|59|23241.00|0.00|0.00|0.00|23241.00|0.00|0.00|0.00|0.00|0.00|0.00|0.00|0.00
FPSUM|Domicilios|20|Domicilios|20|40370.00|0.00|0|0|0.00|0|3230.00|1|0|0|0|0|0.00|0.00|0.00|0|0|0|0.00|0|0.00|0|8200.00|1|43600.00|1|43600.00|1|0.00|0|0.00|0|0.00|0.00|17|69|40370.00|0.00|0.00|0.00|40370.00|3858.33|3858.33|0.00|0.17|0.00|23149.95|3858.33|3858.33
FPSUM|Plataformas|21|Plataformas|21|254446.00|0.00|0|0|0.00|0|20354.00|2|0|0|0|0|0.00|0.00|0.00|0|0|0|40500.00|1|0.00|0|0.00|1|274800.00|2|274800.00|2|0.00|0|0.00|0|0.00|0.00|13|54|254446.00|0.00|0.00|0.00|254446.00|46713.17|46713.17|0.00|0.33|0.00|140139.64|46713.17|46713.17
FPSUM|Restaurante|1|Restaurante|1|176853.00|17685.00|0|0|0.00|0|14147.00|2|0|0|0|0|0.00|0.00|0.00|0|0|0|0.00|0|0.00|0|0.00|0|208685.00|2|0.00|0|0.00|0|0.00|0|0.00|0.00|13|53|176853.00|0.00|0.00|0.00|176853.00|21311.83|21311.83|0.00|0.33|0.00|63935.56|21311.83|21311.83
FPSUM|Restaurante|1|Restaurante|1|0.00|0.00|0|0|0.00|0|0.00|0|0|0|0|0|0.00|0.00|0.00|0|0|0|0.00|0|0.00|0|0.00|0|0.00|0|0.00|0|0.00|0|0.00|0|0.00|0.00|19|78|0.00|0.00|0.00|0.00|0.00|0.00|0.00|0.00|0.00|0.00|0.00|0.00|0.00
FPSUM|Restaurante|1|Restaurante|1|0.00|0.00|0|0|0.00|0|0.00|0|0|0|0|0|0.00|0.00|0.00|0|0|0|0.00|0|0.00|0|0.00|0|0.00|0|282762.00|1|0.00|0|0.00|0|0.00|0.00|16|68|0.00|0.00|0.00|0.00|0.00|74784.33|74784.33|0.00|0.50|0.00|149568.67|74784.33|74784.33
FPSUM|Domicilios|20|Domicilios|20|42500.00|0.00|0|0|0.00|0|3400.00|1|0|0|0|0|0.00|0.00|0.00|0|0|0|0.00|0|0.00|0|0.00|0|45900.00|1|45900.00|1|0.00|0|0.00|0|0.00|0.00|12|50|42500.00|0.00|0.00|0.00|42500.00|11327.17|10477.17|-850.00|0.33|0.00|31431.53|11327.17|10477.17
FPSUM|Restaurante|1|Restaurante|1|0.00|0.00|0|0|0.00|0|0.00|0|0|0|0|0|0.00|0.00|0.00|0|0|0|0.00|0|0.00|0|0.00|0|0.00|0|118218.00|1|0.00|0|0.00|0|0.00|0.00|18|74|0.00|0.00|0.00|0.00|0.00|32222.33|32222.33|0.00|0.33|0.00|96667.10|32222.33|32222.33
FPSUM|Restaurante|1|Restaurante|1|0.00|0.00|0|0|0.00|0|0.00|0|0|0|0|0|0.00|0.00|0.00|0|0|0|0.00|0|0.00|0|0.00|0|0.00|0|413764.00|3|0.00|0|0.00|0|0.00|0.00|15|64|0.00|0.00|0.00|0.00|0.00|27562.00|26195.33|-1366.67|0.17|0.00|157171.69|27562.00|26195.33
FPSUM|Restaurante|1|Restaurante|1|100185.00|10018.00|0|0|0.00|0|8015.00|1|0|0|0|0|0.00|0.00|0.00|0|0|0|0.00|0|0.00|0|0.00|0|118218.00|1|0.00|0|0.00|0|0.00|0|0.00|0.00|17|72|100185.00|0.00|0.00|0.00|100185.00|42021.83|42021.83|0.00|0.50|0.00|84043.67|42021.83|42021.83
FPSUM|Plataformas|21|Plataformas|21|68333.00|0.00|0|0|0.00|0|5467.00|1|0|0|0|0|0.00|0.00|0.00|0|0|0|0.00|0|0.00|0|0.00|0|73800.00|1|73800.00|1|0.00|0|0.00|0|0.00|0.00|18|73|68333.00|0.00|0.00|0.00|68333.00|9236.00|9236.00|0.00|0.17|0.00|55415.89|9236.00|9236.00
FPSUM|Restaurante|1|Restaurante|1|0.00|-5148.00|0|0|0.00|0|0.00|0|0|0|0|0|0.00|0.00|0.00|0|0|0|0.00|0|0.00|0|0.00|0|-5148.00|0|186820.00|2|0.00|0|0.00|0|0.00|-5148.00|14|59|0.00|0.00|0.00|0.00|0.00|88102.17|85585.50|-2516.67|0.83|0.00|102702.64|88102.17|85585.50
FPSUM|Restaurante|1|Restaurante|1|0.00|-7555.00|0|0|0.00|0|0.00|0|0|0|0|0|0.00|0.00|0.00|0|0|0|0.00|0|0.00|0|0.00|0|-7555.00|0|81600.00|1|0.00|0|0.00|0|0.00|-7555.00|14|57|0.00|0.00|0.00|0.00|0.00|109260.00|109260.00|0.00|1.17|0.00|93651.40|109260.00|109260.00
FPSUM|Domicilios|20|Domicilios|20|0.00|0.00|0|0|0.00|0|0.00|0|0|0|0|0|0.00|0.00|0.00|0|0|0|0.00|0|0.00|0|0.00|0|0.00|0|0.00|0|0.00|0|0.00|0|0.00|0.00|19|79|0.00|0.00|0.00|0.00|0.00|3086.67|3086.67|0.00|0.17|0.00|18519.96|3086.67|3086.67
FPSUM|Restaurante|1|Restaurante|1|11944.00|1195.00|0|0|0.00|0|956.00|0|0|0|0|0|0.00|0.00|0.00|0|0|0|0.00|0|0.00|0|0.00|0|14095.00|0|0.00|0|0.00|0|0.00|0|0.00|0.00|15|63|11944.00|0.00|0.00|0.00|11944.00|78688.67|71322.00|-7366.67|0.83|0.00|85586.43|78688.67|71322.00
FPSUM|Plataformas|21|Plataformas|21|370.00|0.00|-22963|1|0.00|0|30.00|0|0|0|0|0|0.00|0.00|0.00|0|0|0|0.00|0|0.00|0|0.00|0|400.00|0|73500.00|1|0.00|0|0.00|0|0.00|0.00|19|79|370.00|0.00|0.00|0.00|370.00|-987.50|-987.50|0.00|0.00|0.00|0.00|-987.50|-987.50
FPSUM|Restaurante|1|Restaurante|1|-2000.00|1250.00|0|0|0.00|0|1000.00|0|0|0|0|0|0.00|0.00|0.00|0|0|0|0.00|0|0.00|0|0.00|0|254.00|0|218881.00|2|0.00|0|0.00|0|0.00|0.00|14|58|12500.00|-14500.00|0.00|0.00|-2000.00|221590.00|219090.00|-2500.00|1.83|0.00|119503.66|221590.00|219090.00
FPSUM|Domicilios|20|Domicilios|20|0.00|16898.00|0|0|0.00|0|0.00|0|0|0|0|0|0.00|0.00|0.00|0|0|0|0.00|0|0.00|0|0.00|0|16898.00|0|199398.00|1|0.00|0|0.00|0|0.00|0.00|15|62|0.00|0.00|0.00|0.00|0.00|11419.67|11419.67|0.00|0.17|0.00|68517.86|11419.67|11419.67
FPSUM|Restaurante|1|Restaurante|1|142501.00|11926.00|0|0|0.00|0|11399.00|1|0|0|0|0|0.00|0.00|0.00|0|0|0|0.00|0|0.00|0|0.00|0|165826.00|1|48700.00|1|0.00|0|0.00|0|0.00|-2324.00|13|56|142501.00|0.00|0.00|0.00|142501.00|104445.00|103428.33|-1016.67|0.83|0.00|124114.05|104445.00|103428.33
FPSUM|Restaurante|1|Restaurante|1|119724.00|11972.00|0|0|0.00|0|9576.00|1|0|0|0|0|0.00|0.00|0.00|0|0|0|53800.00|1|0.00|0|0.00|0|141272.00|1|0.00|0|0.00|0|0.00|0|0.00|0.00|15|61|119724.00|0.00|0.00|0.00|119724.00|78025.00|76341.67|-1683.33|0.83|0.00|91610.04|78025.00|76341.67
FPSUM|Domicilios|20|Domicilios|20|0.00|0.00|0|0|0.00|0|0.00|0|0|0|0|0|0.00|0.00|0.00|0|0|0|0.00|0|0.00|0|11600.00|1|0.00|0|0.00|0|0.00|0|0.00|0|0.00|0.00|14|57|0.00|0.00|0.00|0.00|0.00|6142.00|6142.00|0.00|0.17|0.00|36851.93|6142.00|6142.00
FPSUM|Plataformas|21|Plataformas|21|236667.00|0.00|0|0|0.00|0|18933.00|2|0|0|0|0|0.00|0.00|0.00|0|0|0|61700.00|1|0.00|0|0.00|0|255600.00|2|255600.00|2|0.00|0|0.00|0|0.00|0.00|13|56|236667.00|0.00|0.00|0.00|236667.00|6435.17|6435.17|0.00|0.17|0.00|38610.92|6435.17|6435.17
FPSUM|Restaurante|1|Restaurante|1|205464.00|20545.00|0|0|0.00|0|16436.00|3|0|0|0|0|0.00|0.00|0.00|0|0|0|0.00|0|0.00|0|0.00|0|242445.00|3|157661.00|1|0.00|0|0.00|0|0.00|0.00|13|55|205464.00|0.00|0.00|0.00|205464.00|160834.33|160834.33|0.00|1.17|0.00|137857.96|160834.33|160834.33
FPSUM|Restaurante|1|Restaurante|1|278424.00|27842.00|0|0|0.00|0|22276.00|2|0|0|0|0|0.00|0.00|0.00|0|0|0|0.00|0|0.00|0|0.00|0|328542.00|2|0.00|0|0.00|0|0.00|0|0.00|0.00|16|65|278424.00|0.00|0.00|0.00|278424.00|59645.50|59645.50|0.00|0.83|0.00|71574.63|59645.50|59645.50
FPSUM|Restaurante|1|Restaurante|1|218983.00|21897.00|0|0|0.00|0|17517.00|2|0|0|0|0|0.00|0.00|0.00|0|0|0|0.00|0|0.00|0|0.00|0|258397.00|2|0.00|0|0.00|0|0.00|0|0.00|0.00|14|60|218983.00|0.00|0.00|0.00|218983.00|225155.67|219089.00|-6066.67|1.50|0.00|146059.33|225155.67|219089.00
FPSUM|Domicilios|20|Domicilios|20|49445.00|0.00|0|0|0.00|0|3955.00|1|0|0|0|0|0.00|0.00|0.00|0|0|0|0.00|0|0.00|0|0.00|0|53400.00|1|53400.00|1|0.00|0|0.00|0|0.00|0.00|13|56|49445.00|0.00|0.00|0.00|49445.00|4243.83|3393.83|-850.00|0.17|0.00|20362.96|4243.83|3393.83
FPSUM|Plataformas|21|Plataformas|21|67685.00|0.00|0|0|0.00|0|5415.00|1|0|0|0|0|0.00|0.00|0.00|0|0|0|28100.00|1|0.00|0|0.00|0|73100.00|1|0.00|0|0.00|0|0.00|0|0.00|0.00|17|69|67685.00|0.00|0.00|0.00|67685.00|0.00|0.00|0.00|0.00|0.00|0.00|0.00|0.00
FPSUM|Domicilios|20|Domicilios|20|-8100.00|0.00|0|0|0.00|0|0.00|0|0|0|0|0|0.00|0.00|0.00|0|0|0|0.00|0|0.00|0|0.00|0|-8100.00|0|35500.00|1|0.00|0|0.00|0|0.00|0.00|16|65|0.00|-8100.00|0.00|0.00|-8100.00|0.00|0.00|0.00|0.00|0.00|0.00|0.00|0.00
FPSUM|Domicilios|20|Domicilios|20|168982.00|2324.00|0|0|0.00|0|13518.00|1|0|0|0|0|0.00|0.00|0.00|0|0|0|0.00|0|0.00|0|0.00|0|184820.00|1|27420.00|1|0.00|0|0.00|0|0.00|0.00|14|60|168982.00|0.00|0.00|0.00|168982.00|0.00|0.00|0.00|0.00|0.00|0.00|0.00|0.00
FPSUM|Plataformas|21|Plataformas|21|85464.00|0.00|0|0|0.00|0|6836.00|1|0|0|0|0|0.00|0.00|0.00|0|0|0|0.00|0|0.00|0|0.00|0|92300.00|1|92300.00|1|0.00|0|0.00|0|0.00|0.00|14|58|85464.00|0.00|0.00|0.00|85464.00|0.00|0.00|0.00|0.00|0.00|0.00|0.00|0.00
FPSUM|Domicilios|20|Domicilios|20|40370.00|0.00|0|0|0.00|0|3230.00|1|0|0|0|0|0.00|0.00|0.00|0|0|0|0.00|0|0.00|0|0.00|0|43600.00|1|0.00|0|0.00|0|0.00|0|0.00|0.00|15|64|40370.00|0.00|0.00|0.00|40370.00|0.00|0.00|0.00|0.00|0.00|0.00|0.00|0.00
FPSUM|Domicilios|20|Domicilios|20|18520.00|0.00|0|0|0.00|0|1480.00|1|0|0|0|0|0.00|0.00|0.00|0|0|0|0.00|0|0.00|0|0.00|0|20000.00|1|20000.00|1|0.00|0|0.00|0|0.00|0.00|20|82|18520.00|0.00|0.00|0.00|18520.00|0.00|0.00|0.00|0.00|0.00|0.00|0.00|0.00
FPOT|Restaurante|1|Restaurante|1|OT1|1|Order Type Master 1|1|0.00|0.00|0.00|0|0.00|0|0.00|0|0|0|0|0|0.00|0.00|0.00|0|0|0|0.00|0|0.00|0|0.00|0|0.00|0|282762.00|1|0.00|0|0.00|0|0.00|0.00|16|68|0.00|0.00|0.00|0.00|0.00|74784.33|74784.33|0.00|0.50|0.00|149568.67|74784.33|74784.33
FPOT|Restaurante|1|Restaurante|1|OT1|1|Order Type Master 1|1|0.00|0.00|0.00|0|0.00|0|0.00|0|0|0|0|0|0.00|0.00|0.00|0|0|0|0.00|0|0.00|0|0.00|0|0.00|0|118218.00|1|0.00|0|0.00|0|0.00|0.00|18|74|0.00|0.00|0.00|0.00|0.00|32222.33|32222.33|0.00|0.33|0.00|96667.10|32222.33|32222.33
FPOT|Domicilios|20|Domicilios|20|OT2|2|Order Type Master 2|2|49445.00|0.00|0.00|0|0.00|0|3955.00|1|0|0|0|0|0.00|0.00|0.00|0|0|0|0.00|0|0.00|0|0.00|0|53400.00|1|53400.00|1|0.00|0|0.00|0|0.00|0.00|13|56|49445.00|0.00|0.00|0.00|49445.00|4243.83|3393.83|-850.00|0.17|0.00|20362.96|4243.83|3393.83
FPOT|Domicilios|20|Domicilios|20|OT2|2|Order Type Master 2|2|168982.00|2324.00|0.00|0|0.00|0|13518.00|1|0|0|0|0|0.00|0.00|0.00|0|0|0|0.00|0|0.00|0|0.00|0|184820.00|1|27420.00|1|0.00|0|0.00|0|0.00|0.00|14|60|168982.00|0.00|0.00|0.00|168982.00|0.00|0.00|0.00|0.00|0.00|0.00|0.00|0.00
FPOT|Plataformas|21|Plataformas|21|OT7|7|Order Type Master 7|7|254446.00|0.00|0.00|0|0.00|0|20354.00|2|0|0|0|0|0.00|0.00|0.00|0|0|0|40500.00|1|0.00|0|0.00|1|274800.00|2|274800.00|2|0.00|0|0.00|0|0.00|0.00|13|54|254446.00|0.00|0.00|0.00|254446.00|46713.17|46713.17|0.00|0.33|0.00|140139.64|46713.17|46713.17
FPOT|Plataformas|21|Plataformas|21|OT7|7|Order Type Master 7|7|85464.00|0.00|0.00|0|0.00|0|6836.00|1|0|0|0|0|0.00|0.00|0.00|0|0|0|0.00|0|0.00|0|0.00|0|92300.00|1|92300.00|1|0.00|0|0.00|0|0.00|0.00|14|58|85464.00|0.00|0.00|0.00|85464.00|0.00|0.00|0.00|0.00|0.00|0.00|0.00|0.00
FPOT|Plataformas|21|Plataformas|21|OT7|7|Order Type Master 7|7|67685.00|0.00|0.00|0|0.00|0|5415.00|1|0|0|0|0|0.00|0.00|0.00|0|0|0|28100.00|1|0.00|0|0.00|0|73100.00|1|0.00|0|0.00|0|0.00|0|0.00|0.00|17|69|67685.00|0.00|0.00|0.00|67685.00|0.00|0.00|0.00|0.00|0.00|0.00|0.00|0.00
FPOT|Restaurante|1|Restaurante|1|OT1|1|Order Type Master 1|1|0.00|0.00|0.00|0|0.00|0|0.00|0|0|0|0|0|0.00|0.00|0.00|0|0|0|0.00|0|0.00|0|0.00|0|0.00|0|413764.00|3|0.00|0|0.00|0|0.00|0.00|15|64|0.00|0.00|0.00|0.00|0.00|27562.00|26195.33|-1366.67|0.17|0.00|157171.69|27562.00|26195.33
FPOT|Domicilios|20|Domicilios|20|OT2|2|Order Type Master 2|2|0.00|0.00|0.00|0|0.00|0|0.00|0|0|0|0|0|0.00|0.00|0.00|0|0|0|0.00|0|0.00|0|0.00|0|0.00|0|0.00|0|0.00|0|0.00|0|0.00|0.00|19|79|0.00|0.00|0.00|0.00|0.00|3086.67|3086.67|0.00|0.17|0.00|18519.96|3086.67|3086.67
FPOT|Domicilios|20|Domicilios|20|OT2|2|Order Type Master 2|2|40370.00|0.00|0.00|0|0.00|0|3230.00|1|0|0|0|0|0.00|0.00|0.00|0|0|0|0.00|0|0.00|0|8200.00|1|43600.00|1|43600.00|1|0.00|0|0.00|0|0.00|0.00|17|69|40370.00|0.00|0.00|0.00|40370.00|3858.33|3858.33|0.00|0.17|0.00|23149.95|3858.33|3858.33
FPOT|Domicilios|20|Domicilios|20|OT2|2|Order Type Master 2|2|-8100.00|0.00|0.00|0|0.00|0|0.00|0|0|0|0|0|0.00|0.00|0.00|0|0|0|0.00|0|0.00|0|0.00|0|-8100.00|0|35500.00|1|0.00|0|0.00|0|0.00|0.00|16|65|0.00|-8100.00|0.00|0.00|-8100.00|0.00|0.00|0.00|0.00|0.00|0.00|0.00|0.00
FPOT|Restaurante|1|Restaurante|1|OT1|1|Order Type Master 1|1|0.00|-5148.00|0.00|0|0.00|0|0.00|0|0|0|0|0|0.00|0.00|0.00|0|0|0|0.00|0|0.00|0|0.00|0|-5148.00|0|186820.00|2|0.00|0|0.00|0|0.00|-5148.00|14|59|0.00|0.00|0.00|0.00|0.00|88102.17|85585.50|-2516.67|0.83|0.00|102702.64|88102.17|85585.50
FPOT|Restaurante|1|Restaurante|1|OT1|1|Order Type Master 1|1|176853.00|17685.00|0.00|0|0.00|0|14147.00|2|0|0|0|0|0.00|0.00|0.00|0|0|0|0.00|0|0.00|0|0.00|0|208685.00|2|0.00|0|0.00|0|0.00|0|0.00|0.00|13|53|176853.00|0.00|0.00|0.00|176853.00|21311.83|21311.83|0.00|0.33|0.00|63935.56|21311.83|21311.83
FPOT|Restaurante|1|Restaurante|1|OT1|1|Order Type Master 1|1|205464.00|20545.00|0.00|0|0.00|0|16436.00|3|0|0|0|0|0.00|0.00|0.00|0|0|0|0.00|0|0.00|0|0.00|0|242445.00|3|157661.00|1|0.00|0|0.00|0|0.00|0.00|13|55|205464.00|0.00|0.00|0.00|205464.00|160834.33|160834.33|0.00|1.17|0.00|137857.96|160834.33|160834.33
FPOT|Domicilios|20|Domicilios|20|OT2|2|Order Type Master 2|2|18520.00|0.00|0.00|0|0.00|0|1480.00|1|0|0|0|0|0.00|0.00|0.00|0|0|0|0.00|0|0.00|0|0.00|0|20000.00|1|20000.00|1|0.00|0|0.00|0|0.00|0.00|20|82|18520.00|0.00|0.00|0.00|18520.00|0.00|0.00|0.00|0.00|0.00|0.00|0.00|0.00
FPOT|Domicilios|20|Domicilios|20|OT2|2|Order Type Master 2|2|23241.00|0.00|0.00|0|0.00|0|1859.00|1|0|0|0|0|0.00|0.00|0.00|0|0|0|0.00|0|0.00|0|0.00|0|25100.00|1|0.00|0|0.00|0|0.00|0|0.00|0.00|14|59|23241.00|0.00|0.00|0.00|23241.00|0.00|0.00|0.00|0.00|0.00|0.00|0.00|0.00
FPOT|Plataformas|21|Plataformas|21|OT7|7|Order Type Master 7|7|68333.00|0.00|0.00|0|0.00|0|5467.00|1|0|0|0|0|0.00|0.00|0.00|0|0|0|0.00|0|0.00|0|0.00|0|73800.00|1|73800.00|1|0.00|0|0.00|0|0.00|0.00|18|73|68333.00|0.00|0.00|0.00|68333.00|9236.00|9236.00|0.00|0.17|0.00|55415.89|9236.00|9236.00
FPOT|Domicilios|20|Domicilios|20|OT2|2|Order Type Master 2|2|0.00|0.00|0.00|0|0.00|0|0.00|0|0|0|0|0|0.00|0.00|0.00|0|0|0|0.00|0|0.00|0|11600.00|1|0.00|0|0.00|0|0.00|0|0.00|0|0.00|0.00|14|57|0.00|0.00|0.00|0.00|0.00|6142.00|6142.00|0.00|0.17|0.00|36851.93|6142.00|6142.00
FPOT|Domicilios|20|Domicilios|20|OT2|2|Order Type Master 2|2|0.00|16898.00|0.00|0|0.00|0|0.00|0|0|0|0|0|0.00|0.00|0.00|0|0|0|0.00|0|0.00|0|0.00|0|16898.00|0|199398.00|1|0.00|0|0.00|0|0.00|0.00|15|62|0.00|0.00|0.00|0.00|0.00|11419.67|11419.67|0.00|0.17|0.00|68517.86|11419.67|11419.67
FPOT|Restaurante|1|Restaurante|1|OT1|1|Order Type Master 1|1|218983.00|21897.00|0.00|0|0.00|0|17517.00|2|0|0|0|0|0.00|0.00|0.00|0|0|0|0.00|0|0.00|0|0.00|0|258397.00|2|0.00|0|0.00|0|0.00|0|0.00|0.00|14|60|218983.00|0.00|0.00|0.00|218983.00|225155.67|219089.00|-6066.67|1.50|0.00|146059.33|225155.67|219089.00
FPOT|Restaurante|1|Restaurante|1|OT1|1|Order Type Master 1|1|75556.00|7555.00|0.00|0|0.00|0|6044.00|1|0|0|0|0|0.00|0.00|0.00|0|0|0|0.00|0|0.00|0|0.00|0|89155.00|1|0.00|0|0.00|0|0.00|0|0.00|0.00|13|54|75556.00|0.00|0.00|0.00|75556.00|111728.83|111728.83|0.00|1.00|0.00|111728.83|111728.83|111728.83
FPOT|Restaurante|1|Restaurante|1|OT1|1|Order Type Master 1|1|0.00|-7555.00|0.00|0|0.00|0|0.00|0|0|0|0|0|0.00|0.00|0.00|0|0|0|0.00|0|0.00|0|0.00|0|-7555.00|0|81600.00|1|0.00|0|0.00|0|0.00|-7555.00|14|57|0.00|0.00|0.00|0.00|0.00|109260.00|109260.00|0.00|1.17|0.00|93651.40|109260.00|109260.00
FPOT|Restaurante|1|Restaurante|1|OT1|1|Order Type Master 1|1|100185.00|10018.00|0.00|0|0.00|0|8015.00|1|0|0|0|0|0.00|0.00|0.00|0|0|0|0.00|0|0.00|0|0.00|0|118218.00|1|0.00|0|0.00|0|0.00|0|0.00|0.00|17|72|100185.00|0.00|0.00|0.00|100185.00|42021.83|42021.83|0.00|0.50|0.00|84043.67|42021.83|42021.83
FPOT|Restaurante|1|Restaurante|1|OT1|1|Order Type Master 1|1|11944.00|1195.00|0.00|0|0.00|0|956.00|0|0|0|0|0|0.00|0.00|0.00|0|0|0|0.00|0|0.00|0|0.00|0|14095.00|0|0.00|0|0.00|0|0.00|0|0.00|0.00|15|63|11944.00|0.00|0.00|0.00|11944.00|78688.67|71322.00|-7366.67|0.83|0.00|85586.43|78688.67|71322.00
FPOT|Restaurante|1|Restaurante|1|OT1|1|Order Type Master 1|1|-2000.00|1250.00|0.00|0|0.00|0|1000.00|0|0|0|0|0|0.00|0.00|0.00|0|0|0|0.00|0|0.00|0|0.00|0|254.00|0|218881.00|2|0.00|0|0.00|0|0.00|0.00|14|58|12500.00|-14500.00|0.00|0.00|-2000.00|221590.00|219090.00|-2500.00|1.83|0.00|119503.66|221590.00|219090.00
FPOT|Plataformas|21|Plataformas|21|OT7|7|Order Type Master 7|7|370.00|0.00|-22963.00|1|0.00|0|30.00|0|0|0|0|0|0.00|0.00|0.00|0|0|0|0.00|0|0.00|0|0.00|0|400.00|0|73500.00|1|0.00|0|0.00|0|0.00|0.00|19|79|370.00|0.00|0.00|0.00|370.00|-987.50|-987.50|0.00|0.00|0.00|0.00|-987.50|-987.50
FPOT|Plataformas|21|Plataformas|21|OT7|7|Order Type Master 7|7|45278.00|0.00|0.00|0|0.00|0|3622.00|1|0|0|0|0|0.00|0.00|0.00|0|0|0|0.00|0|0.00|0|0.00|0|48900.00|1|48900.00|1|0.00|0|0.00|0|0.00|0.00|17|71|45278.00|0.00|0.00|0.00|45278.00|4660.50|4660.50|0.00|0.17|0.00|27962.94|4660.50|4660.50
FPOT|Restaurante|1|Restaurante|1|OT1|1|Order Type Master 1|1|278424.00|27842.00|0.00|0|0.00|0|22276.00|2|0|0|0|0|0.00|0.00|0.00|0|0|0|0.00|0|0.00|0|0.00|0|328542.00|2|0.00|0|0.00|0|0.00|0|0.00|0.00|16|65|278424.00|0.00|0.00|0.00|278424.00|59645.50|59645.50|0.00|0.83|0.00|71574.63|59645.50|59645.50
FPOT|Domicilios|20|Domicilios|20|OT2|2|Order Type Master 2|2|40370.00|0.00|0.00|0|0.00|0|3230.00|1|0|0|0|0|0.00|0.00|0.00|0|0|0|0.00|0|0.00|0|0.00|0|43600.00|1|0.00|0|0.00|0|0.00|0|0.00|0.00|15|64|40370.00|0.00|0.00|0.00|40370.00|0.00|0.00|0.00|0.00|0.00|0.00|0.00|0.00
FPOT|Domicilios|20|Domicilios|20|OT2|2|Order Type Master 2|2|42500.00|0.00|0.00|0|0.00|0|3400.00|1|0|0|0|0|0.00|0.00|0.00|0|0|0|0.00|0|0.00|0|0.00|0|45900.00|1|45900.00|1|0.00|0|0.00|0|0.00|0.00|12|50|42500.00|0.00|0.00|0.00|42500.00|11327.17|10477.17|-850.00|0.33|0.00|31431.53|11327.17|10477.17
FPOT|Restaurante|1|Restaurante|1|OT1|1|Order Type Master 1|1|33055.00|3305.00|0.00|0|0.00|0|2645.00|0|0|0|0|0|0.00|0.00|0.00|0|0|0|0.00|0|0.00|0|0.00|0|39005.00|0|84785.00|1|0.00|0|0.00|0|0.00|0.00|16|67|33055.00|0.00|0.00|0.00|33055.00|0.00|-1783.33|-1783.33|0.00|0.00|0.00|0.00|-1783.33
FPOT|Restaurante|1|Restaurante|1|OT1|1|Order Type Master 1|1|142501.00|11926.00|0.00|0|0.00|0|11399.00|1|0|0|0|0|0.00|0.00|0.00|0|0|0|0.00|0|0.00|0|0.00|0|165826.00|1|48700.00|1|0.00|0|0.00|0|0.00|-2324.00|13|56|142501.00|0.00|0.00|0.00|142501.00|104445.00|103428.33|-1016.67|0.83|0.00|124114.05|104445.00|103428.33
FPOT|Restaurante|1|Restaurante|1|OT1|1|Order Type Master 1|1|30093.00|3009.00|0.00|0|0.00|0|2407.00|1|0|0|0|0|0.00|0.00|0.00|0|0|0|0.00|0|0.00|0|0.00|0|35510.00|1|35510.00|1|0.00|0|0.00|0|0.00|0.00|19|79|30093.00|0.00|0.00|0.00|30093.00|20540.17|20540.17|0.00|0.33|0.00|61620.56|20540.17|20540.17
FPOT|Restaurante|1|Restaurante|1|OT1|1|Order Type Master 1|1|0.00|0.00|0.00|0|0.00|0|0.00|0|0|0|0|0|0.00|0.00|0.00|0|0|0|0.00|0|0.00|0|0.00|0|0.00|0|0.00|0|0.00|0|0.00|0|0.00|0.00|19|78|0.00|0.00|0.00|0.00|0.00|0.00|0.00|0.00|0.00|0.00|0.00|0.00|0.00
FPOT|Restaurante|1|Restaurante|1|OT1|1|Order Type Master 1|1|119724.00|11972.00|0.00|0|0.00|0|9576.00|1|0|0|0|0|0.00|0.00|0.00|0|0|0|53800.00|1|0.00|0|0.00|0|141272.00|1|0.00|0|0.00|0|0.00|0|0.00|0.00|15|61|119724.00|0.00|0.00|0.00|119724.00|78025.00|76341.67|-1683.33|0.83|0.00|91610.04|78025.00|76341.67
FPOT|Plataformas|21|Plataformas|21|OT7|7|Order Type Master 7|7|236667.00|0.00|0.00|0|0.00|0|18933.00|2|0|0|0|0|0.00|0.00|0.00|0|0|0|61700.00|1|0.00|0|0.00|0|255600.00|2|255600.00|2|0.00|0|0.00|0|0.00|0.00|13|56|236667.00|0.00|0.00|0.00|236667.00|6435.17|6435.17|0.00|0.17|0.00|38610.92|6435.17|6435.17
FPMI|Restaurante|1|Restaurante|1|REFAJO| |9608024|REFAJO| |9608024|Major Group 20|20|Major Group 20|20|Family Group 3000|3000|Family Group 3000|3000|OT1|1|Order Type Master 1|1|0.00|-1288.00|-1288.00|0.00|0.00|0.00|0.00|-1288.00|-1288.00|1|0.00|0|0|0.00|0.00|0.00|58|14
FPMI|Restaurante|1|Restaurante|1|LIMONADA NATURAL| |9604060|LIMONADA NATURAL| |9604060|Major Group 20|20|Major Group 20|20|Family Group 3000|3000|Family Group 3000|3000|OT1|1|Order Type Master 1|1|0.00|-422.00|-422.00|0.00|0.00|0.00|0.00|-422.00|-422.00|1|0.00|0|0|0.00|0.00|0.00|58|14
FPMI|Restaurante|1|Restaurante|1|JUGO DE MORA EN AGUA| |9604108|JUGO DE MORA EN AGUA| |9604108|Major Group 20|20|Major Group 20|20|Family Group 3000|3000|Family Group 3000|3000|OT1|1|Order Type Master 1|1|10093.00|0.00|10093.00|0.00|0.00|0.00|10093.00|0.00|10093.00|1|10093.00|1|0|0.00|0.00|0.00|65|16
FPMI|Restaurante|1|Restaurante|1|REFAJO| |9608024|REFAJO| |9608024|Major Group 20|20|Major Group 20|20|Family Group 3000|3000|Family Group 3000|3000|OT1|1|Order Type Master 1|1|12870.00|0.00|12870.00|0.00|0.00|0.00|12870.00|0.00|12870.00|1|12870.00|1|0|0.00|0.00|0.00|55|13
FPMI|Restaurante|1|Restaurante|1|LIMONADA DE PANELA| |9604067|LIMONADA DE PANELA| |9604067|Major Group 20|20|Major Group 20|20|Family Group 3000|3000|Family Group 3000|3000|OT1|1|Order Type Master 1|1|9074.00|0.00|9074.00|0.00|0.00|0.00|9074.00|0.00|9074.00|1|9074.00|1|0|0.00|0.00|0.00|65|16
FPMI|Restaurante|1|Restaurante|1|ADICION DE AGUACATE 100 gr| |9500032|ADICION DE AGUACATE 100 gr| |9500032|Major Group 10|10|Major Group 10|10|Family Group 1008|1008|Family Group 1008|1008|OT1|1|Order Type Master 1|1|11296.00|0.00|11296.00|0.00|0.00|0.00|11296.00|0.00|11296.00|1|11296.00|2|0|0.00|0.00|0.00|53|13
FPMI|Restaurante|1|Restaurante|1|PORCION DE ARROZ BLANCO| |9500064|PORCION DE ARROZ BLANCO| |9500064|Major Group 10|10|Major Group 10|10|Family Group 1008|1008|Family Group 1008|1008|OT1|1|Order Type Master 1|1|3426.00|0.00|3426.00|0.00|0.00|0.00|3426.00|0.00|3426.00|1|3426.00|1|0|0.00|0.00|0.00|53|13
FPMI|Restaurante|1|Restaurante|1|HUEVO FRITO UN| |9500212|HUEVO FRITO UN| |9500212|Major Group 10|10|Major Group 10|10|Family Group 1008|1008|Family Group 1008|1008|OT1|1|Order Type Master 1|1|2963.00|0.00|2963.00|0.00|0.00|0.00|2963.00|0.00|2963.00|1|2963.00|1|0|0.00|0.00|0.00|55|13
FPMI|Restaurante|1|Restaurante|1|TAZA DE FRIJOLES| |9520049|TAZA DE FRIJOLES| |9520049|Major Group 10|10|Major Group 10|10|Family Group 1008|1008|Family Group 1008|1008|OT1|1|Order Type Master 1|1|11667.00|0.00|11667.00|0.00|0.00|0.00|11667.00|0.00|11667.00|1|11667.00|1|0|0.00|0.00|0.00|60|14
FPMI|Restaurante|1|Restaurante|1|CAZUELA DE FRIJOLES| |9520032|CAZUELA DE FRIJOLES| |9520032|Major Group 10|10|Major Group 10|10|Family Group 1008|1008|Family Group 1008|1008|OT1|1|Order Type Master 1|1|147408.00|0.00|147408.00|0.00|0.00|0.00|147408.00|0.00|147408.00|1|147408.00|4|0|0.00|0.00|0.00|55|13
FPMI|Restaurante|1|Restaurante|1|AREPA DE CHOCOLO| |9506036|AREPA DE CHOCOLO| |9506036|Major Group 10|10|Major Group 10|10|Family Group 1008|1008|Family Group 1008|1008|OT1|1|Order Type Master 1|1|20185.00|0.00|20185.00|0.00|0.00|0.00|20185.00|0.00|20185.00|1|20185.00|1|0|0.00|0.00|0.00|65|16
FPMI|Restaurante|1|Restaurante|1|Mod A Punto| |980000005|Mod A Punto| |980000005|Major Group 10|10|Major Group 10|10|Family Group 1008|1008|Family Group 1008|1008|OT1|1|Order Type Master 1|1|0.00|0.00|0.00|0.00|0.00|0.00|0.00|0.00|0.00|1|0.00|1|0|0.00|0.00|0.00|60|14
FPMI|Restaurante|1|Restaurante|1|SALSA CHIMICHURRI| |9500388|SALSA CHIMICHURRI| |9500388|Major Group 10|10|Major Group 10|10|Family Group 1008|1008|Family Group 1008|1008|OT1|1|Order Type Master 1|1|0.00|0.00|0.00|0.00|0.00|0.00|0.00|0.00|0.00|1|0.00|1|0|0.00|0.00|0.00|54|13
FPMI|Restaurante|1|Restaurante|1|ENSALADA FRESCA ACOMPANAMIENTO| |9500164|ENSALADA FRESCA ACOMPANAMIENTO| |9500164|Major Group 10|10|Major Group 10|10|Family Group 1008|1008|Family Group 1008|1008|OT1|1|Order Type Master 1|1|7222.00|0.00|7222.00|0.00|0.00|0.00|7222.00|0.00|7222.00|1|7222.00|1|0|0.00|0.00|0.00|56|13
FPMI|Restaurante|1|Restaurante|1|AJIACO NINOS| |9542004|AJIACO NINOS| |9542004|Major Group 10|10|Major Group 10|10|Family Group 1008|1008|Family Group 1008|1008|OT1|1|Order Type Master 1|1|19444.00|0.00|19444.00|0.00|0.00|0.00|19444.00|0.00|19444.00|1|19444.00|1|0|0.00|0.00|0.00|65|16
FPMI|Restaurante|1|Restaurante|1|TORTA MILKYWAY| |9514163|TORTA MILKYWAY| |9514163|Major Group 10|10|Major Group 10|10|Family Group 1008|1008|Family Group 1008|1008|OT1|1|Order Type Master 1|1|11944.00|0.00|11944.00|0.00|0.00|0.00|11944.00|0.00|11944.00|17|11944.00|1|0|0.00|0.00|0.00|63|15
FPMI|Restaurante|1|Restaurante|1|TRUCHA A LA PLANCHA 350 gr ENSALADA| |9504163|TRUCHA A LA PLANCHA 350 gr ENSALADA| |9504163|Major Group 10|10|Major Group 10|10|Family Group 1008|1008|Family Group 1008|1008|OT1|1|Order Type Master 1|1|35741.00|0.00|35741.00|0.00|0.00|0.00|35741.00|0.00|35741.00|1|35741.00|1|0|0.00|0.00|0.00|61|15
FPMI|Restaurante|1|Restaurante|1|CALENTADO ANDRES| |9518004|CALENTADO ANDRES| |9518004|Major Group 10|10|Major Group 10|10|Family Group 1008|1008|Family Group 1008|1008|OT1|1|Order Type Master 1|1|35093.00|0.00|35093.00|0.00|0.00|0.00|35093.00|0.00|35093.00|1|35093.00|1|0|0.00|0.00|0.00|61|15
FPMI|Domicilios|20|Domicilios|20|CHULETA DE CERDO 300 gr CRIOLLA| |9502380|CHULETA DE CERDO 300 gr CRIOLLA| |9502380|Major Group 10|10|Major Group 10|10|Family Group 1008|1008|Family Group 1008|1008|OT2|2|Order Type Master 2|2|35000.00|0.00|35000.00|0.00|0.00|0.00|35000.00|0.00|35000.00|73|35000.00|1|0|0.00|0.00|0.00|60|14
FPMI|Domicilios|20|Domicilios|20|PECHUGA A LA PARRILLA 230 gr ENSALADA | |9506091|PECHUGA A LA PARRILLA 230 gr ENSALADA | |9506091|Major Group 10|10|Major Group 10|10|Family Group 1008|1008|Family Group 1008|1008|OT2|2|Order Type Master 2|2|24815.00|0.00|24815.00|0.00|0.00|0.00|24815.00|0.00|24815.00|73|24815.00|1|0|0.00|0.00|0.00|56|13
FPMI|Plataformas|21|Plataformas|21|CALENTADO ANDRES| |9518004|CALENTADO ANDRES| |9518004|Major Group 10|10|Major Group 10|10|Family Group 1008|1008|Family Group 1008|1008|OT7|7|Order Type Master 7|7|36759.00|0.00|36759.00|0.00|0.00|0.00|36759.00|0.00|36759.00|153|36759.00|1|0|0.00|0.00|0.00|73|18
FPMI|Plataformas|21|Plataformas|21|LOMO 220 gr PAPA CRIOLLA| |9502513|LOMO 220 gr PAPA CRIOLLA| |9502513|Major Group 10|10|Major Group 10|10|Family Group 1008|1008|Family Group 1008|1008|OT7|7|Order Type Master 7|7|57130.00|0.00|57130.00|0.00|0.00|0.00|57130.00|0.00|57130.00|153|57130.00|1|0|0.00|0.00|0.00|56|13
FPMI|Plataformas|21|Plataformas|21|SOPA DE VERDURAS| |9520050|SOPA DE VERDURAS| |9520050|Major Group 10|10|Major Group 10|10|Family Group 1008|1008|Family Group 1008|1008|OT7|7|Order Type Master 7|7|13796.00|0.00|13796.00|0.00|0.00|0.00|13796.00|0.00|13796.00|153|13796.00|1|0|0.00|0.00|0.00|69|17
FPMI|Plataformas|21|Plataformas|21|PECHUGA A LA PARRILLA 230 gr ENSALADA | |9506091|PECHUGA A LA PARRILLA 230 gr ENSALADA | |9506091|Major Group 10|10|Major Group 10|10|Family Group 1008|1008|Family Group 1008|1008|OT7|7|Order Type Master 7|7|22963.00|0.00|22963.00|0.00|0.00|0.00|22963.00|0.00|22963.00|177|22963.00|1|0|0.00|0.00|0.00|69|17
FPMI|Plataformas|21|Plataformas|21|SOPA DE VERDURAS| |9520050|SOPA DE VERDURAS| |9520050|Major Group 10|10|Major Group 10|10|Family Group 1008|1008|Family Group 1008|1008|OT7|7|Order Type Master 7|7|13796.00|0.00|13796.00|0.00|0.00|0.00|13796.00|0.00|13796.00|153|13796.00|1|0|0.00|0.00|0.00|54|13
FPMI|Plataformas|21|Plataformas|21|PECHUGA A LA PARRILLA 230 gr ENSALADA | |9506091|PECHUGA A LA PARRILLA 230 gr ENSALADA | |9506091|Major Group 10|10|Major Group 10|10|Family Group 1008|1008|Family Group 1008|1008|OT7|7|Order Type Master 7|7|23333.00|0.00|23333.00|0.00|0.00|0.00|23333.00|0.00|23333.00|185|23333.00|1|0|0.00|0.00|0.00|79|19
FPMI|Restaurante|1|Restaurante|1|JUGO DE MORA EN LECHE| |9604104|JUGO DE MORA EN LECHE| |9604104|Major Group 20|20|Major Group 20|20|Family Group 3000|3000|Family Group 3000|3000|OT1|1|Order Type Master 1|1|25740.00|0.00|25740.00|0.00|0.00|0.00|25740.00|0.00|25740.00|1|25740.00|2|0|0.00|0.00|0.00|65|16
FPMI|Restaurante|1|Restaurante|1|GASEOSA 400 ml| |9606131|GASEOSA 400 ml| |9606131|Major Group 20|20|Major Group 20|20|Family Group 3000|3000|Family Group 3000|3000|OT1|1|Order Type Master 1|1|7593.00|0.00|7593.00|0.00|0.00|0.00|7593.00|0.00|7593.00|1|7593.00|1|0|0.00|0.00|0.00|56|13
FPMI|Domicilios|20|Domicilios|20|AGUA MANANTIAL SIN GAS 500 ML| |9606135|AGUA MANANTIAL SIN GAS 500 ML| |9606135|Major Group 20|20|Major Group 20|20|Family Group 3000|3000|Family Group 3000|3000|OT2|2|Order Type Master 2|2|8148.00|0.00|8148.00|0.00|0.00|0.00|8148.00|0.00|8148.00|73|8148.00|1|0|0.00|0.00|0.00|60|14
FPMI|Restaurante|1|Restaurante|1|CAZUELA DE FRIJOLES| |9520032|CAZUELA DE FRIJOLES| |9520032|Major Group 10|10|Major Group 10|10|Family Group 1008|1008|Family Group 1008|1008|OT1|1|Order Type Master 1|1|0.00|-11030.00|-11030.00|0.00|0.00|0.00|0.00|-11030.00|-11030.00|1|0.00|0|0|0.00|0.00|0.00|58|14
FPMI|Restaurante|1|Restaurante|1|PATACON CARNE DESMECHADA| |9524028|PATACON CARNE DESMECHADA| |9524028|Major Group 10|10|Major Group 10|10|Family Group 1008|1008|Family Group 1008|1008|OT1|1|Order Type Master 1|1|24630.00|0.00|24630.00|0.00|0.00|0.00|24630.00|0.00|24630.00|1|24630.00|1|0|0.00|0.00|0.00|60|14
FPMI|Restaurante|1|Restaurante|1|ENSALADA FRESCA ACOMPANAMIENTO| |9500164|ENSALADA FRESCA ACOMPANAMIENTO| |9500164|Major Group 10|10|Major Group 10|10|Family Group 1008|1008|Family Group 1008|1008|OT1|1|Order Type Master 1|1|14444.00|0.00|14444.00|0.00|0.00|0.00|14444.00|0.00|14444.00|1|14444.00|2|0|0.00|0.00|0.00|60|14
FPMI|Restaurante|1|Restaurante|1|LOMO NINOS| |9542013|LOMO NINOS| |9542013|Major Group 10|10|Major Group 10|10|Family Group 1008|1008|Family Group 1008|1008|OT1|1|Order Type Master 1|1|25926.00|0.00|25926.00|0.00|0.00|0.00|25926.00|0.00|25926.00|1|25926.00|1|0|0.00|0.00|0.00|60|14
FPMI|Restaurante|1|Restaurante|1|Mensaje Bebidas 2024| |980000095|Mensaje Bebidas 2024| |980000095|Major Group 10|10|Major Group 10|10|Family Group 1008|1008|Family Group 1008|1008|OT1|1|Order Type Master 1|1|0.00|0.00|0.00|0.00|0.00|0.00|0.00|0.00|0.00|1|0.00|2|0|0.00|0.00|0.00|55|13
FPMI|Restaurante|1|Restaurante|1|Mod CocaCola Original 400ml| |980000102|Mod CocaCola Original 400ml| |980000102|Major Group 10|10|Major Group 10|10|Family Group 1008|1008|Family Group 1008|1008|OT1|1|Order Type Master 1|1|0.00|0.00|0.00|0.00|0.00|0.00|0.00|0.00|0.00|1|0.00|1|0|0.00|0.00|0.00|56|13
FPMI|Restaurante|1|Restaurante|1|SALSA BABY| |9500376|SALSA BABY| |9500376|Major Group 10|10|Major Group 10|10|Family Group 1008|1008|Family Group 1008|1008|OT1|1|Order Type Master 1|1|0.00|0.00|0.00|0.00|0.00|0.00|0.00|0.00|0.00|1|0.00|1|0|0.00|0.00|0.00|61|15
FPMI|Restaurante|1|Restaurante|1|SALSA DE TOMATE| |9500483|SALSA DE TOMATE| |9500483|Major Group 10|10|Major Group 10|10|Family Group 1008|1008|Family Group 1008|1008|OT1|1|Order Type Master 1|1|0.00|0.00|0.00|0.00|0.00|0.00|0.00|0.00|0.00|1|0.00|1|0|0.00|0.00|0.00|61|15
FPMI|Plataformas|21|Plataformas|21|AREPA DE CHOCOLO| |9506036|AREPA DE CHOCOLO| |9506036|Major Group 10|10|Major Group 10|10|Family Group 1008|1008|Family Group 1008|1008|OT7|7|Order Type Master 7|7|42222.00|0.00|42222.00|0.00|0.00|0.00|42222.00|0.00|42222.00|153|42222.00|2|0|0.00|0.00|0.00|56|13
FPMI|Plataformas|21|Plataformas|21|CHORIPAN 100 gr| |9502076|CHORIPAN 100 gr| |9502076|Major Group 10|10|Major Group 10|10|Family Group 1008|1008|Family Group 1008|1008|OT7|7|Order Type Master 7|7|24167.00|0.00|24167.00|0.00|0.00|0.00|24167.00|0.00|24167.00|153|24167.00|1|0|0.00|0.00|0.00|69|17
FPMI|Plataformas|21|Plataformas|21|PORCION DE ARROZ BLANCO| |9500064|PORCION DE ARROZ BLANCO| |9500064|Major Group 10|10|Major Group 10|10|Family Group 1008|1008|Family Group 1008|1008|OT7|7|Order Type Master 7|7|3611.00|0.00|3611.00|0.00|0.00|0.00|3611.00|0.00|3611.00|153|3611.00|1|0|0.00|0.00|0.00|69|17
FPMI|Plataformas|21|Plataformas|21|AJIACO NINOS| |9542004|AJIACO NINOS| |9542004|Major Group 10|10|Major Group 10|10|Family Group 1008|1008|Family Group 1008|1008|OT7|7|Order Type Master 7|7|20278.00|0.00|20278.00|0.00|0.00|0.00|20278.00|0.00|20278.00|153|20278.00|1|0|0.00|0.00|0.00|58|14
FPMI|Restaurante|1|Restaurante|1|SODA CON LIMON| |9606141|SODA CON LIMON| |9606141|Major Group 20|20|Major Group 20|20|Family Group 3000|3000|Family Group 3000|3000|OT1|1|Order Type Master 1|1|7222.00|0.00|7222.00|0.00|0.00|0.00|7222.00|0.00|7222.00|1|7222.00|1|0|0.00|0.00|0.00|53|13
FPMI|Restaurante|1|Restaurante|1|JUGO DE MORA EN AGUA| |9604108|JUGO DE MORA EN AGUA| |9604108|Major Group 20|20|Major Group 20|20|Family Group 3000|3000|Family Group 3000|3000|OT1|1|Order Type Master 1|1|10093.00|0.00|10093.00|0.00|0.00|0.00|10093.00|0.00|10093.00|1|10093.00|1|0|0.00|0.00|0.00|56|13
FPMI|Restaurante|1|Restaurante|1|CHURRASCO 250 gr ENSALADA| |9502108|CHURRASCO 250 gr ENSALADA| |9502108|Major Group 10|10|Major Group 10|10|Family Group 1008|1008|Family Group 1008|1008|OT1|1|Order Type Master 1|1|51667.00|0.00|51667.00|0.00|0.00|0.00|51667.00|0.00|51667.00|1|51667.00|1|0|0.00|0.00|0.00|53|13
FPMI|Restaurante|1|Restaurante|1|Mod 3/4| |980000004|Mod 3/4| |980000004|Major Group 10|10|Major Group 10|10|Family Group 1008|1008|Family Group 1008|1008|OT1|1|Order Type Master 1|1|0.00|0.00|0.00|0.00|0.00|0.00|0.00|0.00|0.00|1|0.00|1|0|0.00|0.00|0.00|53|13
FPMI|Restaurante|1|Restaurante|1|Mod 1/2| |980000002|Mod 1/2| |980000002|Major Group 10|10|Major Group 10|10|Family Group 1008|1008|Family Group 1008|1008|OT1|1|Order Type Master 1|1|0.00|0.00|0.00|0.00|0.00|0.00|0.00|0.00|0.00|1|0.00|1|0|0.00|0.00|0.00|53|13
FPMI|Restaurante|1|Restaurante|1|COMO ENTRADA| |90000038|COMO ENTRADA| |90000038|Major Group 10|10|Major Group 10|10|Family Group 1008|1008|Family Group 1008|1008|OT1|1|Order Type Master 1|1|0.00|0.00|0.00|0.00|0.00|0.00|0.00|0.00|0.00|25|0.00|1|0|0.00|0.00|0.00|56|13
FPMI|Restaurante|1|Restaurante|1|Mod 3/4| |980000004|Mod 3/4| |980000004|Major Group 10|10|Major Group 10|10|Family Group 1008|1008|Family Group 1008|1008|OT1|1|Order Type Master 1|1|0.00|0.00|0.00|0.00|0.00|0.00|0.00|0.00|0.00|1|0.00|2|0|0.00|0.00|0.00|65|16
FPMI|Restaurante|1|Restaurante|1|HAMBURGUESA CAMPESINA 125 gr| |9508008|HAMBURGUESA CAMPESINA 125 gr| |9508008|Major Group 10|10|Major Group 10|10|Family Group 1008|1008|Family Group 1008|1008|OT1|1|Order Type Master 1|1|18333.00|0.00|18333.00|0.00|0.00|0.00|18333.00|0.00|18333.00|1|18333.00|1|0|0.00|0.00|0.00|65|16
FPMI|Domicilios|20|Domicilios|20|BANDEJA PAISA| |9520036|BANDEJA PAISA| |9520036|Major Group 10|10|Major Group 10|10|Family Group 1008|1008|Family Group 1008|1008|OT2|2|Order Type Master 2|2|42500.00|0.00|42500.00|0.00|0.00|0.00|42500.00|0.00|42500.00|73|42500.00|1|0|0.00|0.00|0.00|50|12
FPMI|Domicilios|20|Domicilios|20|CAZUELA DE FRIJOLES| |9520032|CAZUELA DE FRIJOLES| |9520032|Major Group 10|10|Major Group 10|10|Family Group 1008|1008|Family Group 1008|1008|OT2|2|Order Type Master 2|2|36852.00|0.00|36852.00|0.00|0.00|0.00|36852.00|0.00|36852.00|73|36852.00|1|0|0.00|0.00|0.00|60|14
FPMI|Domicilios|20|Domicilios|20|AJIACO  POLLO| |9520008|AJIACO  POLLO| |9520008|Major Group 10|10|Major Group 10|10|Family Group 1008|1008|Family Group 1008|1008|OT2|2|Order Type Master 2|2|34074.00|0.00|34074.00|0.00|0.00|0.00|34074.00|0.00|34074.00|73|34074.00|1|0|0.00|0.00|0.00|60|14
FPMI|Domicilios|20|Domicilios|20|PECHUGA A LA PARRILLA 230 gr CASCO| |9506084|PECHUGA A LA PARRILLA 230 gr CASCO| |9506084|Major Group 10|10|Major Group 10|10|Family Group 1008|1008|Family Group 1008|1008|OT2|2|Order Type Master 2|2|24815.00|0.00|24815.00|0.00|0.00|0.00|24815.00|0.00|24815.00|73|24815.00|1|0|0.00|0.00|0.00|60|14
FPMI|Plataformas|21|Plataformas|21|MJE ALM| |90000037|MJE ALM| |90000037|Major Group 10|10|Major Group 10|10|Family Group 1008|1008|Family Group 1008|1008|OT7|7|Order Type Master 7|7|0.00|0.00|0.00|0.00|0.00|0.00|0.00|0.00|0.00|1|0.00|1|0|0.00|0.00|0.00|56|13
FPMI|Plataformas|21|Plataformas|21|CHICHARRON 90 gr| |9528024|CHICHARRON 90 gr| |9528024|Major Group 10|10|Major Group 10|10|Family Group 1008|1008|Family Group 1008|1008|OT7|7|Order Type Master 7|7|27963.00|0.00|27963.00|0.00|0.00|0.00|27963.00|0.00|27963.00|153|27963.00|1|0|0.00|0.00|0.00|58|14
FPMI|Restaurante|1|Restaurante|1|JUGO DE GUANABANA EN AGUA| |9604224|JUGO DE GUANABANA EN AGUA| |9604224|Major Group 20|20|Major Group 20|20|Family Group 3000|3000|Family Group 3000|3000|OT1|1|Order Type Master 1|1|10093.00|0.00|10093.00|0.00|0.00|0.00|10093.00|0.00|10093.00|1|10093.00|1|0|0.00|0.00|0.00|60|14
FPMI|Restaurante|1|Restaurante|1|JUGO DE GUANABANA EN AGUA| |9604224|JUGO DE GUANABANA EN AGUA| |9604224|Major Group 20|20|Major Group 20|20|Family Group 3000|3000|Family Group 3000|3000|OT1|1|Order Type Master 1|1|10093.00|0.00|10093.00|0.00|0.00|0.00|10093.00|0.00|10093.00|1|10093.00|1|0|0.00|0.00|0.00|61|15
FPMI|Restaurante|1|Restaurante|1|JUGO DE FRESA EN AGUA| |9604148|JUGO DE FRESA EN AGUA| |9604148|Major Group 20|20|Major Group 20|20|Family Group 3000|3000|Family Group 3000|3000|OT1|1|Order Type Master 1|1|10093.00|0.00|10093.00|0.00|0.00|0.00|10093.00|0.00|10093.00|1|10093.00|1|0|0.00|0.00|0.00|61|15
FPMI|Restaurante|1|Restaurante|1|LIMONADA HIERBABUENA| |9604066|LIMONADA HIERBABUENA| |9604066|Major Group 20|20|Major Group 20|20|Family Group 3000|3000|Family Group 3000|3000|OT1|1|Order Type Master 1|1|8519.00|0.00|8519.00|0.00|0.00|0.00|8519.00|0.00|8519.00|1|8519.00|1|0|0.00|0.00|0.00|61|15
FPMI|Restaurante|1|Restaurante|1|CUCHUCO CON ESPINAZO| |9520020|CUCHUCO CON ESPINAZO| |9520020|Major Group 10|10|Major Group 10|10|Family Group 1008|1008|Family Group 1008|1008|OT1|1|Order Type Master 1|1|68334.00|0.00|68334.00|0.00|0.00|0.00|68334.00|0.00|68334.00|1|68334.00|2|0|0.00|0.00|0.00|54|13
FPMI|Restaurante|1|Restaurante|1|Mensaje Bebidas 2024| |980000095|Mensaje Bebidas 2024| |980000095|Major Group 10|10|Major Group 10|10|Family Group 1008|1008|Family Group 1008|1008|OT1|1|Order Type Master 1|1|0.00|0.00|0.00|0.00|0.00|0.00|0.00|0.00|0.00|1|0.00|1|0|0.00|0.00|0.00|56|13
FPMI|Restaurante|1|Restaurante|1|BISTEC CHURRASCO 250 gr CASCO| |9502344|BISTEC CHURRASCO 250 gr CASCO| |9502344|Major Group 10|10|Major Group 10|10|Family Group 1008|1008|Family Group 1008|1008|OT1|1|Order Type Master 1|1|55370.00|0.00|55370.00|0.00|0.00|0.00|55370.00|0.00|55370.00|1|55370.00|1|0|0.00|0.00|0.00|60|14
FPMI|Restaurante|1|Restaurante|1|CHICHARRON 90 gr| |9528024|CHICHARRON 90 gr| |9528024|Major Group 10|10|Major Group 10|10|Family Group 1008|1008|Family Group 1008|1008|OT1|1|Order Type Master 1|1|26667.00|0.00|26667.00|0.00|0.00|0.00|26667.00|0.00|26667.00|1|26667.00|1|0|0.00|0.00|0.00|53|13
FPMI|Restaurante|1|Restaurante|1|LONGANIZA 100 gr| |9502092|LONGANIZA 100 gr| |9502092|Major Group 10|10|Major Group 10|10|Family Group 1008|1008|Family Group 1008|1008|OT1|1|Order Type Master 1|1|12593.00|0.00|12593.00|0.00|0.00|0.00|12593.00|0.00|12593.00|1|12593.00|1|0|0.00|0.00|0.00|56|13
FPMI|Restaurante|1|Restaurante|1|BISTEC CHURRASCO 250 gr ARROZ| |9502433|BISTEC CHURRASCO 250 gr ARROZ| |9502433|Major Group 10|10|Major Group 10|10|Family Group 1008|1008|Family Group 1008|1008|OT1|1|Order Type Master 1|1|55370.00|0.00|55370.00|0.00|0.00|0.00|55370.00|0.00|55370.00|1|55370.00|1|0|0.00|0.00|0.00|65|16
FPMI|Restaurante|1|Restaurante|1|TRES LECHES| |9514016|TRES LECHES| |9514016|Major Group 10|10|Major Group 10|10|Family Group 1008|1008|Family Group 1008|1008|OT1|1|Order Type Master 1|1|12500.00|-620.00|11880.00|0.00|0.00|0.00|12500.00|-620.00|11880.00|1|12500.00|1|0|0.00|0.00|0.00|58|14
FPMI|Domicilios|20|Domicilios|20|CANASTA DE 4 EMPANADAS DE CARNE| |9528034|CANASTA DE 4 EMPANADAS DE CARNE| |9528034|Major Group 10|10|Major Group 10|10|Family Group 1008|1008|Family Group 1008|1008|OT2|2|Order Type Master 2|2|22500.00|0.00|22500.00|0.00|0.00|0.00|22500.00|0.00|22500.00|73|22500.00|1|0|0.00|0.00|0.00|60|14
FPMI|Domicilios|20|Domicilios|20|MJE ALM| |90000037|MJE ALM| |90000037|Major Group 10|10|Major Group 10|10|Family Group 1008|1008|Family Group 1008|1008|OT2|2|Order Type Master 2|2|0.00|0.00|0.00|0.00|0.00|0.00|0.00|0.00|0.00|1|0.00|1|0|0.00|0.00|0.00|60|14
FPMI|Domicilios|20|Domicilios|20|AREPA DE CHOCOLO| |9506036|AREPA DE CHOCOLO| |9506036|Major Group 10|10|Major Group 10|10|Family Group 1008|1008|Family Group 1008|1008|OT2|2|Order Type Master 2|2|40370.00|0.00|40370.00|0.00|0.00|0.00|40370.00|0.00|40370.00|73|40370.00|2|0|0.00|0.00|0.00|69|17
FPMI|Plataformas|21|Plataformas|21|MJE ALM| |90000037|MJE ALM| |90000037|Major Group 10|10|Major Group 10|10|Family Group 1008|1008|Family Group 1008|1008|OT7|7|Order Type Master 7|7|0.00|0.00|0.00|0.00|0.00|0.00|0.00|0.00|0.00|1|0.00|1|0|0.00|0.00|0.00|73|18
FPMI|Plataformas|21|Plataformas|21|PECHUGA NINOS| |9542014|PECHUGA NINOS| |9542014|Major Group 10|10|Major Group 10|10|Family Group 1008|1008|Family Group 1008|1008|OT7|7|Order Type Master 7|7|24444.00|0.00|24444.00|0.00|0.00|0.00|24444.00|0.00|24444.00|153|24444.00|1|0|0.00|0.00|0.00|54|13
FPMI|Plataformas|21|Plataformas|21|SALMON A LA PLANCHA 200 gr ARROZ BLANCO| |9504092|SALMON A LA PLANCHA 200 gr ARROZ BLANCO| |9504092|Major Group 10|10|Major Group 10|10|Family Group 1008|1008|Family Group 1008|1008|OT7|7|Order Type Master 7|7|45278.00|0.00|45278.00|0.00|0.00|0.00|45278.00|0.00|45278.00|177|45278.00|1|0|0.00|0.00|0.00|71|17
FPMI|Plataformas|21|Plataformas|21|MORCILLA 100 gr| |9502080|MORCILLA 100 gr| |9502080|Major Group 10|10|Major Group 10|10|Family Group 1008|1008|Family Group 1008|1008|OT7|7|Order Type Master 7|7|11204.00|0.00|11204.00|0.00|0.00|0.00|11204.00|0.00|11204.00|153|11204.00|1|0|0.00|0.00|0.00|58|14
FPMI|Restaurante|1|Restaurante|1|LIMONADA NATURAL| |9604060|LIMONADA NATURAL| |9604060|Major Group 20|20|Major Group 20|20|Family Group 3000|3000|Family Group 3000|3000|OT1|1|Order Type Master 1|1|8519.00|0.00|8519.00|0.00|0.00|0.00|8519.00|0.00|8519.00|1|8519.00|1|0|0.00|0.00|0.00|53|13
FPMI|Restaurante|1|Restaurante|1|JUGO DE MARACUYA EN LECHE| |9604112|JUGO DE MARACUYA EN LECHE| |9604112|Major Group 20|20|Major Group 20|20|Family Group 3000|3000|Family Group 3000|3000|OT1|1|Order Type Master 1|1|12870.00|0.00|12870.00|0.00|0.00|0.00|12870.00|0.00|12870.00|1|12870.00|1|0|0.00|0.00|0.00|65|16
FPMI|Restaurante|1|Restaurante|1|GASEOSA 400 ml| |9606131|GASEOSA 400 ml| |9606131|Major Group 20|20|Major Group 20|20|Family Group 3000|3000|Family Group 3000|3000|OT1|1|Order Type Master 1|1|7593.00|0.00|7593.00|0.00|0.00|0.00|7593.00|0.00|7593.00|1|7593.00|1|0|0.00|0.00|0.00|79|19
FPMI|Restaurante|1|Restaurante|1|SODA CON LIMON| |9606141|SODA CON LIMON| |9606141|Major Group 20|20|Major Group 20|20|Family Group 3000|3000|Family Group 3000|3000|OT1|1|Order Type Master 1|1|14444.00|0.00|14444.00|0.00|0.00|0.00|14444.00|0.00|14444.00|1|14444.00|2|0|0.00|0.00|0.00|72|17
FPMI|Restaurante|1|Restaurante|1|ENTRECOT 180 gr  FRANCESA| |9502504|ENTRECOT 180 gr  FRANCESA| |9502504|Major Group 10|10|Major Group 10|10|Family Group 1008|1008|Family Group 1008|1008|OT1|1|Order Type Master 1|1|36852.00|0.00|36852.00|0.00|0.00|0.00|36852.00|0.00|36852.00|1|36852.00|1|0|0.00|0.00|0.00|53|13
FPMI|Restaurante|1|Restaurante|1|CANASTA DE 4 EMPANADAS CACHACAS| |9528040|CANASTA DE 4 EMPANADAS CACHACAS| |9528040|Major Group 10|10|Major Group 10|10|Family Group 1008|1008|Family Group 1008|1008|OT1|1|Order Type Master 1|1|22500.00|0.00|22500.00|0.00|0.00|0.00|22500.00|0.00|22500.00|1|22500.00|1|0|0.00|0.00|0.00|79|19
FPMI|Restaurante|1|Restaurante|1|Mod CocaCola Zero 400ml| |980000103|Mod CocaCola Zero 400ml| |980000103|Major Group 10|10|Major Group 10|10|Family Group 1008|1008|Family Group 1008|1008|OT1|1|Order Type Master 1|1|0.00|0.00|0.00|0.00|0.00|0.00|0.00|0.00|0.00|1|0.00|2|0|0.00|0.00|0.00|60|14
FPMI|Restaurante|1|Restaurante|1|LOMO 220 gr ARROZ BLANCO| |9502515|LOMO 220 gr ARROZ BLANCO| |9502515|Major Group 10|10|Major Group 10|10|Family Group 1008|1008|Family Group 1008|1008|OT1|1|Order Type Master 1|1|54444.00|0.00|54444.00|0.00|0.00|0.00|54444.00|0.00|54444.00|1|54444.00|1|0|0.00|0.00|0.00|65|16
FPMI|Restaurante|1|Restaurante|1|MJE ALM| |90000037|MJE ALM| |90000037|Major Group 10|10|Major Group 10|10|Family Group 1008|1008|Family Group 1008|1008|OT1|1|Order Type Master 1|1|0.00|0.00|0.00|0.00|0.00|0.00|0.00|0.00|0.00|1|0.00|1|0|0.00|0.00|0.00|58|14
FPMI|Restaurante|1|Restaurante|1|HELADO MENU NINOS 0| |9500494|HELADO MENU NINOS 0| |9500494|Major Group 10|10|Major Group 10|10|Family Group 1008|1008|Family Group 1008|1008|OT1|1|Order Type Master 1|1|0.00|0.00|0.00|0.00|0.00|0.00|0.00|0.00|0.00|1|0.00|1|0|0.00|0.00|0.00|63|15
FPMI|Restaurante|1|Restaurante|1|SALSA CHIMICHURRI| |9500388|SALSA CHIMICHURRI| |9500388|Major Group 10|10|Major Group 10|10|Family Group 1008|1008|Family Group 1008|1008|OT1|1|Order Type Master 1|1|0.00|0.00|0.00|0.00|0.00|0.00|0.00|0.00|0.00|1|0.00|1|0|0.00|0.00|0.00|61|15
FPMI|Restaurante|1|Restaurante|1|AJIACO  POLLO| |9520008|AJIACO  POLLO| |9520008|Major Group 10|10|Major Group 10|10|Family Group 1008|1008|Family Group 1008|1008|OT1|1|Order Type Master 1|1|34074.00|0.00|34074.00|0.00|0.00|0.00|34074.00|0.00|34074.00|1|34074.00|1|0|0.00|0.00|0.00|72|17
FPMI|Restaurante|1|Restaurante|1|MJE ALM| |90000037|MJE ALM| |90000037|Major Group 10|10|Major Group 10|10|Family Group 1008|1008|Family Group 1008|1008|OT1|1|Order Type Master 1|1|0.00|0.00|0.00|0.00|0.00|0.00|0.00|0.00|0.00|1|0.00|1|0|0.00|0.00|0.00|63|15
FPMI|Domicilios|20|Domicilios|20|AREPA DE CHOCOLO| |9506036|AREPA DE CHOCOLO| |9506036|Major Group 10|10|Major Group 10|10|Family Group 1008|1008|Family Group 1008|1008|OT2|2|Order Type Master 2|2|0.00|-8100.00|-8100.00|0.00|0.00|0.00|0.00|-8100.00|-8100.00|73|0.00|0|0|0.00|0.00|0.00|65|16
FPMI|Domicilios|20|Domicilios|20|Mod CocaCola Original 400ml| |980000102|Mod CocaCola Original 400ml| |980000102|Major Group 10|10|Major Group 10|10|Family Group 1008|1008|Family Group 1008|1008|OT2|2|Order Type Master 2|2|0.00|0.00|0.00|0.00|0.00|0.00|0.00|0.00|0.00|1|0.00|1|0|0.00|0.00|0.00|60|14
FPMI|Domicilios|20|Domicilios|20|PATACON CARNE DESMECHADA| |9524028|PATACON CARNE DESMECHADA| |9524028|Major Group 10|10|Major Group 10|10|Family Group 1008|1008|Family Group 1008|1008|OT2|2|Order Type Master 2|2|24630.00|0.00|24630.00|0.00|0.00|0.00|24630.00|0.00|24630.00|73|24630.00|1|0|0.00|0.00|0.00|56|13
FPMI|Plataformas|21|Plataformas|21|AREPA DE CHOCOLO| |9506036|AREPA DE CHOCOLO| |9506036|Major Group 10|10|Major Group 10|10|Family Group 1008|1008|Family Group 1008|1008|OT7|7|Order Type Master 7|7|21111.00|0.00|21111.00|0.00|0.00|0.00|21111.00|0.00|21111.00|153|21111.00|1|0|0.00|0.00|0.00|73|18
FPMI|Plataformas|21|Plataformas|21|SALSA BABY| |9500376|SALSA BABY| |9500376|Major Group 10|10|Major Group 10|10|Family Group 1008|1008|Family Group 1008|1008|OT7|7|Order Type Master 7|7|3148.00|0.00|3148.00|0.00|0.00|0.00|3148.00|0.00|3148.00|153|3148.00|1|0|0.00|0.00|0.00|69|17
FPMI|Restaurante|1|Restaurante|1|FUZE TE DURAZNO | |9606108|FUZE TE DURAZNO | |9606108|Major Group 20|20|Major Group 20|20|Family Group 3000|3000|Family Group 3000|3000|OT1|1|Order Type Master 1|1|6389.00|0.00|6389.00|0.00|0.00|0.00|6389.00|0.00|6389.00|1|6389.00|1|0|0.00|0.00|0.00|53|13
FPMI|Restaurante|1|Restaurante|1|MANDARINO BOLS 2X1| |9626126|MANDARINO BOLS 2X1| |9626126|Major Group 20|20|Major Group 20|20|Family Group 3000|3000|Family Group 3000|3000|OT1|1|Order Type Master 1|1|31296.00|0.00|31296.00|0.00|0.00|0.00|31296.00|0.00|31296.00|1|31296.00|1|0|0.00|0.00|0.00|56|13
FPMI|Restaurante|1|Restaurante|1|LIMONADA NATURAL| |9604060|LIMONADA NATURAL| |9604060|Major Group 20|20|Major Group 20|20|Family Group 3000|3000|Family Group 3000|3000|OT1|1|Order Type Master 1|1|8519.00|0.00|8519.00|0.00|0.00|0.00|8519.00|0.00|8519.00|1|8519.00|1|0|0.00|0.00|0.00|65|16
FPMI|Restaurante|1|Restaurante|1|GASEOSA 400 ml| |9606131|GASEOSA 400 ml| |9606131|Major Group 20|20|Major Group 20|20|Family Group 3000|3000|Family Group 3000|3000|OT1|1|Order Type Master 1|1|15186.00|0.00|15186.00|0.00|0.00|0.00|15186.00|0.00|15186.00|1|15186.00|2|0|0.00|0.00|0.00|60|14
FPMI|Restaurante|1|Restaurante|1|HUEVO FRITO UN| |9500212|HUEVO FRITO UN| |9500212|Major Group 10|10|Major Group 10|10|Family Group 1008|1008|Family Group 1008|1008|OT1|1|Order Type Master 1|1|0.00|-296.00|-296.00|0.00|0.00|0.00|0.00|-296.00|-296.00|1|0.00|0|0|0.00|0.00|0.00|58|14
FPMI|Restaurante|1|Restaurante|1|PATACON CON HOGAO| |9524044|PATACON CON HOGAO| |9524044|Major Group 10|10|Major Group 10|10|Family Group 1008|1008|Family Group 1008|1008|OT1|1|Order Type Master 1|1|10000.00|0.00|10000.00|0.00|0.00|0.00|10000.00|0.00|10000.00|1|10000.00|1|0|0.00|0.00|0.00|60|14
FPMI|Restaurante|1|Restaurante|1|MADURITOS| |9500252|MADURITOS| |9500252|Major Group 10|10|Major Group 10|10|Family Group 1008|1008|Family Group 1008|1008|OT1|1|Order Type Master 1|1|3426.00|0.00|3426.00|0.00|0.00|0.00|3426.00|0.00|3426.00|1|3426.00|1|0|0.00|0.00|0.00|55|13
FPMI|Restaurante|1|Restaurante|1|Mensaje Bebidas 2024| |980000095|Mensaje Bebidas 2024| |980000095|Major Group 10|10|Major Group 10|10|Family Group 1008|1008|Family Group 1008|1008|OT1|1|Order Type Master 1|1|0.00|0.00|0.00|0.00|0.00|0.00|0.00|0.00|0.00|1|0.00|2|0|0.00|0.00|0.00|65|16
FPMI|Restaurante|1|Restaurante|1|Mod CocaCola Zero 400ml| |980000103|Mod CocaCola Zero 400ml| |980000103|Major Group 10|10|Major Group 10|10|Family Group 1008|1008|Family Group 1008|1008|OT1|1|Order Type Master 1|1|0.00|0.00|0.00|0.00|0.00|0.00|0.00|0.00|0.00|1|0.00|1|0|0.00|0.00|0.00|79|19
FPMI|Restaurante|1|Restaurante|1|AREPA DE CHOCOLO| |9506036|AREPA DE CHOCOLO| |9506036|Major Group 10|10|Major Group 10|10|Family Group 1008|1008|Family Group 1008|1008|OT1|1|Order Type Master 1|1|20185.00|0.00|20185.00|0.00|0.00|0.00|20185.00|0.00|20185.00|1|20185.00|1|0|0.00|0.00|0.00|67|16
FPMI|Restaurante|1|Restaurante|1|Mod BienAsado| |980000006|Mod BienAsado| |980000006|Major Group 10|10|Major Group 10|10|Family Group 1008|1008|Family Group 1008|1008|OT1|1|Order Type Master 1|1|0.00|0.00|0.00|0.00|0.00|0.00|0.00|0.00|0.00|1|0.00|1|0|0.00|0.00|0.00|60|14
FPMI|Restaurante|1|Restaurante|1|COSTILLAS DE CERDO 410 gr  CRIOLLA| |9502361|COSTILLAS DE CERDO 410 gr  CRIOLLA| |9502361|Major Group 10|10|Major Group 10|10|Family Group 1008|1008|Family Group 1008|1008|OT1|1|Order Type Master 1|1|51667.00|0.00|51667.00|0.00|0.00|0.00|51667.00|0.00|51667.00|1|51667.00|1|0|0.00|0.00|0.00|72|17
FPMI|Domicilios|20|Domicilios|20|SOPA DE VERDURAS| |9520050|SOPA DE VERDURAS| |9520050|Major Group 10|10|Major Group 10|10|Family Group 1008|1008|Family Group 1008|1008|OT2|2|Order Type Master 2|2|13148.00|0.00|13148.00|0.00|0.00|0.00|13148.00|0.00|13148.00|73|13148.00|1|0|0.00|0.00|0.00|59|14
FPMI|Domicilios|20|Domicilios|20|SOPA DE PASTA PERSONAL| |9540237|SOPA DE PASTA PERSONAL| |9540237|Major Group 10|10|Major Group 10|10|Family Group 1008|1008|Family Group 1008|1008|OT2|2|Order Type Master 2|2|18520.00|0.00|18520.00|0.00|0.00|0.00|18520.00|0.00|18520.00|73|18520.00|4|0|0.00|0.00|0.00|82|20
FPMI|Plataformas|21|Plataformas|21|AJIACO NINOS| |9542004|AJIACO NINOS| |9542004|Major Group 10|10|Major Group 10|10|Family Group 1008|1008|Family Group 1008|1008|OT7|7|Order Type Master 7|7|60834.00|0.00|60834.00|0.00|0.00|0.00|60834.00|0.00|60834.00|153|60834.00|3|0|0.00|0.00|0.00|54|13
FPMI|Plataformas|21|Plataformas|21|AJIACO  POLLO| |9520008|AJIACO  POLLO| |9520008|Major Group 10|10|Major Group 10|10|Family Group 1008|1008|Family Group 1008|1008|OT7|7|Order Type Master 7|7|35741.00|0.00|35741.00|0.00|0.00|0.00|35741.00|0.00|35741.00|153|35741.00|1|0|0.00|0.00|0.00|54|13
FPMI|Plataformas|21|Plataformas|21|Mod BienAsado| |980000006|Mod BienAsado| |980000006|Major Group 10|10|Major Group 10|10|Family Group 1008|1008|Family Group 1008|1008|OT7|7|Order Type Master 7|7|0.00|0.00|0.00|0.00|0.00|0.00|0.00|0.00|0.00|1|0.00|3|0|0.00|0.00|0.00|56|13
FPMI|Plataformas|21|Plataformas|21|ENTRECOT 180 gr  FRANCESA| |9502504|ENTRECOT 180 gr  FRANCESA| |9502504|Major Group 10|10|Major Group 10|10|Family Group 1008|1008|Family Group 1008|1008|OT7|7|Order Type Master 7|7|38611.00|0.00|38611.00|0.00|0.00|0.00|38611.00|0.00|38611.00|153|38611.00|1|0|0.00|0.00|0.00|56|13
FPMI|Plataformas|21|Plataformas|21|BANDEJA PAISA| |9520036|BANDEJA PAISA| |9520036|Major Group 10|10|Major Group 10|10|Family Group 1008|1008|Family Group 1008|1008|OT7|7|Order Type Master 7|7|44537.00|0.00|44537.00|0.00|0.00|0.00|44537.00|0.00|44537.00|153|44537.00|1|0|0.00|0.00|0.00|56|13
FPMI|Plataformas|21|Plataformas|21|PECHUGA A LA PARRILLA 230 gr FRANCESA | |9506090|PECHUGA A LA PARRILLA 230 gr FRANCESA | |9506090|Major Group 10|10|Major Group 10|10|Family Group 1008|1008|Family Group 1008|1008|OT7|7|Order Type Master 7|7|26019.00|0.00|26019.00|0.00|0.00|0.00|26019.00|0.00|26019.00|153|26019.00|1|0|0.00|0.00|0.00|54|13
FPMI|Plataformas|21|Plataformas|21|Mod BienAsado| |980000006|Mod BienAsado| |980000006|Major Group 10|10|Major Group 10|10|Family Group 1008|1008|Family Group 1008|1008|OT7|7|Order Type Master 7|7|0.00|0.00|0.00|0.00|0.00|0.00|0.00|0.00|0.00|1|0.00|1|0|0.00|0.00|0.00|71|17
FPMI|Restaurante|1|Restaurante|1|JUGO DE MORA EN LECHE| |9604104|JUGO DE MORA EN LECHE| |9604104|Major Group 20|20|Major Group 20|20|Family Group 3000|3000|Family Group 3000|3000|OT1|1|Order Type Master 1|1|12870.00|0.00|12870.00|0.00|0.00|0.00|12870.00|0.00|12870.00|1|12870.00|1|0|0.00|0.00|0.00|67|16
FPMI|Restaurante|1|Restaurante|1|LIMONADA NATURAL| |9604060|LIMONADA NATURAL| |9604060|Major Group 20|20|Major Group 20|20|Family Group 3000|3000|Family Group 3000|3000|OT1|1|Order Type Master 1|1|8519.00|0.00|8519.00|0.00|0.00|0.00|8519.00|0.00|8519.00|1|8519.00|1|0|0.00|0.00|0.00|55|13
FPMI|Restaurante|1|Restaurante|1|AROMATICA| |9602088|AROMATICA| |9602088|Major Group 20|20|Major Group 20|20|Family Group 3000|3000|Family Group 3000|3000|OT1|1|Order Type Master 1|1|0.00|0.00|0.00|0.00|0.00|0.00|0.00|0.00|0.00|17|0.00|1|0|0.00|0.00|0.00|58|14
FPMI|Domicilios|20|Domicilios|20|JUGO DE MANGO EN AGUA| |9604156|JUGO DE MANGO EN AGUA| |9604156|Major Group 20|20|Major Group 20|20|Family Group 3000|3000|Family Group 3000|3000|OT2|2|Order Type Master 2|2|10093.00|0.00|10093.00|0.00|0.00|0.00|10093.00|0.00|10093.00|73|10093.00|1|0|0.00|0.00|0.00|59|14
FPMI|Domicilios|20|Domicilios|20|GASEOSA 400 ml| |9606131|GASEOSA 400 ml| |9606131|Major Group 20|20|Major Group 20|20|Family Group 3000|3000|Family Group 3000|3000|OT2|2|Order Type Master 2|2|7593.00|0.00|7593.00|0.00|0.00|0.00|7593.00|0.00|7593.00|73|7593.00|1|0|0.00|0.00|0.00|60|14
FPMI|Restaurante|1|Restaurante|1|CAZUELA DE FRIJOLES| |9520032|CAZUELA DE FRIJOLES| |9520032|Major Group 10|10|Major Group 10|10|Family Group 1008|1008|Family Group 1008|1008|OT1|1|Order Type Master 1|1|73704.00|0.00|73704.00|0.00|0.00|0.00|73704.00|0.00|73704.00|1|73704.00|2|0|0.00|0.00|0.00|56|13
FPMI|Restaurante|1|Restaurante|1|AREPA DE CHOCOLO| |9506036|AREPA DE CHOCOLO| |9506036|Major Group 10|10|Major Group 10|10|Family Group 1008|1008|Family Group 1008|1008|OT1|1|Order Type Master 1|1|20185.00|0.00|20185.00|0.00|0.00|0.00|20185.00|0.00|20185.00|1|20185.00|1|0|0.00|0.00|0.00|61|15
FPMI|Restaurante|1|Restaurante|1|MJE ALM| |90000037|MJE ALM| |90000037|Major Group 10|10|Major Group 10|10|Family Group 1008|1008|Family Group 1008|1008|OT1|1|Order Type Master 1|1|0.00|0.00|0.00|0.00|0.00|0.00|0.00|0.00|0.00|1|0.00|1|0|0.00|0.00|0.00|61|15
FPMI|Domicilios|20|Domicilios|20|AREPA DE CHOCOLO| |9506036|AREPA DE CHOCOLO| |9506036|Major Group 10|10|Major Group 10|10|Family Group 1008|1008|Family Group 1008|1008|OT2|2|Order Type Master 2|2|40370.00|0.00|40370.00|0.00|0.00|0.00|40370.00|0.00|40370.00|73|40370.00|2|0|0.00|0.00|0.00|64|15
FPMI|Plataformas|21|Plataformas|21|PATACON CON HOGAO| |9524044|PATACON CON HOGAO| |9524044|Major Group 10|10|Major Group 10|10|Family Group 1008|1008|Family Group 1008|1008|OT7|7|Order Type Master 7|7|10463.00|0.00|10463.00|0.00|0.00|0.00|10463.00|0.00|10463.00|153|10463.00|1|0|0.00|0.00|0.00|73|18
FPMI|Plataformas|21|Plataformas|21|TRUCHA A LA PLANCHA 350 gr ENSALADA| |9504163|TRUCHA A LA PLANCHA 350 gr ENSALADA| |9504163|Major Group 10|10|Major Group 10|10|Family Group 1008|1008|Family Group 1008|1008|OT7|7|Order Type Master 7|7|33704.00|0.00|33704.00|0.00|0.00|0.00|33704.00|0.00|33704.00|177|33704.00|1|0|0.00|0.00|0.00|54|13
FPMI|Plataformas|21|Plataformas|21|CHURRASCO 250 gr FRANCESA| |9502110|CHURRASCO 250 gr FRANCESA| |9502110|Major Group 10|10|Major Group 10|10|Family Group 1008|1008|Family Group 1008|1008|OT7|7|Order Type Master 7|7|54167.00|0.00|54167.00|0.00|0.00|0.00|54167.00|0.00|54167.00|153|54167.00|1|0|0.00|0.00|0.00|56|13
FPMI|Plataformas|21|Plataformas|21|ADICION DE AGUACATE 100 gr| |9500032|ADICION DE AGUACATE 100 gr| |9500032|Major Group 10|10|Major Group 10|10|Family Group 1008|1008|Family Group 1008|1008|OT7|7|Order Type Master 7|7|5741.00|0.00|5741.00|0.00|0.00|0.00|5741.00|0.00|5741.00|153|5741.00|1|0|0.00|0.00|0.00|54|13
FPMI|Plataformas|21|Plataformas|21|PECHUGA A LA PARRILLA 230 gr ENSALADA | |9506091|PECHUGA A LA PARRILLA 230 gr ENSALADA | |9506091|Major Group 10|10|Major Group 10|10|Family Group 1008|1008|Family Group 1008|1008|OT7|7|Order Type Master 7|7|-22963.00|0.00|-22963.00|0.00|0.00|0.00|-22963.00|0.00|-22963.00|177|-22963.00|-1|0|0.00|0.00|0.00|79|19
FPMI|Restaurante|1|Restaurante|1|SODA CON LIMON| |9606141|SODA CON LIMON| |9606141|Major Group 20|20|Major Group 20|20|Family Group 3000|3000|Family Group 3000|3000|OT1|1|Order Type Master 1|1|7222.00|0.00|7222.00|0.00|0.00|0.00|7222.00|0.00|7222.00|1|7222.00|1|0|0.00|0.00|0.00|54|13
FPMI|Restaurante|1|Restaurante|1|JUGO DE FRESA EN AGUA| |9604148|JUGO DE FRESA EN AGUA| |9604148|Major Group 20|20|Major Group 20|20|Family Group 3000|3000|Family Group 3000|3000|OT1|1|Order Type Master 1|1|0.00|-501.00|-501.00|0.00|0.00|0.00|0.00|-501.00|-501.00|1|0.00|0|0|0.00|0.00|0.00|58|14
FPMI|Restaurante|1|Restaurante|1|JUGO DE FRESA EN AGUA| |9604148|JUGO DE FRESA EN AGUA| |9604148|Major Group 20|20|Major Group 20|20|Family Group 3000|3000|Family Group 3000|3000|OT1|1|Order Type Master 1|1|10093.00|0.00|10093.00|0.00|0.00|0.00|10093.00|0.00|10093.00|1|10093.00|1|0|0.00|0.00|0.00|55|13
FPMI|Restaurante|1|Restaurante|1|AROMATICA| |9602088|AROMATICA| |9602088|Major Group 20|20|Major Group 20|20|Family Group 3000|3000|Family Group 3000|3000|OT1|1|Order Type Master 1|1|0.00|0.00|0.00|0.00|0.00|0.00|0.00|0.00|0.00|17|0.00|1|0|0.00|0.00|0.00|63|15
FPMI|Restaurante|1|Restaurante|1|PECHUGA A LA PARRILLA 230 gr ENSALADA | |9506091|PECHUGA A LA PARRILLA 230 gr ENSALADA | |9506091|Major Group 10|10|Major Group 10|10|Family Group 1008|1008|Family Group 1008|1008|OT1|1|Order Type Master 1|1|24815.00|0.00|24815.00|0.00|0.00|0.00|24815.00|0.00|24815.00|1|24815.00|1|0|0.00|0.00|0.00|53|13
FPMI|Restaurante|1|Restaurante|1|Mensaje Bebidas 2024| |980000095|Mensaje Bebidas 2024| |980000095|Major Group 10|10|Major Group 10|10|Family Group 1008|1008|Family Group 1008|1008|OT1|1|Order Type Master 1|1|0.00|0.00|0.00|0.00|0.00|0.00|0.00|0.00|0.00|1|0.00|1|0|0.00|0.00|0.00|53|13
FPMI|Restaurante|1|Restaurante|1|MJE ALM| |90000037|MJE ALM| |90000037|Major Group 10|10|Major Group 10|10|Family Group 1008|1008|Family Group 1008|1008|OT1|1|Order Type Master 1|1|0.00|0.00|0.00|0.00|0.00|0.00|0.00|0.00|0.00|1|0.00|1|0|0.00|0.00|0.00|55|13
FPMI|Restaurante|1|Restaurante|1|AREPA DE CHOCOLO| |9506036|AREPA DE CHOCOLO| |9506036|Major Group 10|10|Major Group 10|10|Family Group 1008|1008|Family Group 1008|1008|OT1|1|Order Type Master 1|1|20185.00|0.00|20185.00|0.00|0.00|0.00|20185.00|0.00|20185.00|1|20185.00|1|0|0.00|0.00|0.00|55|13
FPMI|Restaurante|1|Restaurante|1|MADURITOS| |9500252|MADURITOS| |9500252|Major Group 10|10|Major Group 10|10|Family Group 1008|1008|Family Group 1008|1008|OT1|1|Order Type Master 1|1|0.00|-343.00|-343.00|0.00|0.00|0.00|0.00|-343.00|-343.00|1|0.00|0|0|0.00|0.00|0.00|58|14
FPMI|Restaurante|1|Restaurante|1|Mensaje Bebidas 2024| |980000095|Mensaje Bebidas 2024| |980000095|Major Group 10|10|Major Group 10|10|Family Group 1008|1008|Family Group 1008|1008|OT1|1|Order Type Master 1|1|0.00|0.00|0.00|0.00|0.00|0.00|0.00|0.00|0.00|1|0.00|1|0|0.00|0.00|0.00|60|14
FPMI|Restaurante|1|Restaurante|1|AJIACO  POLLO| |9520008|AJIACO  POLLO| |9520008|Major Group 10|10|Major Group 10|10|Family Group 1008|1008|Family Group 1008|1008|OT1|1|Order Type Master 1|1|34074.00|0.00|34074.00|0.00|0.00|0.00|34074.00|0.00|34074.00|1|34074.00|1|0|0.00|0.00|0.00|65|16
FPMI|Restaurante|1|Restaurante|1|CHURRASCO 250 gr CASCO| |9502106|CHURRASCO 250 gr CASCO| |9502106|Major Group 10|10|Major Group 10|10|Family Group 1008|1008|Family Group 1008|1008|OT1|1|Order Type Master 1|1|51667.00|0.00|51667.00|0.00|0.00|0.00|51667.00|0.00|51667.00|1|51667.00|1|0|0.00|0.00|0.00|60|14
FPMI|Restaurante|1|Restaurante|1|SALSA BABY| |9500376|SALSA BABY| |9500376|Major Group 10|10|Major Group 10|10|Family Group 1008|1008|Family Group 1008|1008|OT1|1|Order Type Master 1|1|0.00|0.00|0.00|0.00|0.00|0.00|0.00|0.00|0.00|1|0.00|1|0|0.00|0.00|0.00|54|13
FPMI|Restaurante|1|Restaurante|1|MADURITOS| |9500252|MADURITOS| |9500252|Major Group 10|10|Major Group 10|10|Family Group 1008|1008|Family Group 1008|1008|OT1|1|Order Type Master 1|1|10278.00|0.00|10278.00|0.00|0.00|0.00|10278.00|0.00|10278.00|1|10278.00|3|0|0.00|0.00|0.00|65|16
FPMI|Plataformas|21|Plataformas|21|COSTILLAS DE CERDO 410 gr  CRIOLLA| |9502361|COSTILLAS DE CERDO 410 gr  CRIOLLA| |9502361|Major Group 10|10|Major Group 10|10|Family Group 1008|1008|Family Group 1008|1008|OT7|7|Order Type Master 7|7|54167.00|0.00|54167.00|0.00|0.00|0.00|54167.00|0.00|54167.00|153|54167.00|1|0|0.00|0.00|0.00|54|13
FPMI|Plataformas|21|Plataformas|21|PECHUGA A LA PARRILLA 230 gr ENSALADA | |9506091|PECHUGA A LA PARRILLA 230 gr ENSALADA | |9506091|Major Group 10|10|Major Group 10|10|Family Group 1008|1008|Family Group 1008|1008|OT7|7|Order Type Master 7|7|26019.00|0.00|26019.00|0.00|0.00|0.00|26019.00|0.00|26019.00|153|26019.00|1|0|0.00|0.00|0.00|58|14
