FPID|Expr123|Expres Chia|20241230|20241230|20241231|122939|2.00|2.00|Simphony|19.7.2
FPSUM|Restaurante|1|Restaurante|1|0.00|0.00|0|0|0.00|0|0.00|0|0|0|0|0|0.00|0.00|0.00|0|0|0|0.00|0|0.00|0|0.00|0|0.00|0|143020.00|1|0.00|0|0.00|0|0.00|0.00|12|49|0.00|0.00|0.00|0.00|0.00|2268.50|2268.50|0.00|0.17|0.00|13610.97|2268.50|2268.50
FPSUM|Restaurante|1|Restaurante|1|263615.00|26360.00|0|0|0.00|0|21085.00|3|0|0|0|0|0.00|0.00|0.00|0|0|0|0.00|0|0.00|0|0.00|0|311060.00|3|142364.00|1|0.00|0|0.00|0|0.00|0.00|13|56|263615.00|0.00|0.00|0.00|263615.00|61142.17|61142.17|0.00|0.50|0.00|122284.33|61142.17|61142.17
FPSUM|Restaurante|1|Restaurante|1|0.00|0.00|0|0|0.00|0|0.00|0|0|0|0|0|0.00|0.00|0.00|0|0|0|0.00|0|0.00|0|0.00|0|-4.00|0|55390.00|1|0.00|0|0.00|0|0.00|0.00|15|64|0.00|0.00|0.00|0.00|0.00|0.00|0.00|0.00|0.00|0.00|0.00|0.00|0.00
FPSUM|Domicilios|20|Domicilios|20|0.00|0.00|0|0|0.00|0|0.00|0|0|0|0|0|0.00|0.00|0.00|0|0|0|0.00|0|0.00|0|39600.00|1|0.00|0|0.00|0|0.00|0|0.00|0|0.00|0.00|11|48|0.00|0.00|0.00|0.00|0.00|20694.50|20694.50|0.00|0.33|0.00|62083.56|20694.50|20694.50
FPSUM|Restaurante|1|Restaurante|1|0.00|0.00|0|0|0.00|0|0.00|0|0|0|0|0|0.00|0.00|0.00|0|0|0|0.00|0|0.00|0|0.00|0|0.00|0|0.00|0|0.00|0|0.00|0|0.00|0.00|16|65|0.00|0.00|0.00|0.00|0.00|0.00|0.00|0.00|0.00|0.00|0.00|0.00|0.00
FPSUM|Restaurante|1|Restaurante|1|0.00|0.00|0|0|0.00|0|0.00|0|0|0|0|0|0.00|0.00|0.00|0|0|0|0.00|0|0.00|0|0.00|0|0.00|0|0.00|0|0.00|0|0.00|0|0.00|0.00|12|51|0.00|0.00|0.00|0.00|0.00|1296.33|1029.67|-266.67|0.17|0.00|6177.99|1296.33|1029.67
FPSUM|Restaurante|1|Restaurante|1|35093.00|3509.00|0|0|0.00|0|2807.00|0|0|0|0|0|0.00|0.00|0.00|0|0|0|0.00|0|0.00|0|0.00|0|41409.00|0|44687.00|1|0.00|0|0.00|0|0.00|0.00|19|79|35093.00|0.00|0.00|0.00|35093.00|22284.00|22284.00|0.00|0.17|0.00|133703.73|22284.00|22284.00
FPSUM|Restaurante|1|Restaurante|1|-10226.00|908.00|0|0|0.00|0|726.00|0|0|0|0|0|0.00|0.00|0.00|0|0|0|0.00|0|0.00|0|0.00|0|-8592.00|0|94766.00|1|0.00|0|0.00|0|0.00|0.00|14|58|9074.00|-19300.00|0.00|0.00|-10226.00|0.00|0.00|0.00|0.00|0.00|0.00|0.00|0.00
FPSUM|Restaurante|1|Restaurante|1|0.00|0.00|0|0|0.00|0|0.00|0|0|0|0|0|0.00|0.00|0.00|0|0|0|0.00|0|0.00|0|0.00|0|0.00|0|213383.00|1|0.00|0|0.00|0|0.00|0.00|16|67|0.00|0.00|0.00|0.00|0.00|0.00|0.00|0.00|0.00|0.00|0.00|0.00|0.00
FPSUM|Restaurante|1|Restaurante|1|47963.00|4796.00|0|0|0.00|0|3837.00|1|0|0|0|0|0.00|0.00|0.00|0|0|0|0.00|0|0.00|0|0.00|0|56596.00|1|0.00|0|0.00|0|0.00|0|0.00|0.00|19|78|47963.00|0.00|0.00|0.00|47963.00|0.00|0.00|0.00|0.00|0.00|0.00|0.00|0.00
FPSUM|Domicilios|20|Domicilios|20|66456.00|0.00|0|0|0.00|0|6644.00|1|0|0|0|0|0.00|0.00|0.00|0|0|0|0.00|0|0.00|0|0.00|0|73100.00|1|108100.00|2|0.00|0|0.00|0|0.00|0.00|19|80|83056.00|-16600.00|0.00|0.00|66456.00|3750.00|3750.00|0.00|0.17|0.00|22499.96|3750.00|3750.00
FPSUM|Restaurante|1|Restaurante|1|111536.00|11129.00|0|0|0.00|0|9764.00|5|0|0|0|0|0.00|0.00|0.00|0|0|0|0.00|0|0.00|0|0.00|0|132427.00|5|50264.00|4|0.00|0|0.00|0|0.00|0.00|12|52|122036.00|-10500.00|0.00|0.00|111536.00|17145.00|17145.00|0.00|0.17|0.00|102869.79|17145.00|17145.00
FPSUM|Restaurante|1|Restaurante|1|6759.00|676.00|0|0|0.00|0|541.00|1|0|0|0|0|0.00|0.00|0.00|0|0|0|7300.00|1|0.00|0|0.00|0|7976.00|1|0.00|0|0.00|0|0.00|0|0.00|0.00|15|61|6759.00|0.00|0.00|0.00|6759.00|15802.67|15802.67|0.00|0.17|0.00|94815.81|15802.67|15802.67
FPSUM|Restaurante|1|Restaurante|1|0.00|0.00|0|0|0.00|0|0.00|0|0|0|0|0|0.00|0.00|0.00|0|0|0|0.00|0|0.00|0|0.00|0|0.00|0|127942.00|1|0.00|0|0.00|0|0.00|0.00|14|60|0.00|0.00|0.00|0.00|0.00|9166.67|9166.67|0.00|0.17|0.00|54999.89|9166.67|9166.67
FPSUM|Plataformas|21|Plataformas|21|124722.00|0.00|0|0|0.00|0|9978.00|1|0|0|0|0|0.00|0.00|0.00|0|0|0|0.00|0|0.00|0|0.00|0|134700.00|1|134700.00|1|0.00|0|0.00|0|0.00|0.00|12|50|124722.00|0.00|0.00|0.00|124722.00|18086.33|18086.33|0.00|0.17|0.00|108517.78|18086.33|18086.33
FPSUM|Restaurante|1|Restaurante|1|180833.00|18083.00|0|0|0.00|0|14467.00|1|0|0|0|0|0.00|0.00|0.00|0|0|0|0.00|0|0.00|0|0.00|0|213383.00|1|0.00|0|0.00|0|0.00|0|0.00|0.00|15|63|180833.00|0.00|0.00|0.00|180833.00|2145.00|2145.00|0.00|0.00|0.00|0.00|2145.00|2145.00
FPSUM|Domicilios|20|Domicilios|20|29908.00|0.00|0|0|0.00|0|2392.00|1|0|0|0|0|0.00|0.00|0.00|0|0|0|6600.00|1|0.00|0|0.00|0|32300.00|1|0.00|0|0.00|0|0.00|0|0.00|0.00|13|55|29908.00|0.00|0.00|0.00|29908.00|5632.67|5632.67|0.00|0.17|0.00|33795.93|5632.67|5632.67
FPSUM|Restaurante|1|Restaurante|1|54167.00|5416.00|0|0|0.00|0|4333.00|0|0|0|0|0|0.00|0.00|0.00|0|0|0|0.00|0|0.00|0|0.00|0|63916.00|0|0.00|0|0.00|0|0.00|0|0.00|0.00|14|57|54167.00|0.00|0.00|0.00|54167.00|36697.83|36697.83|0.00|0.33|0.00|110093.61|36697.83|36697.83
FPSUM|Domicilios|20|Domicilios|20|56215.00|3370.00|0|0|0.00|0|5285.00|2|0|0|0|0|0.00|0.00|0.00|0|0|0|0.00|0|0.00|0|0.00|1|64870.00|2|46870.00|3|0.00|0|0.00|0|0.00|0.00|16|68|66115.00|-9900.00|0.00|0.00|56215.00|0.00|0.00|0.00|0.00|0.00|0.00|0.00|0.00
FPSUM|Restaurante|1|Restaurante|1|40185.00|4018.00|0|0|0.00|0|3215.00|0|0|0|0|0|0.00|0.00|0.00|0|0|0|0.00|0|0.00|0|0.00|0|47418.00|0|0.00|0|0.00|0|0.00|0|0.00|0.00|15|62|40185.00|0.00|0.00|0.00|40185.00|29290.17|29290.17|0.00|0.17|0.00|175740.65|29290.17|29290.17
FPSUM|Restaurante|1|Restaurante|1|0.00|-14833.00|0|0|0.00|0|0.00|0|0|0|0|0|0.00|0.00|0.00|0|0|0|0.00|0|0.00|0|5000.00|1|-14833.00|0|160200.00|1|0.00|0|0.00|0|0.00|-14833.00|20|81|0.00|0.00|0.00|0.00|0.00|-8888.83|-8888.83|0.00|0.00|0.00|0.00|-8888.83|-8888.83
FPSUM|Restaurante|1|Restaurante|1|0.00|0.00|0|0|0.00|0|0.00|0|0|0|0|0|0.00|0.00|0.00|0|0|0|0.00|0|0.00|0|0.00|0|0.00|0|0.00|0|0.00|0|0.00|0|0.00|0.00|9|39|0.00|0.00|0.00|0.00|0.00|3657.50|3657.50|0.00|0.00|0.00|0.00|3657.50|3657.50
FPSUM|Restaurante|1|Restaurante|1|0.00|0.00|0|0|0.00|0|0.00|0|0|0|0|0|0.00|0.00|0.00|0|0|0|0.00|0|0.00|0|0.00|0|0.00|0|94946.00|1|0.00|0|0.00|0|0.00|0.00|9|40|0.00|0.00|0.00|0.00|0.00|0.00|0.00|0.00|0.00|0.00|0.00|0.00|0.00
FPSUM|Domicilios|20|Domicilios|20|11822.00|1472.00|0|0|0.00|0|1178.00|1|0|0|0|0|0.00|0.00|0.00|0|0|0|0.00|0|0.00|0|0.00|0|14470.00|1|14470.00|1|0.00|0|0.00|0|0.00|0.00|12|52|14722.00|-2900.00|0.00|0.00|11822.00|6759.33|6759.33|0.00|0.17|0.00|40555.92|6759.33|6759.33
FPSUM|Restaurante|1|Restaurante|1|103148.00|10315.00|0|0|0.00|0|8252.00|1|0|0|0|0|0.00|0.00|0.00|0|0|0|0.00|0|0.00|0|0.00|0|121715.00|1|0.00|0|0.00|0|0.00|0|0.00|0.00|19|77|103148.00|0.00|0.00|0.00|103148.00|5216.00|5216.00|0.00|0.00|0.00|0.00|5216.00|5216.00
FPSUM|Plataformas|21|Plataformas|21|183611.00|0.00|0|0|0.00|0|14689.00|1|0|0|0|0|0.00|0.00|0.00|0|0|0|0.00|1|0.00|0|0.00|0|198300.00|1|198300.00|1|0.00|0|0.00|0|0.00|0.00|13|53|183611.00|0.00|0.00|0.00|183611.00|29020.17|29020.17|0.00|0.50|0.00|58040.33|29020.17|29020.17
FPSUM|Restaurante|1|Restaurante|1|0.00|0.00|0|0|0.00|0|0.00|0|0|0|0|0|0.00|0.00|0.00|0|0|0|0.00|0|0.00|0|141272.00|1|0.00|0|143676.00|1|0.00|0|0.00|0|0.00|0.00|14|59|0.00|0.00|0.00|0.00|0.00|0.00|0.00|0.00|0.00|0.00|0.00|0.00|0.00
FPSUM|Restaurante|1|Restaurante|1|80461.00|8046.00|0|0|0.00|0|6439.00|1|0|0|0|0|0.00|0.00|0.00|0|0|0|9500.00|1|0.00|0|0.00|0|94946.00|1|0.00|0|0.00|0|0.00|0|0.00|0.00|9|37|80461.00|0.00|0.00|0.00|80461.00|5833.33|5833.33|0.00|0.17|0.00|34999.93|5833.33|5833.33
FPSUM|Restaurante|1|Restaurante|1|10000.00|1000.00|0|0|0.00|0|800.00|1|0|0|0|0|0.00|0.00|0.00|0|0|0|0.00|0|0.00|0|0.00|0|11800.00|1|0.00|0|0.00|0|0.00|0|0.00|0.00|13|53|10000.00|0.00|0.00|0.00|10000.00|14475.33|14475.33|0.00|0.17|0.00|86851.83|14475.33|14475.33
FPSUM|Plataformas|21|Plataformas|21|80278.00|0.00|0|0|0.00|0|6422.00|1|0|0|0|0|0.00|0.00|0.00|0|0|0|0.00|0|0.00|0|0.00|0|86700.00|1|86700.00|1|0.00|0|0.00|0|0.00|0.00|12|49|80278.00|0.00|0.00|0.00|80278.00|0.00|0.00|0.00|0.00|0.00|0.00|0.00|0.00
FPSUM|Restaurante|1|Restaurante|1|7315.00|731.00|0|0|0.00|0|585.00|0|0|0|0|0|0.00|0.00|0.00|0|0|0|0.00|0|0.00|0|0.00|0|8631.00|0|160283.00|2|0.00|0|0.00|0|0.00|0.00|10|44|7315.00|0.00|0.00|0.00|7315.00|0.00|0.00|0.00|0.00|0.00|0.00|0.00|0.00
FPSUM|Domicilios|20|Domicilios|20|49630.00|0.00|0|0|0.00|0|3970.00|0|0|0|0|0|0.00|0.00|0.00|0|0|0|0.00|0|0.00|0|0.00|0|53600.00|0|0.00|0|0.00|0|0.00|0|0.00|0.00|13|56|49630.00|0.00|0.00|0.00|49630.00|0.00|0.00|0.00|0.00|0.00|0.00|0.00|0.00
FPSUM|Plataformas|21|Plataformas|21|108982.00|0.00|0|0|0.00|0|8718.00|1|0|0|0|0|0.00|0.00|0.00|0|0|0|0.00|0|0.00|0|0.00|0|117700.00|1|117700.00|1|0.00|0|0.00|0|0.00|0.00|11|48|108982.00|0.00|0.00|0.00|108982.00|0.00|0.00|0.00|0.00|0.00|0.00|0.00|0.00
FPSUM|Domicilios|20|Domicilios|20|28611.00|0.00|0|0|0.00|0|2289.00|1|0|0|0|0|0.00|0.00|0.00|0|0|0|0.00|0|0.00|0|0.00|0|30900.00|1|30900.00|1|0.00|0|0.00|0|0.00|0.00|11|45|28611.00|0.00|0.00|0.00|28611.00|0.00|0.00|0.00|0.00|0.00|0.00|0.00|0.00
FPSUM|Restaurante|1|Restaurante|1|11296.00|1130.00|0|0|0.00|0|904.00|1|0|0|0|0|0.00|0.00|0.00|0|0|0|0.00|0|0.00|0|0.00|0|13330.00|1|0.00|0|0.00|0|0.00|0|0.00|0.00|11|46|11296.00|0.00|0.00|0.00|11296.00|0.00|0.00|0.00|0.00|0.00|0.00|0.00|0.00
FPSUM|Restaurante|1|Restaurante|1|110649.00|11064.00|0|0|0.00|0|8851.00|0|0|0|0|0|0.00|0.00|0.00|0|0|0|0.00|0|0.00|0|0.00|0|130561.00|0|82160.00|1|0.00|0|0.00|0|0.00|0.00|13|54|110649.00|0.00|0.00|0.00|110649.00|0.00|0.00|0.00|0.00|0.00|0.00|0.00|0.00
FPSUM|Plataformas|21|Plataformas|21|166113.00|0.00|0|0|0.00|0|13287.00|1|0|0|0|0|0.00|0.00|0.00|0|0|0|79600.00|6|0.00|0|0.00|0|179400.00|1|179400.00|1|0.00|0|0.00|0|0.00|0.00|18|74|166113.00|0.00|0.00|0.00|166113.00|0.00|0.00|0.00|0.00|0.00|0.00|0.00|0.00
FPSUM|Domicilios|20|Domicilios|20|52592.00|0.00|0|0|0.00|0|4208.00|1|0|0|0|0|0.00|0.00|0.00|0|0|0|14600.00|1|0.00|0|0.00|0|56800.00|1|56800.00|1|0.00|0|0.00|0|0.00|0.00|19|77|52592.00|0.00|0.00|0.00|52592.00|0.00|0.00|0.00|0.00|0.00|0.00|0.00|0.00
FPSUM|Restaurante|1|Restaurante|1|-10900.00|0.00|0|0|0.00|0|0.00|0|0|0|0|0|0.00|0.00|0.00|0|0|0|0.00|0|0.00|0|0.00|0|-10900.00|0|53345.00|1|0.00|0|0.00|0|0.00|0.00|10|43|0.00|-10900.00|0.00|0.00|-10900.00|0.00|0.00|0.00|0.00|0.00|0.00|0.00|0.00
FPSUM|Restaurante|1|Restaurante|1|0.00|0.00|0|0|0.00|0|0.00|0|0|0|0|0|0.00|0.00|0.00|0|0|0|0.00|0|0.00|0|0.00|0|0.00|0|62496.00|1|0.00|0|0.00|0|0.00|0.00|11|45|0.00|0.00|0.00|0.00|0.00|0.00|0.00|0.00|0.00|0.00|0.00|0.00|0.00
FPSUM|Domicilios|20|Domicilios|20|15740.00|0.00|0|0|0.00|0|1260.00|2|0|0|0|0|0.00|0.00|0.00|0|0|0|0.00|0|0.00|0|0.00|0|17000.00|2|0.00|0|0.00|0|0.00|0|0.00|0.00|14|59|15740.00|0.00|0.00|0.00|15740.00|0.00|0.00|0.00|0.00|0.00|0.00|0.00|0.00
FPSUM|Restaurante|1|Restaurante|1|87592.00|8759.00|0|0|0.00|0|7008.00|1|0|0|0|0|0.00|0.00|0.00|0|0|0|0.00|0|0.00|0|0.00|0|103359.00|1|0.00|0|0.00|0|0.00|0|0.00|0.00|10|42|87592.00|0.00|0.00|0.00|87592.00|0.00|0.00|0.00|0.00|0.00|0.00|0.00|0.00
FPSUM|Restaurante|1|Restaurante|1|5463.00|546.00|0|0|0.00|0|437.00|0|0|0|0|0|0.00|0.00|0.00|0|0|0|0.00|0|0.00|0|0.00|0|6446.00|0|0.00|0|0.00|0|0.00|0|0.00|0.00|11|48|5463.00|0.00|0.00|0.00|5463.00|0.00|0.00|0.00|0.00|0.00|0.00|0.00|0.00
FPSUM|Domicilios|20|Domicilios|20|14726.00|0.00|0|0|0.00|0|1474.00|1|0|0|0|0|0.00|0.00|0.00|0|0|0|0.00|0|0.00|0|0.00|0|16200.00|1|16200.00|1|0.00|0|0.00|0|0.00|0.00|14|58|18426.00|-3700.00|0.00|0.00|14726.00|0.00|0.00|0.00|0.00|0.00|0.00|0.00|0.00
FPSUM|Restaurante|1|Restaurante|1|104445.00|10444.00|0|0|0.00|0|8355.00|0|0|0|0|0|0.00|0.00|0.00|0|0|0|0.00|0|0.00|0|0.00|0|123244.00|0|0.00|0|0.00|0|0.00|0|0.00|0.00|11|47|104445.00|0.00|0.00|0.00|104445.00|0.00|0.00|0.00|0.00|0.00|0.00|0.00|0.00
FPSUM|Restaurante|1|Restaurante|1|148334.00|14833.00|0|0|0.00|0|11867.00|3|0|0|0|0|0.00|0.00|0.00|0|0|0|0.00|0|0.00|0|0.00|0|175034.00|3|0.00|0|0.00|0|0.00|0|0.00|0.00|10|41|148334.00|0.00|0.00|0.00|148334.00|0.00|0.00|0.00|0.00|0.00|0.00|0.00|0.00
FPSUM|Domicilios|20|Domicilios|20|42641.00|5324.00|0|0|0.00|0|4259.00|1|0|0|0|0|0.00|0.00|0.00|0|0|0|0.00|0|0.00|0|0.00|0|52224.00|1|52224.00|1|0.00|0|0.00|0|0.00|0.00|18|74|53241.00|-10600.00|0.00|0.00|42641.00|0.00|0.00|0.00|0.00|0.00|0.00|0.00|0.00
FPSUM|Domicilios|20|Domicilios|20|-7267.00|0.00|-22593|2|0.00|0|867.00|0|0|0|0|0|0.00|0.00|0.00|0|0|0|0.00|0|0.00|0|0.00|0|-6400.00|0|79500.00|1|0.00|0|0.00|0|0.00|0.00|15|61|10833.00|-18100.00|0.00|0.00|-7267.00|0.00|0.00|0.00|0.00|0.00|0.00|0.00|0.00
FPSUM|Domicilios|20|Domicilios|20|0.00|0.00|0|0|0.00|0|0.00|0|0|0|0|0|0.00|0.00|0.00|0|0|0|0.00|0|0.00|0|10900.00|2|0.00|0|0.00|0|0.00|0|0.00|0|0.00|0.00|11|46|0.00|0.00|0.00|0.00|0.00|0.00|0.00|0.00|0.00|0.00|0.00|0.00|0.00
FPOT|Restaurante|1|Restaurante|1|OT1|1|Order Type Master 1|1|104445.00|10444.00|0.00|0|0.00|0|8355.00|0|0|0|0|0|0.00|0.00|0.00|0|0|0|0.00|0|0.00|0|0.00|0|123244.00|0|0.00|0|0.00|0|0.00|0|0.00|0.00|11|47|104445.00|0.00|0.00|0.00|104445.00|0.00|0.00|0.00|0.00|0.00|0.00|0.00|0.00
FPOT|Restaurante|1|Restaurante|1|OT1|1|Order Type Master 1|1|0.00|0.00|0.00|0|0.00|0|0.00|0|0|0|0|0|0.00|0.00|0.00|0|0|0|0.00|0|0.00|0|0.00|0|0.00|0|0.00|0|0.00|0|0.00|0|0.00|0.00|9|39|0.00|0.00|0.00|0.00|0.00|3657.50|3657.50|0.00|0.00|0.00|0.00|3657.50|3657.50
FPOT|Restaurante|1|Restaurante|1|OT1|1|Order Type Master 1|1|87592.00|8759.00|0.00|0|0.00|0|7008.00|1|0|0|0|0|0.00|0.00|0.00|0|0|0|0.00|0|0.00|0|0.00|0|103359.00|1|0.00|0|0.00|0|0.00|0|0.00|0.00|10|42|87592.00|0.00|0.00|0.00|87592.00|0.00|0.00|0.00|0.00|0.00|0.00|0.00|0.00
FPOT|Domicilios|20|Domicilios|20|OT2|2|Order Type Master 2|2|29908.00|0.00|0.00|0|0.00|0|2392.00|1|0|0|0|0|0.00|0.00|0.00|0|0|0|6600.00|1|0.00|0|0.00|0|32300.00|1|0.00|0|0.00|0|0.00|0|0.00|0.00|13|55|29908.00|0.00|0.00|0.00|29908.00|5632.67|5632.67|0.00|0.17|0.00|33795.93|5632.67|5632.67
FPOT|Domicilios|20|Domicilios|20|OT2|2|Order Type Master 2|2|42641.00|5324.00|0.00|0|0.00|0|4259.00|1|0|0|0|0|0.00|0.00|0.00|0|0|0|0.00|0|0.00|0|0.00|0|52224.00|1|52224.00|1|0.00|0|0.00|0|0.00|0.00|18|74|53241.00|-10600.00|0.00|0.00|42641.00|0.00|0.00|0.00|0.00|0.00|0.00|0.00|0.00
FPOT|Domicilios|20|Domicilios|20|OT2|2|Order Type Master 2|2|0.00|0.00|0.00|0|0.00|0|0.00|0|0|0|0|0|0.00|0.00|0.00|0|0|0|0.00|0|0.00|0|39600.00|1|0.00|0|0.00|0|0.00|0|0.00|0|0.00|0.00|11|48|0.00|0.00|0.00|0.00|0.00|20694.50|20694.50|0.00|0.33|0.00|62083.56|20694.50|20694.50
FPOT|Restaurante|1|Restaurante|1|OT1|1|Order Type Master 1|1|0.00|0.00|0.00|0|0.00|0|0.00|0|0|0|0|0|0.00|0.00|0.00|0|0|0|0.00|0|0.00|0|0.00|0|-4.00|0|55390.00|1|0.00|0|0.00|0|0.00|0.00|15|64|0.00|0.00|0.00|0.00|0.00|0.00|0.00|0.00|0.00|0.00|0.00|0.00|0.00
FPOT|Restaurante|1|Restaurante|1|OT1|1|Order Type Master 1|1|-10226.00|908.00|0.00|0|0.00|0|726.00|0|0|0|0|0|0.00|0.00|0.00|0|0|0|0.00|0|0.00|0|0.00|0|-8592.00|0|94766.00|1|0.00|0|0.00|0|0.00|0.00|14|58|9074.00|-19300.00|0.00|0.00|-10226.00|0.00|0.00|0.00|0.00|0.00|0.00|0.00|0.00
FPOT|Restaurante|1|Restaurante|1|OT1|1|Order Type Master 1|1|148334.00|14833.00|0.00|0|0.00|0|11867.00|3|0|0|0|0|0.00|0.00|0.00|0|0|0|0.00|0|0.00|0|0.00|0|175034.00|3|0.00|0|0.00|0|0.00|0|0.00|0.00|10|41|148334.00|0.00|0.00|0.00|148334.00|0.00|0.00|0.00|0.00|0.00|0.00|0.00|0.00
FPOT|Restaurante|1|Restaurante|1|OT1|1|Order Type Master 1|1|0.00|0.00|0.00|0|0.00|0|0.00|0|0|0|0|0|0.00|0.00|0.00|0|0|0|0.00|0|0.00|0|0.00|0|0.00|0|94946.00|1|0.00|0|0.00|0|0.00|0.00|9|40|0.00|0.00|0.00|0.00|0.00|0.00|0.00|0.00|0.00|0.00|0.00|0.00|0.00
FPOT|Restaurante|1|Restaurante|1|OT1|1|Order Type Master 1|1|0.00|0.00|0.00|0|0.00|0|0.00|0|0|0|0|0|0.00|0.00|0.00|0|0|0|0.00|0|0.00|0|141272.00|1|0.00|0|143676.00|1|0.00|0|0.00|0|0.00|0.00|14|59|0.00|0.00|0.00|0.00|0.00|0.00|0.00|0.00|0.00|0.00|0.00|0.00|0.00
FPOT|Restaurante|1|Restaurante|1|OT1|1|Order Type Master 1|1|54167.00|5416.00|0.00|0|0.00|0|4333.00|0|0|0|0|0|0.00|0.00|0.00|0|0|0|0.00|0|0.00|0|0.00|0|63916.00|0|0.00|0|0.00|0|0.00|0|0.00|0.00|14|57|54167.00|0.00|0.00|0.00|54167.00|36697.83|36697.83|0.00|0.33|0.00|110093.61|36697.83|36697.83
FPOT|Restaurante|1|Restaurante|1|OT1|1|Order Type Master 1|1|-10900.00|0.00|0.00|0|0.00|0|0.00|0|0|0|0|0|0.00|0.00|0.00|0|0|0|0.00|0|0.00|0|0.00|0|-10900.00|0|53345.00|1|0.00|0|0.00|0|0.00|0.00|10|43|0.00|-10900.00|0.00|0.00|-10900.00|0.00|0.00|0.00|0.00|0.00|0.00|0.00|0.00
FPOT|Domicilios|20|Domicilios|20|OT2|2|Order Type Master 2|2|15740.00|0.00|0.00|0|0.00|0|1260.00|2|0|0|0|0|0.00|0.00|0.00|0|0|0|0.00|0|0.00|0|0.00|0|17000.00|2|0.00|0|0.00|0|0.00|0|0.00|0.00|14|59|15740.00|0.00|0.00|0.00|15740.00|0.00|0.00|0.00|0.00|0.00|0.00|0.00|0.00
FPOT|Domicilios|20|Domicilios|20|OT2|2|Order Type Master 2|2|28611.00|0.00|0.00|0|0.00|0|2289.00|1|0|0|0|0|0.00|0.00|0.00|0|0|0|0.00|0|0.00|0|0.00|0|30900.00|1|30900.00|1|0.00|0|0.00|0|0.00|0.00|11|45|28611.00|0.00|0.00|0.00|28611.00|0.00|0.00|0.00|0.00|0.00|0.00|0.00|0.00
FPOT|Domicilios|20|Domicilios|20|OT2|2|Order Type Master 2|2|-7267.00|0.00|-22593.00|2|0.00|0|867.00|0|0|0|0|0|0.00|0.00|0.00|0|0|0|0.00|0|0.00|0|0.00|0|-6400.00|0|79500.00|1|0.00|0|0.00|0|0.00|0.00|15|61|10833.00|-18100.00|0.00|0.00|-7267.00|0.00|0.00|0.00|0.00|0.00|0.00|0.00|0.00
FPOT|Plataformas|21|Plataformas|21|OT7|7|Order Type Master 7|7|166113.00|0.00|0.00|0|0.00|0|13287.00|1|0|0|0|0|0.00|0.00|0.00|0|0|0|79600.00|6|0.00|0|0.00|0|179400.00|1|179400.00|1|0.00|0|0.00|0|0.00|0.00|18|74|166113.00|0.00|0.00|0.00|166113.00|0.00|0.00|0.00|0.00|0.00|0.00|0.00|0.00
FPOT|Restaurante|1|Restaurante|1|OT1|1|Order Type Master 1|1|0.00|0.00|0.00|0|0.00|0|0.00|0|0|0|0|0|0.00|0.00|0.00|0|0|0|0.00|0|0.00|0|0.00|0|0.00|0|0.00|0|0.00|0|0.00|0|0.00|0.00|12|51|0.00|0.00|0.00|0.00|0.00|1296.33|1029.67|-266.67|0.17|0.00|6177.99|1296.33|1029.67
FPOT|Restaurante|1|Restaurante|1|OT1|1|Order Type Master 1|1|7315.00|731.00|0.00|0|0.00|0|585.00|0|0|0|0|0|0.00|0.00|0.00|0|0|0|0.00|0|0.00|0|0.00|0|8631.00|0|160283.00|2|0.00|0|0.00|0|0.00|0.00|10|44|7315.00|0.00|0.00|0.00|7315.00|0.00|0.00|0.00|0.00|0.00|0.00|0.00|0.00
FPOT|Restaurante|1|Restaurante|1|OT1|1|Order Type Master 1|1|0.00|0.00|0.00|0|0.00|0|0.00|0|0|0|0|0|0.00|0.00|0.00|0|0|0|0.00|0|0.00|0|0.00|0|0.00|0|127942.00|1|0.00|0|0.00|0|0.00|0.00|14|60|0.00|0.00|0.00|0.00|0.00|9166.67|9166.67|0.00|0.17|0.00|54999.89|9166.67|9166.67
FPOT|Restaurante|1|Restaurante|1|OT1|1|Order Type Master 1|1|6759.00|676.00|0.00|0|0.00|0|541.00|1|0|0|0|0|0.00|0.00|0.00|0|0|0|7300.00|1|0.00|0|0.00|0|7976.00|1|0.00|0|0.00|0|0.00|0|0.00|0.00|15|61|6759.00|0.00|0.00|0.00|6759.00|15802.67|15802.67|0.00|0.17|0.00|94815.81|15802.67|15802.67
FPOT|Domicilios|20|Domicilios|20|OT2|2|Order Type Master 2|2|66456.00|0.00|0.00|0|0.00|0|6644.00|1|0|0|0|0|0.00|0.00|0.00|0|0|0|0.00|0|0.00|0|0.00|0|73100.00|1|108100.00|2|0.00|0|0.00|0|0.00|0.00|19|80|83056.00|-16600.00|0.00|0.00|66456.00|3750.00|3750.00|0.00|0.17|0.00|22499.96|3750.00|3750.00
FPOT|Restaurante|1|Restaurante|1|OT1|1|Order Type Master 1|1|80461.00|8046.00|0.00|0|0.00|0|6439.00|1|0|0|0|0|0.00|0.00|0.00|0|0|0|9500.00|1|0.00|0|0.00|0|94946.00|1|0.00|0|0.00|0|0.00|0|0.00|0.00|9|37|80461.00|0.00|0.00|0.00|80461.00|5833.33|5833.33|0.00|0.17|0.00|34999.93|5833.33|5833.33
FPOT|Restaurante|1|Restaurante|1|OT1|1|Order Type Master 1|1|5463.00|546.00|0.00|0|0.00|0|437.00|0|0|0|0|0|0.00|0.00|0.00|0|0|0|0.00|0|0.00|0|0.00|0|6446.00|0|0.00|0|0.00|0|0.00|0|0.00|0.00|11|48|5463.00|0.00|0.00|0.00|5463.00|0.00|0.00|0.00|0.00|0.00|0.00|0.00|0.00
FPOT|Restaurante|1|Restaurante|1|OT1|1|Order Type Master 1|1|263615.00|26360.00|0.00|0|0.00|0|21085.00|3|0|0|0|0|0.00|0.00|0.00|0|0|0|0.00|0|0.00|0|0.00|0|311060.00|3|142364.00|1|0.00|0|0.00|0|0.00|0.00|13|56|263615.00|0.00|0.00|0.00|263615.00|61142.17|61142.17|0.00|0.50|0.00|122284.33|61142.17|61142.17
FPOT|Restaurante|1|Restaurante|1|OT1|1|Order Type Master 1|1|111536.00|11129.00|0.00|0|0.00|0|9764.00|5|0|0|0|0|0.00|0.00|0.00|0|0|0|0.00|0|0.00|0|0.00|0|132427.00|5|50264.00|4|0.00|0|0.00|0|0.00|0.00|12|52|122036.00|-10500.00|0.00|0.00|111536.00|17145.00|17145.00|0.00|0.17|0.00|102869.79|17145.00|17145.00
FPOT|Restaurante|1|Restaurante|1|OT1|1|Order Type Master 1|1|0.00|0.00|0.00|0|0.00|0|0.00|0|0|0|0|0|0.00|0.00|0.00|0|0|0|0.00|0|0.00|0|0.00|0|0.00|0|62496.00|1|0.00|0|0.00|0|0.00|0.00|11|45|0.00|0.00|0.00|0.00|0.00|0.00|0.00|0.00|0.00|0.00|0.00|0.00|0.00
FPOT|Plataformas|21|Plataformas|21|OT7|7|Order Type Master 7|7|108982.00|0.00|0.00|0|0.00|0|8718.00|1|0|0|0|0|0.00|0.00|0.00|0|0|0|0.00|0|0.00|0|0.00|0|117700.00|1|117700.00|1|0.00|0|0.00|0|0.00|0.00|11|48|108982.00|0.00|0.00|0.00|108982.00|0.00|0.00|0.00|0.00|0.00|0.00|0.00|0.00
FPOT|Restaurante|1|Restaurante|1|OT1|1|Order Type Master 1|1|103148.00|10315.00|0.00|0|0.00|0|8252.00|1|0|0|0|0|0.00|0.00|0.00|0|0|0|0.00|0|0.00|0|0.00|0|121715.00|1|0.00|0|0.00|0|0.00|0|0.00|0.00|19|77|103148.00|0.00|0.00|0.00|103148.00|5216.00|5216.00|0.00|0.00|0.00|0.00|5216.00|5216.00
FPOT|Restaurante|1|Restaurante|1|OT1|1|Order Type Master 1|1|10000.00|1000.00|0.00|0|0.00|0|800.00|1|0|0|0|0|0.00|0.00|0.00|0|0|0|0.00|0|0.00|0|0.00|0|11800.00|1|0.00|0|0.00|0|0.00|0|0.00|0.00|13|53|10000.00|0.00|0.00|0.00|10000.00|14475.33|14475.33|0.00|0.17|0.00|86851.83|14475.33|14475.33
FPOT|Restaurante|1|Restaurante|1|OT1|1|Order Type Master 1|1|35093.00|3509.00|0.00|0|0.00|0|2807.00|0|0|0|0|0|0.00|0.00|0.00|0|0|0|0.00|0|0.00|0|0.00|0|41409.00|0|44687.00|1|0.00|0|0.00|0|0.00|0.00|19|79|35093.00|0.00|0.00|0.00|35093.00|22284.00|22284.00|0.00|0.17|0.00|133703.73|22284.00|22284.00
FPOT|Domicilios|20|Domicilios|20|OT2|2|Order Type Master 2|2|14726.00|0.00|0.00|0|0.00|0|1474.00|1|0|0|0|0|0.00|0.00|0.00|0|0|0|0.00|0|0.00|0|0.00|0|16200.00|1|16200.00|1|0.00|0|0.00|0|0.00|0.00|14|58|18426.00|-3700.00|0.00|0.00|14726.00|0.00|0.00|0.00|0.00|0.00|0.00|0.00|0.00
FPOT|Plataformas|21|Plataformas|21|OT7|7|Order Type Master 7|7|124722.00|0.00|0.00|0|0.00|0|9978.00|1|0|0|0|0|0.00|0.00|0.00|0|0|0|0.00|0|0.00|0|0.00|0|134700.00|1|134700.00|1|0.00|0|0.00|0|0.00|0.00|12|50|124722.00|0.00|0.00|0.00|124722.00|18086.33|18086.33|0.00|0.17|0.00|108517.78|18086.33|18086.33
FPOT|Restaurante|1|Restaurante|1|OT1|1|Order Type Master 1|1|0.00|0.00|0.00|0|0.00|0|0.00|0|0|0|0|0|0.00|0.00|0.00|0|0|0|0.00|0|0.00|0|0.00|0|0.00|0|143020.00|1|0.00|0|0.00|0|0.00|0.00|12|49|0.00|0.00|0.00|0.00|0.00|2268.50|2268.50|0.00|0.17|0.00|13610.97|2268.50|2268.50
FPOT|Restaurante|1|Restaurante|1|OT1|1|Order Type Master 1|1|180833.00|18083.00|0.00|0|0.00|0|14467.00|1|0|0|0|0|0.00|0.00|0.00|0|0|0|0.00|0|0.00|0|0.00|0|213383.00|1|0.00|0|0.00|0|0.00|0|0.00|0.00|15|63|180833.00|0.00|0.00|0.00|180833.00|2145.00|2145.00|0.00|0.00|0.00|0.00|2145.00|2145.00
FPOT|Restaurante|1|Restaurante|1|OT1|1|Order Type Master 1|1|47963.00|4796.00|0.00|0|0.00|0|3837.00|1|0|0|0|0|0.00|0.00|0.00|0|0|0|0.00|0|0.00|0|0.00|0|56596.00|1|0.00|0|0.00|0|0.00|0|0.00|0.00|19|78|47963.00|0.00|0.00|0.00|47963.00|0.00|0.00|0.00|0.00|0.00|0.00|0.00|0.00
FPOT|Domicilios|20|Domicilios|20|OT2|2|Order Type Master 2|2|11822.00|1472.00|0.00|0|0.00|0|1178.00|1|0|0|0|0|0.00|0.00|0.00|0|0|0|0.00|0|0.00|0|0.00|0|14470.00|1|14470.00|1|0.00|0|0.00|0|0.00|0.00|12|52|14722.00|-2900.00|0.00|0.00|11822.00|6759.33|6759.33|0.00|0.17|0.00|40555.92|6759.33|6759.33
FPOT|Domicilios|20|Domicilios|20|OT2|2|Order Type Master 2|2|52592.00|0.00|0.00|0|0.00|0|4208.00|1|0|0|0|0|0.00|0.00|0.00|0|0|0|14600.00|1|0.00|0|0.00|0|56800.00|1|56800.00|1|0.00|0|0.00|0|0.00|0.00|19|77|52592.00|0.00|0.00|0.00|52592.00|0.00|0.00|0.00|0.00|0.00|0.00|0.00|0.00
FPOT|Restaurante|1|Restaurante|1|OT1|1|Order Type Master 1|1|0.00|0.00|0.00|0|0.00|0|0.00|0|0|0|0|0|0.00|0.00|0.00|0|0|0|0.00|0|0.00|0|0.00|0|0.00|0|213383.00|1|0.00|0|0.00|0|0.00|0.00|16|67|0.00|0.00|0.00|0.00|0.00|0.00|0.00|0.00|0.00|0.00|0.00|0.00|0.00
FPOT|Restaurante|1|Restaurante|1|OT1|1|Order Type Master 1|1|0.00|-14833.00|0.00|0|0.00|0|0.00|0|0|0|0|0|0.00|0.00|0.00|0|0|0|0.00|0|0.00|0|5000.00|1|-14833.00|0|160200.00|1|0.00|0|0.00|0|0.00|-14833.00|20|81|0.00|0.00|0.00|0.00|0.00|-8888.83|-8888.83|0.00|0.00|0.00|0.00|-8888.83|-8888.83
FPOT|Restaurante|1|Restaurante|1|OT1|1|Order Type Master 1|1|110649.00|11064.00|0.00|0|0.00|0|8851.00|0|0|0|0|0|0.00|0.00|0.00|0|0|0|0.00|0|0.00|0|0.00|0|130561.00|0|82160.00|1|0.00|0|0.00|0|0.00|0.00|13|54|110649.00|0.00|0.00|0.00|110649.00|0.00|0.00|0.00|0.00|0.00|0.00|0.00|0.00
FPOT|Domicilios|20|Domicilios|20|OT2|2|Order Type Master 2|2|49630.00|0.00|0.00|0|0.00|0|3970.00|0|0|0|0|0|0.00|0.00|0.00|0|0|0|0.00|0|0.00|0|0.00|0|53600.00|0|0.00|0|0.00|0|0.00|0|0.00|0.00|13|56|49630.00|0.00|0.00|0.00|49630.00|0.00|0.00|0.00|0.00|0.00|0.00|0.00|0.00
FPOT|Domicilios|20|Domicilios|20|OT2|2|Order Type Master 2|2|0.00|0.00|0.00|0|0.00|0|0.00|0|0|0|0|0|0.00|0.00|0.00|0|0|0|0.00|0|0.00|0|10900.00|2|0.00|0|0.00|0|0.00|0|0.00|0|0.00|0.00|11|46|0.00|0.00|0.00|0.00|0.00|0.00|0.00|0.00|0.00|0.00|0.00|0.00|0.00
FPOT|Plataformas|21|Plataformas|21|OT7|7|Order Type Master 7|7|183611.00|0.00|0.00|0|0.00|0|14689.00|1|0|0|0|0|0.00|0.00|0.00|0|0|0|0.00|1|0.00|0|0.00|0|198300.00|1|198300.00|1|0.00|0|0.00|0|0.00|0.00|13|53|183611.00|0.00|0.00|0.00|183611.00|29020.17|29020.17|0.00|0.50|0.00|58040.33|29020.17|29020.17
FPOT|Plataformas|21|Plataformas|21|OT7|7|Order Type Master 7|7|80278.00|0.00|0.00|0|0.00|0|6422.00|1|0|0|0|0|0.00|0.00|0.00|0|0|0|0.00|0|0.00|0|0.00|0|86700.00|1|86700.00|1|0.00|0|0.00|0|0.00|0.00|12|49|80278.00|0.00|0.00|0.00|80278.00|0.00|0.00|0.00|0.00|0.00|0.00|0.00|0.00
FPOT|Restaurante|1|Restaurante|1|OT1|1|Order Type Master 1|1|11296.00|1130.00|0.00|0|0.00|0|904.00|1|0|0|0|0|0.00|0.00|0.00|0|0|0|0.00|0|0.00|0|0.00|0|13330.00|1|0.00|0|0.00|0|0.00|0|0.00|0.00|11|46|11296.00|0.00|0.00|0.00|11296.00|0.00|0.00|0.00|0.00|0.00|0.00|0.00|0.00
FPOT|Restaurante|1|Restaurante|1|OT1|1|Order Type Master 1|1|40185.00|4018.00|0.00|0|0.00|0|3215.00|0|0|0|0|0|0.00|0.00|0.00|0|0|0|0.00|0|0.00|0|0.00|0|47418.00|0|0.00|0|0.00|0|0.00|0|0.00|0.00|15|62|40185.00|0.00|0.00|0.00|40185.00|29290.17|29290.17|0.00|0.17|0.00|175740.65|29290.17|29290.17
FPOT|Restaurante|1|Restaurante|1|OT1|1|Order Type Master 1|1|0.00|0.00|0.00|0|0.00|0|0.00|0|0|0|0|0|0.00|0.00|0.00|0|0|0|0.00|0|0.00|0|0.00|0|0.00|0|0.00|0|0.00|0|0.00|0|0.00|0.00|16|65|0.00|0.00|0.00|0.00|0.00|0.00|0.00|0.00|0.00|0.00|0.00|0.00|0.00
FPOT|Domicilios|20|Domicilios|20|OT2|2|Order Type Master 2|2|56215.00|3370.00|0.00|0|0.00|0|5285.00|2|0|0|0|0|0.00|0.00|0.00|0|0|0|0.00|0|0.00|0|0.00|1|64870.00|2|46870.00|3|0.00|0|0.00|0|0.00|0.00|16|68|66115.00|-9900.00|0.00|0.00|56215.00|0.00|0.00|0.00|0.00|0.00|0.00|0.00|0.00
FPMI|Restaurante|1|Restaurante|1|ADICION DE HELADO| |9604336|ADICION DE HELADO| |9604336|BEBIDAS|20|BEBIDAS|20|Bebidas Sin Alcohol|3000|Bebidas Sin Alcohol|3000|OT1|1|Order Type Master 1|1|16110.00|-3276.00|12834.00|0.00|0.00|0.00|16110.00|-3276.00|12834.00|1|16110.00|3|0|0.00|0.00|0.00|52|12
FPMI|Restaurante|1|Restaurante|1|JUGO DE MANDARINA| |9604044|JUGO DE MANDARINA| |9604044|BEBIDAS|20|BEBIDAS|20|Bebidas Sin Alcohol|3000|Bebidas Sin Alcohol|3000|OT1|1|Order Type Master 1|1|14074.00|0.00|14074.00|0.00|0.00|0.00|14074.00|0.00|14074.00|1|14074.00|1|0|0.00|0.00|0.00|52|12
FPMI|Restaurante|1|Restaurante|1|JUGO DE LULO EN AGUA| |9604216|JUGO DE LULO EN AGUA| |9604216|BEBIDAS|20|BEBIDAS|20|Bebidas Sin Alcohol|3000|Bebidas Sin Alcohol|3000|OT1|1|Order Type Master 1|1|10093.00|0.00|10093.00|0.00|0.00|0.00|10093.00|0.00|10093.00|1|10093.00|1|0|0.00|0.00|0.00|77|19
FPMI|Domicilios|20|Domicilios|20|LIMONADA NATURAL| |9604060|LIMONADA NATURAL| |9604060|BEBIDAS|20|BEBIDAS|20|Bebidas Sin Alcohol|3000|Bebidas Sin Alcohol|3000|OT2|2|Order Type Master 2|2|8519.00|0.00|8519.00|0.00|0.00|0.00|8519.00|0.00|8519.00|73|8519.00|1|0|0.00|0.00|0.00|55|13
FPMI|Domicilios|20|Domicilios|20|LIMONADA NATURAL| |9604060|LIMONADA NATURAL| |9604060|BEBIDAS|20|BEBIDAS|20|Bebidas Sin Alcohol|3000|Bebidas Sin Alcohol|3000|OT2|2|Order Type Master 2|2|-8519.00|0.00|-8519.00|0.00|0.00|0.00|-8519.00|0.00|-8519.00|73|-8519.00|-1|0|0.00|0.00|0.00|61|15
FPMI|Plataformas|21|Plataformas|21|LIMONADA NATURAL| |9604060|LIMONADA NATURAL| |9604060|BEBIDAS|20|BEBIDAS|20|Bebidas Sin Alcohol|3000|Bebidas Sin Alcohol|3000|OT7|7|Order Type Master 7|7|5000.00|0.00|5000.00|0.00|0.00|0.00|5000.00|0.00|5000.00|177|5000.00|1|0|0.00|0.00|0.00|53|13
FPMI|Plataformas|21|Plataformas|21|GASEOSA 400 ml| |9606131|GASEOSA 400 ml| |9606131|BEBIDAS|20|BEBIDAS|20|Bebidas Sin Alcohol|3000|Bebidas Sin Alcohol|3000|OT7|7|Order Type Master 7|7|7963.00|0.00|7963.00|0.00|0.00|0.00|7963.00|0.00|7963.00|153|7963.00|1|0|0.00|0.00|0.00|50|12
FPMI|Restaurante|1|Restaurante|1|AJIACO NINOS| |9542004|AJIACO NINOS| |9542004|ALIMENTOS|10|ALIMENTOS|10|Para Empezar|1008|Para Empezar|1008|OT1|1|Order Type Master 1|1|19444.00|0.00|19444.00|0.00|0.00|0.00|19444.00|0.00|19444.00|1|19444.00|1|0|0.00|0.00|0.00|63|15
FPMI|Restaurante|1|Restaurante|1|PAPA FRANCESA| |9500452|PAPA FRANCESA| |9500452|ALIMENTOS|10|ALIMENTOS|10|Para Empezar|1008|Para Empezar|1008|OT1|1|Order Type Master 1|1|7222.00|0.00|7222.00|0.00|0.00|0.00|7222.00|0.00|7222.00|1|7222.00|1|0|0.00|0.00|0.00|63|15
FPMI|Restaurante|1|Restaurante|1|SALSA BABY| |9500376|SALSA BABY| |9500376|ALIMENTOS|10|ALIMENTOS|10|Para Empezar|1008|Para Empezar|1008|OT1|1|Order Type Master 1|1|0.00|0.00|0.00|0.00|0.00|0.00|0.00|0.00|0.00|1|0.00|2|0|0.00|0.00|0.00|63|15
FPMI|Restaurante|1|Restaurante|1|CHOCOLATE| |9602076|CHOCOLATE| |9602076|ALIMENTOS|10|ALIMENTOS|10|Para Empezar|1008|Para Empezar|1008|OT1|1|Order Type Master 1|1|14630.00|0.00|14630.00|0.00|0.00|0.00|14630.00|0.00|14630.00|1|14630.00|2|0|0.00|0.00|0.00|47|11
FPMI|Restaurante|1|Restaurante|1|PECHUGA A LA PARRILLA 230 gr FRANCESA | |9506090|PECHUGA A LA PARRILLA 230 gr FRANCESA | |9506090|ALIMENTOS|10|ALIMENTOS|10|Para Empezar|1008|Para Empezar|1008|OT1|1|Order Type Master 1|1|0.00|-4954.00|-4954.00|0.00|0.00|0.00|0.00|-4954.00|-4954.00|1|0.00|0|0|0.00|0.00|0.00|58|14
FPMI|Restaurante|1|Restaurante|1|COMO ENTRADA| |90000038|COMO ENTRADA| |90000038|ALIMENTOS|10|ALIMENTOS|10|Para Empezar|1008|Para Empezar|1008|OT1|1|Order Type Master 1|1|0.00|0.00|0.00|0.00|0.00|0.00|0.00|0.00|0.00|41|0.00|1|0|0.00|0.00|0.00|47|11
FPMI|Restaurante|1|Restaurante|1|MJE ALM| |90000037|MJE ALM| |90000037|ALIMENTOS|10|ALIMENTOS|10|Para Empezar|1008|Para Empezar|1008|OT1|1|Order Type Master 1|1|0.00|0.00|0.00|0.00|0.00|0.00|0.00|0.00|0.00|1|0.00|1|0|0.00|0.00|0.00|42|10
FPMI|Restaurante|1|Restaurante|1|PECHUGA A LA PARRILLA 230 gr FRANCESA | |9506090|PECHUGA A LA PARRILLA 230 gr FRANCESA | |9506090|ALIMENTOS|10|ALIMENTOS|10|Para Empezar|1008|Para Empezar|1008|OT1|1|Order Type Master 1|1|24815.00|0.00|24815.00|0.00|0.00|0.00|24815.00|0.00|24815.00|1|24815.00|1|0|0.00|0.00|0.00|56|13
FPMI|Restaurante|1|Restaurante|1|HUEVOS REVUELTOS EN PATACON| |9522066|HUEVOS REVUELTOS EN PATACON| |9522066|ALIMENTOS|10|ALIMENTOS|10|Para Empezar|1008|Para Empezar|1008|OT1|1|Order Type Master 1|1|8796.00|0.00|8796.00|0.00|0.00|0.00|8796.00|0.00|8796.00|1|8796.00|1|0|0.00|0.00|0.00|37|9
FPMI|Restaurante|1|Restaurante|1|CACEROLA DE HUEVOS FRITOS| |9522036|CACEROLA DE HUEVOS FRITOS| |9522036|ALIMENTOS|10|ALIMENTOS|10|Para Empezar|1008|Para Empezar|1008|OT1|1|Order Type Master 1|1|0.00|-1205.00|-1205.00|0.00|0.00|0.00|0.00|-1205.00|-1205.00|1|0.00|0|0|0.00|0.00|0.00|43|10
FPMI|Restaurante|1|Restaurante|1|PATACON CON HOGAO| |9524044|PATACON CON HOGAO| |9524044|ALIMENTOS|10|ALIMENTOS|10|Para Empezar|1008|Para Empezar|1008|OT1|1|Order Type Master 1|1|10000.00|0.00|10000.00|0.00|0.00|0.00|10000.00|0.00|10000.00|1|10000.00|1|0|0.00|0.00|0.00|53|13
FPMI|Restaurante|1|Restaurante|1|AREPA DE MAIZ  MANTEQUILLA| |9524096|AREPA DE MAIZ  MANTEQUILLA| |9524096|ALIMENTOS|10|ALIMENTOS|10|Para Empezar|1008|Para Empezar|1008|OT1|1|Order Type Master 1|1|2685.00|0.00|2685.00|0.00|0.00|0.00|2685.00|0.00|2685.00|1|2685.00|1|0|0.00|0.00|0.00|78|19
FPMI|Domicilios|20|Domicilios|20|TRUCHA A LA PLANCHA 350 gr ARROZ| |9504165|TRUCHA A LA PLANCHA 350 gr ARROZ| |9504165|ALIMENTOS|10|ALIMENTOS|10|Para Empezar|1008|Para Empezar|1008|OT2|2|Order Type Master 2|2|35741.00|-7143.00|28598.00|0.00|0.00|0.00|35741.00|-7143.00|28598.00|73|35741.00|1|0|0.00|0.00|0.00|80|19
FPMI|Domicilios|20|Domicilios|20|PATACON SOLO SOLITO| |9524048|PATACON SOLO SOLITO| |9524048|ALIMENTOS|10|ALIMENTOS|10|Para Empezar|1008|Para Empezar|1008|OT2|2|Order Type Master 2|2|0.00|-1465.00|-1465.00|0.00|0.00|0.00|0.00|-1465.00|-1465.00|73|0.00|0|0|0.00|0.00|0.00|61|15
FPMI|Plataformas|21|Plataformas|21|AJIACO  POLLO| |9520008|AJIACO  POLLO| |9520008|ALIMENTOS|10|ALIMENTOS|10|Para Empezar|1008|Para Empezar|1008|OT7|7|Order Type Master 7|7|35741.00|0.00|35741.00|0.00|0.00|0.00|35741.00|0.00|35741.00|153|35741.00|1|0|0.00|0.00|0.00|49|12
FPMI|Plataformas|21|Plataformas|21|MJE ALM| |90000037|MJE ALM| |90000037|ALIMENTOS|10|ALIMENTOS|10|Para Empezar|1008|Para Empezar|1008|OT7|7|Order Type Master 7|7|0.00|0.00|0.00|0.00|0.00|0.00|0.00|0.00|0.00|1|0.00|1|0|0.00|0.00|0.00|49|12
FPMI|Plataformas|21|Plataformas|21|Mensaje Bebidas 2024| |980000095|Mensaje Bebidas 2024| |980000095|ALIMENTOS|10|ALIMENTOS|10|Para Empezar|1008|Para Empezar|1008|OT7|7|Order Type Master 7|7|0.00|0.00|0.00|0.00|0.00|0.00|0.00|0.00|0.00|1|0.00|2|0|0.00|0.00|0.00|50|12
FPMI|Plataformas|21|Plataformas|21|PATACON CON HOGAO| |9524044|PATACON CON HOGAO| |9524044|ALIMENTOS|10|ALIMENTOS|10|Para Empezar|1008|Para Empezar|1008|OT7|7|Order Type Master 7|7|10463.00|0.00|10463.00|0.00|0.00|0.00|10463.00|0.00|10463.00|153|10463.00|1|0|0.00|0.00|0.00|74|18
FPMI|Restaurante|1|Restaurante|1|SODA CON LIMON| |9606141|SODA CON LIMON| |9606141|BEBIDAS|20|BEBIDAS|20|Bebidas Sin Alcohol|3000|Bebidas Sin Alcohol|3000|OT1|1|Order Type Master 1|1|7222.00|0.00|7222.00|0.00|0.00|0.00|7222.00|0.00|7222.00|1|7222.00|1|0|0.00|0.00|0.00|63|15
FPMI|Restaurante|1|Restaurante|1|CAFE AMERICANO NESPRESSO| |9262158|CAFE AMERICANO NESPRESSO| |9262158|BEBIDAS|20|BEBIDAS|20|Bebidas Sin Alcohol|3000|Bebidas Sin Alcohol|3000|OT1|1|Order Type Master 1|1|6759.00|0.00|6759.00|0.00|0.00|0.00|6759.00|0.00|6759.00|153|6759.00|1|0|0.00|0.00|0.00|42|10
FPMI|Restaurante|1|Restaurante|1|HUEVO FRITO| |9500212|HUEVO FRITO| |9500212|ALIMENTOS|10|ALIMENTOS|10|Para Empezar|1008|Para Empezar|1008|OT1|1|Order Type Master 1|1|5926.00|0.00|5926.00|0.00|0.00|0.00|5926.00|0.00|5926.00|1|5926.00|2|0|0.00|0.00|0.00|52|12
FPMI|Restaurante|1|Restaurante|1|CALENTAO ANDRES MEDIO| |9518003|CALENTAO ANDRES MEDIO| |9518003|ALIMENTOS|10|ALIMENTOS|10|Para Empezar|1008|Para Empezar|1008|OT1|1|Order Type Master 1|1|16574.00|0.00|16574.00|0.00|0.00|0.00|16574.00|0.00|16574.00|1|16574.00|1|0|0.00|0.00|0.00|47|11
FPMI|Restaurante|1|Restaurante|1|AREPA DE HUEVO Y CARNE DESMECHADA| |9528059|AREPA DE HUEVO Y CARNE DESMECHADA| |9528059|ALIMENTOS|10|ALIMENTOS|10|Para Empezar|1008|Para Empezar|1008|OT1|1|Order Type Master 1|1|13519.00|0.00|13519.00|0.00|0.00|0.00|13519.00|0.00|13519.00|1|13519.00|1|0|0.00|0.00|0.00|47|11
FPMI|Restaurante|1|Restaurante|1|HUEVOS MAIZ Y TOCINETA| |9540210|HUEVOS MAIZ Y TOCINETA| |9540210|ALIMENTOS|10|ALIMENTOS|10|Para Empezar|1008|Para Empezar|1008|OT1|1|Order Type Master 1|1|18334.00|0.00|18334.00|0.00|0.00|0.00|18334.00|0.00|18334.00|1|18334.00|2|0|0.00|0.00|0.00|41|10
FPMI|Restaurante|1|Restaurante|1|CHUNCHULLO x 200 gr| |9502072|CHUNCHULLO x 200 gr| |9502072|ALIMENTOS|10|ALIMENTOS|10|Para Empezar|1008|Para Empezar|1008|OT1|1|Order Type Master 1|1|46112.00|0.00|46112.00|0.00|0.00|0.00|46112.00|0.00|46112.00|1|46112.00|2|0|0.00|0.00|0.00|56|13
FPMI|Restaurante|1|Restaurante|1|CANASTA DE PAN| |9512010|CANASTA DE PAN| |9512010|ALIMENTOS|10|ALIMENTOS|10|Para Empezar|1008|Para Empezar|1008|OT1|1|Order Type Master 1|1|5463.00|0.00|5463.00|0.00|0.00|0.00|5463.00|0.00|5463.00|1|5463.00|1|0|0.00|0.00|0.00|48|11
FPMI|Restaurante|1|Restaurante|1|CALDO DE COSTILLA| |9522004|CALDO DE COSTILLA| |9522004|ALIMENTOS|10|ALIMENTOS|10|Para Empezar|1008|Para Empezar|1008|OT1|1|Order Type Master 1|1|31112.00|0.00|31112.00|0.00|0.00|0.00|31112.00|0.00|31112.00|1|31112.00|2|0|0.00|0.00|0.00|41|10
FPMI|Restaurante|1|Restaurante|1|CALENTAO PAISA MEDIO| |9518010|CALENTAO PAISA MEDIO| |9518010|ALIMENTOS|10|ALIMENTOS|10|Para Empezar|1008|Para Empezar|1008|OT1|1|Order Type Master 1|1|16574.00|0.00|16574.00|0.00|0.00|0.00|16574.00|0.00|16574.00|1|16574.00|1|0|0.00|0.00|0.00|42|10
FPMI|Restaurante|1|Restaurante|1|CALENTAO ANDRES MEDIO| |9518003|CALENTAO ANDRES MEDIO| |9518003|ALIMENTOS|10|ALIMENTOS|10|Para Empezar|1008|Para Empezar|1008|OT1|1|Order Type Master 1|1|16574.00|0.00|16574.00|0.00|0.00|0.00|16574.00|0.00|16574.00|1|16574.00|1|0|0.00|0.00|0.00|42|10
FPMI|Restaurante|1|Restaurante|1|CAZUELA DE FRIJOLES| |9520032|CAZUELA DE FRIJOLES| |9520032|ALIMENTOS|10|ALIMENTOS|10|Para Empezar|1008|Para Empezar|1008|OT1|1|Order Type Master 1|1|36852.00|0.00|36852.00|0.00|0.00|0.00|36852.00|0.00|36852.00|1|36852.00|1|0|0.00|0.00|0.00|56|13
FPMI|Restaurante|1|Restaurante|1|Mod CocaCola Zero 400ml| |980000103|Mod CocaCola Zero 400ml| |980000103|ALIMENTOS|10|ALIMENTOS|10|Para Empezar|1008|Para Empezar|1008|OT1|1|Order Type Master 1|1|0.00|0.00|0.00|0.00|0.00|0.00|0.00|0.00|0.00|1|0.00|1|0|0.00|0.00|0.00|56|13
FPMI|Restaurante|1|Restaurante|1|CONSOME DE RES| |9522020|CONSOME DE RES| |9522020|ALIMENTOS|10|ALIMENTOS|10|Para Empezar|1008|Para Empezar|1008|OT1|1|Order Type Master 1|1|38610.00|0.00|38610.00|0.00|0.00|0.00|38610.00|0.00|38610.00|1|38610.00|3|0|0.00|0.00|0.00|37|9
FPMI|Restaurante|1|Restaurante|1|CANASTA DE 4 EMPANADAS DE CARNE| |9528034|CANASTA DE 4 EMPANADAS DE CARNE| |9528034|ALIMENTOS|10|ALIMENTOS|10|Para Empezar|1008|Para Empezar|1008|OT1|1|Order Type Master 1|1|22500.00|0.00|22500.00|0.00|0.00|0.00|22500.00|0.00|22500.00|1|22500.00|1|0|0.00|0.00|0.00|77|19
FPMI|Restaurante|1|Restaurante|1|MJE ALM| |90000037|MJE ALM| |90000037|ALIMENTOS|10|ALIMENTOS|10|Para Empezar|1008|Para Empezar|1008|OT1|1|Order Type Master 1|1|0.00|0.00|0.00|0.00|0.00|0.00|0.00|0.00|0.00|1|0.00|1|0|0.00|0.00|0.00|79|19
FPMI|Restaurante|1|Restaurante|1|MJE ALM| |90000037|MJE ALM| |90000037|ALIMENTOS|10|ALIMENTOS|10|Para Empezar|1008|Para Empezar|1008|OT1|1|Order Type Master 1|1|0.00|0.00|0.00|0.00|0.00|0.00|0.00|0.00|0.00|1|0.00|1|0|0.00|0.00|0.00|44|10
FPMI|Domicilios|20|Domicilios|20|AJIACO NINOS| |9542004|AJIACO NINOS| |9542004|ALIMENTOS|10|ALIMENTOS|10|Para Empezar|1008|Para Empezar|1008|OT2|2|Order Type Master 2|2|18426.00|-3669.00|14757.00|0.00|0.00|0.00|18426.00|-3669.00|14757.00|81|18426.00|1|0|0.00|0.00|0.00|74|18
FPMI|Domicilios|20|Domicilios|20|CANASTA DE 4 EMPANADAS CACHACAS| |9528040|CANASTA DE 4 EMPANADAS CACHACAS| |9528040|ALIMENTOS|10|ALIMENTOS|10|Para Empezar|1008|Para Empezar|1008|OT2|2|Order Type Master 2|2|22500.00|0.00|22500.00|0.00|0.00|0.00|22500.00|0.00|22500.00|73|22500.00|1|0|0.00|0.00|0.00|45|11
FPMI|Domicilios|20|Domicilios|20|EMPANADA DE QUESO| |9528030|EMPANADA DE QUESO| |9528030|ALIMENTOS|10|ALIMENTOS|10|Para Empezar|1008|Para Empezar|1008|OT2|2|Order Type Master 2|2|6111.00|0.00|6111.00|0.00|0.00|0.00|6111.00|0.00|6111.00|73|6111.00|1|0|0.00|0.00|0.00|45|11
FPMI|Domicilios|20|Domicilios|20|AJIACO NINOS| |9542004|AJIACO NINOS| |9542004|ALIMENTOS|10|ALIMENTOS|10|Para Empezar|1008|Para Empezar|1008|OT2|2|Order Type Master 2|2|18426.00|-3700.00|14726.00|0.00|0.00|0.00|18426.00|-3700.00|14726.00|81|18426.00|1|0|0.00|0.00|0.00|58|14
FPMI|Domicilios|20|Domicilios|20|EMPANADA DE CARNE | |9528004|EMPANADA DE CARNE | |9528004|ALIMENTOS|10|ALIMENTOS|10|Para Empezar|1008|Para Empezar|1008|OT2|2|Order Type Master 2|2|12222.00|0.00|12222.00|0.00|0.00|0.00|12222.00|0.00|12222.00|73|12222.00|2|0|0.00|0.00|0.00|77|19
FPMI|Plataformas|21|Plataformas|21|SALMON A LA PLANCHA 200 gr ARROZ BLANCO| |9504092|SALMON A LA PLANCHA 200 gr ARROZ BLANCO| |9504092|ALIMENTOS|10|ALIMENTOS|10|Para Empezar|1008|Para Empezar|1008|OT7|7|Order Type Master 7|7|50370.00|0.00|50370.00|0.00|0.00|0.00|50370.00|0.00|50370.00|153|50370.00|1|0|0.00|0.00|0.00|53|13
FPMI|Plataformas|21|Plataformas|21|MORCILLA 100 gr| |9502080|MORCILLA 100 gr| |9502080|ALIMENTOS|10|ALIMENTOS|10|Para Empezar|1008|Para Empezar|1008|OT7|7|Order Type Master 7|7|44816.00|0.00|44816.00|0.00|0.00|0.00|44816.00|0.00|44816.00|153|44816.00|4|0|0.00|0.00|0.00|74|18
FPMI|Restaurante|1|Restaurante|1|GASEOSA 400 ml| |9606131|GASEOSA 400 ml| |9606131|BEBIDAS|20|BEBIDAS|20|Bebidas Sin Alcohol|3000|Bebidas Sin Alcohol|3000|OT1|1|Order Type Master 1|1|7593.00|0.00|7593.00|0.00|0.00|0.00|7593.00|0.00|7593.00|1|7593.00|1|0|0.00|0.00|0.00|63|15
FPMI|Restaurante|1|Restaurante|1|JUGO DE MANGO EN AGUA| |9604156|JUGO DE MANGO EN AGUA| |9604156|BEBIDAS|20|BEBIDAS|20|Bebidas Sin Alcohol|3000|Bebidas Sin Alcohol|3000|OT1|1|Order Type Master 1|1|10093.00|0.00|10093.00|0.00|0.00|0.00|10093.00|0.00|10093.00|1|10093.00|1|0|0.00|0.00|0.00|63|15
FPMI|Restaurante|1|Restaurante|1|GASEOSA 400 ml| |9606131|GASEOSA 400 ml| |9606131|BEBIDAS|20|BEBIDAS|20|Bebidas Sin Alcohol|3000|Bebidas Sin Alcohol|3000|OT1|1|Order Type Master 1|1|0.00|-3032.00|-3032.00|0.00|0.00|0.00|0.00|-3032.00|-3032.00|1|0.00|0|0|0.00|0.00|0.00|58|14
FPMI|Restaurante|1|Restaurante|1|GASEOSA 400 ml| |9606131|GASEOSA 400 ml| |9606131|BEBIDAS|20|BEBIDAS|20|Bebidas Sin Alcohol|3000|Bebidas Sin Alcohol|3000|OT1|1|Order Type Master 1|1|15186.00|0.00|15186.00|0.00|0.00|0.00|15186.00|0.00|15186.00|1|15186.00|2|0|0.00|0.00|0.00|56|13
FPMI|Domicilios|20|Domicilios|20|JUGO DE MANDARINA| |9604044|JUGO DE MANDARINA| |9604044|BEBIDAS|20|BEBIDAS|20|Bebidas Sin Alcohol|3000|Bebidas Sin Alcohol|3000|OT2|2|Order Type Master 2|2|-14074.00|0.00|-14074.00|0.00|0.00|0.00|-14074.00|0.00|-14074.00|73|-14074.00|-1|0|0.00|0.00|0.00|61|15
FPMI|Restaurante|1|Restaurante|1|BANDEJA PAISA| |9520036|BANDEJA PAISA| |9520036|ALIMENTOS|10|ALIMENTOS|10|Para Empezar|1008|Para Empezar|1008|OT1|1|Order Type Master 1|1|42500.00|0.00|42500.00|0.00|0.00|0.00|42500.00|0.00|42500.00|1|42500.00|1|0|0.00|0.00|0.00|63|15
FPMI|Restaurante|1|Restaurante|1|CAZUELA DE FRIJOLES| |9520032|CAZUELA DE FRIJOLES| |9520032|ALIMENTOS|10|ALIMENTOS|10|Para Empezar|1008|Para Empezar|1008|OT1|1|Order Type Master 1|1|36852.00|0.00|36852.00|0.00|0.00|0.00|36852.00|0.00|36852.00|1|36852.00|1|0|0.00|0.00|0.00|63|15
FPMI|Restaurante|1|Restaurante|1|HOGAO| |9500200|HOGAO| |9500200|ALIMENTOS|10|ALIMENTOS|10|Para Empezar|1008|Para Empezar|1008|OT1|1|Order Type Master 1|1|0.00|0.00|0.00|0.00|0.00|0.00|0.00|0.00|0.00|1|0.00|1|0|0.00|0.00|0.00|63|15
FPMI|Restaurante|1|Restaurante|1|CALENTAO ANDRES MEDIO| |9518003|CALENTAO ANDRES MEDIO| |9518003|ALIMENTOS|10|ALIMENTOS|10|Para Empezar|1008|Para Empezar|1008|OT1|1|Order Type Master 1|1|16574.00|0.00|16574.00|0.00|0.00|0.00|16574.00|0.00|16574.00|1|16574.00|1|0|0.00|0.00|0.00|41|10
FPMI|Restaurante|1|Restaurante|1|BISTEC ENTRECOT 180 gr  ARROZ | |9502522|BISTEC ENTRECOT 180 gr  ARROZ | |9502522|ALIMENTOS|10|ALIMENTOS|10|Para Empezar|1008|Para Empezar|1008|OT1|1|Order Type Master 1|1|38704.00|0.00|38704.00|0.00|0.00|0.00|38704.00|0.00|38704.00|1|38704.00|1|0|0.00|0.00|0.00|54|13
FPMI|Restaurante|1|Restaurante|1|COMO ENTRADA| |90000038|COMO ENTRADA| |90000038|ALIMENTOS|10|ALIMENTOS|10|Para Empezar|1008|Para Empezar|1008|OT1|1|Order Type Master 1|1|0.00|0.00|0.00|0.00|0.00|0.00|0.00|0.00|0.00|9|0.00|1|0|0.00|0.00|0.00|62|15
FPMI|Restaurante|1|Restaurante|1|CALENTADO PAISA| |9518008|CALENTADO PAISA| |9518008|ALIMENTOS|10|ALIMENTOS|10|Para Empezar|1008|Para Empezar|1008|OT1|1|Order Type Master 1|1|35093.00|0.00|35093.00|0.00|0.00|0.00|35093.00|0.00|35093.00|1|35093.00|1|0|0.00|0.00|0.00|79|19
FPMI|Restaurante|1|Restaurante|1|HUEVOS MAIZ Y TOCINETA| |9540210|HUEVOS MAIZ Y TOCINETA| |9540210|ALIMENTOS|10|ALIMENTOS|10|Para Empezar|1008|Para Empezar|1008|OT1|1|Order Type Master 1|1|0.00|-1835.00|-1835.00|0.00|0.00|0.00|0.00|-1835.00|-1835.00|1|0.00|0|0|0.00|0.00|0.00|43|10
FPMI|Restaurante|1|Restaurante|1|MJE ALM| |90000037|MJE ALM| |90000037|ALIMENTOS|10|ALIMENTOS|10|Para Empezar|1008|Para Empezar|1008|OT1|1|Order Type Master 1|1|0.00|0.00|0.00|0.00|0.00|0.00|0.00|0.00|0.00|1|0.00|1|0|0.00|0.00|0.00|57|14
FPMI|Domicilios|20|Domicilios|20|CARNE MOLIDA| |9500108|CARNE MOLIDA| |9500108|ALIMENTOS|10|ALIMENTOS|10|Para Empezar|1008|Para Empezar|1008|OT2|2|Order Type Master 2|2|15740.00|0.00|15740.00|0.00|0.00|0.00|15740.00|0.00|15740.00|73|15740.00|2|0|0.00|0.00|0.00|59|14
FPMI|Domicilios|20|Domicilios|20|MJE ALM| |90000037|MJE ALM| |90000037|ALIMENTOS|10|ALIMENTOS|10|Para Empezar|1008|Para Empezar|1008|OT2|2|Order Type Master 2|2|0.00|0.00|0.00|0.00|0.00|0.00|0.00|0.00|0.00|1|0.00|1|0|0.00|0.00|0.00|56|13
FPMI|Domicilios|20|Domicilios|20|FRIJOLES PERSONAL | |9540226|FRIJOLES PERSONAL | |9540226|ALIMENTOS|10|ALIMENTOS|10|Para Empezar|1008|Para Empezar|1008|OT2|2|Order Type Master 2|2|32410.00|0.00|32410.00|0.00|0.00|0.00|32410.00|0.00|32410.00|73|32410.00|7|0|0.00|0.00|0.00|68|16
FPMI|Plataformas|21|Plataformas|21|CANASTA DE 4 EMPANADAS CACHACAS| |9528040|CANASTA DE 4 EMPANADAS CACHACAS| |9528040|ALIMENTOS|10|ALIMENTOS|10|Para Empezar|1008|Para Empezar|1008|OT7|7|Order Type Master 7|7|23611.00|0.00|23611.00|0.00|0.00|0.00|23611.00|0.00|23611.00|153|23611.00|1|0|0.00|0.00|0.00|48|11
FPMI|Plataformas|21|Plataformas|21|CALENTADO ANDRES| |9518004|CALENTADO ANDRES| |9518004|ALIMENTOS|10|ALIMENTOS|10|Para Empezar|1008|Para Empezar|1008|OT7|7|Order Type Master 7|7|36759.00|0.00|36759.00|0.00|0.00|0.00|36759.00|0.00|36759.00|153|36759.00|1|0|0.00|0.00|0.00|50|12
FPMI|Plataformas|21|Plataformas|21|MJE ALM| |90000037|MJE ALM| |90000037|ALIMENTOS|10|ALIMENTOS|10|Para Empezar|1008|Para Empezar|1008|OT7|7|Order Type Master 7|7|0.00|0.00|0.00|0.00|0.00|0.00|0.00|0.00|0.00|1|0.00|2|0|0.00|0.00|0.00|74|18
FPMI|Restaurante|1|Restaurante|1|LULADA CON LECHE CONDENSADA| |9604393|LULADA CON LECHE CONDENSADA| |9604393|BEBIDAS|20|BEBIDAS|20|Bebidas Sin Alcohol|3000|Bebidas Sin Alcohol|3000|OT1|1|Order Type Master 1|1|29444.00|-5851.00|23593.00|0.00|0.00|0.00|29444.00|-5851.00|23593.00|1|29444.00|2|0|0.00|0.00|0.00|52|12
FPMI|Restaurante|1|Restaurante|1|LIMONADA HIERBABUENA| |9604066|LIMONADA HIERBABUENA| |9604066|BEBIDAS|20|BEBIDAS|20|Bebidas Sin Alcohol|3000|Bebidas Sin Alcohol|3000|OT1|1|Order Type Master 1|1|8519.00|0.00|8519.00|0.00|0.00|0.00|8519.00|0.00|8519.00|1|8519.00|1|0|0.00|0.00|0.00|56|13
FPMI|Restaurante|1|Restaurante|1|AGUA DE PANELA| |9602084|AGUA DE PANELA| |9602084|BEBIDAS|20|BEBIDAS|20|Bebidas Sin Alcohol|3000|Bebidas Sin Alcohol|3000|OT1|1|Order Type Master 1|1|5370.00|0.00|5370.00|0.00|0.00|0.00|5370.00|0.00|5370.00|1|5370.00|1|0|0.00|0.00|0.00|78|19
FPMI|Restaurante|1|Restaurante|1|AROMATICA| |9602088|AROMATICA| |9602088|BEBIDAS|20|BEBIDAS|20|Bebidas Sin Alcohol|3000|Bebidas Sin Alcohol|3000|OT1|1|Order Type Master 1|1|4537.00|0.00|4537.00|0.00|0.00|0.00|4537.00|0.00|4537.00|1|4537.00|1|0|0.00|0.00|0.00|56|13
FPMI|Domicilios|20|Domicilios|20|AGUA MANANTIAL SIN GAS 500 ML| |9606135|AGUA MANANTIAL SIN GAS 500 ML| |9606135|BEBIDAS|20|BEBIDAS|20|Bebidas Sin Alcohol|3000|Bebidas Sin Alcohol|3000|OT2|2|Order Type Master 2|2|8148.00|-1622.00|6526.00|0.00|0.00|0.00|8148.00|-1622.00|6526.00|73|8148.00|1|0|0.00|0.00|0.00|74|18
FPMI|Restaurante|1|Restaurante|1|PECHUGA A LA PARRILLA 230 gr ENSALADA | |9506091|PECHUGA A LA PARRILLA 230 gr ENSALADA | |9506091|ALIMENTOS|10|ALIMENTOS|10|Para Empezar|1008|Para Empezar|1008|OT1|1|Order Type Master 1|1|49630.00|0.00|49630.00|0.00|0.00|0.00|49630.00|0.00|49630.00|1|49630.00|2|0|0.00|0.00|0.00|52|12
FPMI|Restaurante|1|Restaurante|1|MJE ALM| |90000037|MJE ALM| |90000037|ALIMENTOS|10|ALIMENTOS|10|Para Empezar|1008|Para Empezar|1008|OT1|1|Order Type Master 1|1|0.00|0.00|0.00|0.00|0.00|0.00|0.00|0.00|0.00|1|0.00|2|0|0.00|0.00|0.00|52|12
FPMI|Restaurante|1|Restaurante|1|CONSOME DE RES| |9522020|CONSOME DE RES| |9522020|ALIMENTOS|10|ALIMENTOS|10|Para Empezar|1008|Para Empezar|1008|OT1|1|Order Type Master 1|1|12870.00|0.00|12870.00|0.00|0.00|0.00|12870.00|0.00|12870.00|1|12870.00|1|0|0.00|0.00|0.00|47|11
FPMI|Restaurante|1|Restaurante|1|AREPA DE CHOCOLO| |9506036|AREPA DE CHOCOLO| |9506036|ALIMENTOS|10|ALIMENTOS|10|Para Empezar|1008|Para Empezar|1008|OT1|1|Order Type Master 1|1|20185.00|0.00|20185.00|0.00|0.00|0.00|20185.00|0.00|20185.00|1|20185.00|1|0|0.00|0.00|0.00|47|11
FPMI|Restaurante|1|Restaurante|1|Mod CocaCola Original 400ml| |980000102|Mod CocaCola Original 400ml| |980000102|ALIMENTOS|10|ALIMENTOS|10|Para Empezar|1008|Para Empezar|1008|OT1|1|Order Type Master 1|1|0.00|0.00|0.00|0.00|0.00|0.00|0.00|0.00|0.00|1|0.00|1|0|0.00|0.00|0.00|54|13
FPMI|Restaurante|1|Restaurante|1|SALSA BABY| |9500376|SALSA BABY| |9500376|ALIMENTOS|10|ALIMENTOS|10|Para Empezar|1008|Para Empezar|1008|OT1|1|Order Type Master 1|1|0.00|0.00|0.00|0.00|0.00|0.00|0.00|0.00|0.00|1|0.00|1|0|0.00|0.00|0.00|58|14
FPMI|Restaurante|1|Restaurante|1| COMBO HAMBURGUESA MILAGROSA 180 gr LIMONADA| |9508040| COMBO HAMBURGUESA MILAGROSA 180 gr LIMONADA| |9508040|ALIMENTOS|10|ALIMENTOS|10|Para Empezar|1008|Para Empezar|1008|OT1|1|Order Type Master 1|1|0.00|-6748.00|-6748.00|0.00|0.00|0.00|0.00|-6748.00|-6748.00|1|0.00|0|0|0.00|0.00|0.00|58|14
FPMI|Restaurante|1|Restaurante|1|CONSOME DE RES| |9522020|CONSOME DE RES| |9522020|ALIMENTOS|10|ALIMENTOS|10|Para Empezar|1008|Para Empezar|1008|OT1|1|Order Type Master 1|1|12870.00|0.00|12870.00|0.00|0.00|0.00|12870.00|0.00|12870.00|1|12870.00|1|0|0.00|0.00|0.00|42|10
FPMI|Restaurante|1|Restaurante|1|AREPA DE CHOCOLO| |9506036|AREPA DE CHOCOLO| |9506036|ALIMENTOS|10|ALIMENTOS|10|Para Empezar|1008|Para Empezar|1008|OT1|1|Order Type Master 1|1|20185.00|0.00|20185.00|0.00|0.00|0.00|20185.00|0.00|20185.00|1|20185.00|1|0|0.00|0.00|0.00|42|10
FPMI|Restaurante|1|Restaurante|1|PATACON SOLO SOLITO| |9524048|PATACON SOLO SOLITO| |9524048|ALIMENTOS|10|ALIMENTOS|10|Para Empezar|1008|Para Empezar|1008|OT1|1|Order Type Master 1|1|7315.00|0.00|7315.00|0.00|0.00|0.00|7315.00|0.00|7315.00|1|7315.00|1|0|0.00|0.00|0.00|56|13
FPMI|Restaurante|1|Restaurante|1|CALDO DE COSTILLA| |9522004|CALDO DE COSTILLA| |9522004|ALIMENTOS|10|ALIMENTOS|10|Para Empezar|1008|Para Empezar|1008|OT1|1|Order Type Master 1|1|15556.00|0.00|15556.00|0.00|0.00|0.00|15556.00|0.00|15556.00|1|15556.00|1|0|0.00|0.00|0.00|77|19
FPMI|Restaurante|1|Restaurante|1|MJE ALM| |90000037|MJE ALM| |90000037|ALIMENTOS|10|ALIMENTOS|10|Para Empezar|1008|Para Empezar|1008|OT1|1|Order Type Master 1|1|0.00|0.00|0.00|0.00|0.00|0.00|0.00|0.00|0.00|1|0.00|1|0|0.00|0.00|0.00|56|13
FPMI|Domicilios|20|Domicilios|20|ENTRECOT 180 gr  ARROZ| |9502508|ENTRECOT 180 gr  ARROZ| |9502508|ALIMENTOS|10|ALIMENTOS|10|Para Empezar|1008|Para Empezar|1008|OT2|2|Order Type Master 2|2|35093.00|-7014.00|28079.00|0.00|0.00|0.00|35093.00|-7014.00|28079.00|73|35093.00|1|0|0.00|0.00|0.00|80|19
FPMI|Domicilios|20|Domicilios|20|MJE ALM| |90000037|MJE ALM| |90000037|ALIMENTOS|10|ALIMENTOS|10|Para Empezar|1008|Para Empezar|1008|OT2|2|Order Type Master 2|2|0.00|0.00|0.00|0.00|0.00|0.00|0.00|0.00|0.00|1|0.00|1|0|0.00|0.00|0.00|58|14
FPMI|Domicilios|20|Domicilios|20|CHICHARRON 90 gr| |9528024|CHICHARRON 90 gr| |9528024|ALIMENTOS|10|ALIMENTOS|10|Para Empezar|1008|Para Empezar|1008|OT2|2|Order Type Master 2|2|26667.00|-5341.00|21326.00|0.00|0.00|0.00|26667.00|-5341.00|21326.00|73|26667.00|1|0|0.00|0.00|0.00|61|15
FPMI|Plataformas|21|Plataformas|21|MJE ALM| |90000037|MJE ALM| |90000037|ALIMENTOS|10|ALIMENTOS|10|Para Empezar|1008|Para Empezar|1008|OT7|7|Order Type Master 7|7|0.00|0.00|0.00|0.00|0.00|0.00|0.00|0.00|0.00|1|0.00|3|0|0.00|0.00|0.00|53|13
FPMI|Plataformas|21|Plataformas|21|SALSA BABY| |9500376|SALSA BABY| |9500376|ALIMENTOS|10|ALIMENTOS|10|Para Empezar|1008|Para Empezar|1008|OT7|7|Order Type Master 7|7|6296.00|0.00|6296.00|0.00|0.00|0.00|6296.00|0.00|6296.00|153|6296.00|2|0|0.00|0.00|0.00|74|18
FPMI|Restaurante|1|Restaurante|1|TINTO COLADO AEX| |9602121|TINTO COLADO AEX| |9602121|BEBIDAS|20|BEBIDAS|20|Bebidas Sin Alcohol|3000|Bebidas Sin Alcohol|3000|OT1|1|Order Type Master 1|1|4537.00|0.00|4537.00|0.00|0.00|0.00|4537.00|0.00|4537.00|1|4537.00|1|0|0.00|0.00|0.00|37|9
FPMI|Restaurante|1|Restaurante|1|CAFE AMERICANO NESPRESSO| |9262158|CAFE AMERICANO NESPRESSO| |9262158|BEBIDAS|20|BEBIDAS|20|Bebidas Sin Alcohol|3000|Bebidas Sin Alcohol|3000|OT1|1|Order Type Master 1|1|0.00|-2707.00|-2707.00|0.00|0.00|0.00|0.00|-2707.00|-2707.00|153|0.00|0|0|0.00|0.00|0.00|43|10
FPMI|Restaurante|1|Restaurante|1|TINTO COLADO AEX| |9602121|TINTO COLADO AEX| |9602121|BEBIDAS|20|BEBIDAS|20|Bebidas Sin Alcohol|3000|Bebidas Sin Alcohol|3000|OT1|1|Order Type Master 1|1|9074.00|0.00|9074.00|0.00|0.00|0.00|9074.00|0.00|9074.00|1|9074.00|2|0|0.00|0.00|0.00|58|14
FPMI|Restaurante|1|Restaurante|1|AROMATICA| |9602088|AROMATICA| |9602088|BEBIDAS|20|BEBIDAS|20|Bebidas Sin Alcohol|3000|Bebidas Sin Alcohol|3000|OT1|1|Order Type Master 1|1|4537.00|0.00|4537.00|0.00|0.00|0.00|4537.00|0.00|4537.00|1|4537.00|1|0|0.00|0.00|0.00|57|14
FPMI|Domicilios|20|Domicilios|20|CAFE AMERICANO NESPRESSO| |9262158|CAFE AMERICANO NESPRESSO| |9262158|BEBIDAS|20|BEBIDAS|20|Bebidas Sin Alcohol|3000|Bebidas Sin Alcohol|3000|OT2|2|Order Type Master 2|2|6759.00|-1354.00|5405.00|0.00|0.00|0.00|6759.00|-1354.00|5405.00|73|6759.00|1|0|0.00|0.00|0.00|61|15
FPMI|Plataformas|21|Plataformas|21|LIMONADA DE PANELA| |9604067|LIMONADA DE PANELA| |9604067|BEBIDAS|20|BEBIDAS|20|Bebidas Sin Alcohol|3000|Bebidas Sin Alcohol|3000|OT7|7|Order Type Master 7|7|9537.00|0.00|9537.00|0.00|0.00|0.00|9537.00|0.00|9537.00|153|9537.00|1|0|0.00|0.00|0.00|50|12
FPMI|Restaurante|1|Restaurante|1|AREPA  QUESO MOZZARELLA| |9524088|AREPA  QUESO MOZZARELLA| |9524088|ALIMENTOS|10|ALIMENTOS|10|Para Empezar|1008|Para Empezar|1008|OT1|1|Order Type Master 1|1|8889.00|0.00|8889.00|0.00|0.00|0.00|8889.00|0.00|8889.00|1|8889.00|1|0|0.00|0.00|0.00|63|15
FPMI|Restaurante|1|Restaurante|1|PAPA CRIOLLA| |9500288|PAPA CRIOLLA| |9500288|ALIMENTOS|10|ALIMENTOS|10|Para Empezar|1008|Para Empezar|1008|OT1|1|Order Type Master 1|1|7222.00|0.00|7222.00|0.00|0.00|0.00|7222.00|0.00|7222.00|1|7222.00|1|0|0.00|0.00|0.00|63|15
FPMI|Restaurante|1|Restaurante|1|COMBO HAMBURGUESA MILAGROSA 180 gr BOT| |9508039|COMBO HAMBURGUESA MILAGROSA 180 gr BOT| |9508039|ALIMENTOS|10|ALIMENTOS|10|Para Empezar|1008|Para Empezar|1008|OT1|1|Order Type Master 1|1|33796.00|0.00|33796.00|0.00|0.00|0.00|33796.00|0.00|33796.00|1|33796.00|1|0|0.00|0.00|0.00|63|15
FPMI|Restaurante|1|Restaurante|1|CACEROLA DE HUEVOS FRITOS| |9522036|CACEROLA DE HUEVOS FRITOS| |9522036|ALIMENTOS|10|ALIMENTOS|10|Para Empezar|1008|Para Empezar|1008|OT1|1|Order Type Master 1|1|6019.00|0.00|6019.00|0.00|0.00|0.00|6019.00|0.00|6019.00|1|6019.00|1|0|0.00|0.00|0.00|41|10
FPMI|Restaurante|1|Restaurante|1|AJI CASERO| |9500480|AJI CASERO| |9500480|ALIMENTOS|10|ALIMENTOS|10|Para Empezar|1008|Para Empezar|1008|OT1|1|Order Type Master 1|1|0.00|0.00|0.00|0.00|0.00|0.00|0.00|0.00|0.00|1|0.00|1|0|0.00|0.00|0.00|43|10
FPMI|Restaurante|1|Restaurante|1|AREPA DE CHOCOLO| |9506036|AREPA DE CHOCOLO| |9506036|ALIMENTOS|10|ALIMENTOS|10|Para Empezar|1008|Para Empezar|1008|OT1|1|Order Type Master 1|1|20185.00|0.00|20185.00|0.00|0.00|0.00|20185.00|0.00|20185.00|1|20185.00|1|0|0.00|0.00|0.00|54|13
FPMI|Restaurante|1|Restaurante|1|AJIACO  POLLO| |9520008|AJIACO  POLLO| |9520008|ALIMENTOS|10|ALIMENTOS|10|Para Empezar|1008|Para Empezar|1008|OT1|1|Order Type Master 1|1|34074.00|0.00|34074.00|0.00|0.00|0.00|34074.00|0.00|34074.00|1|34074.00|1|0|0.00|0.00|0.00|54|13
FPMI|Restaurante|1|Restaurante|1|Mod 3/4| |980000004|Mod 3/4| |980000004|ALIMENTOS|10|ALIMENTOS|10|Para Empezar|1008|Para Empezar|1008|OT1|1|Order Type Master 1|1|0.00|0.00|0.00|0.00|0.00|0.00|0.00|0.00|0.00|1|0.00|1|0|0.00|0.00|0.00|54|13
FPMI|Restaurante|1|Restaurante|1|CHICHARRON 90 gr| |9528024|CHICHARRON 90 gr| |9528024|ALIMENTOS|10|ALIMENTOS|10|Para Empezar|1008|Para Empezar|1008|OT1|1|Order Type Master 1|1|26667.00|0.00|26667.00|0.00|0.00|0.00|26667.00|0.00|26667.00|1|26667.00|1|0|0.00|0.00|0.00|47|11
FPMI|Restaurante|1|Restaurante|1|COMO ENTRADA| |90000038|COMO ENTRADA| |90000038|ALIMENTOS|10|ALIMENTOS|10|Para Empezar|1008|Para Empezar|1008|OT1|1|Order Type Master 1|1|0.00|0.00|0.00|0.00|0.00|0.00|0.00|0.00|0.00|1|0.00|2|0|0.00|0.00|0.00|39|9
FPMI|Restaurante|1|Restaurante|1|Mensaje Bebidas 2024| |980000095|Mensaje Bebidas 2024| |980000095|ALIMENTOS|10|ALIMENTOS|10|Para Empezar|1008|Para Empezar|1008|OT1|1|Order Type Master 1|1|0.00|0.00|0.00|0.00|0.00|0.00|0.00|0.00|0.00|1|0.00|2|0|0.00|0.00|0.00|56|13
FPMI|Restaurante|1|Restaurante|1|Mod CocaCola Original 400ml| |980000102|Mod CocaCola Original 400ml| |980000102|ALIMENTOS|10|ALIMENTOS|10|Para Empezar|1008|Para Empezar|1008|OT1|1|Order Type Master 1|1|0.00|0.00|0.00|0.00|0.00|0.00|0.00|0.00|0.00|1|0.00|1|0|0.00|0.00|0.00|56|13
FPMI|Restaurante|1|Restaurante|1|MJE ALM| |90000037|MJE ALM| |90000037|ALIMENTOS|10|ALIMENTOS|10|Para Empezar|1008|Para Empezar|1008|OT1|1|Order Type Master 1|1|0.00|0.00|0.00|0.00|0.00|0.00|0.00|0.00|0.00|1|0.00|1|0|0.00|0.00|0.00|37|9
FPMI|Restaurante|1|Restaurante|1|HUEVOS PERICOS EN AREPA| |9522042|HUEVOS PERICOS EN AREPA| |9522042|ALIMENTOS|10|ALIMENTOS|10|Para Empezar|1008|Para Empezar|1008|OT1|1|Order Type Master 1|1|13888.00|0.00|13888.00|0.00|0.00|0.00|13888.00|0.00|13888.00|1|13888.00|2|0|0.00|0.00|0.00|37|9
FPMI|Restaurante|1|Restaurante|1|COMO ENTRADA| |90000038|COMO ENTRADA| |90000038|ALIMENTOS|10|ALIMENTOS|10|Para Empezar|1008|Para Empezar|1008|OT1|1|Order Type Master 1|1|0.00|0.00|0.00|0.00|0.00|0.00|0.00|0.00|0.00|9|0.00|1|0|0.00|0.00|0.00|77|19
FPMI|Restaurante|1|Restaurante|1|EMPANADA CACHACA| |9528008|EMPANADA CACHACA| |9528008|ALIMENTOS|10|ALIMENTOS|10|Para Empezar|1008|Para Empezar|1008|OT1|1|Order Type Master 1|1|6111.00|0.00|6111.00|0.00|0.00|0.00|6111.00|0.00|6111.00|1|6111.00|1|0|0.00|0.00|0.00|62|15
FPMI|Restaurante|1|Restaurante|1|CHUNCHULLO x 200 gr| |9502072|CHUNCHULLO x 200 gr| |9502072|ALIMENTOS|10|ALIMENTOS|10|Para Empezar|1008|Para Empezar|1008|OT1|1|Order Type Master 1|1|23056.00|0.00|23056.00|0.00|0.00|0.00|23056.00|0.00|23056.00|1|23056.00|1|0|0.00|0.00|0.00|78|19
FPMI|Domicilios|20|Domicilios|20|AREPA DE HUEVO Y CARNE DESMECHADA| |9528059|AREPA DE HUEVO Y CARNE DESMECHADA| |9528059|ALIMENTOS|10|ALIMENTOS|10|Para Empezar|1008|Para Empezar|1008|OT2|2|Order Type Master 2|2|13519.00|-2687.00|10832.00|0.00|0.00|0.00|13519.00|-2687.00|10832.00|73|13519.00|1|0|0.00|0.00|0.00|68|16
FPMI|Domicilios|20|Domicilios|20|PATACON GRATINADO| |9524040|PATACON GRATINADO| |9524040|ALIMENTOS|10|ALIMENTOS|10|Para Empezar|1008|Para Empezar|1008|OT2|2|Order Type Master 2|2|12593.00|-2504.00|10089.00|0.00|0.00|0.00|12593.00|-2504.00|10089.00|73|12593.00|1|0|0.00|0.00|0.00|68|16
FPMI|Domicilios|20|Domicilios|20|Mod CocaCola Zero 400ml| |980000103|Mod CocaCola Zero 400ml| |980000103|ALIMENTOS|10|ALIMENTOS|10|Para Empezar|1008|Para Empezar|1008|OT2|2|Order Type Master 2|2|0.00|0.00|0.00|0.00|0.00|0.00|0.00|0.00|0.00|1|0.00|1|0|0.00|0.00|0.00|68|16
FPMI|Domicilios|20|Domicilios|20|PATACON SOLO SOLITO| |9524048|PATACON SOLO SOLITO| |9524048|ALIMENTOS|10|ALIMENTOS|10|Para Empezar|1008|Para Empezar|1008|OT2|2|Order Type Master 2|2|7315.00|0.00|7315.00|0.00|0.00|0.00|7315.00|0.00|7315.00|73|7315.00|1|0|0.00|0.00|0.00|55|13
FPMI|Plataformas|21|Plataformas|21|CAZUELA DE FRIJOLES| |9520032|CAZUELA DE FRIJOLES| |9520032|ALIMENTOS|10|ALIMENTOS|10|Para Empezar|1008|Para Empezar|1008|OT7|7|Order Type Master 7|7|35370.00|0.00|35370.00|0.00|0.00|0.00|35370.00|0.00|35370.00|177|35370.00|1|0|0.00|0.00|0.00|53|13
FPMI|Plataformas|21|Plataformas|21|AJIACO  POLLO| |9520008|AJIACO  POLLO| |9520008|ALIMENTOS|10|ALIMENTOS|10|Para Empezar|1008|Para Empezar|1008|OT7|7|Order Type Master 7|7|35741.00|0.00|35741.00|0.00|0.00|0.00|35741.00|0.00|35741.00|153|35741.00|1|0|0.00|0.00|0.00|53|13
FPMI|Plataformas|21|Plataformas|21|LOMO 220 gr ARROZ BLANCO| |9502515|LOMO 220 gr ARROZ BLANCO| |9502515|ALIMENTOS|10|ALIMENTOS|10|Para Empezar|1008|Para Empezar|1008|OT7|7|Order Type Master 7|7|57130.00|0.00|57130.00|0.00|0.00|0.00|57130.00|0.00|57130.00|153|57130.00|1|0|0.00|0.00|0.00|53|13
FPMI|Plataformas|21|Plataformas|21|PAPA CASCO| |9500456|PAPA CASCO| |9500456|ALIMENTOS|10|ALIMENTOS|10|Para Empezar|1008|Para Empezar|1008|OT7|7|Order Type Master 7|7|7500.00|0.00|7500.00|0.00|0.00|0.00|7500.00|0.00|7500.00|153|7500.00|1|0|0.00|0.00|0.00|48|11
FPMI|Plataformas|21|Plataformas|21|CALENTADO PAISA| |9518008|CALENTADO PAISA| |9518008|ALIMENTOS|10|ALIMENTOS|10|Para Empezar|1008|Para Empezar|1008|OT7|7|Order Type Master 7|7|36759.00|0.00|36759.00|0.00|0.00|0.00|36759.00|0.00|36759.00|153|36759.00|1|0|0.00|0.00|0.00|50|12
FPMI|Plataformas|21|Plataformas|21|EMPANADA CACHACA| |9528008|EMPANADA CACHACA| |9528008|ALIMENTOS|10|ALIMENTOS|10|Para Empezar|1008|Para Empezar|1008|OT7|7|Order Type Master 7|7|12778.00|0.00|12778.00|0.00|0.00|0.00|12778.00|0.00|12778.00|153|12778.00|2|0|0.00|0.00|0.00|74|18
FPMI|Plataformas|21|Plataformas|21|TORTA MILKYWAY| |9514163|TORTA MILKYWAY| |9514163|ALIMENTOS|10|ALIMENTOS|10|Para Empezar|1008|Para Empezar|1008|OT7|7|Order Type Master 7|7|10926.00|0.00|10926.00|0.00|0.00|0.00|10926.00|0.00|10926.00|177|10926.00|1|0|0.00|0.00|0.00|74|18
FPMI|Restaurante|1|Restaurante|1|AGUA MANANTIAL CON GAS 300 ML CON LIMON| |9606138|AGUA MANANTIAL CON GAS 300 ML CON LIMON| |9606138|BEBIDAS|20|BEBIDAS|20|Bebidas Sin Alcohol|3000|Bebidas Sin Alcohol|3000|OT1|1|Order Type Master 1|1|6852.00|-1373.00|5479.00|0.00|0.00|0.00|6852.00|-1373.00|5479.00|1|6852.00|1|0|0.00|0.00|0.00|52|12
FPMI|Restaurante|1|Restaurante|1|CAFE AMERICANO NESPRESSO| |9262158|CAFE AMERICANO NESPRESSO| |9262158|BEBIDAS|20|BEBIDAS|20|Bebidas Sin Alcohol|3000|Bebidas Sin Alcohol|3000|OT1|1|Order Type Master 1|1|13518.00|0.00|13518.00|0.00|0.00|0.00|13518.00|0.00|13518.00|153|13518.00|2|0|0.00|0.00|0.00|41|10
FPMI|Restaurante|1|Restaurante|1|TINTO COLADO AEX| |9602121|TINTO COLADO AEX| |9602121|BEBIDAS|20|BEBIDAS|20|Bebidas Sin Alcohol|3000|Bebidas Sin Alcohol|3000|OT1|1|Order Type Master 1|1|9074.00|0.00|9074.00|0.00|0.00|0.00|9074.00|0.00|9074.00|1|9074.00|2|0|0.00|0.00|0.00|41|10
FPMI|Restaurante|1|Restaurante|1|JUGO DE LULO EN AGUA| |9604216|JUGO DE LULO EN AGUA| |9604216|BEBIDAS|20|BEBIDAS|20|Bebidas Sin Alcohol|3000|Bebidas Sin Alcohol|3000|OT1|1|Order Type Master 1|1|10093.00|0.00|10093.00|0.00|0.00|0.00|10093.00|0.00|10093.00|1|10093.00|1|0|0.00|0.00|0.00|78|19
FPMI|Plataformas|21|Plataformas|21|JUGO DE LULO EN AGUA| |9604216|JUGO DE LULO EN AGUA| |9604216|BEBIDAS|20|BEBIDAS|20|Bebidas Sin Alcohol|3000|Bebidas Sin Alcohol|3000|OT7|7|Order Type Master 7|7|21112.00|0.00|21112.00|0.00|0.00|0.00|21112.00|0.00|21112.00|153|21112.00|2|0|0.00|0.00|0.00|74|18
FPMI|Restaurante|1|Restaurante|1|SALSA DE TOMATE| |9500483|SALSA DE TOMATE| |9500483|ALIMENTOS|10|ALIMENTOS|10|Para Empezar|1008|Para Empezar|1008|OT1|1|Order Type Master 1|1|0.00|0.00|0.00|0.00|0.00|0.00|0.00|0.00|0.00|1|0.00|1|0|0.00|0.00|0.00|65|16
FPMI|Restaurante|1|Restaurante|1|CONSOME DE RES| |9522020|CONSOME DE RES| |9522020|ALIMENTOS|10|ALIMENTOS|10|Para Empezar|1008|Para Empezar|1008|OT1|1|Order Type Master 1|1|25740.00|0.00|25740.00|0.00|0.00|0.00|25740.00|0.00|25740.00|1|25740.00|2|0|0.00|0.00|0.00|41|10
FPMI|Restaurante|1|Restaurante|1|MJE ALM| |90000037|MJE ALM| |90000037|ALIMENTOS|10|ALIMENTOS|10|Para Empezar|1008|Para Empezar|1008|OT1|1|Order Type Master 1|1|0.00|0.00|0.00|0.00|0.00|0.00|0.00|0.00|0.00|1|0.00|2|0|0.00|0.00|0.00|41|10
FPMI|Restaurante|1|Restaurante|1|AREPA DE CHOCOLO| |9506036|AREPA DE CHOCOLO| |9506036|ALIMENTOS|10|ALIMENTOS|10|Para Empezar|1008|Para Empezar|1008|OT1|1|Order Type Master 1|1|20185.00|0.00|20185.00|0.00|0.00|0.00|20185.00|0.00|20185.00|1|20185.00|1|0|0.00|0.00|0.00|41|10
FPMI|Restaurante|1|Restaurante|1|AREPA CON QUESO ANTIOQUENO| |9528016|AREPA CON QUESO ANTIOQUENO| |9528016|ALIMENTOS|10|ALIMENTOS|10|Para Empezar|1008|Para Empezar|1008|OT1|1|Order Type Master 1|1|7778.00|0.00|7778.00|0.00|0.00|0.00|7778.00|0.00|7778.00|1|7778.00|1|0|0.00|0.00|0.00|41|10
FPMI|Restaurante|1|Restaurante|1| COMBO HAMBURGUESA MILAGROSA 180 gr LIMONADA| |9508040| COMBO HAMBURGUESA MILAGROSA 180 gr LIMONADA| |9508040|ALIMENTOS|10|ALIMENTOS|10|Para Empezar|1008|Para Empezar|1008|OT1|1|Order Type Master 1|1|33796.00|0.00|33796.00|0.00|0.00|0.00|33796.00|0.00|33796.00|1|33796.00|1|0|0.00|0.00|0.00|56|13
FPMI|Restaurante|1|Restaurante|1|AJIACO  POLLO| |9520008|AJIACO  POLLO| |9520008|ALIMENTOS|10|ALIMENTOS|10|Para Empezar|1008|Para Empezar|1008|OT1|1|Order Type Master 1|1|34074.00|0.00|34074.00|0.00|0.00|0.00|34074.00|0.00|34074.00|1|34074.00|1|0|0.00|0.00|0.00|62|15
FPMI|Restaurante|1|Restaurante|1|HAMBURGUESA CAMPESINA 125 gr| |9508008|HAMBURGUESA CAMPESINA 125 gr| |9508008|ALIMENTOS|10|ALIMENTOS|10|Para Empezar|1008|Para Empezar|1008|OT1|1|Order Type Master 1|1|54999.00|0.00|54999.00|0.00|0.00|0.00|54999.00|0.00|54999.00|1|54999.00|3|0|0.00|0.00|0.00|77|19
FPMI|Domicilios|20|Domicilios|20|EMPANADA DE QUESO| |9528030|EMPANADA DE QUESO| |9528030|ALIMENTOS|10|ALIMENTOS|10|Para Empezar|1008|Para Empezar|1008|OT2|2|Order Type Master 2|2|12222.00|-2443.00|9779.00|0.00|0.00|0.00|12222.00|-2443.00|9779.00|73|12222.00|2|0|0.00|0.00|0.00|80|19
FPMI|Plataformas|21|Plataformas|21|CUBIERTOS Y SERVILLETAS| |980000100|CUBIERTOS Y SERVILLETAS| |980000100|ALIMENTOS|10|ALIMENTOS|10|Para Empezar|1008|Para Empezar|1008|OT7|7|Order Type Master 7|7|0.00|0.00|0.00|0.00|0.00|0.00|0.00|0.00|0.00|153|0.00|1|0|0.00|0.00|0.00|53|13
FPMI|Plataformas|21|Plataformas|21|HAMBURGUESA CAMPESINA 125 gr| |9508008|HAMBURGUESA CAMPESINA 125 gr| |9508008|ALIMENTOS|10|ALIMENTOS|10|Para Empezar|1008|Para Empezar|1008|OT7|7|Order Type Master 7|7|38334.00|0.00|38334.00|0.00|0.00|0.00|38334.00|0.00|38334.00|153|38334.00|2|0|0.00|0.00|0.00|48|11
FPMI|Plataformas|21|Plataformas|21|AREPA DE CHOCOLO| |9506036|AREPA DE CHOCOLO| |9506036|ALIMENTOS|10|ALIMENTOS|10|Para Empezar|1008|Para Empezar|1008|OT7|7|Order Type Master 7|7|21111.00|0.00|21111.00|0.00|0.00|0.00|21111.00|0.00|21111.00|153|21111.00|1|0|0.00|0.00|0.00|74|18
FPMI|Restaurante|1|Restaurante|1|JUGO DE MANGO EN AGUA| |9604156|JUGO DE MANGO EN AGUA| |9604156|BEBIDAS|20|BEBIDAS|20|Bebidas Sin Alcohol|3000|Bebidas Sin Alcohol|3000|OT1|1|Order Type Master 1|1|10093.00|0.00|10093.00|0.00|0.00|0.00|10093.00|0.00|10093.00|1|10093.00|1|0|0.00|0.00|0.00|54|13
FPMI|Restaurante|1|Restaurante|1|CAFE AMERICANO NESPRESSO| |9262158|CAFE AMERICANO NESPRESSO| |9262158|BEBIDAS|20|BEBIDAS|20|Bebidas Sin Alcohol|3000|Bebidas Sin Alcohol|3000|OT1|1|Order Type Master 1|1|6759.00|0.00|6759.00|0.00|0.00|0.00|6759.00|0.00|6759.00|1|6759.00|1|0|0.00|0.00|0.00|61|15
FPMI|Restaurante|1|Restaurante|1|MAYONESA| |9500485|MAYONESA| |9500485|ALIMENTOS|10|ALIMENTOS|10|Para Empezar|1008|Para Empezar|1008|OT1|1|Order Type Master 1|1|0.00|0.00|0.00|0.00|0.00|0.00|0.00|0.00|0.00|1|0.00|1|0|0.00|0.00|0.00|65|16
FPMI|Restaurante|1|Restaurante|1|Mod CocaCola Zero 400ml| |980000103|Mod CocaCola Zero 400ml| |980000103|ALIMENTOS|10|ALIMENTOS|10|Para Empezar|1008|Para Empezar|1008|OT1|1|Order Type Master 1|1|0.00|0.00|0.00|0.00|0.00|0.00|0.00|0.00|0.00|1|0.00|2|0|0.00|0.00|0.00|63|15
FPMI|Restaurante|1|Restaurante|1|COMO ENTRADA| |90000038|COMO ENTRADA| |90000038|ALIMENTOS|10|ALIMENTOS|10|Para Empezar|1008|Para Empezar|1008|OT1|1|Order Type Master 1|1|0.00|0.00|0.00|0.00|0.00|0.00|0.00|0.00|0.00|41|0.00|1|0|0.00|0.00|0.00|56|13
FPMI|Restaurante|1|Restaurante|1|CALDO DE COSTILLA| |9522004|CALDO DE COSTILLA| |9522004|ALIMENTOS|10|ALIMENTOS|10|Para Empezar|1008|Para Empezar|1008|OT1|1|Order Type Master 1|1|0.00|-3106.00|-3106.00|0.00|0.00|0.00|0.00|-3106.00|-3106.00|1|0.00|0|0|0.00|0.00|0.00|58|14
FPMI|Restaurante|1|Restaurante|1|CALDO DE COSTILLA| |9522004|CALDO DE COSTILLA| |9522004|ALIMENTOS|10|ALIMENTOS|10|Para Empezar|1008|Para Empezar|1008|OT1|1|Order Type Master 1|1|15556.00|0.00|15556.00|0.00|0.00|0.00|15556.00|0.00|15556.00|1|15556.00|1|0|0.00|0.00|0.00|56|13
FPMI|Restaurante|1|Restaurante|1|CHOCOLATE| |9602076|CHOCOLATE| |9602076|ALIMENTOS|10|ALIMENTOS|10|Para Empezar|1008|Para Empezar|1008|OT1|1|Order Type Master 1|1|14630.00|0.00|14630.00|0.00|0.00|0.00|14630.00|0.00|14630.00|1|14630.00|2|0|0.00|0.00|0.00|37|9
FPMI|Restaurante|1|Restaurante|1|MJE ALM| |90000037|MJE ALM| |90000037|ALIMENTOS|10|ALIMENTOS|10|Para Empezar|1008|Para Empezar|1008|OT1|1|Order Type Master 1|1|0.00|0.00|0.00|0.00|0.00|0.00|0.00|0.00|0.00|1|0.00|1|0|0.00|0.00|0.00|53|13
FPMI|Restaurante|1|Restaurante|1|CHOCOLATE| |9602076|CHOCOLATE| |9602076|ALIMENTOS|10|ALIMENTOS|10|Para Empezar|1008|Para Empezar|1008|OT1|1|Order Type Master 1|1|7315.00|0.00|7315.00|0.00|0.00|0.00|7315.00|0.00|7315.00|1|7315.00|1|0|0.00|0.00|0.00|44|10
FPMI|Restaurante|1|Restaurante|1|CHICHARRON 90 gr| |9528024|CHICHARRON 90 gr| |9528024|ALIMENTOS|10|ALIMENTOS|10|Para Empezar|1008|Para Empezar|1008|OT1|1|Order Type Master 1|1|26667.00|0.00|26667.00|0.00|0.00|0.00|26667.00|0.00|26667.00|1|26667.00|1|0|0.00|0.00|0.00|56|13
FPMI|Domicilios|20|Domicilios|20|CHICHARRON 90 gr| |9528024|CHICHARRON 90 gr| |9528024|ALIMENTOS|10|ALIMENTOS|10|Para Empezar|1008|Para Empezar|1008|OT2|2|Order Type Master 2|2|26667.00|-5309.00|21358.00|0.00|0.00|0.00|26667.00|-5309.00|21358.00|73|26667.00|1|0|0.00|0.00|0.00|74|18
FPMI|Domicilios|20|Domicilios|20|AREPA DE MAIZ CON CARNE DESMECHADA| |9524076|AREPA DE MAIZ CON CARNE DESMECHADA| |9524076|ALIMENTOS|10|ALIMENTOS|10|Para Empezar|1008|Para Empezar|1008|OT2|2|Order Type Master 2|2|40370.00|0.00|40370.00|0.00|0.00|0.00|40370.00|0.00|40370.00|73|40370.00|2|0|0.00|0.00|0.00|77|19
FPMI|Domicilios|20|Domicilios|20|AJIACO  POLLO| |9520008|AJIACO  POLLO| |9520008|ALIMENTOS|10|ALIMENTOS|10|Para Empezar|1008|Para Empezar|1008|OT2|2|Order Type Master 2|2|0.00|-6824.00|-6824.00|0.00|0.00|0.00|0.00|-6824.00|-6824.00|73|0.00|0|0|0.00|0.00|0.00|61|15
FPMI|Plataformas|21|Plataformas|21|PINCHO DE LOMO X 100 GRS| |9502526|PINCHO DE LOMO X 100 GRS| |9502526|ALIMENTOS|10|ALIMENTOS|10|Para Empezar|1008|Para Empezar|1008|OT7|7|Order Type Master 7|7|19259.00|0.00|19259.00|0.00|0.00|0.00|19259.00|0.00|19259.00|153|19259.00|1|0|0.00|0.00|0.00|48|11
FPMI|Plataformas|21|Plataformas|21|MJE ALM| |90000037|MJE ALM| |90000037|ALIMENTOS|10|ALIMENTOS|10|Para Empezar|1008|Para Empezar|1008|OT7|7|Order Type Master 7|7|0.00|0.00|0.00|0.00|0.00|0.00|0.00|0.00|0.00|1|0.00|1|0|0.00|0.00|0.00|48|11
FPMI|Plataformas|21|Plataformas|21|CHICHARRON 90 gr| |9528024|CHICHARRON 90 gr| |9528024|ALIMENTOS|10|ALIMENTOS|10|Para Empezar|1008|Para Empezar|1008|OT7|7|Order Type Master 7|7|27963.00|0.00|27963.00|0.00|0.00|0.00|27963.00|0.00|27963.00|153|27963.00|1|0|0.00|0.00|0.00|50|12
FPMI|Plataformas|21|Plataformas|21|GUACAMOLE| |9500192|GUACAMOLE| |9500192|ALIMENTOS|10|ALIMENTOS|10|Para Empezar|1008|Para Empezar|1008|OT7|7|Order Type Master 7|7|5741.00|0.00|5741.00|0.00|0.00|0.00|5741.00|0.00|5741.00|153|5741.00|1|0|0.00|0.00|0.00|50|12
FPMI|Plataformas|21|Plataformas|21|Mod CocaCola Original 400ml| |980000102|Mod CocaCola Original 400ml| |980000102|ALIMENTOS|10|ALIMENTOS|10|Para Empezar|1008|Para Empezar|1008|OT7|7|Order Type Master 7|7|0.00|0.00|0.00|0.00|0.00|0.00|0.00|0.00|0.00|1|0.00|1|0|0.00|0.00|0.00|50|12
FPMI|Plataformas|21|Plataformas|21|ENTRECOT 180 gr  CRIOLLA| |9502506|ENTRECOT 180 gr  CRIOLLA| |9502506|ALIMENTOS|10|ALIMENTOS|10|Para Empezar|1008|Para Empezar|1008|OT7|7|Order Type Master 7|7|38611.00|0.00|38611.00|0.00|0.00|0.00|38611.00|0.00|38611.00|153|38611.00|1|0|0.00|0.00|0.00|74|18
FPMI|Restaurante|1|Restaurante|1|CERVEZA CLUB COLOMBIA| |9608004|CERVEZA CLUB COLOMBIA| |9608004|BEBIDAS|20|BEBIDAS|20|Bebidas Sin Alcohol|3000|Bebidas Sin Alcohol|3000|OT1|1|Order Type Master 1|1|11296.00|0.00|11296.00|0.00|0.00|0.00|11296.00|0.00|11296.00|1|11296.00|1|0|0.00|0.00|0.00|46|11
FPMI|Restaurante|1|Restaurante|1|GASEOSA 400 ml| |9606131|GASEOSA 400 ml| |9606131|BEBIDAS|20|BEBIDAS|20|Bebidas Sin Alcohol|3000|Bebidas Sin Alcohol|3000|OT1|1|Order Type Master 1|1|7593.00|0.00|7593.00|0.00|0.00|0.00|7593.00|0.00|7593.00|1|7593.00|1|0|0.00|0.00|0.00|54|13
FPMI|Restaurante|1|Restaurante|1|LIMONADA NATURAL| |9604060|LIMONADA NATURAL| |9604060|BEBIDAS|20|BEBIDAS|20|Bebidas Sin Alcohol|3000|Bebidas Sin Alcohol|3000|OT1|1|Order Type Master 1|1|8519.00|0.00|8519.00|0.00|0.00|0.00|8519.00|0.00|8519.00|1|8519.00|1|0|0.00|0.00|0.00|56|13
FPMI|Restaurante|1|Restaurante|1|CAFE AMERICANO NESPRESSO| |9262158|CAFE AMERICANO NESPRESSO| |9262158|BEBIDAS|20|BEBIDAS|20|Bebidas Sin Alcohol|3000|Bebidas Sin Alcohol|3000|OT1|1|Order Type Master 1|1|6759.00|0.00|6759.00|0.00|0.00|0.00|6759.00|0.00|6759.00|153|6759.00|1|0|0.00|0.00|0.00|78|19
FPMI|Domicilios|20|Domicilios|20|LULADA CON LECHE CONDENSADA| |9604393|LULADA CON LECHE CONDENSADA| |9604393|BEBIDAS|20|BEBIDAS|20|Bebidas Sin Alcohol|3000|Bebidas Sin Alcohol|3000|OT2|2|Order Type Master 2|2|14722.00|-2900.00|11822.00|0.00|0.00|0.00|14722.00|-2900.00|11822.00|73|14722.00|1|0|0.00|0.00|0.00|52|12
FPMI|Domicilios|20|Domicilios|20|GASEOSA 400 ml| |9606131|GASEOSA 400 ml| |9606131|BEBIDAS|20|BEBIDAS|20|Bebidas Sin Alcohol|3000|Bebidas Sin Alcohol|3000|OT2|2|Order Type Master 2|2|7593.00|-1509.00|6084.00|0.00|0.00|0.00|7593.00|-1509.00|6084.00|73|7593.00|1|0|0.00|0.00|0.00|68|16
FPMI|Domicilios|20|Domicilios|20|JUGO DE MANDARINA| |9604044|JUGO DE MANDARINA| |9604044|BEBIDAS|20|BEBIDAS|20|Bebidas Sin Alcohol|3000|Bebidas Sin Alcohol|3000|OT2|2|Order Type Master 2|2|14074.00|0.00|14074.00|0.00|0.00|0.00|14074.00|0.00|14074.00|73|14074.00|1|0|0.00|0.00|0.00|55|13
FPMI|Restaurante|1|Restaurante|1|MJE ALM| |90000037|MJE ALM| |90000037|ALIMENTOS|10|ALIMENTOS|10|Para Empezar|1008|Para Empezar|1008|OT1|1|Order Type Master 1|1|0.00|0.00|0.00|0.00|0.00|0.00|0.00|0.00|0.00|1|0.00|2|0|0.00|0.00|0.00|63|15
FPMI|Restaurante|1|Restaurante|1|Mensaje Bebidas 2024| |980000095|Mensaje Bebidas 2024| |980000095|ALIMENTOS|10|ALIMENTOS|10|Para Empezar|1008|Para Empezar|1008|OT1|1|Order Type Master 1|1|0.00|0.00|0.00|0.00|0.00|0.00|0.00|0.00|0.00|1|0.00|1|0|0.00|0.00|0.00|63|15
FPMI|Restaurante|1|Restaurante|1|COMO ENTRADA| |90000038|COMO ENTRADA| |90000038|ALIMENTOS|10|ALIMENTOS|10|Para Empezar|1008|Para Empezar|1008|OT1|1|Order Type Master 1|1|0.00|0.00|0.00|0.00|0.00|0.00|0.00|0.00|0.00|1|0.00|1|0|0.00|0.00|0.00|54|13
FPMI|Restaurante|1|Restaurante|1|AJI CASERO| |9500480|AJI CASERO| |9500480|ALIMENTOS|10|ALIMENTOS|10|Para Empezar|1008|Para Empezar|1008|OT1|1|Order Type Master 1|1|0.00|0.00|0.00|0.00|0.00|0.00|0.00|0.00|0.00|1|0.00|1|0|0.00|0.00|0.00|58|14
FPMI|Restaurante|1|Restaurante|1|PATACON SOLO SOLITO| |9524048|PATACON SOLO SOLITO| |9524048|ALIMENTOS|10|ALIMENTOS|10|Para Empezar|1008|Para Empezar|1008|OT1|1|Order Type Master 1|1|0.00|-1460.00|-1460.00|0.00|0.00|0.00|0.00|-1460.00|-1460.00|1|0.00|0|0|0.00|0.00|0.00|58|14
FPMI|Restaurante|1|Restaurante|1|CHOCOLATE| |9602076|CHOCOLATE| |9602076|ALIMENTOS|10|ALIMENTOS|10|Para Empezar|1008|Para Empezar|1008|OT1|1|Order Type Master 1|1|14630.00|0.00|14630.00|0.00|0.00|0.00|14630.00|0.00|14630.00|1|14630.00|2|0|0.00|0.00|0.00|42|10
FPMI|Restaurante|1|Restaurante|1|TRUCHA A LA PLANCHA 350 gr ENSALADA| |9504163|TRUCHA A LA PLANCHA 350 gr ENSALADA| |9504163|ALIMENTOS|10|ALIMENTOS|10|Para Empezar|1008|Para Empezar|1008|OT1|1|Order Type Master 1|1|35741.00|0.00|35741.00|0.00|0.00|0.00|35741.00|0.00|35741.00|1|35741.00|1|0|0.00|0.00|0.00|56|13
FPMI|Restaurante|1|Restaurante|1|HOGAO| |9500200|HOGAO| |9500200|ALIMENTOS|10|ALIMENTOS|10|Para Empezar|1008|Para Empezar|1008|OT1|1|Order Type Master 1|1|0.00|0.00|0.00|0.00|0.00|0.00|0.00|0.00|0.00|1|0.00|1|0|0.00|0.00|0.00|54|13
FPMI|Restaurante|1|Restaurante|1|CONSOME DE RES| |9522020|CONSOME DE RES| |9522020|ALIMENTOS|10|ALIMENTOS|10|Para Empezar|1008|Para Empezar|1008|OT1|1|Order Type Master 1|1|0.00|-5153.00|-5153.00|0.00|0.00|0.00|0.00|-5153.00|-5153.00|1|0.00|0|0|0.00|0.00|0.00|43|10
FPMI|Restaurante|1|Restaurante|1|PECHUGA A LA PARRILLA 230 gr ENSALADA | |9506091|PECHUGA A LA PARRILLA 230 gr ENSALADA | |9506091|ALIMENTOS|10|ALIMENTOS|10|Para Empezar|1008|Para Empezar|1008|OT1|1|Order Type Master 1|1|49630.00|0.00|49630.00|0.00|0.00|0.00|49630.00|0.00|49630.00|1|49630.00|2|0|0.00|0.00|0.00|57|14
FPMI|Domicilios|20|Domicilios|20|CARNE MOLIDA| |9500108|CARNE MOLIDA| |9500108|ALIMENTOS|10|ALIMENTOS|10|Para Empezar|1008|Para Empezar|1008|OT2|2|Order Type Master 2|2|0.00|-3200.00|-3200.00|0.00|0.00|0.00|0.00|-3200.00|-3200.00|73|0.00|0|0|0.00|0.00|0.00|68|16
FPMI|Domicilios|20|Domicilios|20|CALDO DE COSTILLA| |9522004|CALDO DE COSTILLA| |9522004|ALIMENTOS|10|ALIMENTOS|10|Para Empezar|1008|Para Empezar|1008|OT2|2|Order Type Master 2|2|15556.00|0.00|15556.00|0.00|0.00|0.00|15556.00|0.00|15556.00|73|15556.00|1|0|0.00|0.00|0.00|56|13
FPMI|Domicilios|20|Domicilios|20|AJIACO  POLLO| |9520008|AJIACO  POLLO| |9520008|ALIMENTOS|10|ALIMENTOS|10|Para Empezar|1008|Para Empezar|1008|OT2|2|Order Type Master 2|2|34074.00|0.00|34074.00|0.00|0.00|0.00|34074.00|0.00|34074.00|73|34074.00|1|0|0.00|0.00|0.00|56|13
FPMI|Domicilios|20|Domicilios|20|CALDO DE COSTILLA| |9522004|CALDO DE COSTILLA| |9522004|ALIMENTOS|10|ALIMENTOS|10|Para Empezar|1008|Para Empezar|1008|OT2|2|Order Type Master 2|2|0.00|-3116.00|-3116.00|0.00|0.00|0.00|0.00|-3116.00|-3116.00|73|0.00|0|0|0.00|0.00|0.00|61|15
FPMI|Plataformas|21|Plataformas|21|BANDEJA PAISA| |9520036|BANDEJA PAISA| |9520036|ALIMENTOS|10|ALIMENTOS|10|Para Empezar|1008|Para Empezar|1008|OT7|7|Order Type Master 7|7|44537.00|0.00|44537.00|0.00|0.00|0.00|44537.00|0.00|44537.00|153|44537.00|1|0|0.00|0.00|0.00|49|12
FPMI|Plataformas|21|Plataformas|21|AJIACO NINOS| |9542004|AJIACO NINOS| |9542004|ALIMENTOS|10|ALIMENTOS|10|Para Empezar|1008|Para Empezar|1008|OT7|7|Order Type Master 7|7|20278.00|0.00|20278.00|0.00|0.00|0.00|20278.00|0.00|20278.00|153|20278.00|1|0|0.00|0.00|0.00|48|11
