FPID|Expr|Expres Cafam|20241226|20241226|20241227|122931|2.00|2.00|Simphony|19.7.2
FPSUM|Restaurante|1|Restaurante|1|232501.00|23249.00|-8277|2|0.00|0|18599.00|1|0|0|0|0|0.00|0.00|0.00|0|0|0|0.00|0|0.00|0|0.00|0|274349.00|1|0.00|0|0.00|0|0.00|0|0.00|-104.00|13|54|232501.00|0.00|0.00|0.00|232501.00|71419.83|71419.83|0.00|0.33|0.00|214259.71|71419.83|71419.83
FPSUM|Restaurante|1|Restaurante|1|0.00|0.00|0|0|0.00|0|0.00|0|0|0|0|0|0.00|0.00|0.00|0|0|0|0.00|0|0.00|0|0.00|0|0.00|0|0.00|0|0.00|0|0.00|0|0.00|0.00|12|50|0.00|0.00|0.00|0.00|0.00|8456.67|8456.67|0.00|0.17|0.00|50739.90|8456.67|8456.67
FPSUM|Restaurante|1|Restaurante|1|0.00|0.00|0|0|0.00|0|0.00|0|0|0|0|0|0.00|0.00|0.00|0|0|0|0.00|0|0.00|0|0.00|0|0.00|0|73204.00|1|0.00|0|0.00|0|0.00|0.00|16|66|0.00|0.00|0.00|0.00|0.00|0.00|0.00|0.00|0.00|0.00|0.00|0.00|0.00
FPSUM|Plataformas|21|Plataformas|21|-2037.00|0.00|-71852|3|0.00|0|-163.00|0|0|0|0|0|0.00|0.00|0.00|0|0|0|438600.00|14|0.00|0|0.00|0|-2200.00|0|129800.00|1|0.00|0|0.00|0|0.00|-163.00|19|79|-2037.00|0.00|0.00|0.00|-2037.00|0.00|0.00|0.00|0.00|0.00|0.00|0.00|0.00
FPSUM|Restaurante|1|Restaurante|1|97779.00|9778.00|0|0|0.00|0|7821.00|1|0|0|0|0|0.00|0.00|0.00|0|0|0|0.00|0|0.00|0|0.00|0|115378.00|1|0.00|0|0.00|0|0.00|0|0.00|0.00|14|59|97779.00|0.00|0.00|0.00|97779.00|70602.00|70602.00|0.00|0.67|0.00|105902.95|70602.00|70602.00
FPSUM|Restaurante|1|Restaurante|1|73611.00|7361.00|0|0|0.00|0|5889.00|1|0|0|0|0|0.00|0.00|0.00|0|0|0|0.00|0|0.00|0|0.00|0|86861.00|1|0.00|0|0.00|0|0.00|0|0.00|0.00|18|75|73611.00|0.00|0.00|0.00|73611.00|16574.00|15324.00|-1250.00|0.33|0.00|45972.05|16574.00|15324.00
FPSUM|Restaurante|1|Restaurante|1|94352.00|9435.00|0|0|0.00|0|7548.00|1|0|0|0|0|0.00|0.00|0.00|0|0|0|0.00|0|0.00|0|0.00|0|111335.00|1|65228.00|1|0.00|0|0.00|0|0.00|0.00|19|77|94352.00|0.00|0.00|0.00|94352.00|53981.67|53981.67|0.00|0.50|0.00|107963.33|53981.67|53981.67
FPSUM|Restaurante|1|Restaurante|1|9074.00|907.00|0|0|0.00|0|726.00|0|0|0|0|0|0.00|0.00|0.00|0|0|0|0.00|0|0.00|0|0.00|0|10707.00|0|0.00|0|0.00|0|0.00|0|0.00|0.00|18|76|9074.00|0.00|0.00|0.00|9074.00|14321.17|14321.17|0.00|0.17|0.00|85926.83|14321.17|14321.17
FPSUM|Restaurante|1|Restaurante|1|6389.00|639.00|0|0|0.00|0|511.00|0|0|0|0|0|0.00|0.00|0.00|0|0|0|0.00|0|0.00|0|0.00|0|7539.00|0|160829.00|2|0.00|0|0.00|0|0.00|0.00|19|79|6389.00|0.00|0.00|0.00|6389.00|7654.50|7654.50|0.00|0.00|0.00|0.00|7654.50|7654.50
FPSUM|Restaurante|1|Restaurante|1|47223.00|4722.00|0|0|0.00|0|3777.00|1|0|0|0|0|0.00|0.00|0.00|0|0|0|0.00|0|0.00|0|0.00|0|55722.00|1|0.00|0|0.00|0|0.00|0|0.00|0.00|18|73|47223.00|0.00|0.00|0.00|47223.00|11296.33|10446.33|-850.00|0.17|0.00|62677.87|11296.33|10446.33
FPSUM|Restaurante|1|Restaurante|1|111852.00|11185.00|0|0|0.00|0|8948.00|2|0|0|0|0|0.00|0.00|0.00|0|0|0|8400.00|1|0.00|0|0.00|0|131985.00|2|295000.00|3|0.00|0|0.00|0|0.00|0.00|12|52|111852.00|0.00|0.00|0.00|111852.00|20092.67|20092.67|0.00|0.33|0.00|60278.06|20092.67|20092.67
FPSUM|Restaurante|1|Restaurante|1|26260.00|3426.00|0|0|0.00|0|2740.00|1|0|0|0|0|0.00|0.00|0.00|0|0|0|0.00|0|0.00|0|0.00|0|32426.00|1|341847.00|2|0.00|0|0.00|0|0.00|0.00|14|57|34260.00|-8000.00|0.00|0.00|26260.00|47654.50|47654.50|0.00|0.50|0.00|95309.00|47654.50|47654.50
FPSUM|Restaurante|1|Restaurante|1|0.00|0.00|0|0|0.00|0|0.00|0|0|0|0|0|0.00|0.00|0.00|0|0|0|0.00|0|0.00|0|0.00|0|0.00|0|111335.00|1|0.00|0|0.00|0|0.00|0.00|20|81|0.00|0.00|0.00|0.00|0.00|5771.50|5771.50|0.00|0.00|0.00|0.00|5771.50|5771.50
FPSUM|Restaurante|1|Restaurante|1|0.00|-3426.00|0|0|0.00|0|0.00|0|0|0|0|0|0.00|0.00|0.00|0|0|0|0.00|0|0.00|0|0.00|0|-3428.00|0|407713.00|3|0.00|0|0.00|0|0.00|-3426.00|14|58|0.00|0.00|0.00|0.00|0.00|38071.33|35488.00|-2583.33|0.33|0.00|106464.11|38071.33|35488.00
FPSUM|Restaurante|1|Restaurante|1|314168.00|31415.00|0|0|0.00|0|25132.00|2|0|0|0|0|0.00|0.00|0.00|0|0|0|0.00|0|0.00|0|0.00|0|370715.00|2|117126.00|1|0.00|0|0.00|0|0.00|0.00|13|56|314168.00|0.00|0.00|0.00|314168.00|16111.17|14277.83|-1833.33|0.17|0.00|85666.83|16111.17|14277.83
FPSUM|Restaurante|1|Restaurante|1|0.00|0.00|0|0|0.00|0|0.00|0|0|0|0|0|0.00|0.00|0.00|0|0|0|0.00|0|0.00|0|0.00|0|2.00|0|115380.00|1|0.00|0|0.00|0|0.00|0.00|15|61|0.00|0.00|0.00|0.00|0.00|1327.17|1327.17|0.00|0.00|0.00|0.00|1327.17|1327.17
FPSUM|Restaurante|1|Restaurante|1|55279.00|5528.00|0|0|0.00|0|4421.00|1|0|0|0|0|0.00|0.00|0.00|0|0|0|0.00|0|0.00|0|0.00|0|65228.00|1|0.00|0|0.00|0|0.00|0|0.00|0.00|17|70|55279.00|0.00|0.00|0.00|55279.00|8518.50|8518.50|0.00|0.17|0.00|51110.90|8518.50|8518.50
FPSUM|Restaurante|1|Restaurante|1|0.00|-2926.00|0|0|0.00|0|0.00|0|0|0|0|0|0.00|0.00|0.00|0|0|0|0.00|0|0.00|0|0.00|0|-2926.00|0|31600.00|1|0.00|0|0.00|0|0.00|-2926.00|13|55|0.00|0.00|0.00|0.00|0.00|7577.17|7577.17|0.00|0.17|0.00|45462.91|7577.17|7577.17
FPSUM|Restaurante|1|Restaurante|1|62037.00|6204.00|0|0|0.00|0|4963.00|1|0|0|0|0|0.00|0.00|0.00|0|0|0|0.00|0|0.00|0|0.00|0|73204.00|1|0.00|0|0.00|0|0.00|0|0.00|0.00|15|64|62037.00|0.00|0.00|0.00|62037.00|19737.83|19737.83|0.00|0.17|0.00|118426.76|19737.83|19737.83
FPSUM|Restaurante|1|Restaurante|1|192501.00|17509.00|0|0|0.00|0|15399.00|3|0|0|0|0|0.00|0.00|0.00|0|0|0|0.00|0|0.00|0|0.00|0|225409.00|3|18800.00|1|0.00|0|0.00|0|0.00|-1741.00|13|53|192501.00|0.00|0.00|0.00|192501.00|61389.33|61172.67|-216.67|0.33|0.00|183518.18|61389.33|61172.67
FPSUM|Plataformas|21|Plataformas|21|122222.00|0.00|0|0|0.00|0|9778.00|1|0|0|0|0|0.00|0.00|0.00|0|0|0|92700.00|3|0.00|0|0.00|0|132000.00|1|0.00|0|0.00|0|0.00|0|0.00|0.00|13|55|122222.00|0.00|0.00|0.00|122222.00|0.00|0.00|0.00|0.00|0.00|0.00|0.00|0.00
FPSUM|Restaurante|1|Restaurante|1|-4700.00|0.00|0|0|0.00|0|0.00|0|0|0|0|0|0.00|0.00|0.00|0|0|0|0.00|0|0.00|0|0.00|0|-4700.00|0|106744.00|1|0.00|0|0.00|0|0.00|0.00|14|60|0.00|-4700.00|0.00|0.00|-4700.00|9521.67|9521.67|0.00|0.17|0.00|57129.89|9521.67|9521.67
FPSUM|Restaurante|1|Restaurante|1|137870.00|13787.00|0|0|0.00|0|11030.00|1|0|0|0|0|0.00|0.00|0.00|0|0|0|0.00|0|0.00|0|0.00|0|162687.00|1|0.00|0|0.00|0|0.00|0|0.00|0.00|19|78|137870.00|0.00|0.00|0.00|137870.00|53364.17|53364.17|0.00|0.50|0.00|106728.33|53364.17|53364.17
FPSUM|Restaurante|1|Restaurante|1|0.00|0.00|0|0|0.00|0|0.00|0|0|0|0|0|0.00|0.00|0.00|0|0|0|0.00|0|0.00|0|0.00|0|0.00|0|162687.00|1|0.00|0|0.00|0|0.00|0.00|19|80|0.00|0.00|0.00|0.00|0.00|2021.67|1105.00|-916.67|0.00|0.00|0.00|2021.67|1105.00
FPSUM|Restaurante|1|Restaurante|1|50093.00|5009.00|0|0|0.00|0|4007.00|1|0|0|0|0|0.00|0.00|0.00|0|0|0|0.00|0|0.00|0|0.00|0|59109.00|1|0.00|0|0.00|0|0.00|0|0.00|0.00|12|51|50093.00|0.00|0.00|0.00|50093.00|12021.83|12021.83|0.00|0.50|0.00|24043.67|12021.83|12021.83
FPSUM|Domicilios|20|Domicilios|20|3426.00|0.00|0|0|0.00|0|274.00|1|0|0|0|0|0.00|0.00|0.00|0|0|0|0.00|0|0.00|0|0.00|0|3700.00|1|3700.00|1|0.00|0|0.00|0|0.00|0.00|17|71|3426.00|0.00|0.00|0.00|3426.00|8194.50|8194.50|0.00|0.17|0.00|49166.90|8194.50|8194.50
FPSUM|Plataformas|21|Plataformas|21|57130.00|0.00|0|0|0.00|0|4570.00|1|0|0|0|0|0.00|0.00|0.00|0|0|0|0.00|0|0.00|0|0.00|0|61700.00|1|61700.00|1|0.00|0|0.00|0|0.00|0.00|14|57|57130.00|0.00|0.00|0.00|57130.00|0.00|0.00|0.00|0.00|0.00|0.00|0.00|0.00
FPSUM|Plataformas|21|Plataformas|21|174629.00|0.00|0|0|0.00|0|13971.00|1|0|0|0|0|0.00|0.00|0.00|0|0|0|8100.00|1|0.00|0|0.00|0|188600.00|1|188600.00|1|0.00|0|0.00|0|0.00|0.00|12|51|174629.00|0.00|0.00|0.00|174629.00|0.00|0.00|0.00|0.00|0.00|0.00|0.00|0.00
FPSUM|Domicilios|20|Domicilios|20|23888.00|0.00|0|0|0.00|0|1912.00|1|0|0|0|0|0.00|0.00|0.00|0|0|0|0.00|0|0.00|0|0.00|0|25800.00|1|25800.00|1|0.00|0|0.00|0|0.00|0.00|16|67|23888.00|0.00|0.00|0.00|23888.00|0.00|0.00|0.00|0.00|0.00|0.00|0.00|0.00
FPSUM|Plataformas|21|Plataformas|21|63704.00|0.00|0|0|0.00|0|5096.00|1|0|0|0|0|0.00|0.00|0.00|0|0|0|6800.00|2|0.00|0|0.00|0|68800.00|1|68800.00|1|0.00|0|0.00|0|0.00|0.00|12|52|63704.00|0.00|0.00|0.00|63704.00|0.00|0.00|0.00|0.00|0.00|0.00|0.00|0.00
FPSUM|Restaurante|1|Restaurante|1|199909.00|19991.00|0|0|0.00|0|15991.00|2|0|0|0|0|0.00|0.00|0.00|0|0|0|0.00|0|0.00|0|0.00|0|235891.00|2|0.00|0|0.00|0|0.00|0|0.00|0.00|12|49|199909.00|0.00|0.00|0.00|199909.00|0.00|0.00|0.00|0.00|0.00|0.00|0.00|0.00
FPSUM|Domicilios|20|Domicilios|20|13890.00|0.00|0|0|0.00|0|1110.00|1|0|0|0|0|0.00|0.00|0.00|0|0|0|0.00|0|0.00|0|0.00|0|15000.00|1|15000.00|1|0.00|0|0.00|0|0.00|0.00|20|81|13890.00|0.00|0.00|0.00|13890.00|0.00|0.00|0.00|0.00|0.00|0.00|0.00|0.00
FPOT|Restaurante|1|Restaurante|1|OT1|1|Order Type Master 1|1|62037.00|6204.00|0.00|0|0.00|0|4963.00|1|0|0|0|0|0.00|0.00|0.00|0|0|0|0.00|0|0.00|0|0.00|0|73204.00|1|0.00|0|0.00|0|0.00|0|0.00|0.00|15|64|62037.00|0.00|0.00|0.00|62037.00|19737.83|19737.83|0.00|0.17|0.00|118426.76|19737.83|19737.83
FPOT|Restaurante|1|Restaurante|1|OT1|1|Order Type Master 1|1|0.00|0.00|0.00|0|0.00|0|0.00|0|0|0|0|0|0.00|0.00|0.00|0|0|0|0.00|0|0.00|0|0.00|0|0.00|0|111335.00|1|0.00|0|0.00|0|0.00|0.00|20|81|0.00|0.00|0.00|0.00|0.00|5771.50|5771.50|0.00|0.00|0.00|0.00|5771.50|5771.50
FPOT|Domicilios|20|Domicilios|20|OT2|2|Order Type Master 2|2|23888.00|0.00|0.00|0|0.00|0|1912.00|1|0|0|0|0|0.00|0.00|0.00|0|0|0|0.00|0|0.00|0|0.00|0|25800.00|1|25800.00|1|0.00|0|0.00|0|0.00|0.00|16|67|23888.00|0.00|0.00|0.00|23888.00|0.00|0.00|0.00|0.00|0.00|0.00|0.00|0.00
FPOT|Restaurante|1|Restaurante|1|OT1|1|Order Type Master 1|1|26260.00|3426.00|0.00|0|0.00|0|2740.00|1|0|0|0|0|0.00|0.00|0.00|0|0|0|0.00|0|0.00|0|0.00|0|32426.00|1|341847.00|2|0.00|0|0.00|0|0.00|0.00|14|57|34260.00|-8000.00|0.00|0.00|26260.00|47654.50|47654.50|0.00|0.50|0.00|95309.00|47654.50|47654.50
FPOT|Restaurante|1|Restaurante|1|OT1|1|Order Type Master 1|1|47223.00|4722.00|0.00|0|0.00|0|3777.00|1|0|0|0|0|0.00|0.00|0.00|0|0|0|0.00|0|0.00|0|0.00|0|55722.00|1|0.00|0|0.00|0|0.00|0|0.00|0.00|18|73|47223.00|0.00|0.00|0.00|47223.00|11296.33|10446.33|-850.00|0.17|0.00|62677.87|11296.33|10446.33
FPOT|Restaurante|1|Restaurante|1|OT1|1|Order Type Master 1|1|55279.00|5528.00|0.00|0|0.00|0|4421.00|1|0|0|0|0|0.00|0.00|0.00|0|0|0|0.00|0|0.00|0|0.00|0|65228.00|1|0.00|0|0.00|0|0.00|0|0.00|0.00|17|70|55279.00|0.00|0.00|0.00|55279.00|8518.50|8518.50|0.00|0.17|0.00|51110.90|8518.50|8518.50
FPOT|Restaurante|1|Restaurante|1|OT1|1|Order Type Master 1|1|0.00|0.00|0.00|0|0.00|0|0.00|0|0|0|0|0|0.00|0.00|0.00|0|0|0|0.00|0|0.00|0|0.00|0|0.00|0|73204.00|1|0.00|0|0.00|0|0.00|0.00|16|66|0.00|0.00|0.00|0.00|0.00|0.00|0.00|0.00|0.00|0.00|0.00|0.00|0.00
FPOT|Restaurante|1|Restaurante|1|OT1|1|Order Type Master 1|1|0.00|-3426.00|0.00|0|0.00|0|0.00|0|0|0|0|0|0.00|0.00|0.00|0|0|0|0.00|0|0.00|0|0.00|0|-3428.00|0|407713.00|3|0.00|0|0.00|0|0.00|-3426.00|14|58|0.00|0.00|0.00|0.00|0.00|38071.33|35488.00|-2583.33|0.33|0.00|106464.11|38071.33|35488.00
FPOT|Restaurante|1|Restaurante|1|OT1|1|Order Type Master 1|1|137870.00|13787.00|0.00|0|0.00|0|11030.00|1|0|0|0|0|0.00|0.00|0.00|0|0|0|0.00|0|0.00|0|0.00|0|162687.00|1|0.00|0|0.00|0|0.00|0|0.00|0.00|19|78|137870.00|0.00|0.00|0.00|137870.00|53364.17|53364.17|0.00|0.50|0.00|106728.33|53364.17|53364.17
FPOT|Plataformas|21|Plataformas|21|OT7|7|Order Type Master 7|7|63704.00|0.00|0.00|0|0.00|0|5096.00|1|0|0|0|0|0.00|0.00|0.00|0|0|0|6800.00|2|0.00|0|0.00|0|68800.00|1|68800.00|1|0.00|0|0.00|0|0.00|0.00|12|52|63704.00|0.00|0.00|0.00|63704.00|0.00|0.00|0.00|0.00|0.00|0.00|0.00|0.00
FPOT|Restaurante|1|Restaurante|1|OT1|1|Order Type Master 1|1|6389.00|639.00|0.00|0|0.00|0|511.00|0|0|0|0|0|0.00|0.00|0.00|0|0|0|0.00|0|0.00|0|0.00|0|7539.00|0|160829.00|2|0.00|0|0.00|0|0.00|0.00|19|79|6389.00|0.00|0.00|0.00|6389.00|7654.50|7654.50|0.00|0.00|0.00|0.00|7654.50|7654.50
FPOT|Restaurante|1|Restaurante|1|OT1|1|Order Type Master 1|1|0.00|0.00|0.00|0|0.00|0|0.00|0|0|0|0|0|0.00|0.00|0.00|0|0|0|0.00|0|0.00|0|0.00|0|0.00|0|162687.00|1|0.00|0|0.00|0|0.00|0.00|19|80|0.00|0.00|0.00|0.00|0.00|2021.67|1105.00|-916.67|0.00|0.00|0.00|2021.67|1105.00
FPOT|Domicilios|20|Domicilios|20|OT2|2|Order Type Master 2|2|13890.00|0.00|0.00|0|0.00|0|1110.00|1|0|0|0|0|0.00|0.00|0.00|0|0|0|0.00|0|0.00|0|0.00|0|15000.00|1|15000.00|1|0.00|0|0.00|0|0.00|0.00|20|81|13890.00|0.00|0.00|0.00|13890.00|0.00|0.00|0.00|0.00|0.00|0.00|0.00|0.00
FPOT|Domicilios|20|Domicilios|20|OT2|2|Order Type Master 2|2|3426.00|0.00|0.00|0|0.00|0|274.00|1|0|0|0|0|0.00|0.00|0.00|0|0|0|0.00|0|0.00|0|0.00|0|3700.00|1|3700.00|1|0.00|0|0.00|0|0.00|0.00|17|71|3426.00|0.00|0.00|0.00|3426.00|8194.50|8194.50|0.00|0.17|0.00|49166.90|8194.50|8194.50
FPOT|Plataformas|21|Plataformas|21|OT7|7|Order Type Master 7|7|174629.00|0.00|0.00|0|0.00|0|13971.00|1|0|0|0|0|0.00|0.00|0.00|0|0|0|8100.00|1|0.00|0|0.00|0|188600.00|1|188600.00|1|0.00|0|0.00|0|0.00|0.00|12|51|174629.00|0.00|0.00|0.00|174629.00|0.00|0.00|0.00|0.00|0.00|0.00|0.00|0.00
FPOT|Restaurante|1|Restaurante|1|OT1|1|Order Type Master 1|1|0.00|0.00|0.00|0|0.00|0|0.00|0|0|0|0|0|0.00|0.00|0.00|0|0|0|0.00|0|0.00|0|0.00|0|0.00|0|0.00|0|0.00|0|0.00|0|0.00|0.00|12|50|0.00|0.00|0.00|0.00|0.00|8456.67|8456.67|0.00|0.17|0.00|50739.90|8456.67|8456.67
FPOT|Restaurante|1|Restaurante|1|OT1|1|Order Type Master 1|1|9074.00|907.00|0.00|0|0.00|0|726.00|0|0|0|0|0|0.00|0.00|0.00|0|0|0|0.00|0|0.00|0|0.00|0|10707.00|0|0.00|0|0.00|0|0.00|0|0.00|0.00|18|76|9074.00|0.00|0.00|0.00|9074.00|14321.17|14321.17|0.00|0.17|0.00|85926.83|14321.17|14321.17
FPOT|Restaurante|1|Restaurante|1|OT1|1|Order Type Master 1|1|0.00|-2926.00|0.00|0|0.00|0|0.00|0|0|0|0|0|0.00|0.00|0.00|0|0|0|0.00|0|0.00|0|0.00|0|-2926.00|0|31600.00|1|0.00|0|0.00|0|0.00|-2926.00|13|55|0.00|0.00|0.00|0.00|0.00|7577.17|7577.17|0.00|0.17|0.00|45462.91|7577.17|7577.17
FPOT|Restaurante|1|Restaurante|1|OT1|1|Order Type Master 1|1|73611.00|7361.00|0.00|0|0.00|0|5889.00|1|0|0|0|0|0.00|0.00|0.00|0|0|0|0.00|0|0.00|0|0.00|0|86861.00|1|0.00|0|0.00|0|0.00|0|0.00|0.00|18|75|73611.00|0.00|0.00|0.00|73611.00|16574.00|15324.00|-1250.00|0.33|0.00|45972.05|16574.00|15324.00
FPOT|Restaurante|1|Restaurante|1|OT1|1|Order Type Master 1|1|94352.00|9435.00|0.00|0|0.00|0|7548.00|1|0|0|0|0|0.00|0.00|0.00|0|0|0|0.00|0|0.00|0|0.00|0|111335.00|1|65228.00|1|0.00|0|0.00|0|0.00|0.00|19|77|94352.00|0.00|0.00|0.00|94352.00|53981.67|53981.67|0.00|0.50|0.00|107963.33|53981.67|53981.67
FPOT|Restaurante|1|Restaurante|1|OT1|1|Order Type Master 1|1|314168.00|31415.00|0.00|0|0.00|0|25132.00|2|0|0|0|0|0.00|0.00|0.00|0|0|0|0.00|0|0.00|0|0.00|0|370715.00|2|117126.00|1|0.00|0|0.00|0|0.00|0.00|13|56|314168.00|0.00|0.00|0.00|314168.00|16111.17|14277.83|-1833.33|0.17|0.00|85666.83|16111.17|14277.83
FPOT|Restaurante|1|Restaurante|1|OT1|1|Order Type Master 1|1|232501.00|23249.00|-8277.00|2|0.00|0|18599.00|1|0|0|0|0|0.00|0.00|0.00|0|0|0|0.00|0|0.00|0|0.00|0|274349.00|1|0.00|0|0.00|0|0.00|0|0.00|-104.00|13|54|232501.00|0.00|0.00|0.00|232501.00|71419.83|71419.83|0.00|0.33|0.00|214259.71|71419.83|71419.83
FPOT|Restaurante|1|Restaurante|1|OT1|1|Order Type Master 1|1|192501.00|17509.00|0.00|0|0.00|0|15399.00|3|0|0|0|0|0.00|0.00|0.00|0|0|0|0.00|0|0.00|0|0.00|0|225409.00|3|18800.00|1|0.00|0|0.00|0|0.00|-1741.00|13|53|192501.00|0.00|0.00|0.00|192501.00|61389.33|61172.67|-216.67|0.33|0.00|183518.18|61389.33|61172.67
FPOT|Restaurante|1|Restaurante|1|OT1|1|Order Type Master 1|1|97779.00|9778.00|0.00|0|0.00|0|7821.00|1|0|0|0|0|0.00|0.00|0.00|0|0|0|0.00|0|0.00|0|0.00|0|115378.00|1|0.00|0|0.00|0|0.00|0|0.00|0.00|14|59|97779.00|0.00|0.00|0.00|97779.00|70602.00|70602.00|0.00|0.67|0.00|105902.95|70602.00|70602.00
FPOT|Restaurante|1|Restaurante|1|OT1|1|Order Type Master 1|1|50093.00|5009.00|0.00|0|0.00|0|4007.00|1|0|0|0|0|0.00|0.00|0.00|0|0|0|0.00|0|0.00|0|0.00|0|59109.00|1|0.00|0|0.00|0|0.00|0|0.00|0.00|12|51|50093.00|0.00|0.00|0.00|50093.00|12021.83|12021.83|0.00|0.50|0.00|24043.67|12021.83|12021.83
FPOT|Plataformas|21|Plataformas|21|OT7|7|Order Type Master 7|7|57130.00|0.00|0.00|0|0.00|0|4570.00|1|0|0|0|0|0.00|0.00|0.00|0|0|0|0.00|0|0.00|0|0.00|0|61700.00|1|61700.00|1|0.00|0|0.00|0|0.00|0.00|14|57|57130.00|0.00|0.00|0.00|57130.00|0.00|0.00|0.00|0.00|0.00|0.00|0.00|0.00
FPOT|Restaurante|1|Restaurante|1|OT1|1|Order Type Master 1|1|0.00|0.00|0.00|0|0.00|0|0.00|0|0|0|0|0|0.00|0.00|0.00|0|0|0|0.00|0|0.00|0|0.00|0|2.00|0|115380.00|1|0.00|0|0.00|0|0.00|0.00|15|61|0.00|0.00|0.00|0.00|0.00|1327.17|1327.17|0.00|0.00|0.00|0.00|1327.17|1327.17
FPOT|Restaurante|1|Restaurante|1|OT1|1|Order Type Master 1|1|111852.00|11185.00|0.00|0|0.00|0|8948.00|2|0|0|0|0|0.00|0.00|0.00|0|0|0|8400.00|1|0.00|0|0.00|0|131985.00|2|295000.00|3|0.00|0|0.00|0|0.00|0.00|12|52|111852.00|0.00|0.00|0.00|111852.00|20092.67|20092.67|0.00|0.33|0.00|60278.06|20092.67|20092.67
FPOT|Restaurante|1|Restaurante|1|OT1|1|Order Type Master 1|1|199909.00|19991.00|0.00|0|0.00|0|15991.00|2|0|0|0|0|0.00|0.00|0.00|0|0|0|0.00|0|0.00|0|0.00|0|235891.00|2|0.00|0|0.00|0|0.00|0|0.00|0.00|12|49|199909.00|0.00|0.00|0.00|199909.00|0.00|0.00|0.00|0.00|0.00|0.00|0.00|0.00
FPOT|Restaurante|1|Restaurante|1|OT1|1|Order Type Master 1|1|-4700.00|0.00|0.00|0|0.00|0|0.00|0|0|0|0|0|0.00|0.00|0.00|0|0|0|0.00|0|0.00|0|0.00|0|-4700.00|0|106744.00|1|0.00|0|0.00|0|0.00|0.00|14|60|0.00|-4700.00|0.00|0.00|-4700.00|9521.67|9521.67|0.00|0.17|0.00|57129.89|9521.67|9521.67
FPOT|Plataformas|21|Plataformas|21|OT7|7|Order Type Master 7|7|122222.00|0.00|0.00|0|0.00|0|9778.00|1|0|0|0|0|0.00|0.00|0.00|0|0|0|92700.00|3|0.00|0|0.00|0|132000.00|1|0.00|0|0.00|0|0.00|0|0.00|0.00|13|55|122222.00|0.00|0.00|0.00|122222.00|0.00|0.00|0.00|0.00|0.00|0.00|0.00|0.00
FPOT|Plataformas|21|Plataformas|21|OT7|7|Order Type Master 7|7|-2037.00|0.00|-71852.00|3|0.00|0|-163.00|0|0|0|0|0|0.00|0.00|0.00|0|0|0|438600.00|14|0.00|0|0.00|0|-2200.00|0|129800.00|1|0.00|0|0.00|0|0.00|-163.00|19|79|-2037.00|0.00|0.00|0.00|-2037.00|0.00|0.00|0.00|0.00|0.00|0.00|0.00|0.00
FPMI|Restaurante|1|Restaurante|1|LIMONADA HIERBABUENA| |9604066|LIMONADA HIERBABUENA| |9604066|Major Group 20|20|Major Group 20|20|Family Group 3000|3000|Family Group 3000|3000|OT1|1|Order Type Master 1|1|8519.00|0.00|8519.00|0.00|0.00|0.00|8519.00|0.00|8519.00|1|8519.00|1|0|0.00|0.00|0.00|73|18
FPMI|Restaurante|1|Restaurante|1|TINTO COLADO AEX| |9602121|TINTO COLADO AEX| |9602121|Major Group 20|20|Major Group 20|20|Family Group 3000|3000|Family Group 3000|3000|OT1|1|Order Type Master 1|1|9074.00|0.00|9074.00|0.00|0.00|0.00|9074.00|0.00|9074.00|1|9074.00|2|0|0.00|0.00|0.00|76|18
FPMI|Restaurante|1|Restaurante|1|LIMONADA NATURAL| |9604060|LIMONADA NATURAL| |9604060|Major Group 20|20|Major Group 20|20|Family Group 3000|3000|Family Group 3000|3000|OT1|1|Order Type Master 1|1|17038.00|0.00|17038.00|0.00|0.00|0.00|17038.00|0.00|17038.00|1|17038.00|2|0|0.00|0.00|0.00|56|13
FPMI|Restaurante|1|Restaurante|1|LIMONADA DE PANELA| |9604067|LIMONADA DE PANELA| |9604067|Major Group 20|20|Major Group 20|20|Family Group 3000|3000|Family Group 3000|3000|OT1|1|Order Type Master 1|1|18148.00|0.00|18148.00|0.00|0.00|0.00|18148.00|0.00|18148.00|1|18148.00|2|0|0.00|0.00|0.00|54|13
FPMI|Restaurante|1|Restaurante|1|Mod BienAsado| |980000006|Mod BienAsado| |980000006|Major Group 10|10|Major Group 10|10|Family Group 1008|1008|Family Group 1008|1008|OT1|1|Order Type Master 1|1|0.00|0.00|0.00|0.00|0.00|0.00|0.00|0.00|0.00|1|0.00|2|0|0.00|0.00|0.00|49|12
FPMI|Restaurante|1|Restaurante|1|TORTA MILKYWAY| |9514163|TORTA MILKYWAY| |9514163|Major Group 10|10|Major Group 10|10|Family Group 1008|1008|Family Group 1008|1008|OT1|1|Order Type Master 1|1|12870.00|0.00|12870.00|0.00|0.00|0.00|12870.00|0.00|12870.00|1|12870.00|1|0|0.00|0.00|0.00|52|12
FPMI|Restaurante|1|Restaurante|1|AREPA DE CHOCOLO| |9506036|AREPA DE CHOCOLO| |9506036|Major Group 10|10|Major Group 10|10|Family Group 1008|1008|Family Group 1008|1008|OT1|1|Order Type Master 1|1|20185.00|0.00|20185.00|0.00|0.00|0.00|20185.00|0.00|20185.00|1|20185.00|1|0|0.00|0.00|0.00|77|19
FPMI|Restaurante|1|Restaurante|1|PATACON CON HOGAO| |9524044|PATACON CON HOGAO| |9524044|Major Group 10|10|Major Group 10|10|Family Group 1008|1008|Family Group 1008|1008|OT1|1|Order Type Master 1|1|10000.00|0.00|10000.00|0.00|0.00|0.00|10000.00|0.00|10000.00|1|10000.00|1|0|0.00|0.00|0.00|73|18
FPMI|Restaurante|1|Restaurante|1|CHURRASCO 250 gr ENSALADA| |9502108|CHURRASCO 250 gr ENSALADA| |9502108|Major Group 10|10|Major Group 10|10|Family Group 1008|1008|Family Group 1008|1008|OT1|1|Order Type Master 1|1|49815.00|0.00|49815.00|0.00|0.00|0.00|49815.00|0.00|49815.00|1|49815.00|1|0|0.00|0.00|0.00|54|13
FPMI|Restaurante|1|Restaurante|1|PECHUGA A LA PARRILLA 230 gr CASCO| |9506084|PECHUGA A LA PARRILLA 230 gr CASCO| |9506084|Major Group 10|10|Major Group 10|10|Family Group 1008|1008|Family Group 1008|1008|OT1|1|Order Type Master 1|1|24815.00|0.00|24815.00|0.00|0.00|0.00|24815.00|0.00|24815.00|1|24815.00|1|0|0.00|0.00|0.00|78|19
FPMI|Restaurante|1|Restaurante|1|AJIACO  POLLO| |9520008|AJIACO  POLLO| |9520008|Major Group 10|10|Major Group 10|10|Family Group 1008|1008|Family Group 1008|1008|OT1|1|Order Type Master 1|1|34074.00|0.00|34074.00|0.00|0.00|0.00|34074.00|0.00|34074.00|1|34074.00|1|0|0.00|0.00|0.00|78|19
FPMI|Restaurante|1|Restaurante|1|CHURRASCO 250 gr CRIOLLA| |9502355|CHURRASCO 250 gr CRIOLLA| |9502355|Major Group 10|10|Major Group 10|10|Family Group 1008|1008|Family Group 1008|1008|OT1|1|Order Type Master 1|1|49815.00|0.00|49815.00|0.00|0.00|0.00|49815.00|0.00|49815.00|1|49815.00|1|0|0.00|0.00|0.00|54|13
FPMI|Plataformas|21|Plataformas|21|TRES LECHES| |9514016|TRES LECHES| |9514016|Major Group 10|10|Major Group 10|10|Family Group 1008|1008|Family Group 1008|1008|OT7|7|Order Type Master 7|7|13056.00|0.00|13056.00|0.00|0.00|0.00|13056.00|0.00|13056.00|153|13056.00|1|0|0.00|0.00|0.00|79|19
FPMI|Restaurante|1|Restaurante|1|TINTO COLADO AEX| |9602121|TINTO COLADO AEX| |9602121|Major Group 20|20|Major Group 20|20|Family Group 3000|3000|Family Group 3000|3000|OT1|1|Order Type Master 1|1|4537.00|0.00|4537.00|0.00|0.00|0.00|4537.00|0.00|4537.00|1|4537.00|1|0|0.00|0.00|0.00|52|12
FPMI|Restaurante|1|Restaurante|1|SODA CON LIMON| |9606141|SODA CON LIMON| |9606141|Major Group 20|20|Major Group 20|20|Family Group 3000|3000|Family Group 3000|3000|OT1|1|Order Type Master 1|1|14444.00|0.00|14444.00|0.00|0.00|0.00|14444.00|0.00|14444.00|1|14444.00|2|0|0.00|0.00|0.00|77|19
FPMI|Restaurante|1|Restaurante|1|AGUA MANANTIAL SIN GAS 500 ML CON LIMON| |9606137|AGUA MANANTIAL SIN GAS 500 ML CON LIMON| |9606137|Major Group 20|20|Major Group 20|20|Family Group 3000|3000|Family Group 3000|3000|OT1|1|Order Type Master 1|1|8519.00|0.00|8519.00|0.00|0.00|0.00|8519.00|0.00|8519.00|1|8519.00|1|0|0.00|0.00|0.00|54|13
FPMI|Restaurante|1|Restaurante|1|GASEOSA 400 ml| |9606131|GASEOSA 400 ml| |9606131|Major Group 20|20|Major Group 20|20|Family Group 3000|3000|Family Group 3000|3000|OT1|1|Order Type Master 1|1|7593.00|0.00|7593.00|0.00|0.00|0.00|7593.00|0.00|7593.00|1|7593.00|1|0|0.00|0.00|0.00|51|12
FPMI|Restaurante|1|Restaurante|1|AGUA MANANTIAL CON GAS 300 ML| |9606136|AGUA MANANTIAL CON GAS 300 ML| |9606136|Major Group 20|20|Major Group 20|20|Family Group 3000|3000|Family Group 3000|3000|OT1|1|Order Type Master 1|1|6389.00|0.00|6389.00|0.00|0.00|0.00|6389.00|0.00|6389.00|1|6389.00|1|0|0.00|0.00|0.00|53|13
FPMI|Restaurante|1|Restaurante|1|AROMATICA| |9602088|AROMATICA| |9602088|Major Group 20|20|Major Group 20|20|Family Group 3000|3000|Family Group 3000|3000|OT1|1|Order Type Master 1|1|4537.00|0.00|4537.00|0.00|0.00|0.00|4537.00|0.00|4537.00|1|4537.00|1|0|0.00|0.00|0.00|78|19
FPMI|Restaurante|1|Restaurante|1|LIMONADA DE PANELA| |9604067|LIMONADA DE PANELA| |9604067|Major Group 20|20|Major Group 20|20|Family Group 3000|3000|Family Group 3000|3000|OT1|1|Order Type Master 1|1|0.00|-908.00|-908.00|0.00|0.00|0.00|0.00|-908.00|-908.00|1|0.00|0|0|0.00|0.00|0.00|57|14
FPMI|Restaurante|1|Restaurante|1|GASEOSA 400 ml| |9606131|GASEOSA 400 ml| |9606131|Major Group 20|20|Major Group 20|20|Family Group 3000|3000|Family Group 3000|3000|OT1|1|Order Type Master 1|1|7593.00|0.00|7593.00|0.00|0.00|0.00|7593.00|0.00|7593.00|1|7593.00|1|0|0.00|0.00|0.00|52|12
FPMI|Restaurante|1|Restaurante|1|Mod CocaCola Original 400ml| |980000102|Mod CocaCola Original 400ml| |980000102|Major Group 10|10|Major Group 10|10|Family Group 1008|1008|Family Group 1008|1008|OT1|1|Order Type Master 1|1|0.00|0.00|0.00|0.00|0.00|0.00|0.00|0.00|0.00|1|0.00|1|0|0.00|0.00|0.00|64|15
FPMI|Restaurante|1|Restaurante|1|HUEVO FRITO| |9500212|HUEVO FRITO| |9500212|Major Group 10|10|Major Group 10|10|Family Group 1008|1008|Family Group 1008|1008|OT1|1|Order Type Master 1|1|0.00|-147.00|-147.00|0.00|0.00|0.00|0.00|-147.00|-147.00|1|0.00|0|0|0.00|0.00|0.00|60|14
FPMI|Restaurante|1|Restaurante|1|PORCION DE ARROZ BLANCO| |9500064|PORCION DE ARROZ BLANCO| |9500064|Major Group 10|10|Major Group 10|10|Family Group 1008|1008|Family Group 1008|1008|OT1|1|Order Type Master 1|1|0.00|-171.00|-171.00|0.00|0.00|0.00|0.00|-171.00|-171.00|1|0.00|0|0|0.00|0.00|0.00|60|14
FPMI|Restaurante|1|Restaurante|1|PATACON CARNE DESMECHADA| |9524028|PATACON CARNE DESMECHADA| |9524028|Major Group 10|10|Major Group 10|10|Family Group 1008|1008|Family Group 1008|1008|OT1|1|Order Type Master 1|1|24630.00|0.00|24630.00|0.00|0.00|0.00|24630.00|0.00|24630.00|1|24630.00|1|0|0.00|0.00|0.00|77|19
FPMI|Restaurante|1|Restaurante|1|MJE ALM| |90000037|MJE ALM| |90000037|Major Group 10|10|Major Group 10|10|Family Group 1008|1008|Family Group 1008|1008|OT1|1|Order Type Master 1|1|0.00|0.00|0.00|0.00|0.00|0.00|0.00|0.00|0.00|1|0.00|1|0|0.00|0.00|0.00|77|19
FPMI|Restaurante|1|Restaurante|1|CANASTA MINI FRITANGUERA| |9502525|CANASTA MINI FRITANGUERA| |9502525|Major Group 10|10|Major Group 10|10|Family Group 1008|1008|Family Group 1008|1008|OT1|1|Order Type Master 1|1|22130.00|0.00|22130.00|0.00|0.00|0.00|22130.00|0.00|22130.00|1|22130.00|1|0|0.00|0.00|0.00|75|18
FPMI|Restaurante|1|Restaurante|1|Mensaje Bebidas 2024| |980000095|Mensaje Bebidas 2024| |980000095|Major Group 10|10|Major Group 10|10|Family Group 1008|1008|Family Group 1008|1008|OT1|1|Order Type Master 1|1|0.00|0.00|0.00|0.00|0.00|0.00|0.00|0.00|0.00|1|0.00|1|0|0.00|0.00|0.00|78|19
FPMI|Restaurante|1|Restaurante|1|PECHUGA A LA PARRILLA 230 gr CASCO| |9506084|PECHUGA A LA PARRILLA 230 gr CASCO| |9506084|Major Group 10|10|Major Group 10|10|Family Group 1008|1008|Family Group 1008|1008|OT1|1|Order Type Master 1|1|24815.00|0.00|24815.00|0.00|0.00|0.00|24815.00|0.00|24815.00|1|24815.00|1|0|0.00|0.00|0.00|59|14
FPMI|Restaurante|1|Restaurante|1|CHICHARRON 90 gr| |9528024|CHICHARRON 90 gr| |9528024|Major Group 10|10|Major Group 10|10|Family Group 1008|1008|Family Group 1008|1008|OT1|1|Order Type Master 1|1|26667.00|-1334.00|25333.00|0.00|0.00|0.00|26667.00|-1334.00|25333.00|1|26667.00|1|0|0.00|0.00|0.00|57|14
FPMI|Domicilios|20|Domicilios|20|LENTAJAS PERSONAL | |9540225|LENTAJAS PERSONAL | |9540225|Major Group 10|10|Major Group 10|10|Family Group 1008|1008|Family Group 1008|1008|OT2|2|Order Type Master 2|2|13890.00|0.00|13890.00|0.00|0.00|0.00|13890.00|0.00|13890.00|73|13890.00|3|0|0.00|0.00|0.00|81|20
FPMI|Restaurante|1|Restaurante|1|GASEOSA 400 ml| |9606131|GASEOSA 400 ml| |9606131|Major Group 20|20|Major Group 20|20|Family Group 3000|3000|Family Group 3000|3000|OT1|1|Order Type Master 1|1|0.00|-378.00|-378.00|0.00|0.00|0.00|0.00|-378.00|-378.00|1|0.00|0|0|0.00|0.00|0.00|60|14
FPMI|Restaurante|1|Restaurante|1|AGUA MANANTIAL CON GAS 300 ML CON LIMON| |9606138|AGUA MANANTIAL CON GAS 300 ML CON LIMON| |9606138|Major Group 20|20|Major Group 20|20|Family Group 3000|3000|Family Group 3000|3000|OT1|1|Order Type Master 1|1|6852.00|0.00|6852.00|0.00|0.00|0.00|6852.00|0.00|6852.00|1|6852.00|1|0|0.00|0.00|0.00|54|13
FPMI|Restaurante|1|Restaurante|1|TINTO COLADO AEX| |9602121|TINTO COLADO AEX| |9602121|Major Group 20|20|Major Group 20|20|Family Group 3000|3000|Family Group 3000|3000|OT1|1|Order Type Master 1|1|0.00|0.00|0.00|0.00|0.00|0.00|0.00|0.00|0.00|153|0.00|1|0|0.00|0.00|0.00|52|12
FPMI|Restaurante|1|Restaurante|1|Mod CocaCola Zero 400ml| |980000103|Mod CocaCola Zero 400ml| |980000103|Major Group 10|10|Major Group 10|10|Family Group 1008|1008|Family Group 1008|1008|OT1|1|Order Type Master 1|1|0.00|0.00|0.00|0.00|0.00|0.00|0.00|0.00|0.00|1|0.00|1|0|0.00|0.00|0.00|57|14
FPMI|Restaurante|1|Restaurante|1|Mod 3/4| |980000004|Mod 3/4| |980000004|Major Group 10|10|Major Group 10|10|Family Group 1008|1008|Family Group 1008|1008|OT1|1|Order Type Master 1|1|0.00|0.00|0.00|0.00|0.00|0.00|0.00|0.00|0.00|1|0.00|1|0|0.00|0.00|0.00|64|15
FPMI|Restaurante|1|Restaurante|1|CHICHARRON 90 gr| |9528024|CHICHARRON 90 gr| |9528024|Major Group 10|10|Major Group 10|10|Family Group 1008|1008|Family Group 1008|1008|OT1|1|Order Type Master 1|1|26667.00|0.00|26667.00|0.00|0.00|0.00|26667.00|0.00|26667.00|1|26667.00|1|0|0.00|0.00|0.00|53|13
FPMI|Restaurante|1|Restaurante|1|COMO ENTRADA| |90000038|COMO ENTRADA| |90000038|Major Group 10|10|Major Group 10|10|Family Group 1008|1008|Family Group 1008|1008|OT1|1|Order Type Master 1|1|0.00|0.00|0.00|0.00|0.00|0.00|0.00|0.00|0.00|17|0.00|1|0|0.00|0.00|0.00|77|19
FPMI|Restaurante|1|Restaurante|1|Mensaje Bebidas 2024| |980000095|Mensaje Bebidas 2024| |980000095|Major Group 10|10|Major Group 10|10|Family Group 1008|1008|Family Group 1008|1008|OT1|1|Order Type Master 1|1|0.00|0.00|0.00|0.00|0.00|0.00|0.00|0.00|0.00|1|0.00|1|0|0.00|0.00|0.00|73|18
FPMI|Restaurante|1|Restaurante|1|BANDEJA PAISA| |9520036|BANDEJA PAISA| |9520036|Major Group 10|10|Major Group 10|10|Family Group 1008|1008|Family Group 1008|1008|OT1|1|Order Type Master 1|1|42500.00|0.00|42500.00|0.00|0.00|0.00|42500.00|0.00|42500.00|1|42500.00|1|0|0.00|0.00|0.00|51|12
FPMI|Restaurante|1|Restaurante|1|LOMO 220 gr PAPA FRANCESA| |9502511|LOMO 220 gr PAPA FRANCESA| |9502511|Major Group 10|10|Major Group 10|10|Family Group 1008|1008|Family Group 1008|1008|OT1|1|Order Type Master 1|1|54444.00|0.00|54444.00|0.00|0.00|0.00|54444.00|0.00|54444.00|1|54444.00|1|0|0.00|0.00|0.00|56|13
FPMI|Restaurante|1|Restaurante|1|Mod CocaCola Zero 400ml| |980000103|Mod CocaCola Zero 400ml| |980000103|Major Group 10|10|Major Group 10|10|Family Group 1008|1008|Family Group 1008|1008|OT1|1|Order Type Master 1|1|0.00|0.00|0.00|0.00|0.00|0.00|0.00|0.00|0.00|1|0.00|2|0|0.00|0.00|0.00|56|13
FPMI|Restaurante|1|Restaurante|1|Mod 3/4| |980000004|Mod 3/4| |980000004|Major Group 10|10|Major Group 10|10|Family Group 1008|1008|Family Group 1008|1008|OT1|1|Order Type Master 1|1|0.00|0.00|0.00|0.00|0.00|0.00|0.00|0.00|0.00|1|0.00|1|0|0.00|0.00|0.00|78|19
FPMI|Restaurante|1|Restaurante|1|GUACAMOLE| |9500192|GUACAMOLE| |9500192|Major Group 10|10|Major Group 10|10|Family Group 1008|1008|Family Group 1008|1008|OT1|1|Order Type Master 1|1|5463.00|0.00|5463.00|0.00|0.00|0.00|5463.00|0.00|5463.00|1|5463.00|1|0|0.00|0.00|0.00|54|13
FPMI|Plataformas|21|Plataformas|21|PICADA INDIVIDUAL  CRIOLLA| |9502576|PICADA INDIVIDUAL  CRIOLLA| |9502576|Major Group 10|10|Major Group 10|10|Family Group 1008|1008|Family Group 1008|1008|OT7|7|Order Type Master 7|7|39630.00|0.00|39630.00|0.00|0.00|0.00|39630.00|0.00|39630.00|153|39630.00|1|0|0.00|0.00|0.00|51|12
FPMI|Plataformas|21|Plataformas|21|BANDEJA PAISA| |9520036|BANDEJA PAISA| |9520036|Major Group 10|10|Major Group 10|10|Family Group 1008|1008|Family Group 1008|1008|OT7|7|Order Type Master 7|7|44537.00|0.00|44537.00|0.00|0.00|0.00|44537.00|0.00|44537.00|153|44537.00|1|0|0.00|0.00|0.00|51|12
FPMI|Plataformas|21|Plataformas|21|PATACON CARNE DESMECHADA| |9524028|PATACON CARNE DESMECHADA| |9524028|Major Group 10|10|Major Group 10|10|Family Group 1008|1008|Family Group 1008|1008|OT7|7|Order Type Master 7|7|51666.00|0.00|51666.00|0.00|0.00|0.00|51666.00|0.00|51666.00|153|51666.00|2|0|0.00|0.00|0.00|51|12
FPMI|Plataformas|21|Plataformas|21|TRES LECHES| |9514016|TRES LECHES| |9514016|Major Group 10|10|Major Group 10|10|Family Group 1008|1008|Family Group 1008|1008|OT7|7|Order Type Master 7|7|-11111.00|0.00|-11111.00|0.00|0.00|0.00|-11111.00|0.00|-11111.00|161|-11111.00|-1|0|0.00|0.00|0.00|79|19
FPMI|Plataformas|21|Plataformas|21|TRES LECHES| |9514016|TRES LECHES| |9514016|Major Group 10|10|Major Group 10|10|Family Group 1008|1008|Family Group 1008|1008|OT7|7|Order Type Master 7|7|11111.00|0.00|11111.00|0.00|0.00|0.00|11111.00|0.00|11111.00|161|11111.00|1|0|0.00|0.00|0.00|55|13
FPMI|Plataformas|21|Plataformas|21|PICADA INDIVIDUAL FRANCESA| |9502584|PICADA INDIVIDUAL FRANCESA| |9502584|Major Group 10|10|Major Group 10|10|Family Group 1008|1008|Family Group 1008|1008|OT7|7|Order Type Master 7|7|39630.00|0.00|39630.00|0.00|0.00|0.00|39630.00|0.00|39630.00|153|39630.00|1|0|0.00|0.00|0.00|55|13
FPMI|Plataformas|21|Plataformas|21|AJIACO  POLLO| |9520008|AJIACO  POLLO| |9520008|Major Group 10|10|Major Group 10|10|Family Group 1008|1008|Family Group 1008|1008|OT7|7|Order Type Master 7|7|35741.00|0.00|35741.00|0.00|0.00|0.00|35741.00|0.00|35741.00|153|35741.00|1|0|0.00|0.00|0.00|52|12
FPMI|Restaurante|1|Restaurante|1|AGUA MANANTIAL CON GAS 300 ML CON LIMON| |9606138|AGUA MANANTIAL CON GAS 300 ML CON LIMON| |9606138|Major Group 20|20|Major Group 20|20|Family Group 3000|3000|Family Group 3000|3000|OT1|1|Order Type Master 1|1|6852.00|0.00|6852.00|0.00|0.00|0.00|6852.00|0.00|6852.00|1|6852.00|1|0|0.00|0.00|0.00|49|12
FPMI|Restaurante|1|Restaurante|1|GASEOSA 400 ml| |9606131|GASEOSA 400 ml| |9606131|Major Group 20|20|Major Group 20|20|Family Group 3000|3000|Family Group 3000|3000|OT1|1|Order Type Master 1|1|7593.00|0.00|7593.00|0.00|0.00|0.00|7593.00|0.00|7593.00|1|7593.00|1|0|0.00|0.00|0.00|59|14
FPMI|Restaurante|1|Restaurante|1|MJE ALM| |90000037|MJE ALM| |90000037|Major Group 10|10|Major Group 10|10|Family Group 1008|1008|Family Group 1008|1008|OT1|1|Order Type Master 1|1|0.00|0.00|0.00|0.00|0.00|0.00|0.00|0.00|0.00|1|0.00|1|0|0.00|0.00|0.00|49|12
FPMI|Restaurante|1|Restaurante|1|SALSA DE TOMATE| |9500483|SALSA DE TOMATE| |9500483|Major Group 10|10|Major Group 10|10|Family Group 1008|1008|Family Group 1008|1008|OT1|1|Order Type Master 1|1|0.00|0.00|0.00|0.00|0.00|0.00|0.00|0.00|0.00|1|0.00|1|0|0.00|0.00|0.00|60|14
FPMI|Restaurante|1|Restaurante|1|Mod A Punto| |980000005|Mod A Punto| |980000005|Major Group 10|10|Major Group 10|10|Family Group 1008|1008|Family Group 1008|1008|OT1|1|Order Type Master 1|1|0.00|0.00|0.00|0.00|0.00|0.00|0.00|0.00|0.00|1|0.00|1|0|0.00|0.00|0.00|49|12
FPMI|Restaurante|1|Restaurante|1|AREPA DE CHOCOLO| |9506036|AREPA DE CHOCOLO| |9506036|Major Group 10|10|Major Group 10|10|Family Group 1008|1008|Family Group 1008|1008|OT1|1|Order Type Master 1|1|20185.00|0.00|20185.00|0.00|0.00|0.00|20185.00|0.00|20185.00|1|20185.00|1|0|0.00|0.00|0.00|73|18
FPMI|Restaurante|1|Restaurante|1|GUACAMOLE| |9500192|GUACAMOLE| |9500192|Major Group 10|10|Major Group 10|10|Family Group 1008|1008|Family Group 1008|1008|OT1|1|Order Type Master 1|1|0.00|-273.00|-273.00|0.00|0.00|0.00|0.00|-273.00|-273.00|1|0.00|0|0|0.00|0.00|0.00|57|14
FPMI|Restaurante|1|Restaurante|1|PICADA INDIVIDUAL FRANCESA| |9502584|PICADA INDIVIDUAL FRANCESA| |9502584|Major Group 10|10|Major Group 10|10|Family Group 1008|1008|Family Group 1008|1008|OT1|1|Order Type Master 1|1|38704.00|0.00|38704.00|0.00|0.00|0.00|38704.00|0.00|38704.00|1|38704.00|1|0|0.00|0.00|0.00|52|12
FPMI|Restaurante|1|Restaurante|1|Mod CocaCola Original 400ml| |980000102|Mod CocaCola Original 400ml| |980000102|Major Group 10|10|Major Group 10|10|Family Group 1008|1008|Family Group 1008|1008|OT1|1|Order Type Master 1|1|0.00|0.00|0.00|0.00|0.00|0.00|0.00|0.00|0.00|1|0.00|1|0|0.00|0.00|0.00|52|12
FPMI|Restaurante|1|Restaurante|1|PAPA CHIPS| |9500470|PAPA CHIPS| |9500470|Major Group 10|10|Major Group 10|10|Family Group 1008|1008|Family Group 1008|1008|OT1|1|Order Type Master 1|1|7222.00|0.00|7222.00|0.00|0.00|0.00|7222.00|0.00|7222.00|1|7222.00|1|0|0.00|0.00|0.00|54|13
FPMI|Domicilios|20|Domicilios|20|TORTA MILKYWAY| |9514163|TORTA MILKYWAY| |9514163|Major Group 10|10|Major Group 10|10|Family Group 1008|1008|Family Group 1008|1008|OT2|2|Order Type Master 2|2|23888.00|0.00|23888.00|0.00|0.00|0.00|23888.00|0.00|23888.00|73|23888.00|2|0|0.00|0.00|0.00|67|16
FPMI|Plataformas|21|Plataformas|21|LOMO 220 gr PAPA CRIOLLA| |9502513|LOMO 220 gr PAPA CRIOLLA| |9502513|Major Group 10|10|Major Group 10|10|Family Group 1008|1008|Family Group 1008|1008|OT7|7|Order Type Master 7|7|57130.00|0.00|57130.00|0.00|0.00|0.00|57130.00|0.00|57130.00|153|57130.00|1|0|0.00|0.00|0.00|57|14
FPMI|Plataformas|21|Plataformas|21|PAPA FRANCESA| |9500452|PAPA FRANCESA| |9500452|Major Group 10|10|Major Group 10|10|Family Group 1008|1008|Family Group 1008|1008|OT7|7|Order Type Master 7|7|7500.00|0.00|7500.00|0.00|0.00|0.00|7500.00|0.00|7500.00|153|7500.00|1|0|0.00|0.00|0.00|51|12
FPMI|Restaurante|1|Restaurante|1|GASEOSA 400 ml| |9606131|GASEOSA 400 ml| |9606131|Major Group 20|20|Major Group 20|20|Family Group 3000|3000|Family Group 3000|3000|OT1|1|Order Type Master 1|1|7593.00|0.00|7593.00|0.00|0.00|0.00|7593.00|0.00|7593.00|1|7593.00|1|0|0.00|0.00|0.00|64|15
FPMI|Restaurante|1|Restaurante|1|AGUA MANANTIAL CON GAS 300 ML| |9606136|AGUA MANANTIAL CON GAS 300 ML| |9606136|Major Group 20|20|Major Group 20|20|Family Group 3000|3000|Family Group 3000|3000|OT1|1|Order Type Master 1|1|6389.00|0.00|6389.00|0.00|0.00|0.00|6389.00|0.00|6389.00|1|6389.00|1|0|0.00|0.00|0.00|79|19
FPMI|Restaurante|1|Restaurante|1|LIMONADA NATURAL| |9604060|LIMONADA NATURAL| |9604060|Major Group 20|20|Major Group 20|20|Family Group 3000|3000|Family Group 3000|3000|OT1|1|Order Type Master 1|1|8519.00|0.00|8519.00|0.00|0.00|0.00|8519.00|0.00|8519.00|1|8519.00|1|0|0.00|0.00|0.00|73|18
FPMI|Restaurante|1|Restaurante|1|MANDARINO BOLS 2X1| |9626126|MANDARINO BOLS 2X1| |9626126|Major Group 20|20|Major Group 20|20|Family Group 3000|3000|Family Group 3000|3000|OT1|1|Order Type Master 1|1|31296.00|0.00|31296.00|0.00|0.00|0.00|31296.00|0.00|31296.00|1|31296.00|1|0|0.00|0.00|0.00|75|18
FPMI|Restaurante|1|Restaurante|1|GASEOSA 400 ml| |9606131|GASEOSA 400 ml| |9606131|Major Group 20|20|Major Group 20|20|Family Group 3000|3000|Family Group 3000|3000|OT1|1|Order Type Master 1|1|15186.00|0.00|15186.00|0.00|0.00|0.00|15186.00|0.00|15186.00|1|15186.00|2|0|0.00|0.00|0.00|56|13
FPMI|Restaurante|1|Restaurante|1|SODA CON LIMON| |9606141|SODA CON LIMON| |9606141|Major Group 20|20|Major Group 20|20|Family Group 3000|3000|Family Group 3000|3000|OT1|1|Order Type Master 1|1|14444.00|0.00|14444.00|0.00|0.00|0.00|14444.00|0.00|14444.00|1|14444.00|2|0|0.00|0.00|0.00|78|19
FPMI|Restaurante|1|Restaurante|1|LOMO 220 gr PAPA FRANCESA| |9502511|LOMO 220 gr PAPA FRANCESA| |9502511|Major Group 10|10|Major Group 10|10|Family Group 1008|1008|Family Group 1008|1008|OT1|1|Order Type Master 1|1|54444.00|0.00|54444.00|0.00|0.00|0.00|54444.00|0.00|54444.00|1|54444.00|1|0|0.00|0.00|0.00|64|15
FPMI|Restaurante|1|Restaurante|1|CHURRASCO 250 gr CASCO| |9502106|CHURRASCO 250 gr CASCO| |9502106|Major Group 10|10|Major Group 10|10|Family Group 1008|1008|Family Group 1008|1008|OT1|1|Order Type Master 1|1|49815.00|0.00|49815.00|0.00|0.00|0.00|49815.00|0.00|49815.00|1|49815.00|1|0|0.00|0.00|0.00|53|13
FPMI|Restaurante|1|Restaurante|1|Mod A Punto| |980000005|Mod A Punto| |980000005|Major Group 10|10|Major Group 10|10|Family Group 1008|1008|Family Group 1008|1008|OT1|1|Order Type Master 1|1|0.00|0.00|0.00|0.00|0.00|0.00|0.00|0.00|0.00|1|0.00|2|0|0.00|0.00|0.00|53|13
FPMI|Restaurante|1|Restaurante|1|Mod CocaCola Original 400ml| |980000102|Mod CocaCola Original 400ml| |980000102|Major Group 10|10|Major Group 10|10|Family Group 1008|1008|Family Group 1008|1008|OT1|1|Order Type Master 1|1|0.00|0.00|0.00|0.00|0.00|0.00|0.00|0.00|0.00|1|0.00|1|0|0.00|0.00|0.00|53|13
FPMI|Restaurante|1|Restaurante|1|SALSA CHIMICHURRI| |9500388|SALSA CHIMICHURRI| |9500388|Major Group 10|10|Major Group 10|10|Family Group 1008|1008|Family Group 1008|1008|OT1|1|Order Type Master 1|1|0.00|0.00|0.00|0.00|0.00|0.00|0.00|0.00|0.00|1|0.00|2|0|0.00|0.00|0.00|54|13
FPMI|Restaurante|1|Restaurante|1|Mod CocaCola Original 400ml| |980000102|Mod CocaCola Original 400ml| |980000102|Major Group 10|10|Major Group 10|10|Family Group 1008|1008|Family Group 1008|1008|OT1|1|Order Type Master 1|1|0.00|0.00|0.00|0.00|0.00|0.00|0.00|0.00|0.00|1|0.00|1|0|0.00|0.00|0.00|59|14
FPMI|Restaurante|1|Restaurante|1|Mod 3/4| |980000004|Mod 3/4| |980000004|Major Group 10|10|Major Group 10|10|Family Group 1008|1008|Family Group 1008|1008|OT1|1|Order Type Master 1|1|0.00|0.00|0.00|0.00|0.00|0.00|0.00|0.00|0.00|1|0.00|1|0|0.00|0.00|0.00|52|12
FPMI|Restaurante|1|Restaurante|1|HUEVO FRITO| |9500212|HUEVO FRITO| |9500212|Major Group 10|10|Major Group 10|10|Family Group 1008|1008|Family Group 1008|1008|OT1|1|Order Type Master 1|1|2963.00|0.00|2963.00|0.00|0.00|0.00|2963.00|0.00|2963.00|1|2963.00|1|0|0.00|0.00|0.00|52|12
FPMI|Restaurante|1|Restaurante|1|PORCION DE ARROZ BLANCO| |9500064|PORCION DE ARROZ BLANCO| |9500064|Major Group 10|10|Major Group 10|10|Family Group 1008|1008|Family Group 1008|1008|OT1|1|Order Type Master 1|1|3426.00|0.00|3426.00|0.00|0.00|0.00|3426.00|0.00|3426.00|1|3426.00|1|0|0.00|0.00|0.00|52|12
FPMI|Restaurante|1|Restaurante|1|CARNE MOLIDA| |9500108|CARNE MOLIDA| |9500108|Major Group 10|10|Major Group 10|10|Family Group 1008|1008|Family Group 1008|1008|OT1|1|Order Type Master 1|1|7870.00|0.00|7870.00|0.00|0.00|0.00|7870.00|0.00|7870.00|1|7870.00|1|0|0.00|0.00|0.00|52|12
FPMI|Restaurante|1|Restaurante|1|Mod BienAsado| |980000006|Mod BienAsado| |980000006|Major Group 10|10|Major Group 10|10|Family Group 1008|1008|Family Group 1008|1008|OT1|1|Order Type Master 1|1|0.00|0.00|0.00|0.00|0.00|0.00|0.00|0.00|0.00|1|0.00|1|0|0.00|0.00|0.00|54|13
FPMI|Domicilios|20|Domicilios|20|MJE ALM| |90000037|MJE ALM| |90000037|Major Group 10|10|Major Group 10|10|Family Group 1008|1008|Family Group 1008|1008|OT2|2|Order Type Master 2|2|0.00|0.00|0.00|0.00|0.00|0.00|0.00|0.00|0.00|1|0.00|1|0|0.00|0.00|0.00|71|17
FPMI|Plataformas|21|Plataformas|21|AREPA DE CHOCOLO| |9506036|AREPA DE CHOCOLO| |9506036|Major Group 10|10|Major Group 10|10|Family Group 1008|1008|Family Group 1008|1008|OT7|7|Order Type Master 7|7|0.00|0.00|0.00|0.00|0.00|0.00|0.00|0.00|0.00|153|0.00|0|0|0.00|0.00|0.00|79|19
FPMI|Plataformas|21|Plataformas|21|PICADA INDIVIDUAL  CRIOLLA| |9502576|PICADA INDIVIDUAL  CRIOLLA| |9502576|Major Group 10|10|Major Group 10|10|Family Group 1008|1008|Family Group 1008|1008|OT7|7|Order Type Master 7|7|35648.00|0.00|35648.00|0.00|0.00|0.00|35648.00|0.00|35648.00|177|35648.00|1|0|0.00|0.00|0.00|79|19
FPMI|Plataformas|21|Plataformas|21|PICADA INDIVIDUAL FRANCESA| |9502584|PICADA INDIVIDUAL FRANCESA| |9502584|Major Group 10|10|Major Group 10|10|Family Group 1008|1008|Family Group 1008|1008|OT7|7|Order Type Master 7|7|-39630.00|0.00|-39630.00|0.00|0.00|0.00|-39630.00|0.00|-39630.00|153|-39630.00|-1|0|0.00|0.00|0.00|79|19
FPMI|Restaurante|1|Restaurante|1|AGUA MANANTIAL SIN GAS 500 ML| |9606135|AGUA MANANTIAL SIN GAS 500 ML| |9606135|Major Group 20|20|Major Group 20|20|Family Group 3000|3000|Family Group 3000|3000|OT1|1|Order Type Master 1|1|0.00|0.00|0.00|0.00|0.00|0.00|0.00|0.00|0.00|1|0.00|0|0|0.00|0.00|0.00|54|13
FPMI|Restaurante|1|Restaurante|1|AGUA MANANTIAL SIN GAS 500 ML| |9606135|AGUA MANANTIAL SIN GAS 500 ML| |9606135|Major Group 20|20|Major Group 20|20|Family Group 3000|3000|Family Group 3000|3000|OT1|1|Order Type Master 1|1|8148.00|0.00|8148.00|0.00|0.00|0.00|8148.00|0.00|8148.00|1|8148.00|1|0|0.00|0.00|0.00|56|13
FPMI|Restaurante|1|Restaurante|1|AGUA MANANTIAL CON GAS 300 ML CON LIMON| |9606138|AGUA MANANTIAL CON GAS 300 ML CON LIMON| |9606138|Major Group 20|20|Major Group 20|20|Family Group 3000|3000|Family Group 3000|3000|OT1|1|Order Type Master 1|1|6852.00|0.00|6852.00|0.00|0.00|0.00|6852.00|0.00|6852.00|1|6852.00|1|0|0.00|0.00|0.00|56|13
FPMI|Restaurante|1|Restaurante|1|SODA CON LIMON| |9606141|SODA CON LIMON| |9606141|Major Group 20|20|Major Group 20|20|Family Group 3000|3000|Family Group 3000|3000|OT1|1|Order Type Master 1|1|7222.00|0.00|7222.00|0.00|0.00|0.00|7222.00|0.00|7222.00|1|7222.00|1|0|0.00|0.00|0.00|52|12
FPMI|Restaurante|1|Restaurante|1|CANASTA DE 4 EMPANADAS CACHACAS| |9528040|CANASTA DE 4 EMPANADAS CACHACAS| |9528040|Major Group 10|10|Major Group 10|10|Family Group 1008|1008|Family Group 1008|1008|OT1|1|Order Type Master 1|1|22500.00|0.00|22500.00|0.00|0.00|0.00|22500.00|0.00|22500.00|1|22500.00|1|0|0.00|0.00|0.00|49|12
FPMI|Restaurante|1|Restaurante|1|SALSA DE TOMATE| |9500483|SALSA DE TOMATE| |9500483|Major Group 10|10|Major Group 10|10|Family Group 1008|1008|Family Group 1008|1008|OT1|1|Order Type Master 1|1|0.00|0.00|0.00|0.00|0.00|0.00|0.00|0.00|0.00|1|0.00|1|0|0.00|0.00|0.00|50|12
FPMI|Restaurante|1|Restaurante|1|PICADA INDIVIDUAL FRANCESA| |9502584|PICADA INDIVIDUAL FRANCESA| |9502584|Major Group 10|10|Major Group 10|10|Family Group 1008|1008|Family Group 1008|1008|OT1|1|Order Type Master 1|1|0.00|-1926.00|-1926.00|0.00|0.00|0.00|0.00|-1926.00|-1926.00|1|0.00|0|0|0.00|0.00|0.00|60|14
FPMI|Restaurante|1|Restaurante|1|CARNE MOLIDA| |9500108|CARNE MOLIDA| |9500108|Major Group 10|10|Major Group 10|10|Family Group 1008|1008|Family Group 1008|1008|OT1|1|Order Type Master 1|1|0.00|-392.00|-392.00|0.00|0.00|0.00|0.00|-392.00|-392.00|1|0.00|0|0|0.00|0.00|0.00|60|14
FPMI|Restaurante|1|Restaurante|1|CHICHARRON 90 gr| |9528024|CHICHARRON 90 gr| |9528024|Major Group 10|10|Major Group 10|10|Family Group 1008|1008|Family Group 1008|1008|OT1|1|Order Type Master 1|1|0.00|-1327.00|-1327.00|0.00|0.00|0.00|0.00|-1327.00|-1327.00|1|0.00|0|0|0.00|0.00|0.00|60|14
FPMI|Restaurante|1|Restaurante|1|CALENTADO PAISA| |9518008|CALENTADO PAISA| |9518008|Major Group 10|10|Major Group 10|10|Family Group 1008|1008|Family Group 1008|1008|OT1|1|Order Type Master 1|1|35093.00|0.00|35093.00|0.00|0.00|0.00|35093.00|0.00|35093.00|1|35093.00|1|0|0.00|0.00|0.00|70|17
FPMI|Restaurante|1|Restaurante|1|CALENTADO ANDRES| |9518004|CALENTADO ANDRES| |9518004|Major Group 10|10|Major Group 10|10|Family Group 1008|1008|Family Group 1008|1008|OT1|1|Order Type Master 1|1|35093.00|0.00|35093.00|0.00|0.00|0.00|35093.00|0.00|35093.00|1|35093.00|1|0|0.00|0.00|0.00|77|19
FPMI|Restaurante|1|Restaurante|1|Mod 1/2| |980000002|Mod 1/2| |980000002|Major Group 10|10|Major Group 10|10|Family Group 1008|1008|Family Group 1008|1008|OT1|1|Order Type Master 1|1|0.00|0.00|0.00|0.00|0.00|0.00|0.00|0.00|0.00|1|0.00|2|0|0.00|0.00|0.00|54|13
FPMI|Restaurante|1|Restaurante|1|Mod CocaCola Zero 400ml| |980000103|Mod CocaCola Zero 400ml| |980000103|Major Group 10|10|Major Group 10|10|Family Group 1008|1008|Family Group 1008|1008|OT1|1|Order Type Master 1|1|0.00|0.00|0.00|0.00|0.00|0.00|0.00|0.00|0.00|1|0.00|1|0|0.00|0.00|0.00|51|12
FPMI|Restaurante|1|Restaurante|1|COMO ENTRADA| |90000038|COMO ENTRADA| |90000038|Major Group 10|10|Major Group 10|10|Family Group 1008|1008|Family Group 1008|1008|OT1|1|Order Type Master 1|1|0.00|0.00|0.00|0.00|0.00|0.00|0.00|0.00|0.00|1|0.00|1|0|0.00|0.00|0.00|53|13
FPMI|Restaurante|1|Restaurante|1|Mod CocaCola Zero 400ml| |980000103|Mod CocaCola Zero 400ml| |980000103|Major Group 10|10|Major Group 10|10|Family Group 1008|1008|Family Group 1008|1008|OT1|1|Order Type Master 1|1|0.00|0.00|0.00|0.00|0.00|0.00|0.00|0.00|0.00|1|0.00|1|0|0.00|0.00|0.00|53|13
FPMI|Restaurante|1|Restaurante|1|COMBO HAMBURGUESA CAMPESINA 125 gr BOT| |9508022|COMBO HAMBURGUESA CAMPESINA 125 gr BOT| |9508022|Major Group 10|10|Major Group 10|10|Family Group 1008|1008|Family Group 1008|1008|OT1|1|Order Type Master 1|1|29259.00|0.00|29259.00|0.00|0.00|0.00|29259.00|0.00|29259.00|1|29259.00|1|0|0.00|0.00|0.00|53|13
FPMI|Restaurante|1|Restaurante|1|BISTEC ENTRECOT 180 gr  ARROZ | |9502522|BISTEC ENTRECOT 180 gr  ARROZ | |9502522|Major Group 10|10|Major Group 10|10|Family Group 1008|1008|Family Group 1008|1008|OT1|1|Order Type Master 1|1|38704.00|0.00|38704.00|0.00|0.00|0.00|38704.00|0.00|38704.00|1|38704.00|1|0|0.00|0.00|0.00|78|19
FPMI|Restaurante|1|Restaurante|1|Mod 3/4| |980000004|Mod 3/4| |980000004|Major Group 10|10|Major Group 10|10|Family Group 1008|1008|Family Group 1008|1008|OT1|1|Order Type Master 1|1|0.00|0.00|0.00|0.00|0.00|0.00|0.00|0.00|0.00|1|0.00|1|0|0.00|0.00|0.00|59|14
FPMI|Restaurante|1|Restaurante|1|CHURRASCO 250 gr CRIOLLA| |9502355|CHURRASCO 250 gr CRIOLLA| |9502355|Major Group 10|10|Major Group 10|10|Family Group 1008|1008|Family Group 1008|1008|OT1|1|Order Type Master 1|1|0.00|-2492.00|-2492.00|0.00|0.00|0.00|0.00|-2492.00|-2492.00|1|0.00|0|0|0.00|0.00|0.00|57|14
FPMI|Restaurante|1|Restaurante|1|CHICHARRON 90 gr| |9528024|CHICHARRON 90 gr| |9528024|Major Group 10|10|Major Group 10|10|Family Group 1008|1008|Family Group 1008|1008|OT1|1|Order Type Master 1|1|26667.00|0.00|26667.00|0.00|0.00|0.00|26667.00|0.00|26667.00|1|26667.00|1|0|0.00|0.00|0.00|52|12
FPMI|Domicilios|20|Domicilios|20|PORCION DE ARROZ BLANCO| |9500064|PORCION DE ARROZ BLANCO| |9500064|Major Group 10|10|Major Group 10|10|Family Group 1008|1008|Family Group 1008|1008|OT2|2|Order Type Master 2|2|3426.00|0.00|3426.00|0.00|0.00|0.00|3426.00|0.00|3426.00|73|3426.00|1|0|0.00|0.00|0.00|71|17
FPMI|Plataformas|21|Plataformas|21|LOMO NINOS| |9542013|LOMO NINOS| |9542013|Major Group 10|10|Major Group 10|10|Family Group 1008|1008|Family Group 1008|1008|OT7|7|Order Type Master 7|7|31296.00|0.00|31296.00|0.00|0.00|0.00|31296.00|0.00|31296.00|153|31296.00|1|0|0.00|0.00|0.00|51|12
FPMI|Plataformas|21|Plataformas|21|SALMON A LA PLANCHA 200 gr ENSALADA| |9504162|SALMON A LA PLANCHA 200 gr ENSALADA| |9504162|Major Group 10|10|Major Group 10|10|Family Group 1008|1008|Family Group 1008|1008|OT7|7|Order Type Master 7|7|50370.00|0.00|50370.00|0.00|0.00|0.00|50370.00|0.00|50370.00|153|50370.00|1|0|0.00|0.00|0.00|55|13
FPMI|Restaurante|1|Restaurante|1|GASEOSA 400 ml| |9606131|GASEOSA 400 ml| |9606131|Major Group 20|20|Major Group 20|20|Family Group 3000|3000|Family Group 3000|3000|OT1|1|Order Type Master 1|1|7593.00|0.00|7593.00|0.00|0.00|0.00|7593.00|0.00|7593.00|1|7593.00|1|0|0.00|0.00|0.00|57|14
FPMI|Restaurante|1|Restaurante|1|SODA CON LIMON| |9606141|SODA CON LIMON| |9606141|Major Group 20|20|Major Group 20|20|Family Group 3000|3000|Family Group 3000|3000|OT1|1|Order Type Master 1|1|0.00|-359.00|-359.00|0.00|0.00|0.00|0.00|-359.00|-359.00|1|0.00|0|0|0.00|0.00|0.00|60|14
FPMI|Restaurante|1|Restaurante|1|JUGO DE MORA EN AGUA| |9604108|JUGO DE MORA EN AGUA| |9604108|Major Group 20|20|Major Group 20|20|Family Group 3000|3000|Family Group 3000|3000|OT1|1|Order Type Master 1|1|20186.00|0.00|20186.00|0.00|0.00|0.00|20186.00|0.00|20186.00|1|20186.00|2|0|0.00|0.00|0.00|70|17
FPMI|Restaurante|1|Restaurante|1|CERVEZA CORONA| |9608012|CERVEZA CORONA| |9608012|Major Group 20|20|Major Group 20|20|Family Group 3000|3000|Family Group 3000|3000|OT1|1|Order Type Master 1|1|12778.00|0.00|12778.00|0.00|0.00|0.00|12778.00|0.00|12778.00|1|12778.00|1|0|0.00|0.00|0.00|59|14
FPMI|Restaurante|1|Restaurante|1|AJIACO  POLLO| |9520008|AJIACO  POLLO| |9520008|Major Group 10|10|Major Group 10|10|Family Group 1008|1008|Family Group 1008|1008|OT1|1|Order Type Master 1|1|34074.00|0.00|34074.00|0.00|0.00|0.00|34074.00|0.00|34074.00|1|34074.00|1|0|0.00|0.00|0.00|54|13
FPMI|Restaurante|1|Restaurante|1|AREPA DE CHOCOLO| |9506036|AREPA DE CHOCOLO| |9506036|Major Group 10|10|Major Group 10|10|Family Group 1008|1008|Family Group 1008|1008|OT1|1|Order Type Master 1|1|20185.00|0.00|20185.00|0.00|0.00|0.00|20185.00|0.00|20185.00|1|20185.00|1|0|0.00|0.00|0.00|53|13
FPMI|Restaurante|1|Restaurante|1|PUNTA DE ANCA 250 gr CASCO| |9502232|PUNTA DE ANCA 250 gr CASCO| |9502232|Major Group 10|10|Major Group 10|10|Family Group 1008|1008|Family Group 1008|1008|OT1|1|Order Type Master 1|1|52593.00|0.00|52593.00|0.00|0.00|0.00|52593.00|0.00|52593.00|1|52593.00|1|0|0.00|0.00|0.00|53|13
FPMI|Restaurante|1|Restaurante|1|BANDEJA PAISA| |9520036|BANDEJA PAISA| |9520036|Major Group 10|10|Major Group 10|10|Family Group 1008|1008|Family Group 1008|1008|OT1|1|Order Type Master 1|1|212500.00|0.00|212500.00|0.00|0.00|0.00|212500.00|0.00|212500.00|1|212500.00|5|0|0.00|0.00|0.00|56|13
FPMI|Restaurante|1|Restaurante|1|MJE ALM| |90000037|MJE ALM| |90000037|Major Group 10|10|Major Group 10|10|Family Group 1008|1008|Family Group 1008|1008|OT1|1|Order Type Master 1|1|0.00|0.00|0.00|0.00|0.00|0.00|0.00|0.00|0.00|1|0.00|1|0|0.00|0.00|0.00|78|19
FPMI|Restaurante|1|Restaurante|1|PUNTA DE ANCA 250 gr CASCO| |9502232|PUNTA DE ANCA 250 gr CASCO| |9502232|Major Group 10|10|Major Group 10|10|Family Group 1008|1008|Family Group 1008|1008|OT1|1|Order Type Master 1|1|52593.00|0.00|52593.00|0.00|0.00|0.00|52593.00|0.00|52593.00|1|52593.00|1|0|0.00|0.00|0.00|59|14
FPMI|Restaurante|1|Restaurante|1|PAPA CHIPS| |9500470|PAPA CHIPS| |9500470|Major Group 10|10|Major Group 10|10|Family Group 1008|1008|Family Group 1008|1008|OT1|1|Order Type Master 1|1|0.00|-362.00|-362.00|0.00|0.00|0.00|0.00|-362.00|-362.00|1|0.00|0|0|0.00|0.00|0.00|57|14
FPMI|Restaurante|1|Restaurante|1|MJE ALM| |90000037|MJE ALM| |90000037|Major Group 10|10|Major Group 10|10|Family Group 1008|1008|Family Group 1008|1008|OT1|1|Order Type Master 1|1|0.00|0.00|0.00|0.00|0.00|0.00|0.00|0.00|0.00|1|0.00|1|0|0.00|0.00|0.00|54|13
FPMI|Restaurante|1|Restaurante|1|SALSA CHIMICHURRI| |9500388|SALSA CHIMICHURRI| |9500388|Major Group 10|10|Major Group 10|10|Family Group 1008|1008|Family Group 1008|1008|OT1|1|Order Type Master 1|1|0.00|0.00|0.00|0.00|0.00|0.00|0.00|0.00|0.00|1|0.00|2|0|0.00|0.00|0.00|50|12
FPMI|Restaurante|1|Restaurante|1|SALSA BBQ| |9500380|SALSA BBQ| |9500380|Major Group 10|10|Major Group 10|10|Family Group 1008|1008|Family Group 1008|1008|OT1|1|Order Type Master 1|1|0.00|0.00|0.00|0.00|0.00|0.00|0.00|0.00|0.00|1|0.00|1|0|0.00|0.00|0.00|60|14
FPMI|Restaurante|1|Restaurante|1|JUGO DE PINA - HIERBABUENA AGUA| |9604263|JUGO DE PINA - HIERBABUENA AGUA| |9604263|Major Group 20|20|Major Group 20|20|Family Group 3000|3000|Family Group 3000|3000|OT1|1|Order Type Master 1|1|11019.00|0.00|11019.00|0.00|0.00|0.00|11019.00|0.00|11019.00|1|11019.00|1|0|0.00|0.00|0.00|49|12
FPMI|Restaurante|1|Restaurante|1|JUGO DE MARACUYA EN AGUA| |9604116|JUGO DE MARACUYA EN AGUA| |9604116|Major Group 20|20|Major Group 20|20|Family Group 3000|3000|Family Group 3000|3000|OT1|1|Order Type Master 1|1|10093.00|0.00|10093.00|0.00|0.00|0.00|10093.00|0.00|10093.00|1|10093.00|1|0|0.00|0.00|0.00|49|12
FPMI|Restaurante|1|Restaurante|1|GASEOSA 400 ml| |9606131|GASEOSA 400 ml| |9606131|Major Group 20|20|Major Group 20|20|Family Group 3000|3000|Family Group 3000|3000|OT1|1|Order Type Master 1|1|7593.00|0.00|7593.00|0.00|0.00|0.00|7593.00|0.00|7593.00|1|7593.00|1|0|0.00|0.00|0.00|53|13
FPMI|Restaurante|1|Restaurante|1|AGUA MANANTIAL SIN GAS 500 ML| |9606135|AGUA MANANTIAL SIN GAS 500 ML| |9606135|Major Group 20|20|Major Group 20|20|Family Group 3000|3000|Family Group 3000|3000|OT1|1|Order Type Master 1|1|8148.00|0.00|8148.00|0.00|0.00|0.00|8148.00|0.00|8148.00|1|8148.00|1|0|0.00|0.00|0.00|78|19
FPMI|Restaurante|1|Restaurante|1|CHURRASCO 250 gr ENSALADA| |9502108|CHURRASCO 250 gr ENSALADA| |9502108|Major Group 10|10|Major Group 10|10|Family Group 1008|1008|Family Group 1008|1008|OT1|1|Order Type Master 1|1|99630.00|0.00|99630.00|0.00|0.00|0.00|99630.00|0.00|99630.00|1|99630.00|2|0|0.00|0.00|0.00|49|12
FPMI|Restaurante|1|Restaurante|1|CHURRASCO 250 gr CASCO| |9502106|CHURRASCO 250 gr CASCO| |9502106|Major Group 10|10|Major Group 10|10|Family Group 1008|1008|Family Group 1008|1008|OT1|1|Order Type Master 1|1|49815.00|0.00|49815.00|0.00|0.00|0.00|49815.00|0.00|49815.00|1|49815.00|1|0|0.00|0.00|0.00|49|12
FPMI|Restaurante|1|Restaurante|1|AREPA DE CHOCOLO| |9506036|AREPA DE CHOCOLO| |9506036|Major Group 10|10|Major Group 10|10|Family Group 1008|1008|Family Group 1008|1008|OT1|1|Order Type Master 1|1|20185.00|0.00|20185.00|0.00|0.00|0.00|20185.00|0.00|20185.00|1|20185.00|1|0|0.00|0.00|0.00|75|18
FPMI|Restaurante|1|Restaurante|1|Mod 3/4| |980000004|Mod 3/4| |980000004|Major Group 10|10|Major Group 10|10|Family Group 1008|1008|Family Group 1008|1008|OT1|1|Order Type Master 1|1|0.00|0.00|0.00|0.00|0.00|0.00|0.00|0.00|0.00|1|0.00|1|0|0.00|0.00|0.00|56|13
FPMI|Restaurante|1|Restaurante|1|SOPA DE VERDURAS| |9520050|SOPA DE VERDURAS| |9520050|Major Group 10|10|Major Group 10|10|Family Group 1008|1008|Family Group 1008|1008|OT1|1|Order Type Master 1|1|13148.00|0.00|13148.00|0.00|0.00|0.00|13148.00|0.00|13148.00|1|13148.00|1|0|0.00|0.00|0.00|78|19
FPMI|Restaurante|1|Restaurante|1|PUNTA DE ANCA 250 gr ARROZ| |9502230|PUNTA DE ANCA 250 gr ARROZ| |9502230|Major Group 10|10|Major Group 10|10|Family Group 1008|1008|Family Group 1008|1008|OT1|1|Order Type Master 1|1|0.00|-2631.00|-2631.00|0.00|0.00|0.00|0.00|-2631.00|-2631.00|1|0.00|0|0|0.00|0.00|0.00|57|14
FPMI|Restaurante|1|Restaurante|1|PUNTA DE ANCA 250 gr ARROZ| |9502230|PUNTA DE ANCA 250 gr ARROZ| |9502230|Major Group 10|10|Major Group 10|10|Family Group 1008|1008|Family Group 1008|1008|OT1|1|Order Type Master 1|1|52593.00|0.00|52593.00|0.00|0.00|0.00|52593.00|0.00|52593.00|1|52593.00|1|0|0.00|0.00|0.00|54|13
FPMI|Plataformas|21|Plataformas|21|MJE ALM| |90000037|MJE ALM| |90000037|Major Group 10|10|Major Group 10|10|Family Group 1008|1008|Family Group 1008|1008|OT7|7|Order Type Master 7|7|0.00|0.00|0.00|0.00|0.00|0.00|0.00|0.00|0.00|1|0.00|1|0|0.00|0.00|0.00|57|14
FPMI|Plataformas|21|Plataformas|21|AREPA DE CHOCOLO| |9506036|AREPA DE CHOCOLO| |9506036|Major Group 10|10|Major Group 10|10|Family Group 1008|1008|Family Group 1008|1008|OT7|7|Order Type Master 7|7|21111.00|0.00|21111.00|0.00|0.00|0.00|21111.00|0.00|21111.00|153|21111.00|1|0|0.00|0.00|0.00|55|13
FPMI|Plataformas|21|Plataformas|21|CHICHARRON 90 gr| |9528024|CHICHARRON 90 gr| |9528024|Major Group 10|10|Major Group 10|10|Family Group 1008|1008|Family Group 1008|1008|OT7|7|Order Type Master 7|7|27963.00|0.00|27963.00|0.00|0.00|0.00|27963.00|0.00|27963.00|153|27963.00|1|0|0.00|0.00|0.00|52|12
