FPID|Expr1|Expres Calle 93|20250116|20250116|20250117|122910|2.00|2.00|Simphony|19.7.2
FPSUM|Restaurante|1|Restaurante|1|9074.00|908.00|0|0|0.00|0|726.00|0|0|0|0|0|0.00|0.00|0.00|0|0|0|0.00|0|0.00|0|0.00|0|10708.00|0|79759.00|1|0.00|0|0.00|0|0.00|0.00|14|60|9074.00|0.00|0.00|0.00|9074.00|87993.83|87993.83|0.00|1.00|0.00|87993.83|87993.83|87993.83
FPSUM|Plataformas|21|Plataformas|21|57130.00|0.00|0|0|0.00|0|4570.00|1|0|0|0|0|0.00|0.00|0.00|0|0|0|0.00|0|0.00|0|0.00|0|61700.00|1|61700.00|1|0.00|0|0.00|0|0.00|0.00|11|48|57130.00|0.00|0.00|0.00|57130.00|54783.83|54783.83|0.00|0.67|0.00|82175.71|54783.83|54783.83
FPSUM|Plataformas|21|Plataformas|21|0.00|0.00|0|0|0.00|0|0.00|0|0|0|0|0|0.00|0.00|0.00|0|0|0|0.00|0|0.00|0|0.00|1|0.00|0|0.00|0|0.00|0|0.00|0|0.00|0.00|18|74|0.00|0.00|0.00|0.00|0.00|10540.17|10540.17|0.00|0.17|0.00|63240.87|10540.17|10540.17
FPSUM|Domicilios|20|Domicilios|20|18520.00|0.00|0|0|0.00|0|1480.00|1|0|0|0|0|0.00|0.00|0.00|0|0|0|0.00|0|0.00|0|0.00|0|20000.00|1|20000.00|1|0.00|0|0.00|0|0.00|0.00|19|79|18520.00|0.00|0.00|0.00|18520.00|3981.50|3181.50|-800.00|0.17|0.00|19088.96|3981.50|3181.50
FPSUM|Restaurante|1|Restaurante|1|87223.00|8722.00|0|0|0.00|0|6977.00|1|0|0|0|0|0.00|0.00|0.00|0|0|0|0.00|0|0.00|0|0.00|0|102922.00|1|32778.00|1|0.00|0|0.00|0|0.00|0.00|19|77|87223.00|0.00|0.00|0.00|87223.00|4938.17|4938.17|0.00|0.17|0.00|29628.94|4938.17|4938.17
FPSUM|Restaurante|1|Restaurante|1|0.00|0.00|0|0|0.00|0|0.00|0|0|0|0|0|0.00|0.00|0.00|0|0|0|0.00|0|0.00|0|0.00|0|0.00|0|317070.00|1|0.00|0|0.00|0|0.00|0.00|19|78|0.00|0.00|0.00|0.00|0.00|37669.00|37669.00|0.00|0.33|0.00|113007.11|37669.00|37669.00
FPSUM|Restaurante|1|Restaurante|1|309722.00|30971.00|0|0|0.00|0|24778.00|3|0|0|0|0|0.00|0.00|0.00|0|0|0|0.00|0|0.00|0|0.00|0|365471.00|3|842277.00|6|0.00|0|0.00|0|0.00|0.00|14|57|309722.00|0.00|0.00|0.00|309722.00|158334.00|158334.00|0.00|1.33|0.00|118750.53|158334.00|158334.00
FPSUM|Restaurante|1|Restaurante|1|562780.00|56277.00|0|0|0.00|0|45020.00|4|0|0|0|0|0.00|0.00|0.00|0|0|0|12600.00|1|0.00|0|0.00|0|664077.00|4|30155.00|1|0.00|0|0.00|0|0.00|0.00|13|54|562780.00|0.00|0.00|0.00|562780.00|113364.67|113364.67|0.00|1.17|0.00|97169.69|113364.67|113364.67
FPSUM|Plataformas|21|Plataformas|21|69074.00|0.00|0|0|0.00|0|5526.00|2|0|0|0|0|0.00|0.00|0.00|0|0|0|0.00|0|0.00|0|0.00|1|74600.00|2|74600.00|2|0.00|0|0.00|0|0.00|0.00|12|52|69074.00|0.00|0.00|0.00|69074.00|13410.83|13410.83|0.00|0.50|0.00|26821.67|13410.83|13410.83
FPSUM|Restaurante|1|Restaurante|1|27778.00|2778.00|0|0|0.00|0|2222.00|1|0|0|0|0|0.00|0.00|0.00|0|0|0|0.00|0|0.00|0|0.00|0|32778.00|1|0.00|0|0.00|0|0.00|0|0.00|0.00|18|75|27778.00|0.00|0.00|0.00|27778.00|79784.00|79784.00|0.00|0.67|0.00|119675.94|79784.00|79784.00
FPSUM|Domicilios|20|Domicilios|20|0.00|0.00|0|0|0.00|0|0.00|0|0|0|0|0|0.00|0.00|0.00|0|0|0|0.00|0|0.00|0|0.00|0|0.00|0|0.00|0|0.00|0|0.00|0|0.00|0.00|17|71|0.00|0.00|0.00|0.00|0.00|6945.00|6945.00|0.00|0.17|0.00|41669.92|6945.00|6945.00
FPSUM|Restaurante|1|Restaurante|1|41759.00|4176.00|0|0|0.00|0|3341.00|2|0|0|0|0|0.00|0.00|0.00|0|0|0|0.00|0|0.00|0|0.00|0|49276.00|2|0.00|0|0.00|0|0.00|0|0.00|0.00|16|65|41759.00|0.00|0.00|0.00|41759.00|13657.33|13657.33|0.00|0.17|0.00|81943.84|13657.33|13657.33
FPSUM|Restaurante|1|Restaurante|1|0.00|0.00|0|0|0.00|0|0.00|0|0|0|0|0|0.00|0.00|0.00|0|0|0|0.00|0|0.00|0|0.00|0|-2.00|0|94070.00|1|0.00|0|0.00|0|0.00|0.00|15|64|0.00|0.00|0.00|0.00|0.00|-3241.00|-3241.00|0.00|0.17|0.00|-19445.96|-3241.00|-3241.00
FPSUM|Plataformas|21|Plataformas|21|62871.00|0.00|0|0|0.00|0|5029.00|1|0|0|0|0|0.00|0.00|0.00|0|0|0|0.00|0|0.00|0|0.00|0|67900.00|1|67900.00|1|0.00|0|0.00|0|0.00|0.00|12|50|62871.00|0.00|0.00|0.00|62871.00|10540.17|10540.17|0.00|0.33|0.00|31620.53|10540.17|10540.17
FPSUM|Restaurante|1|Restaurante|1|129075.00|12907.00|0|0|0.00|0|10325.00|2|0|0|0|0|0.00|0.00|0.00|0|0|0|0.00|0|0.00|0|0.00|0|152307.00|2|0.00|0|0.00|0|0.00|0|0.00|0.00|12|50|129075.00|0.00|0.00|0.00|129075.00|22731.67|22731.67|0.00|0.17|0.00|136389.73|22731.67|22731.67
FPSUM|Restaurante|1|Restaurante|1|-6111.00|-611.00|-6722|2|0.00|0|-489.00|0|0|0|0|0|0.00|0.00|0.00|0|0|0|0.00|0|0.00|0|0.00|0|-7211.00|0|42065.00|2|0.00|0|0.00|0|0.00|-489.00|16|67|-6111.00|0.00|0.00|0.00|-6111.00|32145.33|32145.33|0.00|0.50|0.00|64290.67|32145.33|32145.33
FPSUM|Restaurante|1|Restaurante|1|375926.00|37590.00|0|0|0.00|0|30074.00|3|0|0|0|0|0.00|0.00|0.00|0|0|0|9200.00|1|0.00|0|0.00|0|443590.00|3|298059.00|2|0.00|0|0.00|0|0.00|0.00|13|55|375926.00|0.00|0.00|0.00|375926.00|243117.67|243117.67|0.00|1.67|0.00|145870.57|243117.67|243117.67
FPSUM|Restaurante|1|Restaurante|1|0.00|0.00|0|0|0.00|0|0.00|0|0|0|0|0|0.00|0.00|0.00|0|0|0|0.00|0|0.00|0|0.00|0|-2.00|0|102920.00|1|0.00|0|0.00|0|0.00|0.00|19|80|0.00|0.00|0.00|0.00|0.00|10833.33|10833.33|0.00|0.17|0.00|64999.87|10833.33|10833.33
FPSUM|Plataformas|21|Plataformas|21|49074.00|0.00|0|0|0.00|0|3926.00|1|0|0|0|0|0.00|0.00|0.00|0|0|0|0.00|0|0.00|0|0.00|0|53000.00|1|53000.00|1|0.00|0|0.00|0|0.00|0.00|14|58|49074.00|0.00|0.00|0.00|49074.00|41805.67|41805.67|0.00|0.67|0.00|62708.47|41805.67|41805.67
FPSUM|Restaurante|1|Restaurante|1|312408.00|31240.00|0|0|0.00|0|24992.00|3|0|0|0|0|0.00|0.00|0.00|0|0|0|36500.00|1|0.00|0|0.00|0|368640.00|3|0.00|0|0.00|0|0.00|0|0.00|0.00|12|52|312408.00|0.00|0.00|0.00|312408.00|206945.50|206945.50|0.00|1.50|0.00|137963.67|206945.50|206945.50
FPSUM|Plataformas|21|Plataformas|21|64815.00|0.00|0|0|0.00|0|5185.00|1|0|0|0|0|0.00|0.00|0.00|0|0|0|0.00|0|0.00|0|0.00|0|70000.00|1|70000.00|1|0.00|0|0.00|0|0.00|0.00|15|64|64815.00|0.00|0.00|0.00|64815.00|23287.17|23287.17|0.00|0.50|0.00|46574.33|23287.17|23287.17
FPSUM|Domicilios|20|Domicilios|20|54444.00|0.00|0|0|0.00|0|4356.00|1|0|0|0|0|0.00|0.00|0.00|0|0|0|0.00|0|0.00|0|0.00|0|58800.00|1|58800.00|1|0.00|0|0.00|0|0.00|0.00|13|55|54444.00|0.00|0.00|0.00|54444.00|10246.83|10246.83|0.00|0.33|0.00|30740.53|10246.83|10246.83
FPSUM|Plataformas|21|Plataformas|21|71482.00|0.00|0|0|0.00|0|5718.00|1|0|0|0|0|0.00|0.00|0.00|0|0|0|0.00|0|0.00|0|0.00|0|77200.00|1|77200.00|1|0.00|0|0.00|0|0.00|0.00|18|73|71482.00|0.00|0.00|0.00|71482.00|20154.50|20154.50|0.00|0.33|0.00|60463.56|20154.50|20154.50
FPSUM|Restaurante|1|Restaurante|1|205832.00|20583.00|0|0|0.00|0|16468.00|1|0|0|0|0|0.00|0.00|0.00|0|0|0|0.00|0|0.00|0|0.00|0|242883.00|1|0.00|0|0.00|0|0.00|0|0.00|0.00|17|72|205832.00|0.00|0.00|0.00|205832.00|29074.00|29074.00|0.00|0.17|0.00|174443.65|29074.00|29074.00
FPSUM|Restaurante|1|Restaurante|1|39351.00|3935.00|0|0|0.00|0|3149.00|0|0|0|0|0|0.00|0.00|0.00|0|0|0|0.00|0|0.00|0|0.00|0|46435.00|0|0.00|0|0.00|0|0.00|0|0.00|0.00|18|74|39351.00|0.00|0.00|0.00|39351.00|0.00|0.00|0.00|0.00|0.00|0.00|0.00|0.00
FPSUM|Restaurante|1|Restaurante|1|0.00|0.00|0|0|0.00|0|0.00|1|0|0|0|0|0.00|0.00|0.00|0|0|0|0.00|0|0.00|0|0.00|0|0.00|1|320457.00|4|0.00|0|0.00|0|0.00|0.00|13|56|0.00|0.00|0.00|0.00|0.00|46296.83|46296.83|0.00|0.50|0.00|92593.67|46296.83|46296.83
FPSUM|Restaurante|1|Restaurante|1|0.00|0.00|0|0|0.00|0|0.00|0|0|0|0|0|0.00|0.00|0.00|0|0|0|0.00|0|0.00|0|0.00|0|-4.00|0|31900.00|1|0.00|0|0.00|0|0.00|0.00|17|70|0.00|0.00|0.00|0.00|0.00|49521.67|49521.67|0.00|0.33|0.00|148565.15|49521.67|49521.67
FPSUM|Restaurante|1|Restaurante|1|58890.00|5889.00|0|0|0.00|0|4710.00|2|0|0|0|0|0.00|0.00|0.00|0|0|0|0.00|0|0.00|0|0.00|0|69489.00|2|0.00|0|0.00|0|0.00|0|0.00|0.00|16|68|58890.00|0.00|0.00|0.00|58890.00|70324.33|70324.33|0.00|0.33|0.00|210973.21|70324.33|70324.33
FPSUM|Plataformas|21|Plataformas|21|135927.00|0.00|0|0|0.00|0|10873.00|1|0|0|0|0|0.00|0.00|0.00|0|0|0|261400.00|6|0.00|0|0.00|0|146800.00|1|146800.00|1|0.00|0|0.00|0|0.00|0.00|16|68|135927.00|0.00|0.00|0.00|135927.00|22268.50|22268.50|0.00|0.67|0.00|33402.73|22268.50|22268.50
FPSUM|Restaurante|1|Restaurante|1|45741.00|4574.00|0|0|0.00|0|3659.00|1|0|0|0|0|0.00|0.00|0.00|0|0|0|0.00|0|0.00|0|0.00|0|53974.00|1|0.00|0|0.00|0|0.00|0|0.00|0.00|12|49|45741.00|0.00|0.00|0.00|45741.00|19753.33|19753.33|0.00|0.33|0.00|59260.06|19753.33|19753.33
FPSUM|Plataformas|21|Plataformas|21|129445.00|0.00|0|0|0.00|0|10355.00|1|0|0|0|0|0.00|0.00|0.00|0|0|0|0.00|0|0.00|0|0.00|0|139800.00|1|139800.00|1|0.00|0|0.00|0|0.00|0.00|13|56|129445.00|0.00|0.00|0.00|129445.00|45355.00|45355.00|0.00|1.00|0.00|45355.00|45355.00|45355.00
FPSUM|Restaurante|1|Restaurante|1|23519.00|2352.00|0|0|0.00|0|1881.00|0|0|0|0|0|0.00|0.00|0.00|0|0|0|0.00|0|0.00|0|0.00|0|27752.00|0|0.00|0|0.00|0|0.00|0|0.00|0.00|18|73|23519.00|0.00|0.00|0.00|23519.00|30077.17|30077.17|0.00|0.17|0.00|180462.64|30077.17|30077.17
FPSUM|Restaurante|1|Restaurante|1|0.00|0.00|0|0|0.00|0|0.00|0|0|0|0|0|0.00|0.00|0.00|0|0|0|0.00|0|0.00|0|0.00|0|-1.00|0|-1.00|0|0.00|0|0.00|0|0.00|0.00|17|71|0.00|0.00|0.00|0.00|0.00|16620.67|16620.67|0.00|0.33|0.00|49862.05|16620.67|16620.67
FPSUM|Restaurante|1|Restaurante|1|79723.00|-10703.00|0|0|0.00|0|6377.00|1|0|0|0|0|0.00|0.00|0.00|0|0|0|0.00|0|0.00|0|0.00|0|75398.00|1|201701.00|1|0.00|0|0.00|0|0.00|-18675.00|15|61|79723.00|0.00|0.00|0.00|79723.00|0.00|0.00|0.00|0.00|0.00|0.00|0.00|0.00
FPSUM|Restaurante|1|Restaurante|1|74630.00|7463.00|0|0|0.00|0|5970.00|1|0|0|0|0|0.00|0.00|0.00|0|0|0|0.00|0|0.00|0|0.00|0|88059.00|1|53970.00|1|0.00|0|0.00|0|0.00|0.00|12|51|74630.00|0.00|0.00|0.00|74630.00|168764.83|168764.83|0.00|0.83|0.00|202517.88|168764.83|168764.83
FPSUM|Restaurante|1|Restaurante|1|112408.00|11240.00|0|0|0.00|0|8992.00|2|0|0|0|0|0.00|0.00|0.00|0|0|0|26800.00|1|0.00|0|0.00|0|132640.00|2|152307.00|2|0.00|0|0.00|0|0.00|0.00|13|53|112408.00|0.00|0.00|0.00|112408.00|103642.83|103642.83|0.00|1.17|0.00|88836.69|103642.83|103642.83
FPSUM|Restaurante|1|Restaurante|1|0.00|0.00|0|0|0.00|0|0.00|0|0|0|0|0|0.00|0.00|0.00|0|0|0|0.00|0|0.00|0|0.00|0|0.00|0|104124.00|1|0.00|0|0.00|0|0.00|0.00|15|62|0.00|0.00|0.00|0.00|0.00|-108704.17|-108704.17|0.00|0.00|0.00|0.00|-108704.17|-108704.17
FPSUM|Restaurante|1|Restaurante|1|0.00|0.00|0|0|0.00|0|0.00|0|0|0|0|0|0.00|0.00|0.00|0|0|0|0.00|0|0.00|0|0.00|0|0.00|0|177983.00|1|0.00|0|0.00|0|0.00|0.00|14|58|0.00|0.00|0.00|0.00|0.00|77515.67|77515.67|0.00|0.50|0.00|155031.33|77515.67|77515.67
FPSUM|Restaurante|1|Restaurante|1|0.00|0.00|0|0|0.00|0|0.00|0|0|0|0|0|0.00|0.00|0.00|0|0|0|0.00|0|0.00|0|0.00|0|-5.00|0|37580.00|1|0.00|0|0.00|0|0.00|0.00|17|69|0.00|0.00|0.00|0.00|0.00|2330.50|2330.50|0.00|0.00|0.00|0.00|2330.50|2330.50
FPSUM|Plataformas|21|Plataformas|21|59906.00|0.00|0|0|0.00|0|4794.00|1|0|0|0|0|0.00|0.00|0.00|0|0|0|0.00|0|0.00|0|0.00|0|64700.00|1|64700.00|1|0.00|0|0.00|0|0.00|0.00|17|72|59906.00|0.00|0.00|0.00|59906.00|0.00|0.00|0.00|0.00|0.00|0.00|0.00|0.00
FPSUM|Domicilios|20|Domicilios|20|6111.00|0.00|0|0|0.00|0|489.00|1|0|0|0|0|0.00|0.00|0.00|0|0|0|0.00|0|0.00|0|0.00|0|6600.00|1|6600.00|1|0.00|0|0.00|0|0.00|0.00|16|67|6111.00|0.00|0.00|0.00|6111.00|0.00|0.00|0.00|0.00|0.00|0.00|0.00|0.00
FPOT|Restaurante|1|Restaurante|1|OT1|1|Order Type Master 1|1|58890.00|5889.00|0.00|0|0.00|0|4710.00|2|0|0|0|0|0.00|0.00|0.00|0|0|0|0.00|0|0.00|0|0.00|0|69489.00|2|0.00|0|0.00|0|0.00|0|0.00|0.00|16|68|58890.00|0.00|0.00|0.00|58890.00|70324.33|70324.33|0.00|0.33|0.00|210973.21|70324.33|70324.33
FPOT|Restaurante|1|Restaurante|1|OT1|1|Order Type Master 1|1|205832.00|20583.00|0.00|0|0.00|0|16468.00|1|0|0|0|0|0.00|0.00|0.00|0|0|0|0.00|0|0.00|0|0.00|0|242883.00|1|0.00|0|0.00|0|0.00|0|0.00|0.00|17|72|205832.00|0.00|0.00|0.00|205832.00|29074.00|29074.00|0.00|0.17|0.00|174443.65|29074.00|29074.00
FPOT|Restaurante|1|Restaurante|1|OT1|1|Order Type Master 1|1|562780.00|56277.00|0.00|0|0.00|0|45020.00|4|0|0|0|0|0.00|0.00|0.00|0|0|0|12600.00|1|0.00|0|0.00|0|664077.00|4|30155.00|1|0.00|0|0.00|0|0.00|0.00|13|54|562780.00|0.00|0.00|0.00|562780.00|113364.67|113364.67|0.00|1.17|0.00|97169.69|113364.67|113364.67
FPOT|Restaurante|1|Restaurante|1|OT1|1|Order Type Master 1|1|112408.00|11240.00|0.00|0|0.00|0|8992.00|2|0|0|0|0|0.00|0.00|0.00|0|0|0|26800.00|1|0.00|0|0.00|0|132640.00|2|152307.00|2|0.00|0|0.00|0|0.00|0.00|13|53|112408.00|0.00|0.00|0.00|112408.00|103642.83|103642.83|0.00|1.17|0.00|88836.69|103642.83|103642.83
FPOT|Plataformas|21|Plataformas|21|OT7|7|Order Type Master 7|7|69074.00|0.00|0.00|0|0.00|0|5526.00|2|0|0|0|0|0.00|0.00|0.00|0|0|0|0.00|0|0.00|0|0.00|1|74600.00|2|74600.00|2|0.00|0|0.00|0|0.00|0.00|12|52|69074.00|0.00|0.00|0.00|69074.00|13410.83|13410.83|0.00|0.50|0.00|26821.67|13410.83|13410.83
FPOT|Restaurante|1|Restaurante|1|OT1|1|Order Type Master 1|1|-6111.00|-611.00|-6722.00|2|0.00|0|-489.00|0|0|0|0|0|0.00|0.00|0.00|0|0|0|0.00|0|0.00|0|0.00|0|-7211.00|0|42065.00|2|0.00|0|0.00|0|0.00|-489.00|16|67|-6111.00|0.00|0.00|0.00|-6111.00|32145.33|32145.33|0.00|0.50|0.00|64290.67|32145.33|32145.33
FPOT|Restaurante|1|Restaurante|1|OT1|1|Order Type Master 1|1|309722.00|30971.00|0.00|0|0.00|0|24778.00|3|0|0|0|0|0.00|0.00|0.00|0|0|0|0.00|0|0.00|0|0.00|0|365471.00|3|842277.00|6|0.00|0|0.00|0|0.00|0.00|14|57|309722.00|0.00|0.00|0.00|309722.00|158334.00|158334.00|0.00|1.33|0.00|118750.53|158334.00|158334.00
FPOT|Restaurante|1|Restaurante|1|OT1|1|Order Type Master 1|1|312408.00|31240.00|0.00|0|0.00|0|24992.00|3|0|0|0|0|0.00|0.00|0.00|0|0|0|36500.00|1|0.00|0|0.00|0|368640.00|3|0.00|0|0.00|0|0.00|0|0.00|0.00|12|52|312408.00|0.00|0.00|0.00|312408.00|206945.50|206945.50|0.00|1.50|0.00|137963.67|206945.50|206945.50
FPOT|Restaurante|1|Restaurante|1|OT1|1|Order Type Master 1|1|0.00|0.00|0.00|0|0.00|0|0.00|0|0|0|0|0|0.00|0.00|0.00|0|0|0|0.00|0|0.00|0|0.00|0|-2.00|0|102920.00|1|0.00|0|0.00|0|0.00|0.00|19|80|0.00|0.00|0.00|0.00|0.00|10833.33|10833.33|0.00|0.17|0.00|64999.87|10833.33|10833.33
FPOT|Restaurante|1|Restaurante|1|OT1|1|Order Type Master 1|1|79723.00|-10703.00|0.00|0|0.00|0|6377.00|1|0|0|0|0|0.00|0.00|0.00|0|0|0|0.00|0|0.00|0|0.00|0|75398.00|1|201701.00|1|0.00|0|0.00|0|0.00|-18675.00|15|61|79723.00|0.00|0.00|0.00|79723.00|0.00|0.00|0.00|0.00|0.00|0.00|0.00|0.00
FPOT|Domicilios|20|Domicilios|20|OT2|2|Order Type Master 2|2|0.00|0.00|0.00|0|0.00|0|0.00|0|0|0|0|0|0.00|0.00|0.00|0|0|0|0.00|0|0.00|0|0.00|0|0.00|0|0.00|0|0.00|0|0.00|0|0.00|0.00|17|71|0.00|0.00|0.00|0.00|0.00|6945.00|6945.00|0.00|0.17|0.00|41669.92|6945.00|6945.00
FPOT|Plataformas|21|Plataformas|21|OT7|7|Order Type Master 7|7|49074.00|0.00|0.00|0|0.00|0|3926.00|1|0|0|0|0|0.00|0.00|0.00|0|0|0|0.00|0|0.00|0|0.00|0|53000.00|1|53000.00|1|0.00|0|0.00|0|0.00|0.00|14|58|49074.00|0.00|0.00|0.00|49074.00|41805.67|41805.67|0.00|0.67|0.00|62708.47|41805.67|41805.67
FPOT|Restaurante|1|Restaurante|1|OT1|1|Order Type Master 1|1|0.00|0.00|0.00|0|0.00|0|0.00|0|0|0|0|0|0.00|0.00|0.00|0|0|0|0.00|0|0.00|0|0.00|0|-5.00|0|37580.00|1|0.00|0|0.00|0|0.00|0.00|17|69|0.00|0.00|0.00|0.00|0.00|2330.50|2330.50|0.00|0.00|0.00|0.00|2330.50|2330.50
FPOT|Restaurante|1|Restaurante|1|OT1|1|Order Type Master 1|1|9074.00|908.00|0.00|0|0.00|0|726.00|0|0|0|0|0|0.00|0.00|0.00|0|0|0|0.00|0|0.00|0|0.00|0|10708.00|0|79759.00|1|0.00|0|0.00|0|0.00|0.00|14|60|9074.00|0.00|0.00|0.00|9074.00|87993.83|87993.83|0.00|1.00|0.00|87993.83|87993.83|87993.83
FPOT|Restaurante|1|Restaurante|1|OT1|1|Order Type Master 1|1|129075.00|12907.00|0.00|0|0.00|0|10325.00|2|0|0|0|0|0.00|0.00|0.00|0|0|0|0.00|0|0.00|0|0.00|0|152307.00|2|0.00|0|0.00|0|0.00|0|0.00|0.00|12|50|129075.00|0.00|0.00|0.00|129075.00|22731.67|22731.67|0.00|0.17|0.00|136389.73|22731.67|22731.67
FPOT|Domicilios|20|Domicilios|20|OT2|2|Order Type Master 2|2|6111.00|0.00|0.00|0|0.00|0|489.00|1|0|0|0|0|0.00|0.00|0.00|0|0|0|0.00|0|0.00|0|0.00|0|6600.00|1|6600.00|1|0.00|0|0.00|0|0.00|0.00|16|67|6111.00|0.00|0.00|0.00|6111.00|0.00|0.00|0.00|0.00|0.00|0.00|0.00|0.00
FPOT|Plataformas|21|Plataformas|21|OT7|7|Order Type Master 7|7|0.00|0.00|0.00|0|0.00|0|0.00|0|0|0|0|0|0.00|0.00|0.00|0|0|0|0.00|0|0.00|0|0.00|1|0.00|0|0.00|0|0.00|0|0.00|0|0.00|0.00|18|74|0.00|0.00|0.00|0.00|0.00|10540.17|10540.17|0.00|0.17|0.00|63240.87|10540.17|10540.17
FPOT|Plataformas|21|Plataformas|21|OT7|7|Order Type Master 7|7|129445.00|0.00|0.00|0|0.00|0|10355.00|1|0|0|0|0|0.00|0.00|0.00|0|0|0|0.00|0|0.00|0|0.00|0|139800.00|1|139800.00|1|0.00|0|0.00|0|0.00|0.00|13|56|129445.00|0.00|0.00|0.00|129445.00|45355.00|45355.00|0.00|1.00|0.00|45355.00|45355.00|45355.00
FPOT|Restaurante|1|Restaurante|1|OT1|1|Order Type Master 1|1|0.00|0.00|0.00|0|0.00|0|0.00|0|0|0|0|0|0.00|0.00|0.00|0|0|0|0.00|0|0.00|0|0.00|0|0.00|0|104124.00|1|0.00|0|0.00|0|0.00|0.00|15|62|0.00|0.00|0.00|0.00|0.00|-108704.17|-108704.17|0.00|0.00|0.00|0.00|-108704.17|-108704.17
FPOT|Restaurante|1|Restaurante|1|OT1|1|Order Type Master 1|1|0.00|0.00|0.00|0|0.00|0|0.00|1|0|0|0|0|0.00|0.00|0.00|0|0|0|0.00|0|0.00|0|0.00|0|0.00|1|320457.00|4|0.00|0|0.00|0|0.00|0.00|13|56|0.00|0.00|0.00|0.00|0.00|46296.83|46296.83|0.00|0.50|0.00|92593.67|46296.83|46296.83
FPOT|Restaurante|1|Restaurante|1|OT1|1|Order Type Master 1|1|23519.00|2352.00|0.00|0|0.00|0|1881.00|0|0|0|0|0|0.00|0.00|0.00|0|0|0|0.00|0|0.00|0|0.00|0|27752.00|0|0.00|0|0.00|0|0.00|0|0.00|0.00|18|73|23519.00|0.00|0.00|0.00|23519.00|30077.17|30077.17|0.00|0.17|0.00|180462.64|30077.17|30077.17
FPOT|Restaurante|1|Restaurante|1|OT1|1|Order Type Master 1|1|74630.00|7463.00|0.00|0|0.00|0|5970.00|1|0|0|0|0|0.00|0.00|0.00|0|0|0|0.00|0|0.00|0|0.00|0|88059.00|1|53970.00|1|0.00|0|0.00|0|0.00|0.00|12|51|74630.00|0.00|0.00|0.00|74630.00|168764.83|168764.83|0.00|0.83|0.00|202517.88|168764.83|168764.83
FPOT|Restaurante|1|Restaurante|1|OT1|1|Order Type Master 1|1|0.00|0.00|0.00|0|0.00|0|0.00|0|0|0|0|0|0.00|0.00|0.00|0|0|0|0.00|0|0.00|0|0.00|0|-2.00|0|94070.00|1|0.00|0|0.00|0|0.00|0.00|15|64|0.00|0.00|0.00|0.00|0.00|-3241.00|-3241.00|0.00|0.17|0.00|-19445.96|-3241.00|-3241.00
FPOT|Plataformas|21|Plataformas|21|OT7|7|Order Type Master 7|7|64815.00|0.00|0.00|0|0.00|0|5185.00|1|0|0|0|0|0.00|0.00|0.00|0|0|0|0.00|0|0.00|0|0.00|0|70000.00|1|70000.00|1|0.00|0|0.00|0|0.00|0.00|15|64|64815.00|0.00|0.00|0.00|64815.00|23287.17|23287.17|0.00|0.50|0.00|46574.33|23287.17|23287.17
FPOT|Plataformas|21|Plataformas|21|OT7|7|Order Type Master 7|7|57130.00|0.00|0.00|0|0.00|0|4570.00|1|0|0|0|0|0.00|0.00|0.00|0|0|0|0.00|0|0.00|0|0.00|0|61700.00|1|61700.00|1|0.00|0|0.00|0|0.00|0.00|11|48|57130.00|0.00|0.00|0.00|57130.00|54783.83|54783.83|0.00|0.67|0.00|82175.71|54783.83|54783.83
FPOT|Restaurante|1|Restaurante|1|OT1|1|Order Type Master 1|1|0.00|0.00|0.00|0|0.00|0|0.00|0|0|0|0|0|0.00|0.00|0.00|0|0|0|0.00|0|0.00|0|0.00|0|0.00|0|317070.00|1|0.00|0|0.00|0|0.00|0.00|19|78|0.00|0.00|0.00|0.00|0.00|37669.00|37669.00|0.00|0.33|0.00|113007.11|37669.00|37669.00
FPOT|Restaurante|1|Restaurante|1|OT1|1|Order Type Master 1|1|0.00|0.00|0.00|0|0.00|0|0.00|0|0|0|0|0|0.00|0.00|0.00|0|0|0|0.00|0|0.00|0|0.00|0|0.00|0|177983.00|1|0.00|0|0.00|0|0.00|0.00|14|58|0.00|0.00|0.00|0.00|0.00|77515.67|77515.67|0.00|0.50|0.00|155031.33|77515.67|77515.67
FPOT|Restaurante|1|Restaurante|1|OT1|1|Order Type Master 1|1|375926.00|37590.00|0.00|0|0.00|0|30074.00|3|0|0|0|0|0.00|0.00|0.00|0|0|0|9200.00|1|0.00|0|0.00|0|443590.00|3|298059.00|2|0.00|0|0.00|0|0.00|0.00|13|55|375926.00|0.00|0.00|0.00|375926.00|243117.67|243117.67|0.00|1.67|0.00|145870.57|243117.67|243117.67
FPOT|Plataformas|21|Plataformas|21|OT7|7|Order Type Master 7|7|62871.00|0.00|0.00|0|0.00|0|5029.00|1|0|0|0|0|0.00|0.00|0.00|0|0|0|0.00|0|0.00|0|0.00|0|67900.00|1|67900.00|1|0.00|0|0.00|0|0.00|0.00|12|50|62871.00|0.00|0.00|0.00|62871.00|10540.17|10540.17|0.00|0.33|0.00|31620.53|10540.17|10540.17
FPOT|Plataformas|21|Plataformas|21|OT7|7|Order Type Master 7|7|135927.00|0.00|0.00|0|0.00|0|10873.00|1|0|0|0|0|0.00|0.00|0.00|0|0|0|261400.00|6|0.00|0|0.00|0|146800.00|1|146800.00|1|0.00|0|0.00|0|0.00|0.00|16|68|135927.00|0.00|0.00|0.00|135927.00|22268.50|22268.50|0.00|0.67|0.00|33402.73|22268.50|22268.50
FPOT|Restaurante|1|Restaurante|1|OT1|1|Order Type Master 1|1|27778.00|2778.00|0.00|0|0.00|0|2222.00|1|0|0|0|0|0.00|0.00|0.00|0|0|0|0.00|0|0.00|0|0.00|0|32778.00|1|0.00|0|0.00|0|0.00|0|0.00|0.00|18|75|27778.00|0.00|0.00|0.00|27778.00|79784.00|79784.00|0.00|0.67|0.00|119675.94|79784.00|79784.00
FPOT|Restaurante|1|Restaurante|1|OT1|1|Order Type Master 1|1|87223.00|8722.00|0.00|0|0.00|0|6977.00|1|0|0|0|0|0.00|0.00|0.00|0|0|0|0.00|0|0.00|0|0.00|0|102922.00|1|32778.00|1|0.00|0|0.00|0|0.00|0.00|19|77|87223.00|0.00|0.00|0.00|87223.00|4938.17|4938.17|0.00|0.17|0.00|29628.94|4938.17|4938.17
FPOT|Restaurante|1|Restaurante|1|OT1|1|Order Type Master 1|1|0.00|0.00|0.00|0|0.00|0|0.00|0|0|0|0|0|0.00|0.00|0.00|0|0|0|0.00|0|0.00|0|0.00|0|-1.00|0|-1.00|0|0.00|0|0.00|0|0.00|0.00|17|71|0.00|0.00|0.00|0.00|0.00|16620.67|16620.67|0.00|0.33|0.00|49862.05|16620.67|16620.67
FPOT|Restaurante|1|Restaurante|1|OT1|1|Order Type Master 1|1|41759.00|4176.00|0.00|0|0.00|0|3341.00|2|0|0|0|0|0.00|0.00|0.00|0|0|0|0.00|0|0.00|0|0.00|0|49276.00|2|0.00|0|0.00|0|0.00|0|0.00|0.00|16|65|41759.00|0.00|0.00|0.00|41759.00|13657.33|13657.33|0.00|0.17|0.00|81943.84|13657.33|13657.33
FPOT|Plataformas|21|Plataformas|21|OT7|7|Order Type Master 7|7|71482.00|0.00|0.00|0|0.00|0|5718.00|1|0|0|0|0|0.00|0.00|0.00|0|0|0|0.00|0|0.00|0|0.00|0|77200.00|1|77200.00|1|0.00|0|0.00|0|0.00|0.00|18|73|71482.00|0.00|0.00|0.00|71482.00|20154.50|20154.50|0.00|0.33|0.00|60463.56|20154.50|20154.50
FPOT|Restaurante|1|Restaurante|1|OT1|1|Order Type Master 1|1|45741.00|4574.00|0.00|0|0.00|0|3659.00|1|0|0|0|0|0.00|0.00|0.00|0|0|0|0.00|0|0.00|0|0.00|0|53974.00|1|0.00|0|0.00|0|0.00|0|0.00|0.00|12|49|45741.00|0.00|0.00|0.00|45741.00|19753.33|19753.33|0.00|0.33|0.00|59260.06|19753.33|19753.33
FPOT|Restaurante|1|Restaurante|1|OT1|1|Order Type Master 1|1|39351.00|3935.00|0.00|0|0.00|0|3149.00|0|0|0|0|0|0.00|0.00|0.00|0|0|0|0.00|0|0.00|0|0.00|0|46435.00|0|0.00|0|0.00|0|0.00|0|0.00|0.00|18|74|39351.00|0.00|0.00|0.00|39351.00|0.00|0.00|0.00|0.00|0.00|0.00|0.00|0.00
FPOT|Restaurante|1|Restaurante|1|OT1|1|Order Type Master 1|1|0.00|0.00|0.00|0|0.00|0|0.00|0|0|0|0|0|0.00|0.00|0.00|0|0|0|0.00|0|0.00|0|0.00|0|-4.00|0|31900.00|1|0.00|0|0.00|0|0.00|0.00|17|70|0.00|0.00|0.00|0.00|0.00|49521.67|49521.67|0.00|0.33|0.00|148565.15|49521.67|49521.67
FPOT|Domicilios|20|Domicilios|20|OT2|2|Order Type Master 2|2|18520.00|0.00|0.00|0|0.00|0|1480.00|1|0|0|0|0|0.00|0.00|0.00|0|0|0|0.00|0|0.00|0|0.00|0|20000.00|1|20000.00|1|0.00|0|0.00|0|0.00|0.00|19|79|18520.00|0.00|0.00|0.00|18520.00|3981.50|3181.50|-800.00|0.17|0.00|19088.96|3981.50|3181.50
FPOT|Domicilios|20|Domicilios|20|OT2|2|Order Type Master 2|2|54444.00|0.00|0.00|0|0.00|0|4356.00|1|0|0|0|0|0.00|0.00|0.00|0|0|0|0.00|0|0.00|0|0.00|0|58800.00|1|58800.00|1|0.00|0|0.00|0|0.00|0.00|13|55|54444.00|0.00|0.00|0.00|54444.00|10246.83|10246.83|0.00|0.33|0.00|30740.53|10246.83|10246.83
FPOT|Plataformas|21|Plataformas|21|OT7|7|Order Type Master 7|7|59906.00|0.00|0.00|0|0.00|0|4794.00|1|0|0|0|0|0.00|0.00|0.00|0|0|0|0.00|0|0.00|0|0.00|0|64700.00|1|64700.00|1|0.00|0|0.00|0|0.00|0.00|17|72|59906.00|0.00|0.00|0.00|59906.00|0.00|0.00|0.00|0.00|0.00|0.00|0.00|0.00
FPMI|Restaurante|1|Restaurante|1|GASEOSA 400 ml| |9606131|GASEOSA 400 ml| |9606131|BEBIDAS|20|BEBIDAS|20|Bebidas Sin Alcohol|3000|Bebidas Sin Alcohol|3000|OT1|1|Order Type Master 1|1|7593.00|0.00|7593.00|0.00|0.00|0.00|7593.00|0.00|7593.00|1|7593.00|1|0|0.00|0.00|0.00|75|18
FPMI|Restaurante|1|Restaurante|1|AGUA MANANTIAL SIN GAS 500 ML| |9606135|AGUA MANANTIAL SIN GAS 500 ML| |9606135|BEBIDAS|20|BEBIDAS|20|Bebidas Sin Alcohol|3000|Bebidas Sin Alcohol|3000|OT1|1|Order Type Master 1|1|8148.00|0.00|8148.00|0.00|0.00|0.00|8148.00|0.00|8148.00|1|8148.00|1|0|0.00|0.00|0.00|50|12
FPMI|Restaurante|1|Restaurante|1|SODA CON LIMON| |9606141|SODA CON LIMON| |9606141|BEBIDAS|20|BEBIDAS|20|Bebidas Sin Alcohol|3000|Bebidas Sin Alcohol|3000|OT1|1|Order Type Master 1|1|7222.00|0.00|7222.00|0.00|0.00|0.00|7222.00|0.00|7222.00|1|7222.00|1|0|0.00|0.00|0.00|51|12
FPMI|Restaurante|1|Restaurante|1|LIMONADA NATURAL| |9604060|LIMONADA NATURAL| |9604060|BEBIDAS|20|BEBIDAS|20|Bebidas Sin Alcohol|3000|Bebidas Sin Alcohol|3000|OT1|1|Order Type Master 1|1|17038.00|0.00|17038.00|0.00|0.00|0.00|17038.00|0.00|17038.00|1|17038.00|2|0|0.00|0.00|0.00|54|13
FPMI|Restaurante|1|Restaurante|1|LIMONADA NATURAL| |9604060|LIMONADA NATURAL| |9604060|BEBIDAS|20|BEBIDAS|20|Bebidas Sin Alcohol|3000|Bebidas Sin Alcohol|3000|OT1|1|Order Type Master 1|1|25557.00|0.00|25557.00|0.00|0.00|0.00|25557.00|0.00|25557.00|1|25557.00|3|0|0.00|0.00|0.00|55|13
FPMI|Restaurante|1|Restaurante|1|GASEOSA 400 ml| |9606131|GASEOSA 400 ml| |9606131|BEBIDAS|20|BEBIDAS|20|Bebidas Sin Alcohol|3000|Bebidas Sin Alcohol|3000|OT1|1|Order Type Master 1|1|15186.00|0.00|15186.00|0.00|0.00|0.00|15186.00|0.00|15186.00|1|15186.00|2|0|0.00|0.00|0.00|55|13
FPMI|Plataformas|21|Plataformas|21|GASEOSA 400 ml| |9606131|GASEOSA 400 ml| |9606131|BEBIDAS|20|BEBIDAS|20|Bebidas Sin Alcohol|3000|Bebidas Sin Alcohol|3000|OT7|7|Order Type Master 7|7|7963.00|0.00|7963.00|0.00|0.00|0.00|7963.00|0.00|7963.00|153|7963.00|1|0|0.00|0.00|0.00|64|15
FPMI|Restaurante|1|Restaurante|1|EMPANADA DE CARNE | |9528004|EMPANADA DE CARNE | |9528004|ALIMENTOS|10|ALIMENTOS|10|Para Empezar|1008|Para Empezar|1008|OT1|1|Order Type Master 1|1|-6111.00|0.00|-6111.00|0.00|0.00|0.00|-6111.00|0.00|-6111.00|1|-6111.00|-1|0|0.00|0.00|0.00|67|16
FPMI|Restaurante|1|Restaurante|1|CALENTADO ANDRES| |9518004|CALENTADO ANDRES| |9518004|ALIMENTOS|10|ALIMENTOS|10|Para Empezar|1008|Para Empezar|1008|OT1|1|Order Type Master 1|1|70186.00|0.00|70186.00|0.00|0.00|0.00|70186.00|0.00|70186.00|1|70186.00|2|0|0.00|0.00|0.00|50|12
FPMI|Restaurante|1|Restaurante|1|MORCILLA 100 gr| |9502080|MORCILLA 100 gr| |9502080|ALIMENTOS|10|ALIMENTOS|10|Para Empezar|1008|Para Empezar|1008|OT1|1|Order Type Master 1|1|10741.00|0.00|10741.00|0.00|0.00|0.00|10741.00|0.00|10741.00|1|10741.00|1|0|0.00|0.00|0.00|73|18
FPMI|Restaurante|1|Restaurante|1|COMO ENTRADA| |90000038|COMO ENTRADA| |90000038|ALIMENTOS|10|ALIMENTOS|10|Para Empezar|1008|Para Empezar|1008|OT1|1|Order Type Master 1|1|0.00|0.00|0.00|0.00|0.00|0.00|0.00|0.00|0.00|25|0.00|1|0|0.00|0.00|0.00|52|12
FPMI|Restaurante|1|Restaurante|1|CALENTADO ANDRES| |9518004|CALENTADO ANDRES| |9518004|ALIMENTOS|10|ALIMENTOS|10|Para Empezar|1008|Para Empezar|1008|OT1|1|Order Type Master 1|1|35093.00|0.00|35093.00|0.00|0.00|0.00|35093.00|0.00|35093.00|1|35093.00|1|0|0.00|0.00|0.00|52|12
FPMI|Restaurante|1|Restaurante|1|PECHUGA A LA PARRILLA 230 gr ENSALADA | |9506091|PECHUGA A LA PARRILLA 230 gr ENSALADA | |9506091|ALIMENTOS|10|ALIMENTOS|10|Para Empezar|1008|Para Empezar|1008|OT1|1|Order Type Master 1|1|24815.00|0.00|24815.00|0.00|0.00|0.00|24815.00|0.00|24815.00|1|24815.00|1|0|0.00|0.00|0.00|51|12
FPMI|Restaurante|1|Restaurante|1|PUNTA DE ANCA 250 gr CHIPS| |9502430|PUNTA DE ANCA 250 gr CHIPS| |9502430|ALIMENTOS|10|ALIMENTOS|10|Para Empezar|1008|Para Empezar|1008|OT1|1|Order Type Master 1|1|54444.00|0.00|54444.00|0.00|0.00|0.00|54444.00|0.00|54444.00|1|54444.00|1|0|0.00|0.00|0.00|72|17
FPMI|Restaurante|1|Restaurante|1|LOMO 220 gr PAPA CRIOLLA| |9502513|LOMO 220 gr PAPA CRIOLLA| |9502513|ALIMENTOS|10|ALIMENTOS|10|Para Empezar|1008|Para Empezar|1008|OT1|1|Order Type Master 1|1|108888.00|0.00|108888.00|0.00|0.00|0.00|108888.00|0.00|108888.00|1|108888.00|2|0|0.00|0.00|0.00|55|13
FPMI|Restaurante|1|Restaurante|1|Mod 1/2| |980000002|Mod 1/2| |980000002|ALIMENTOS|10|ALIMENTOS|10|Para Empezar|1008|Para Empezar|1008|OT1|1|Order Type Master 1|1|0.00|0.00|0.00|0.00|0.00|0.00|0.00|0.00|0.00|1|0.00|3|0|0.00|0.00|0.00|55|13
FPMI|Restaurante|1|Restaurante|1|COMO ENTRADA| |90000038|COMO ENTRADA| |90000038|ALIMENTOS|10|ALIMENTOS|10|Para Empezar|1008|Para Empezar|1008|OT1|1|Order Type Master 1|1|0.00|0.00|0.00|0.00|0.00|0.00|0.00|0.00|0.00|9|0.00|1|0|0.00|0.00|0.00|55|13
FPMI|Plataformas|21|Plataformas|21|PATACON GRATINADO| |9524040|PATACON GRATINADO| |9524040|ALIMENTOS|10|ALIMENTOS|10|Para Empezar|1008|Para Empezar|1008|OT7|7|Order Type Master 7|7|13796.00|0.00|13796.00|0.00|0.00|0.00|13796.00|0.00|13796.00|153|13796.00|1|0|0.00|0.00|0.00|56|13
FPMI|Plataformas|21|Plataformas|21|PINCHO DE POLLO X 100 GRS| |9502527|PINCHO DE POLLO X 100 GRS| |9502527|ALIMENTOS|10|ALIMENTOS|10|Para Empezar|1008|Para Empezar|1008|OT7|7|Order Type Master 7|7|46110.00|0.00|46110.00|0.00|0.00|0.00|46110.00|0.00|46110.00|153|46110.00|3|0|0.00|0.00|0.00|72|17
FPMI|Plataformas|21|Plataformas|21|CHICHARRON 90 gr| |9528024|CHICHARRON 90 gr| |9528024|ALIMENTOS|10|ALIMENTOS|10|Para Empezar|1008|Para Empezar|1008|OT7|7|Order Type Master 7|7|27963.00|0.00|27963.00|0.00|0.00|0.00|27963.00|0.00|27963.00|153|27963.00|1|0|0.00|0.00|0.00|58|14
FPMI|Restaurante|1|Restaurante|1|CERVEZA CLUB COLOMBIA| |9608004|CERVEZA CLUB COLOMBIA| |9608004|BEBIDAS|20|BEBIDAS|20|Bebidas Sin Alcohol|3000|Bebidas Sin Alcohol|3000|OT1|1|Order Type Master 1|1|33888.00|0.00|33888.00|0.00|0.00|0.00|33888.00|0.00|33888.00|1|33888.00|3|0|0.00|0.00|0.00|74|18
FPMI|Plataformas|21|Plataformas|21|JUGO DE MANGO EN AGUA| |9604156|JUGO DE MANGO EN AGUA| |9604156|BEBIDAS|20|BEBIDAS|20|Bebidas Sin Alcohol|3000|Bebidas Sin Alcohol|3000|OT7|7|Order Type Master 7|7|21112.00|0.00|21112.00|0.00|0.00|0.00|21112.00|0.00|21112.00|153|21112.00|2|0|0.00|0.00|0.00|68|16
FPMI|Restaurante|1|Restaurante|1|PINCHO DE LOMO X 100 GRS| |9502526|PINCHO DE LOMO X 100 GRS| |9502526|ALIMENTOS|10|ALIMENTOS|10|Para Empezar|1008|Para Empezar|1008|OT1|1|Order Type Master 1|1|18333.00|0.00|18333.00|0.00|0.00|0.00|18333.00|0.00|18333.00|1|18333.00|1|0|0.00|0.00|0.00|52|12
FPMI|Restaurante|1|Restaurante|1|COMO ENTRADA| |90000038|COMO ENTRADA| |90000038|ALIMENTOS|10|ALIMENTOS|10|Para Empezar|1008|Para Empezar|1008|OT1|1|Order Type Master 1|1|0.00|0.00|0.00|0.00|0.00|0.00|0.00|0.00|0.00|41|0.00|1|0|0.00|0.00|0.00|57|14
FPMI|Restaurante|1|Restaurante|1|BANDEJA PAISA| |9520036|BANDEJA PAISA| |9520036|ALIMENTOS|10|ALIMENTOS|10|Para Empezar|1008|Para Empezar|1008|OT1|1|Order Type Master 1|1|42500.00|0.00|42500.00|0.00|0.00|0.00|42500.00|0.00|42500.00|1|42500.00|1|0|0.00|0.00|0.00|54|13
FPMI|Restaurante|1|Restaurante|1|PECHUGA A LA PARRILLA 230 gr ARROZ| |9506120|PECHUGA A LA PARRILLA 230 gr ARROZ| |9506120|ALIMENTOS|10|ALIMENTOS|10|Para Empezar|1008|Para Empezar|1008|OT1|1|Order Type Master 1|1|24815.00|0.00|24815.00|0.00|0.00|0.00|24815.00|0.00|24815.00|1|24815.00|1|0|0.00|0.00|0.00|53|13
FPMI|Restaurante|1|Restaurante|1|HUEVO FRITO| |9500212|HUEVO FRITO| |9500212|ALIMENTOS|10|ALIMENTOS|10|Para Empezar|1008|Para Empezar|1008|OT1|1|Order Type Master 1|1|2963.00|0.00|2963.00|0.00|0.00|0.00|2963.00|0.00|2963.00|1|2963.00|1|0|0.00|0.00|0.00|50|12
FPMI|Restaurante|1|Restaurante|1|LONGANIZA 100 gr| |9502092|LONGANIZA 100 gr| |9502092|ALIMENTOS|10|ALIMENTOS|10|Para Empezar|1008|Para Empezar|1008|OT1|1|Order Type Master 1|1|12593.00|0.00|12593.00|0.00|0.00|0.00|12593.00|0.00|12593.00|1|12593.00|1|0|0.00|0.00|0.00|52|12
FPMI|Restaurante|1|Restaurante|1|SALSA BABY| |9500376|SALSA BABY| |9500376|ALIMENTOS|10|ALIMENTOS|10|Para Empezar|1008|Para Empezar|1008|OT1|1|Order Type Master 1|1|0.00|0.00|0.00|0.00|0.00|0.00|0.00|0.00|0.00|1|0.00|7|0|0.00|0.00|0.00|78|19
FPMI|Restaurante|1|Restaurante|1|ENSALADA FRESCA ACOMPANAMIENTO| |9500164|ENSALADA FRESCA ACOMPANAMIENTO| |9500164|ALIMENTOS|10|ALIMENTOS|10|Para Empezar|1008|Para Empezar|1008|OT1|1|Order Type Master 1|1|7222.00|0.00|7222.00|0.00|0.00|0.00|7222.00|0.00|7222.00|1|7222.00|1|0|0.00|0.00|0.00|53|13
FPMI|Restaurante|1|Restaurante|1|PINCHO DE LOMO X 100 GRS| |9502526|PINCHO DE LOMO X 100 GRS| |9502526|ALIMENTOS|10|ALIMENTOS|10|Para Empezar|1008|Para Empezar|1008|OT1|1|Order Type Master 1|1|18333.00|0.00|18333.00|0.00|0.00|0.00|18333.00|0.00|18333.00|1|18333.00|1|0|0.00|0.00|0.00|53|13
FPMI|Restaurante|1|Restaurante|1|COMBO HAMBURGUESA MILAGROSA 180 gr BOT| |9508039|COMBO HAMBURGUESA MILAGROSA 180 gr BOT| |9508039|ALIMENTOS|10|ALIMENTOS|10|Para Empezar|1008|Para Empezar|1008|OT1|1|Order Type Master 1|1|33796.00|0.00|33796.00|0.00|0.00|0.00|33796.00|0.00|33796.00|1|33796.00|1|0|0.00|0.00|0.00|52|12
FPMI|Restaurante|1|Restaurante|1|SALSA CHIMICHURRI| |9500388|SALSA CHIMICHURRI| |9500388|ALIMENTOS|10|ALIMENTOS|10|Para Empezar|1008|Para Empezar|1008|OT1|1|Order Type Master 1|1|0.00|0.00|0.00|0.00|0.00|0.00|0.00|0.00|0.00|1|0.00|7|0|0.00|0.00|0.00|64|15
FPMI|Restaurante|1|Restaurante|1|ENTRECOT 180 gr  CASCO| |9502505|ENTRECOT 180 gr  CASCO| |9502505|ALIMENTOS|10|ALIMENTOS|10|Para Empezar|1008|Para Empezar|1008|OT1|1|Order Type Master 1|1|36852.00|0.00|36852.00|0.00|0.00|0.00|36852.00|0.00|36852.00|1|36852.00|1|0|0.00|0.00|0.00|54|13
FPMI|Restaurante|1|Restaurante|1|SALSA CHIMICHURRI| |9500388|SALSA CHIMICHURRI| |9500388|ALIMENTOS|10|ALIMENTOS|10|Para Empezar|1008|Para Empezar|1008|OT1|1|Order Type Master 1|1|0.00|0.00|0.00|0.00|0.00|0.00|0.00|0.00|0.00|1|0.00|7|0|0.00|0.00|0.00|61|15
FPMI|Restaurante|1|Restaurante|1|SALSA BABY| |9500376|SALSA BABY| |9500376|ALIMENTOS|10|ALIMENTOS|10|Para Empezar|1008|Para Empezar|1008|OT1|1|Order Type Master 1|1|0.00|0.00|0.00|0.00|0.00|0.00|0.00|0.00|0.00|1|0.00|7|0|0.00|0.00|0.00|61|15
FPMI|Restaurante|1|Restaurante|1|PORCION DE TOCINETA| |9500416|PORCION DE TOCINETA| |9500416|ALIMENTOS|10|ALIMENTOS|10|Para Empezar|1008|Para Empezar|1008|OT1|1|Order Type Master 1|1|12778.00|0.00|12778.00|0.00|0.00|0.00|12778.00|0.00|12778.00|1|12778.00|2|0|0.00|0.00|0.00|73|18
FPMI|Domicilios|20|Domicilios|20|MJE ALM| |90000037|MJE ALM| |90000037|ALIMENTOS|10|ALIMENTOS|10|Para Empezar|1008|Para Empezar|1008|OT2|2|Order Type Master 2|2|0.00|0.00|0.00|0.00|0.00|0.00|0.00|0.00|0.00|1|0.00|1|0|0.00|0.00|0.00|55|13
FPMI|Plataformas|21|Plataformas|21|PATACON CON HOGAO| |9524044|PATACON CON HOGAO| |9524044|ALIMENTOS|10|ALIMENTOS|10|Para Empezar|1008|Para Empezar|1008|OT7|7|Order Type Master 7|7|10463.00|0.00|10463.00|0.00|0.00|0.00|10463.00|0.00|10463.00|153|10463.00|1|0|0.00|0.00|0.00|68|16
FPMI|Plataformas|21|Plataformas|21|AREPA DE CHOCOLO| |9506036|AREPA DE CHOCOLO| |9506036|ALIMENTOS|10|ALIMENTOS|10|Para Empezar|1008|Para Empezar|1008|OT7|7|Order Type Master 7|7|21111.00|0.00|21111.00|0.00|0.00|0.00|21111.00|0.00|21111.00|153|21111.00|1|0|0.00|0.00|0.00|56|13
FPMI|Plataformas|21|Plataformas|21|PUNTA DE ANCA 250 gr ENSALADA| |9502234|PUNTA DE ANCA 250 gr ENSALADA| |9502234|ALIMENTOS|10|ALIMENTOS|10|Para Empezar|1008|Para Empezar|1008|OT7|7|Order Type Master 7|7|57130.00|0.00|57130.00|0.00|0.00|0.00|57130.00|0.00|57130.00|153|57130.00|1|0|0.00|0.00|0.00|48|11
FPMI|Restaurante|1|Restaurante|1|GASEOSA 400 ml| |9606131|GASEOSA 400 ml| |9606131|BEBIDAS|20|BEBIDAS|20|Bebidas Sin Alcohol|3000|Bebidas Sin Alcohol|3000|OT1|1|Order Type Master 1|1|15186.00|0.00|15186.00|0.00|0.00|0.00|15186.00|0.00|15186.00|1|15186.00|2|0|0.00|0.00|0.00|52|12
FPMI|Restaurante|1|Restaurante|1|GASEOSA 400 ml| |9606131|GASEOSA 400 ml| |9606131|BEBIDAS|20|BEBIDAS|20|Bebidas Sin Alcohol|3000|Bebidas Sin Alcohol|3000|OT1|1|Order Type Master 1|1|37965.00|0.00|37965.00|0.00|0.00|0.00|37965.00|0.00|37965.00|1|37965.00|5|0|0.00|0.00|0.00|54|13
FPMI|Restaurante|1|Restaurante|1|JUGO DE MANGO EN AGUA| |9604156|JUGO DE MANGO EN AGUA| |9604156|BEBIDAS|20|BEBIDAS|20|Bebidas Sin Alcohol|3000|Bebidas Sin Alcohol|3000|OT1|1|Order Type Master 1|1|10093.00|0.00|10093.00|0.00|0.00|0.00|10093.00|0.00|10093.00|1|10093.00|1|0|0.00|0.00|0.00|54|13
FPMI|Restaurante|1|Restaurante|1|TINTO COLADO AEX| |9602121|TINTO COLADO AEX| |9602121|BEBIDAS|20|BEBIDAS|20|Bebidas Sin Alcohol|3000|Bebidas Sin Alcohol|3000|OT1|1|Order Type Master 1|1|9074.00|0.00|9074.00|0.00|0.00|0.00|9074.00|0.00|9074.00|1|9074.00|2|0|0.00|0.00|0.00|60|14
FPMI|Restaurante|1|Restaurante|1|PINCHO DE POLLO X 100 GRS| |9502527|PINCHO DE POLLO X 100 GRS| |9502527|ALIMENTOS|10|ALIMENTOS|10|Para Empezar|1008|Para Empezar|1008|OT1|1|Order Type Master 1|1|14722.00|0.00|14722.00|0.00|0.00|0.00|14722.00|0.00|14722.00|1|14722.00|1|0|0.00|0.00|0.00|52|12
FPMI|Restaurante|1|Restaurante|1|Mod CocaCola Original 400ml| |980000102|Mod CocaCola Original 400ml| |980000102|ALIMENTOS|10|ALIMENTOS|10|Para Empezar|1008|Para Empezar|1008|OT1|1|Order Type Master 1|1|0.00|0.00|0.00|0.00|0.00|0.00|0.00|0.00|0.00|1|0.00|4|0|0.00|0.00|0.00|54|13
FPMI|Restaurante|1|Restaurante|1|BISTEC CHURRASCO 250 gr ENSALADA| |9502346|BISTEC CHURRASCO 250 gr ENSALADA| |9502346|ALIMENTOS|10|ALIMENTOS|10|Para Empezar|1008|Para Empezar|1008|OT1|1|Order Type Master 1|1|55370.00|0.00|55370.00|0.00|0.00|0.00|55370.00|0.00|55370.00|1|55370.00|1|0|0.00|0.00|0.00|57|14
FPMI|Restaurante|1|Restaurante|1|CHICHARRON 90 gr| |9528024|CHICHARRON 90 gr| |9528024|ALIMENTOS|10|ALIMENTOS|10|Para Empezar|1008|Para Empezar|1008|OT1|1|Order Type Master 1|1|26667.00|0.00|26667.00|0.00|0.00|0.00|26667.00|0.00|26667.00|1|26667.00|1|0|0.00|0.00|0.00|57|14
FPMI|Restaurante|1|Restaurante|1|Mod CocaCola Zero 400ml| |980000103|Mod CocaCola Zero 400ml| |980000103|ALIMENTOS|10|ALIMENTOS|10|Para Empezar|1008|Para Empezar|1008|OT1|1|Order Type Master 1|1|0.00|0.00|0.00|0.00|0.00|0.00|0.00|0.00|0.00|1|0.00|1|0|0.00|0.00|0.00|75|18
FPMI|Restaurante|1|Restaurante|1|PECHUGA A LA PARRILLA 230 gr ENSALADA | |9506091|PECHUGA A LA PARRILLA 230 gr ENSALADA | |9506091|ALIMENTOS|10|ALIMENTOS|10|Para Empezar|1008|Para Empezar|1008|OT1|1|Order Type Master 1|1|24815.00|0.00|24815.00|0.00|0.00|0.00|24815.00|0.00|24815.00|1|24815.00|1|0|0.00|0.00|0.00|53|13
FPMI|Restaurante|1|Restaurante|1|SALSA CHIMICHURRI| |9500388|SALSA CHIMICHURRI| |9500388|ALIMENTOS|10|ALIMENTOS|10|Para Empezar|1008|Para Empezar|1008|OT1|1|Order Type Master 1|1|0.00|0.00|0.00|0.00|0.00|0.00|0.00|0.00|0.00|1|0.00|7|0|0.00|0.00|0.00|78|19
FPMI|Restaurante|1|Restaurante|1|AJIACO  POLLO| |9520008|AJIACO  POLLO| |9520008|ALIMENTOS|10|ALIMENTOS|10|Para Empezar|1008|Para Empezar|1008|OT1|1|Order Type Master 1|1|34074.00|0.00|34074.00|0.00|0.00|0.00|34074.00|0.00|34074.00|1|34074.00|1|0|0.00|0.00|0.00|49|12
FPMI|Restaurante|1|Restaurante|1|ENTRECOT 180 gr  ENSALADA| |9502509|ENTRECOT 180 gr  ENSALADA| |9502509|ALIMENTOS|10|ALIMENTOS|10|Para Empezar|1008|Para Empezar|1008|OT1|1|Order Type Master 1|1|36852.00|0.00|36852.00|0.00|0.00|0.00|36852.00|0.00|36852.00|1|36852.00|1|0|0.00|0.00|0.00|54|13
FPMI|Restaurante|1|Restaurante|1|COMO ENTRADA| |90000038|COMO ENTRADA| |90000038|ALIMENTOS|10|ALIMENTOS|10|Para Empezar|1008|Para Empezar|1008|OT1|1|Order Type Master 1|1|0.00|0.00|0.00|0.00|0.00|0.00|0.00|0.00|0.00|1|0.00|1|0|0.00|0.00|0.00|54|13
FPMI|Restaurante|1|Restaurante|1|PUNTA DE ANCA 250 gr CRIOLLA| |9502358|PUNTA DE ANCA 250 gr CRIOLLA| |9502358|ALIMENTOS|10|ALIMENTOS|10|Para Empezar|1008|Para Empezar|1008|OT1|1|Order Type Master 1|1|54444.00|0.00|54444.00|0.00|0.00|0.00|54444.00|0.00|54444.00|1|54444.00|1|0|0.00|0.00|0.00|72|17
FPMI|Restaurante|1|Restaurante|1|SALSA BABY| |9500376|SALSA BABY| |9500376|ALIMENTOS|10|ALIMENTOS|10|Para Empezar|1008|Para Empezar|1008|OT1|1|Order Type Master 1|1|0.00|0.00|0.00|0.00|0.00|0.00|0.00|0.00|0.00|1|0.00|7|0|0.00|0.00|0.00|62|15
FPMI|Domicilios|20|Domicilios|20|EMPANADA DE CARNE | |9528004|EMPANADA DE CARNE | |9528004|ALIMENTOS|10|ALIMENTOS|10|Para Empezar|1008|Para Empezar|1008|OT2|2|Order Type Master 2|2|6111.00|0.00|6111.00|0.00|0.00|0.00|6111.00|0.00|6111.00|73|6111.00|1|0|0.00|0.00|0.00|67|16
FPMI|Domicilios|20|Domicilios|20|CUCHUCO DE TRIGO PERSONAL | |9540232|CUCHUCO DE TRIGO PERSONAL | |9540232|ALIMENTOS|10|ALIMENTOS|10|Para Empezar|1008|Para Empezar|1008|OT2|2|Order Type Master 2|2|18520.00|0.00|18520.00|0.00|0.00|0.00|18520.00|0.00|18520.00|73|18520.00|4|0|0.00|0.00|0.00|79|19
FPMI|Domicilios|20|Domicilios|20|LOMO 220 gr PAPA CRIOLLA| |9502513|LOMO 220 gr PAPA CRIOLLA| |9502513|ALIMENTOS|10|ALIMENTOS|10|Para Empezar|1008|Para Empezar|1008|OT2|2|Order Type Master 2|2|54444.00|0.00|54444.00|0.00|0.00|0.00|54444.00|0.00|54444.00|73|54444.00|1|0|0.00|0.00|0.00|55|13
FPMI|Plataformas|21|Plataformas|21|CALENTADO ANDRES| |9518004|CALENTADO ANDRES| |9518004|ALIMENTOS|10|ALIMENTOS|10|Para Empezar|1008|Para Empezar|1008|OT7|7|Order Type Master 7|7|36759.00|0.00|36759.00|0.00|0.00|0.00|36759.00|0.00|36759.00|153|36759.00|1|0|0.00|0.00|0.00|56|13
FPMI|Plataformas|21|Plataformas|21|GUACAMOLE| |9500192|GUACAMOLE| |9500192|ALIMENTOS|10|ALIMENTOS|10|Para Empezar|1008|Para Empezar|1008|OT7|7|Order Type Master 7|7|5741.00|0.00|5741.00|0.00|0.00|0.00|5741.00|0.00|5741.00|153|5741.00|1|0|0.00|0.00|0.00|50|12
FPMI|Restaurante|1|Restaurante|1|AGUA MANANTIAL SIN GAS 500 ML| |9606135|AGUA MANANTIAL SIN GAS 500 ML| |9606135|BEBIDAS|20|BEBIDAS|20|Bebidas Sin Alcohol|3000|Bebidas Sin Alcohol|3000|OT1|1|Order Type Master 1|1|8148.00|0.00|8148.00|0.00|0.00|0.00|8148.00|0.00|8148.00|1|8148.00|1|0|0.00|0.00|0.00|65|16
FPMI|Restaurante|1|Restaurante|1|AGUA MANANTIAL CON GAS 300 ML CON LIMON| |9606138|AGUA MANANTIAL CON GAS 300 ML CON LIMON| |9606138|BEBIDAS|20|BEBIDAS|20|Bebidas Sin Alcohol|3000|Bebidas Sin Alcohol|3000|OT1|1|Order Type Master 1|1|6852.00|0.00|6852.00|0.00|0.00|0.00|6852.00|0.00|6852.00|1|6852.00|1|0|0.00|0.00|0.00|54|13
FPMI|Restaurante|1|Restaurante|1|CERVEZA CLUB COLOMBIA| |9608004|CERVEZA CLUB COLOMBIA| |9608004|BEBIDAS|20|BEBIDAS|20|Bebidas Sin Alcohol|3000|Bebidas Sin Alcohol|3000|OT1|1|Order Type Master 1|1|33888.00|0.00|33888.00|0.00|0.00|0.00|33888.00|0.00|33888.00|1|33888.00|3|0|0.00|0.00|0.00|72|17
FPMI|Restaurante|1|Restaurante|1|LIMONADA HIERBABUENA| |9604066|LIMONADA HIERBABUENA| |9604066|BEBIDAS|20|BEBIDAS|20|Bebidas Sin Alcohol|3000|Bebidas Sin Alcohol|3000|OT1|1|Order Type Master 1|1|17038.00|0.00|17038.00|0.00|0.00|0.00|17038.00|0.00|17038.00|1|17038.00|2|0|0.00|0.00|0.00|61|15
FPMI|Restaurante|1|Restaurante|1|AREPA DE MAIZ  MANTEQUILLA| |9524096|AREPA DE MAIZ  MANTEQUILLA| |9524096|ALIMENTOS|10|ALIMENTOS|10|Para Empezar|1008|Para Empezar|1008|OT1|1|Order Type Master 1|1|2685.00|0.00|2685.00|0.00|0.00|0.00|2685.00|0.00|2685.00|1|2685.00|1|0|0.00|0.00|0.00|65|16
FPMI|Restaurante|1|Restaurante|1|MJE ALM| |90000037|MJE ALM| |90000037|ALIMENTOS|10|ALIMENTOS|10|Para Empezar|1008|Para Empezar|1008|OT1|1|Order Type Master 1|1|0.00|0.00|0.00|0.00|0.00|0.00|0.00|0.00|0.00|1|0.00|2|0|0.00|0.00|0.00|57|14
FPMI|Restaurante|1|Restaurante|1|COMO ENTRADA| |90000038|COMO ENTRADA| |90000038|ALIMENTOS|10|ALIMENTOS|10|Para Empezar|1008|Para Empezar|1008|OT1|1|Order Type Master 1|1|0.00|0.00|0.00|0.00|0.00|0.00|0.00|0.00|0.00|1|0.00|1|0|0.00|0.00|0.00|53|13
FPMI|Restaurante|1|Restaurante|1|AJI CASERO| |9500480|AJI CASERO| |9500480|ALIMENTOS|10|ALIMENTOS|10|Para Empezar|1008|Para Empezar|1008|OT1|1|Order Type Master 1|1|0.00|0.00|0.00|0.00|0.00|0.00|0.00|0.00|0.00|1|0.00|2|0|0.00|0.00|0.00|73|18
FPMI|Restaurante|1|Restaurante|1|BISTEC CHURRASCO 250 gr ARROZ| |9502433|BISTEC CHURRASCO 250 gr ARROZ| |9502433|ALIMENTOS|10|ALIMENTOS|10|Para Empezar|1008|Para Empezar|1008|OT1|1|Order Type Master 1|1|55370.00|0.00|55370.00|0.00|0.00|0.00|55370.00|0.00|55370.00|1|55370.00|1|0|0.00|0.00|0.00|52|12
FPMI|Restaurante|1|Restaurante|1|SALSA BABY| |9500376|SALSA BABY| |9500376|ALIMENTOS|10|ALIMENTOS|10|Para Empezar|1008|Para Empezar|1008|OT1|1|Order Type Master 1|1|0.00|0.00|0.00|0.00|0.00|0.00|0.00|0.00|0.00|1|0.00|7|0|0.00|0.00|0.00|80|19
FPMI|Restaurante|1|Restaurante|1|Mod CocaCola Original 400ml| |980000102|Mod CocaCola Original 400ml| |980000102|ALIMENTOS|10|ALIMENTOS|10|Para Empezar|1008|Para Empezar|1008|OT1|1|Order Type Master 1|1|0.00|0.00|0.00|0.00|0.00|0.00|0.00|0.00|0.00|1|0.00|3|0|0.00|0.00|0.00|52|12
FPMI|Restaurante|1|Restaurante|1|AJIACO  POLLO| |9520008|AJIACO  POLLO| |9520008|ALIMENTOS|10|ALIMENTOS|10|Para Empezar|1008|Para Empezar|1008|OT1|1|Order Type Master 1|1|34074.00|0.00|34074.00|0.00|0.00|0.00|34074.00|0.00|34074.00|1|34074.00|1|0|0.00|0.00|0.00|51|12
FPMI|Restaurante|1|Restaurante|1|PAPA CRIOLLA| |9500288|PAPA CRIOLLA| |9500288|ALIMENTOS|10|ALIMENTOS|10|Para Empezar|1008|Para Empezar|1008|OT1|1|Order Type Master 1|1|7222.00|0.00|7222.00|0.00|0.00|0.00|7222.00|0.00|7222.00|1|7222.00|1|0|0.00|0.00|0.00|50|12
FPMI|Restaurante|1|Restaurante|1|Mod CocaCola Zero 400ml| |980000103|Mod CocaCola Zero 400ml| |980000103|ALIMENTOS|10|ALIMENTOS|10|Para Empezar|1008|Para Empezar|1008|OT1|1|Order Type Master 1|1|0.00|0.00|0.00|0.00|0.00|0.00|0.00|0.00|0.00|1|0.00|1|0|0.00|0.00|0.00|54|13
FPMI|Restaurante|1|Restaurante|1|TRUCHA A LA PLANCHA 350 gr ENSALADA| |9504163|TRUCHA A LA PLANCHA 350 gr ENSALADA| |9504163|ALIMENTOS|10|ALIMENTOS|10|Para Empezar|1008|Para Empezar|1008|OT1|1|Order Type Master 1|1|35741.00|0.00|35741.00|0.00|0.00|0.00|35741.00|0.00|35741.00|1|35741.00|1|0|0.00|0.00|0.00|54|13
FPMI|Restaurante|1|Restaurante|1|BISTEC CHURRASCO 250 gr ENSALADA| |9502346|BISTEC CHURRASCO 250 gr ENSALADA| |9502346|ALIMENTOS|10|ALIMENTOS|10|Para Empezar|1008|Para Empezar|1008|OT1|1|Order Type Master 1|1|55370.00|0.00|55370.00|0.00|0.00|0.00|55370.00|0.00|55370.00|1|55370.00|1|0|0.00|0.00|0.00|54|13
FPMI|Restaurante|1|Restaurante|1|Mod 3/4| |980000004|Mod 3/4| |980000004|ALIMENTOS|10|ALIMENTOS|10|Para Empezar|1008|Para Empezar|1008|OT1|1|Order Type Master 1|1|0.00|0.00|0.00|0.00|0.00|0.00|0.00|0.00|0.00|1|0.00|6|0|0.00|0.00|0.00|54|13
FPMI|Restaurante|1|Restaurante|1|AJIACO  POLLO| |9520008|AJIACO  POLLO| |9520008|ALIMENTOS|10|ALIMENTOS|10|Para Empezar|1008|Para Empezar|1008|OT1|1|Order Type Master 1|1|34074.00|0.00|34074.00|0.00|0.00|0.00|34074.00|0.00|34074.00|1|34074.00|1|0|0.00|0.00|0.00|55|13
FPMI|Restaurante|1|Restaurante|1|GUACAMOLE| |9500192|GUACAMOLE| |9500192|ALIMENTOS|10|ALIMENTOS|10|Para Empezar|1008|Para Empezar|1008|OT1|1|Order Type Master 1|1|5463.00|0.00|5463.00|0.00|0.00|0.00|5463.00|0.00|5463.00|1|5463.00|1|0|0.00|0.00|0.00|74|18
FPMI|Restaurante|1|Restaurante|1|SALSA CHIMICHURRI| |9500388|SALSA CHIMICHURRI| |9500388|ALIMENTOS|10|ALIMENTOS|10|Para Empezar|1008|Para Empezar|1008|OT1|1|Order Type Master 1|1|0.00|0.00|0.00|0.00|0.00|0.00|0.00|0.00|0.00|1|0.00|7|0|0.00|0.00|0.00|58|14
FPMI|Restaurante|1|Restaurante|1|BISTEC CHURRASCO 250 gr ENSALADA| |9502346|BISTEC CHURRASCO 250 gr ENSALADA| |9502346|ALIMENTOS|10|ALIMENTOS|10|Para Empezar|1008|Para Empezar|1008|OT1|1|Order Type Master 1|1|55370.00|0.00|55370.00|0.00|0.00|0.00|55370.00|0.00|55370.00|1|55370.00|1|0|0.00|0.00|0.00|55|13
FPMI|Restaurante|1|Restaurante|1|PUNTA DE ANCA 250 gr CASCO| |9502232|PUNTA DE ANCA 250 gr CASCO| |9502232|ALIMENTOS|10|ALIMENTOS|10|Para Empezar|1008|Para Empezar|1008|OT1|1|Order Type Master 1|1|54444.00|0.00|54444.00|0.00|0.00|0.00|54444.00|0.00|54444.00|1|54444.00|1|0|0.00|0.00|0.00|55|13
FPMI|Restaurante|1|Restaurante|1|BANDEJA PAISA| |9520036|BANDEJA PAISA| |9520036|ALIMENTOS|10|ALIMENTOS|10|Para Empezar|1008|Para Empezar|1008|OT1|1|Order Type Master 1|1|42500.00|0.00|42500.00|0.00|0.00|0.00|42500.00|0.00|42500.00|1|42500.00|1|0|0.00|0.00|0.00|61|15
FPMI|Plataformas|21|Plataformas|21|PATACON GRATINADO| |9524040|PATACON GRATINADO| |9524040|ALIMENTOS|10|ALIMENTOS|10|Para Empezar|1008|Para Empezar|1008|OT7|7|Order Type Master 7|7|13796.00|0.00|13796.00|0.00|0.00|0.00|13796.00|0.00|13796.00|153|13796.00|1|0|0.00|0.00|0.00|68|16
FPMI|Plataformas|21|Plataformas|21|TRES LECHES| |9514016|TRES LECHES| |9514016|ALIMENTOS|10|ALIMENTOS|10|Para Empezar|1008|Para Empezar|1008|OT7|7|Order Type Master 7|7|13056.00|0.00|13056.00|0.00|0.00|0.00|13056.00|0.00|13056.00|153|13056.00|1|0|0.00|0.00|0.00|56|13
FPMI|Plataformas|21|Plataformas|21|Mod CocaCola Zero 400ml| |980000103|Mod CocaCola Zero 400ml| |980000103|ALIMENTOS|10|ALIMENTOS|10|Para Empezar|1008|Para Empezar|1008|OT7|7|Order Type Master 7|7|0.00|0.00|0.00|0.00|0.00|0.00|0.00|0.00|0.00|1|0.00|1|0|0.00|0.00|0.00|64|15
FPMI|Plataformas|21|Plataformas|21|CAZUELA DE FRIJOLES| |9520032|CAZUELA DE FRIJOLES| |9520032|ALIMENTOS|10|ALIMENTOS|10|Para Empezar|1008|Para Empezar|1008|OT7|7|Order Type Master 7|7|38611.00|0.00|38611.00|0.00|0.00|0.00|38611.00|0.00|38611.00|153|38611.00|1|0|0.00|0.00|0.00|52|12
FPMI|Restaurante|1|Restaurante|1|JUGO DE NARANJA| |9604048|JUGO DE NARANJA| |9604048|BEBIDAS|20|BEBIDAS|20|Bebidas Sin Alcohol|3000|Bebidas Sin Alcohol|3000|OT1|1|Order Type Master 1|1|11667.00|0.00|11667.00|0.00|0.00|0.00|11667.00|0.00|11667.00|1|11667.00|1|0|0.00|0.00|0.00|68|16
FPMI|Restaurante|1|Restaurante|1|AGUA MANANTIAL CON GAS 300 ML CON LIMON| |9606138|AGUA MANANTIAL CON GAS 300 ML CON LIMON| |9606138|BEBIDAS|20|BEBIDAS|20|Bebidas Sin Alcohol|3000|Bebidas Sin Alcohol|3000|OT1|1|Order Type Master 1|1|13704.00|0.00|13704.00|0.00|0.00|0.00|13704.00|0.00|13704.00|1|13704.00|2|0|0.00|0.00|0.00|52|12
FPMI|Restaurante|1|Restaurante|1|CERVEZA CLUB COLOMBIA| |9608004|CERVEZA CLUB COLOMBIA| |9608004|BEBIDAS|20|BEBIDAS|20|Bebidas Sin Alcohol|3000|Bebidas Sin Alcohol|3000|OT1|1|Order Type Master 1|1|22592.00|0.00|22592.00|0.00|0.00|0.00|22592.00|0.00|22592.00|1|22592.00|2|0|0.00|0.00|0.00|57|14
FPMI|Restaurante|1|Restaurante|1|GASEOSA 400 ml| |9606131|GASEOSA 400 ml| |9606131|BEBIDAS|20|BEBIDAS|20|Bebidas Sin Alcohol|3000|Bebidas Sin Alcohol|3000|OT1|1|Order Type Master 1|1|7593.00|0.00|7593.00|0.00|0.00|0.00|7593.00|0.00|7593.00|1|7593.00|1|0|0.00|0.00|0.00|57|14
FPMI|Restaurante|1|Restaurante|1|CHORIZO ANTIOQUENO 100 gr| |9502084|CHORIZO ANTIOQUENO 100 gr| |9502084|ALIMENTOS|10|ALIMENTOS|10|Para Empezar|1008|Para Empezar|1008|OT1|1|Order Type Master 1|1|27038.00|0.00|27038.00|0.00|0.00|0.00|27038.00|0.00|27038.00|1|27038.00|2|0|0.00|0.00|0.00|68|16
FPMI|Restaurante|1|Restaurante|1|PICADA INDIVIDUAL FRANCESA| |9502584|PICADA INDIVIDUAL FRANCESA| |9502584|ALIMENTOS|10|ALIMENTOS|10|Para Empezar|1008|Para Empezar|1008|OT1|1|Order Type Master 1|1|38704.00|0.00|38704.00|0.00|0.00|0.00|38704.00|0.00|38704.00|1|38704.00|1|0|0.00|0.00|0.00|54|13
FPMI|Restaurante|1|Restaurante|1|SALSA BABY| |9500376|SALSA BABY| |9500376|ALIMENTOS|10|ALIMENTOS|10|Para Empezar|1008|Para Empezar|1008|OT1|1|Order Type Master 1|1|0.00|0.00|0.00|0.00|0.00|0.00|0.00|0.00|0.00|1|0.00|13|0|0.00|0.00|0.00|57|14
FPMI|Restaurante|1|Restaurante|1|LOMO 220 gr PAPA FRANCESA| |9502511|LOMO 220 gr PAPA FRANCESA| |9502511|ALIMENTOS|10|ALIMENTOS|10|Para Empezar|1008|Para Empezar|1008|OT1|1|Order Type Master 1|1|54444.00|0.00|54444.00|0.00|0.00|0.00|54444.00|0.00|54444.00|1|54444.00|1|0|0.00|0.00|0.00|54|13
FPMI|Restaurante|1|Restaurante|1|AREPA DE CHOCOLO| |9506036|AREPA DE CHOCOLO| |9506036|ALIMENTOS|10|ALIMENTOS|10|Para Empezar|1008|Para Empezar|1008|OT1|1|Order Type Master 1|1|20185.00|0.00|20185.00|0.00|0.00|0.00|20185.00|0.00|20185.00|1|20185.00|1|0|0.00|0.00|0.00|54|13
FPMI|Restaurante|1|Restaurante|1|Mod 3/4| |980000004|Mod 3/4| |980000004|ALIMENTOS|10|ALIMENTOS|10|Para Empezar|1008|Para Empezar|1008|OT1|1|Order Type Master 1|1|0.00|0.00|0.00|0.00|0.00|0.00|0.00|0.00|0.00|1|0.00|2|0|0.00|0.00|0.00|72|17
FPMI|Restaurante|1|Restaurante|1|CHICHARRON 90 gr| |9528024|CHICHARRON 90 gr| |9528024|ALIMENTOS|10|ALIMENTOS|10|Para Empezar|1008|Para Empezar|1008|OT1|1|Order Type Master 1|1|26667.00|0.00|26667.00|0.00|0.00|0.00|26667.00|0.00|26667.00|1|26667.00|1|0|0.00|0.00|0.00|72|17
FPMI|Restaurante|1|Restaurante|1|SALSA BABY| |9500376|SALSA BABY| |9500376|ALIMENTOS|10|ALIMENTOS|10|Para Empezar|1008|Para Empezar|1008|OT1|1|Order Type Master 1|1|0.00|0.00|0.00|0.00|0.00|0.00|0.00|0.00|0.00|1|0.00|7|0|0.00|0.00|0.00|60|14
FPMI|Restaurante|1|Restaurante|1|BISTEC CHURRASCO 250 gr FRANCESA| |9502342|BISTEC CHURRASCO 250 gr FRANCESA| |9502342|ALIMENTOS|10|ALIMENTOS|10|Para Empezar|1008|Para Empezar|1008|OT1|1|Order Type Master 1|1|55370.00|0.00|55370.00|0.00|0.00|0.00|55370.00|0.00|55370.00|1|55370.00|1|0|0.00|0.00|0.00|55|13
FPMI|Restaurante|1|Restaurante|1|TRUCHA A LA PLANCHA 350 gr ENSALADA| |9504163|TRUCHA A LA PLANCHA 350 gr ENSALADA| |9504163|ALIMENTOS|10|ALIMENTOS|10|Para Empezar|1008|Para Empezar|1008|OT1|1|Order Type Master 1|1|35741.00|0.00|35741.00|0.00|0.00|0.00|35741.00|0.00|35741.00|1|35741.00|1|0|0.00|0.00|0.00|57|14
FPMI|Restaurante|1|Restaurante|1|CANASTA DE 4 EMPANADAS CACHACAS| |9528040|CANASTA DE 4 EMPANADAS CACHACAS| |9528040|ALIMENTOS|10|ALIMENTOS|10|Para Empezar|1008|Para Empezar|1008|OT1|1|Order Type Master 1|1|22500.00|0.00|22500.00|0.00|0.00|0.00|22500.00|0.00|22500.00|1|22500.00|1|0|0.00|0.00|0.00|55|13
FPMI|Restaurante|1|Restaurante|1|Mod CocaCola Zero 400ml| |980000103|Mod CocaCola Zero 400ml| |980000103|ALIMENTOS|10|ALIMENTOS|10|Para Empezar|1008|Para Empezar|1008|OT1|1|Order Type Master 1|1|0.00|0.00|0.00|0.00|0.00|0.00|0.00|0.00|0.00|1|0.00|2|0|0.00|0.00|0.00|55|13
FPMI|Plataformas|21|Plataformas|21|SALMON A LA PLANCHA 200 gr ARROZ BLANCO| |9504092|SALMON A LA PLANCHA 200 gr ARROZ BLANCO| |9504092|ALIMENTOS|10|ALIMENTOS|10|Para Empezar|1008|Para Empezar|1008|OT7|7|Order Type Master 7|7|90556.00|0.00|90556.00|0.00|0.00|0.00|90556.00|0.00|90556.00|177|90556.00|2|0|0.00|0.00|0.00|68|16
FPMI|Plataformas|21|Plataformas|21|AJIACO  POLLO| |9520008|AJIACO  POLLO| |9520008|ALIMENTOS|10|ALIMENTOS|10|Para Empezar|1008|Para Empezar|1008|OT7|7|Order Type Master 7|7|71482.00|0.00|71482.00|0.00|0.00|0.00|71482.00|0.00|71482.00|153|71482.00|2|0|0.00|0.00|0.00|73|18
FPMI|Restaurante|1|Restaurante|1|SODA CON LIMON| |9606141|SODA CON LIMON| |9606141|BEBIDAS|20|BEBIDAS|20|Bebidas Sin Alcohol|3000|Bebidas Sin Alcohol|3000|OT1|1|Order Type Master 1|1|7222.00|0.00|7222.00|0.00|0.00|0.00|7222.00|0.00|7222.00|1|7222.00|1|0|0.00|0.00|0.00|50|12
FPMI|Restaurante|1|Restaurante|1|CERVEZA CLUB COLOMBIA| |9608004|CERVEZA CLUB COLOMBIA| |9608004|BEBIDAS|20|BEBIDAS|20|Bebidas Sin Alcohol|3000|Bebidas Sin Alcohol|3000|OT1|1|Order Type Master 1|1|22592.00|0.00|22592.00|0.00|0.00|0.00|22592.00|0.00|22592.00|1|22592.00|2|0|0.00|0.00|0.00|54|13
FPMI|Restaurante|1|Restaurante|1|PECHUGA A LA PARRILLA 230 gr FRANCESA | |9506090|PECHUGA A LA PARRILLA 230 gr FRANCESA | |9506090|ALIMENTOS|10|ALIMENTOS|10|Para Empezar|1008|Para Empezar|1008|OT1|1|Order Type Master 1|1|24815.00|0.00|24815.00|0.00|0.00|0.00|24815.00|0.00|24815.00|1|24815.00|1|0|0.00|0.00|0.00|65|16
FPMI|Restaurante|1|Restaurante|1|EMPANADA DE CARNE | |9528004|EMPANADA DE CARNE | |9528004|ALIMENTOS|10|ALIMENTOS|10|Para Empezar|1008|Para Empezar|1008|OT1|1|Order Type Master 1|1|6111.00|0.00|6111.00|0.00|0.00|0.00|6111.00|0.00|6111.00|1|6111.00|1|0|0.00|0.00|0.00|65|16
FPMI|Restaurante|1|Restaurante|1|TAZA DE FRIJOLES| |9520049|TAZA DE FRIJOLES| |9520049|ALIMENTOS|10|ALIMENTOS|10|Para Empezar|1008|Para Empezar|1008|OT1|1|Order Type Master 1|1|23334.00|0.00|23334.00|0.00|0.00|0.00|23334.00|0.00|23334.00|1|23334.00|2|0|0.00|0.00|0.00|52|12
FPMI|Restaurante|1|Restaurante|1|PORCION DE ARROZ BLANCO| |9500064|PORCION DE ARROZ BLANCO| |9500064|ALIMENTOS|10|ALIMENTOS|10|Para Empezar|1008|Para Empezar|1008|OT1|1|Order Type Master 1|1|3426.00|0.00|3426.00|0.00|0.00|0.00|3426.00|0.00|3426.00|1|3426.00|1|0|0.00|0.00|0.00|52|12
FPMI|Restaurante|1|Restaurante|1|COMBO HAMBURGUESA MILAGROSA 180 gr BOT| |9508039|COMBO HAMBURGUESA MILAGROSA 180 gr BOT| |9508039|ALIMENTOS|10|ALIMENTOS|10|Para Empezar|1008|Para Empezar|1008|OT1|1|Order Type Master 1|1|67592.00|0.00|67592.00|0.00|0.00|0.00|67592.00|0.00|67592.00|1|67592.00|2|0|0.00|0.00|0.00|57|14
FPMI|Restaurante|1|Restaurante|1|Mod CocaCola Original 400ml| |980000102|Mod CocaCola Original 400ml| |980000102|ALIMENTOS|10|ALIMENTOS|10|Para Empezar|1008|Para Empezar|1008|OT1|1|Order Type Master 1|1|0.00|0.00|0.00|0.00|0.00|0.00|0.00|0.00|0.00|1|0.00|3|0|0.00|0.00|0.00|57|14
FPMI|Restaurante|1|Restaurante|1|PUNTA DE ANCA 250 gr CRIOLLA| |9502358|PUNTA DE ANCA 250 gr CRIOLLA| |9502358|ALIMENTOS|10|ALIMENTOS|10|Para Empezar|1008|Para Empezar|1008|OT1|1|Order Type Master 1|1|54444.00|0.00|54444.00|0.00|0.00|0.00|54444.00|0.00|54444.00|1|54444.00|1|0|0.00|0.00|0.00|54|13
FPMI|Restaurante|1|Restaurante|1|AREPA DE CHOCOLO| |9506036|AREPA DE CHOCOLO| |9506036|ALIMENTOS|10|ALIMENTOS|10|Para Empezar|1008|Para Empezar|1008|OT1|1|Order Type Master 1|1|20185.00|0.00|20185.00|0.00|0.00|0.00|20185.00|0.00|20185.00|1|20185.00|1|0|0.00|0.00|0.00|52|12
FPMI|Restaurante|1|Restaurante|1|BISTEC CHURRASCO 250 gr CASCO| |9502344|BISTEC CHURRASCO 250 gr CASCO| |9502344|ALIMENTOS|10|ALIMENTOS|10|Para Empezar|1008|Para Empezar|1008|OT1|1|Order Type Master 1|1|55370.00|0.00|55370.00|0.00|0.00|0.00|55370.00|0.00|55370.00|1|55370.00|1|0|0.00|0.00|0.00|52|12
FPMI|Restaurante|1|Restaurante|1|SALSA CHIMICHURRI| |9500388|SALSA CHIMICHURRI| |9500388|ALIMENTOS|10|ALIMENTOS|10|Para Empezar|1008|Para Empezar|1008|OT1|1|Order Type Master 1|1|0.00|0.00|0.00|0.00|0.00|0.00|0.00|0.00|0.00|1|0.00|7|0|0.00|0.00|0.00|80|19
FPMI|Restaurante|1|Restaurante|1|BISTEC ENTRECOT 180 gr  ARROZ | |9502522|BISTEC ENTRECOT 180 gr  ARROZ | |9502522|ALIMENTOS|10|ALIMENTOS|10|Para Empezar|1008|Para Empezar|1008|OT1|1|Order Type Master 1|1|38704.00|0.00|38704.00|0.00|0.00|0.00|38704.00|0.00|38704.00|1|38704.00|1|0|0.00|0.00|0.00|54|13
FPMI|Restaurante|1|Restaurante|1|AREPA DE MAIZ  MANTEQUILLA| |9524096|AREPA DE MAIZ  MANTEQUILLA| |9524096|ALIMENTOS|10|ALIMENTOS|10|Para Empezar|1008|Para Empezar|1008|OT1|1|Order Type Master 1|1|2685.00|0.00|2685.00|0.00|0.00|0.00|2685.00|0.00|2685.00|1|2685.00|1|0|0.00|0.00|0.00|72|17
FPMI|Restaurante|1|Restaurante|1|AREPA DE CHOCOLO| |9506036|AREPA DE CHOCOLO| |9506036|ALIMENTOS|10|ALIMENTOS|10|Para Empezar|1008|Para Empezar|1008|OT1|1|Order Type Master 1|1|20185.00|0.00|20185.00|0.00|0.00|0.00|20185.00|0.00|20185.00|1|20185.00|1|0|0.00|0.00|0.00|72|17
FPMI|Restaurante|1|Restaurante|1|SALSA BABY| |9500376|SALSA BABY| |9500376|ALIMENTOS|10|ALIMENTOS|10|Para Empezar|1008|Para Empezar|1008|OT1|1|Order Type Master 1|1|0.00|0.00|0.00|0.00|0.00|0.00|0.00|0.00|0.00|1|0.00|7|0|0.00|0.00|0.00|58|14
FPMI|Plataformas|21|Plataformas|21|PECHUGA A LA PARRILLA 230 gr ENSALADA | |9506091|PECHUGA A LA PARRILLA 230 gr ENSALADA | |9506091|ALIMENTOS|10|ALIMENTOS|10|Para Empezar|1008|Para Empezar|1008|OT7|7|Order Type Master 7|7|23333.00|0.00|23333.00|0.00|0.00|0.00|23333.00|0.00|23333.00|185|23333.00|1|0|0.00|0.00|0.00|52|12
FPMI|Plataformas|21|Plataformas|21|PORCION DE ARROZ BLANCO| |9500064|PORCION DE ARROZ BLANCO| |9500064|ALIMENTOS|10|ALIMENTOS|10|Para Empezar|1008|Para Empezar|1008|OT7|7|Order Type Master 7|7|3611.00|0.00|3611.00|0.00|0.00|0.00|3611.00|0.00|3611.00|153|3611.00|1|0|0.00|0.00|0.00|52|12
FPMI|Plataformas|21|Plataformas|21|GUACAMOLE| |9500192|GUACAMOLE| |9500192|ALIMENTOS|10|ALIMENTOS|10|Para Empezar|1008|Para Empezar|1008|OT7|7|Order Type Master 7|7|5741.00|0.00|5741.00|0.00|0.00|0.00|5741.00|0.00|5741.00|153|5741.00|1|0|0.00|0.00|0.00|56|13
FPMI|Plataformas|21|Plataformas|21|AJIACO  POLLO| |9520008|AJIACO  POLLO| |9520008|ALIMENTOS|10|ALIMENTOS|10|Para Empezar|1008|Para Empezar|1008|OT7|7|Order Type Master 7|7|35741.00|0.00|35741.00|0.00|0.00|0.00|35741.00|0.00|35741.00|153|35741.00|1|0|0.00|0.00|0.00|56|13
FPMI|Plataformas|21|Plataformas|21|AJIACO  POLLO| |9520008|AJIACO  POLLO| |9520008|ALIMENTOS|10|ALIMENTOS|10|Para Empezar|1008|Para Empezar|1008|OT7|7|Order Type Master 7|7|35741.00|0.00|35741.00|0.00|0.00|0.00|35741.00|0.00|35741.00|153|35741.00|1|0|0.00|0.00|0.00|64|15
FPMI|Plataformas|21|Plataformas|21|AREPA DE CHOCOLO| |9506036|AREPA DE CHOCOLO| |9506036|ALIMENTOS|10|ALIMENTOS|10|Para Empezar|1008|Para Empezar|1008|OT7|7|Order Type Master 7|7|21111.00|0.00|21111.00|0.00|0.00|0.00|21111.00|0.00|21111.00|153|21111.00|1|0|0.00|0.00|0.00|64|15
FPMI|Plataformas|21|Plataformas|21|SOPA DE VERDURAS| |9520050|SOPA DE VERDURAS| |9520050|ALIMENTOS|10|ALIMENTOS|10|Para Empezar|1008|Para Empezar|1008|OT7|7|Order Type Master 7|7|13796.00|0.00|13796.00|0.00|0.00|0.00|13796.00|0.00|13796.00|153|13796.00|1|0|0.00|0.00|0.00|72|17
FPMI|Plataformas|21|Plataformas|21|AREPA DE CHOCOLO| |9506036|AREPA DE CHOCOLO| |9506036|ALIMENTOS|10|ALIMENTOS|10|Para Empezar|1008|Para Empezar|1008|OT7|7|Order Type Master 7|7|21111.00|0.00|21111.00|0.00|0.00|0.00|21111.00|0.00|21111.00|153|21111.00|1|0|0.00|0.00|0.00|58|14
FPMI|Restaurante|1|Restaurante|1|JUGO DE LULO EN AGUA| |9604216|JUGO DE LULO EN AGUA| |9604216|BEBIDAS|20|BEBIDAS|20|Bebidas Sin Alcohol|3000|Bebidas Sin Alcohol|3000|OT1|1|Order Type Master 1|1|10093.00|0.00|10093.00|0.00|0.00|0.00|10093.00|0.00|10093.00|1|10093.00|1|0|0.00|0.00|0.00|77|19
FPMI|Restaurante|1|Restaurante|1|TINTO COLADO AEX| |9602121|TINTO COLADO AEX| |9602121|BEBIDAS|20|BEBIDAS|20|Bebidas Sin Alcohol|3000|Bebidas Sin Alcohol|3000|OT1|1|Order Type Master 1|1|4537.00|0.00|4537.00|0.00|0.00|0.00|4537.00|0.00|4537.00|1|4537.00|1|0|0.00|0.00|0.00|55|13
FPMI|Restaurante|1|Restaurante|1|CERVEZA CLUB COLOMBIA| |9608004|CERVEZA CLUB COLOMBIA| |9608004|BEBIDAS|20|BEBIDAS|20|Bebidas Sin Alcohol|3000|Bebidas Sin Alcohol|3000|OT1|1|Order Type Master 1|1|11296.00|0.00|11296.00|0.00|0.00|0.00|11296.00|0.00|11296.00|1|11296.00|1|0|0.00|0.00|0.00|52|12
FPMI|Restaurante|1|Restaurante|1|LIMONADA HIERBABUENA| |9604066|LIMONADA HIERBABUENA| |9604066|BEBIDAS|20|BEBIDAS|20|Bebidas Sin Alcohol|3000|Bebidas Sin Alcohol|3000|OT1|1|Order Type Master 1|1|8519.00|0.00|8519.00|0.00|0.00|0.00|8519.00|0.00|8519.00|1|8519.00|1|0|0.00|0.00|0.00|51|12
FPMI|Restaurante|1|Restaurante|1|LIMONADA HIERBABUENA| |9604066|LIMONADA HIERBABUENA| |9604066|BEBIDAS|20|BEBIDAS|20|Bebidas Sin Alcohol|3000|Bebidas Sin Alcohol|3000|OT1|1|Order Type Master 1|1|8519.00|0.00|8519.00|0.00|0.00|0.00|8519.00|0.00|8519.00|1|8519.00|1|0|0.00|0.00|0.00|50|12
FPMI|Restaurante|1|Restaurante|1|AREPA DE CHOCOLO| |9506036|AREPA DE CHOCOLO| |9506036|ALIMENTOS|10|ALIMENTOS|10|Para Empezar|1008|Para Empezar|1008|OT1|1|Order Type Master 1|1|20185.00|0.00|20185.00|0.00|0.00|0.00|20185.00|0.00|20185.00|1|20185.00|1|0|0.00|0.00|0.00|68|16
FPMI|Restaurante|1|Restaurante|1|COMO ENTRADA| |90000038|COMO ENTRADA| |90000038|ALIMENTOS|10|ALIMENTOS|10|Para Empezar|1008|Para Empezar|1008|OT1|1|Order Type Master 1|1|0.00|0.00|0.00|0.00|0.00|0.00|0.00|0.00|0.00|1|0.00|1|0|0.00|0.00|0.00|65|16
FPMI|Restaurante|1|Restaurante|1|Mod 1/2| |980000002|Mod 1/2| |980000002|ALIMENTOS|10|ALIMENTOS|10|Para Empezar|1008|Para Empezar|1008|OT1|1|Order Type Master 1|1|0.00|0.00|0.00|0.00|0.00|0.00|0.00|0.00|0.00|1|0.00|1|0|0.00|0.00|0.00|57|14
FPMI|Restaurante|1|Restaurante|1|AREPA DE CHOCOLO| |9506036|AREPA DE CHOCOLO| |9506036|ALIMENTOS|10|ALIMENTOS|10|Para Empezar|1008|Para Empezar|1008|OT1|1|Order Type Master 1|1|20185.00|0.00|20185.00|0.00|0.00|0.00|20185.00|0.00|20185.00|1|20185.00|1|0|0.00|0.00|0.00|75|18
FPMI|Restaurante|1|Restaurante|1|SALSA CHIMICHURRI| |9500388|SALSA CHIMICHURRI| |9500388|ALIMENTOS|10|ALIMENTOS|10|Para Empezar|1008|Para Empezar|1008|OT1|1|Order Type Master 1|1|0.00|0.00|0.00|0.00|0.00|0.00|0.00|0.00|0.00|1|0.00|7|0|0.00|0.00|0.00|73|18
FPMI|Restaurante|1|Restaurante|1|CHORIPAN 100 gr| |9502076|CHORIPAN 100 gr| |9502076|ALIMENTOS|10|ALIMENTOS|10|Para Empezar|1008|Para Empezar|1008|OT1|1|Order Type Master 1|1|23056.00|0.00|23056.00|0.00|0.00|0.00|23056.00|0.00|23056.00|1|23056.00|1|0|0.00|0.00|0.00|77|19
FPMI|Restaurante|1|Restaurante|1|LOMO 220 gr PAPA CRIOLLA| |9502513|LOMO 220 gr PAPA CRIOLLA| |9502513|ALIMENTOS|10|ALIMENTOS|10|Para Empezar|1008|Para Empezar|1008|OT1|1|Order Type Master 1|1|54444.00|0.00|54444.00|0.00|0.00|0.00|54444.00|0.00|54444.00|1|54444.00|1|0|0.00|0.00|0.00|54|13
FPMI|Restaurante|1|Restaurante|1|Mod 1/2| |980000002|Mod 1/2| |980000002|ALIMENTOS|10|ALIMENTOS|10|Para Empezar|1008|Para Empezar|1008|OT1|1|Order Type Master 1|1|0.00|0.00|0.00|0.00|0.00|0.00|0.00|0.00|0.00|1|0.00|1|0|0.00|0.00|0.00|54|13
FPMI|Restaurante|1|Restaurante|1|SALSA BABY| |9500376|SALSA BABY| |9500376|ALIMENTOS|10|ALIMENTOS|10|Para Empezar|1008|Para Empezar|1008|OT1|1|Order Type Master 1|1|0.00|0.00|0.00|0.00|0.00|0.00|0.00|0.00|0.00|1|0.00|7|0|0.00|0.00|0.00|64|15
FPMI|Restaurante|1|Restaurante|1|Mod BienAsado| |980000006|Mod BienAsado| |980000006|ALIMENTOS|10|ALIMENTOS|10|Para Empezar|1008|Para Empezar|1008|OT1|1|Order Type Master 1|1|0.00|0.00|0.00|0.00|0.00|0.00|0.00|0.00|0.00|1|0.00|1|0|0.00|0.00|0.00|54|13
FPMI|Restaurante|1|Restaurante|1|CHORIZO ANTIOQUENO 100 gr| |9502084|CHORIZO ANTIOQUENO 100 gr| |9502084|ALIMENTOS|10|ALIMENTOS|10|Para Empezar|1008|Para Empezar|1008|OT1|1|Order Type Master 1|1|13519.00|0.00|13519.00|0.00|0.00|0.00|13519.00|0.00|13519.00|1|13519.00|1|0|0.00|0.00|0.00|72|17
FPMI|Restaurante|1|Restaurante|1|SALSA CHIMICHURRI| |9500388|SALSA CHIMICHURRI| |9500388|ALIMENTOS|10|ALIMENTOS|10|Para Empezar|1008|Para Empezar|1008|OT1|1|Order Type Master 1|1|0.00|0.00|0.00|0.00|0.00|0.00|0.00|0.00|0.00|1|0.00|7|0|0.00|0.00|0.00|60|14
FPMI|Restaurante|1|Restaurante|1|CHURRASCO 250 gr ENSALADA| |9502108|CHURRASCO 250 gr ENSALADA| |9502108|ALIMENTOS|10|ALIMENTOS|10|Para Empezar|1008|Para Empezar|1008|OT1|1|Order Type Master 1|1|51667.00|0.00|51667.00|0.00|0.00|0.00|51667.00|0.00|51667.00|1|51667.00|1|0|0.00|0.00|0.00|57|14
FPMI|Restaurante|1|Restaurante|1|Mod A Punto| |980000005|Mod A Punto| |980000005|ALIMENTOS|10|ALIMENTOS|10|Para Empezar|1008|Para Empezar|1008|OT1|1|Order Type Master 1|1|0.00|0.00|0.00|0.00|0.00|0.00|0.00|0.00|0.00|1|0.00|1|0|0.00|0.00|0.00|57|14
FPMI|Restaurante|1|Restaurante|1|BANDEJA PAISA| |9520036|BANDEJA PAISA| |9520036|ALIMENTOS|10|ALIMENTOS|10|Para Empezar|1008|Para Empezar|1008|OT1|1|Order Type Master 1|1|42500.00|0.00|42500.00|0.00|0.00|0.00|42500.00|0.00|42500.00|1|42500.00|1|0|0.00|0.00|0.00|57|14
FPMI|Restaurante|1|Restaurante|1|AREPA DE CHOCOLO| |9506036|AREPA DE CHOCOLO| |9506036|ALIMENTOS|10|ALIMENTOS|10|Para Empezar|1008|Para Empezar|1008|OT1|1|Order Type Master 1|1|20185.00|0.00|20185.00|0.00|0.00|0.00|20185.00|0.00|20185.00|1|20185.00|1|0|0.00|0.00|0.00|61|15
FPMI|Plataformas|21|Plataformas|21|LOMO 220 gr PAPA CRIOLLA| |9502513|LOMO 220 gr PAPA CRIOLLA| |9502513|ALIMENTOS|10|ALIMENTOS|10|Para Empezar|1008|Para Empezar|1008|OT7|7|Order Type Master 7|7|57130.00|0.00|57130.00|0.00|0.00|0.00|57130.00|0.00|57130.00|153|57130.00|1|0|0.00|0.00|0.00|50|12
FPMI|Restaurante|1|Restaurante|1|LIMONADA NATURAL| |9604060|LIMONADA NATURAL| |9604060|BEBIDAS|20|BEBIDAS|20|Bebidas Sin Alcohol|3000|Bebidas Sin Alcohol|3000|OT1|1|Order Type Master 1|1|17038.00|0.00|17038.00|0.00|0.00|0.00|17038.00|0.00|17038.00|1|17038.00|2|0|0.00|0.00|0.00|53|13
FPMI|Restaurante|1|Restaurante|1|JUGO DE NARANJA| |9604048|JUGO DE NARANJA| |9604048|BEBIDAS|20|BEBIDAS|20|Bebidas Sin Alcohol|3000|Bebidas Sin Alcohol|3000|OT1|1|Order Type Master 1|1|11667.00|0.00|11667.00|0.00|0.00|0.00|11667.00|0.00|11667.00|1|11667.00|1|0|0.00|0.00|0.00|49|12
FPMI|Restaurante|1|Restaurante|1|MJE ALM| |90000037|MJE ALM| |90000037|ALIMENTOS|10|ALIMENTOS|10|Para Empezar|1008|Para Empezar|1008|OT1|1|Order Type Master 1|1|0.00|0.00|0.00|0.00|0.00|0.00|0.00|0.00|0.00|1|0.00|1|0|0.00|0.00|0.00|52|12
FPMI|Restaurante|1|Restaurante|1|AREPA DE CHOCOLO| |9506036|AREPA DE CHOCOLO| |9506036|ALIMENTOS|10|ALIMENTOS|10|Para Empezar|1008|Para Empezar|1008|OT1|1|Order Type Master 1|1|20185.00|0.00|20185.00|0.00|0.00|0.00|20185.00|0.00|20185.00|1|20185.00|1|0|0.00|0.00|0.00|53|13
FPMI|Restaurante|1|Restaurante|1|SALSA BABY| |9500376|SALSA BABY| |9500376|ALIMENTOS|10|ALIMENTOS|10|Para Empezar|1008|Para Empezar|1008|OT1|1|Order Type Master 1|1|0.00|0.00|0.00|0.00|0.00|0.00|0.00|0.00|0.00|1|0.00|7|0|0.00|0.00|0.00|73|18
FPMI|Restaurante|1|Restaurante|1|Mod 3/4| |980000004|Mod 3/4| |980000004|ALIMENTOS|10|ALIMENTOS|10|Para Empezar|1008|Para Empezar|1008|OT1|1|Order Type Master 1|1|0.00|0.00|0.00|0.00|0.00|0.00|0.00|0.00|0.00|1|0.00|2|0|0.00|0.00|0.00|52|12
FPMI|Restaurante|1|Restaurante|1|SALSA DE TOMATE| |9500483|SALSA DE TOMATE| |9500483|ALIMENTOS|10|ALIMENTOS|10|Para Empezar|1008|Para Empezar|1008|OT1|1|Order Type Master 1|1|0.00|0.00|0.00|0.00|0.00|0.00|0.00|0.00|0.00|1|0.00|4|0|0.00|0.00|0.00|57|14
FPMI|Restaurante|1|Restaurante|1|SALSA CHIMICHURRI| |9500388|SALSA CHIMICHURRI| |9500388|ALIMENTOS|10|ALIMENTOS|10|Para Empezar|1008|Para Empezar|1008|OT1|1|Order Type Master 1|1|0.00|0.00|0.00|0.00|0.00|0.00|0.00|0.00|0.00|1|0.00|13|0|0.00|0.00|0.00|57|14
FPMI|Restaurante|1|Restaurante|1|CHICHARRON 90 gr| |9528024|CHICHARRON 90 gr| |9528024|ALIMENTOS|10|ALIMENTOS|10|Para Empezar|1008|Para Empezar|1008|OT1|1|Order Type Master 1|1|26667.00|0.00|26667.00|0.00|0.00|0.00|26667.00|0.00|26667.00|1|26667.00|1|0|0.00|0.00|0.00|77|19
FPMI|Restaurante|1|Restaurante|1|AREPA DE CHOCOLO| |9506036|AREPA DE CHOCOLO| |9506036|ALIMENTOS|10|ALIMENTOS|10|Para Empezar|1008|Para Empezar|1008|OT1|1|Order Type Master 1|1|20185.00|0.00|20185.00|0.00|0.00|0.00|20185.00|0.00|20185.00|1|20185.00|1|0|0.00|0.00|0.00|77|19
FPMI|Restaurante|1|Restaurante|1|PAPA CRIOLLA| |9500288|PAPA CRIOLLA| |9500288|ALIMENTOS|10|ALIMENTOS|10|Para Empezar|1008|Para Empezar|1008|OT1|1|Order Type Master 1|1|7222.00|0.00|7222.00|0.00|0.00|0.00|7222.00|0.00|7222.00|1|7222.00|1|0|0.00|0.00|0.00|77|19
FPMI|Restaurante|1|Restaurante|1|PECHUGA A LA PARRILLA 230 gr ENSALADA | |9506091|PECHUGA A LA PARRILLA 230 gr ENSALADA | |9506091|ALIMENTOS|10|ALIMENTOS|10|Para Empezar|1008|Para Empezar|1008|OT1|1|Order Type Master 1|1|24815.00|0.00|24815.00|0.00|0.00|0.00|24815.00|0.00|24815.00|1|24815.00|1|0|0.00|0.00|0.00|50|12
FPMI|Restaurante|1|Restaurante|1|SALSA CHIMICHURRI| |9500388|SALSA CHIMICHURRI| |9500388|ALIMENTOS|10|ALIMENTOS|10|Para Empezar|1008|Para Empezar|1008|OT1|1|Order Type Master 1|1|0.00|0.00|0.00|0.00|0.00|0.00|0.00|0.00|0.00|1|0.00|7|0|0.00|0.00|0.00|62|15
FPMI|Restaurante|1|Restaurante|1|Mod 3/4| |980000004|Mod 3/4| |980000004|ALIMENTOS|10|ALIMENTOS|10|Para Empezar|1008|Para Empezar|1008|OT1|1|Order Type Master 1|1|0.00|0.00|0.00|0.00|0.00|0.00|0.00|0.00|0.00|1|0.00|2|0|0.00|0.00|0.00|55|13
FPMI|Plataformas|21|Plataformas|21|HOGAO| |9500200|HOGAO| |9500200|ALIMENTOS|10|ALIMENTOS|10|Para Empezar|1008|Para Empezar|1008|OT7|7|Order Type Master 7|7|3241.00|0.00|3241.00|0.00|0.00|0.00|3241.00|0.00|3241.00|153|3241.00|1|0|0.00|0.00|0.00|56|13
FPMI|Plataformas|21|Plataformas|21|MADURITOS| |9500252|MADURITOS| |9500252|ALIMENTOS|10|ALIMENTOS|10|Para Empezar|1008|Para Empezar|1008|OT7|7|Order Type Master 7|7|3519.00|0.00|3519.00|0.00|0.00|0.00|3519.00|0.00|3519.00|153|3519.00|1|0|0.00|0.00|0.00|52|12
