FPID|Expr1|Expres Calle 93|20241222|20241222|20241223|123002|2.00|2.00|Simphony|19.7.2
FPSUM|Restaurante|1|Restaurante|1|0.00|0.00|0|0|0.00|0|0.00|0|0|0|0|0|0.00|0.00|0.00|0|0|0|0.00|0|0.00|0|0.00|0|0.00|0|76154.00|1|0.00|0|0.00|0|0.00|0.00|14|60|0.00|0.00|0.00|0.00|0.00|49676.00|49676.00|0.00|0.33|0.00|149028.15|49676.00|49676.00
FPSUM|Restaurante|1|Restaurante|1|12870.00|1287.00|0|0|0.00|0|1030.00|1|0|0|0|0|0.00|0.00|0.00|0|0|0|0.00|0|0.00|0|0.00|0|15188.00|1|198197.00|2|0.00|0|0.00|0|0.00|0.00|15|63|12870.00|0.00|0.00|0.00|12870.00|48256.33|48256.33|0.00|0.33|0.00|144769.14|48256.33|48256.33
FPSUM|Restaurante|1|Restaurante|1|100926.00|10092.00|0|0|0.00|0|8074.00|1|0|0|0|0|0.00|0.00|0.00|0|0|0|0.00|0|0.00|0|0.00|0|119092.00|1|0.00|0|0.00|0|0.00|0|0.00|0.00|14|57|100926.00|0.00|0.00|0.00|100926.00|46049.50|46049.50|0.00|0.33|0.00|138148.64|46049.50|46049.50
FPSUM|Restaurante|1|Restaurante|1|0.00|0.00|0|0|0.00|0|0.00|0|0|0|0|0|0.00|0.00|0.00|0|0|0|0.00|0|0.00|0|0.00|0|0.00|0|96476.00|1|0.00|0|0.00|0|0.00|0.00|16|65|0.00|0.00|0.00|0.00|0.00|0.00|0.00|0.00|0.00|0.00|0.00|0.00|0.00
FPSUM|Plataformas|21|Plataformas|21|144167.00|0.00|0|0|0.00|0|11533.00|3|0|0|0|0|0.00|0.00|0.00|0|0|0|0.00|0|0.00|0|0.00|0|155700.00|3|155700.00|3|0.00|0|0.00|0|0.00|0.00|18|75|144167.00|0.00|0.00|0.00|144167.00|48379.83|48379.83|0.00|0.67|0.00|72569.71|48379.83|48379.83
FPSUM|Restaurante|1|Restaurante|1|215464.00|21546.00|-12222|1|0.00|0|17236.00|2|0|0|0|0|0.00|0.00|0.00|0|0|0|0.00|0|0.00|0|0.00|0|254246.00|2|315759.00|1|0.00|0|0.00|0|0.00|0.00|15|62|215464.00|0.00|0.00|0.00|215464.00|7114.17|7114.17|0.00|0.17|0.00|42684.91|7114.17|7114.17
FPSUM|Restaurante|1|Restaurante|1|55278.00|5527.00|0|0|0.00|0|4422.00|0|0|0|0|0|0.00|0.00|0.00|0|0|0|0.00|0|0.00|0|0.00|0|65227.00|0|0.00|0|0.00|0|0.00|0|0.00|0.00|11|45|55278.00|0.00|0.00|0.00|55278.00|9213.00|9213.00|0.00|0.00|0.00|0.00|9213.00|9213.00
FPSUM|Restaurante|1|Restaurante|1|64537.00|6454.00|0|0|0.00|0|5163.00|1|0|0|0|0|0.00|0.00|0.00|0|0|0|0.00|0|0.00|0|0.00|1|76154.00|1|119092.00|1|0.00|0|0.00|0|0.00|0.00|14|58|64537.00|0.00|0.00|0.00|64537.00|15725.33|15725.33|0.00|0.17|0.00|94351.81|15725.33|15725.33
FPSUM|Restaurante|1|Restaurante|1|357596.00|35758.00|0|0|0.00|0|28604.00|2|0|0|0|0|0.00|0.00|0.00|0|0|0|22200.00|3|0.00|0|0.00|0|421958.00|2|86533.00|1|0.00|0|0.00|0|0.00|0.00|12|52|357596.00|0.00|0.00|0.00|357596.00|29398.50|29398.50|0.00|0.33|0.00|88195.59|29398.50|29398.50
FPSUM|Restaurante|1|Restaurante|1|0.00|0.00|0|0|0.00|0|0.00|0|0|0|0|0|0.00|0.00|0.00|0|0|0|0.00|0|0.00|0|0.00|0|0.00|0|254246.00|2|0.00|0|0.00|0|0.00|0.00|15|64|0.00|0.00|0.00|0.00|0.00|8873.33|8873.33|0.00|0.17|0.00|53239.89|8873.33|8873.33
FPSUM|Plataformas|21|Plataformas|21|360648.00|0.00|0|0|0.00|0|28852.00|1|0|0|0|0|0.00|0.00|0.00|0|0|0|0.00|0|0.00|0|0.00|0|389500.00|1|389500.00|1|0.00|0|0.00|0|0.00|0.00|13|53|360648.00|0.00|0.00|0.00|360648.00|60108.00|60108.00|0.00|0.33|0.00|180324.18|60108.00|60108.00
FPSUM|Plataformas|21|Plataformas|21|94722.00|0.00|0|0|0.00|0|7578.00|2|0|0|0|0|0.00|0.00|0.00|0|0|0|0.00|0|0.00|0|0.00|0|102300.00|2|102300.00|2|0.00|0|0.00|0|0.00|0.00|13|55|94722.00|0.00|0.00|0.00|94722.00|23379.83|23379.83|0.00|0.33|0.00|70139.57|23379.83|23379.83
FPSUM|Restaurante|1|Restaurante|1|8519.00|852.00|0|0|0.00|0|681.00|0|0|0|0|0|0.00|0.00|0.00|0|0|0|0.00|0|0.00|0|0.00|0|10052.00|0|0.00|0|0.00|0|0.00|0|0.00|0.00|17|69|8519.00|0.00|0.00|0.00|8519.00|15771.67|15771.67|0.00|0.17|0.00|94629.81|15771.67|15771.67
FPSUM|Restaurante|1|Restaurante|1|32037.00|3204.00|0|0|0.00|0|2563.00|1|0|0|0|0|0.00|0.00|0.00|0|0|0|0.00|0|0.00|0|0.00|0|37804.00|1|0.00|0|0.00|0|0.00|0|0.00|0.00|10|44|32037.00|0.00|0.00|0.00|32037.00|5339.50|5339.50|0.00|0.17|0.00|32036.94|5339.50|5339.50
FPSUM|Restaurante|1|Restaurante|1|267594.00|26759.00|0|0|0.00|0|21406.00|1|0|0|0|0|0.00|0.00|0.00|0|0|0|0.00|1|0.00|0|0.00|0|315759.00|1|0.00|0|0.00|0|0.00|0|0.00|0.00|14|59|267594.00|0.00|0.00|0.00|267594.00|20370.50|20370.50|0.00|0.17|0.00|122222.76|20370.50|20370.50
FPSUM|Restaurante|1|Restaurante|1|43334.00|4333.00|0|0|0.00|0|3466.00|1|0|0|0|0|0.00|0.00|0.00|0|0|0|9200.00|1|0.00|0|0.00|0|51133.00|1|0.00|0|0.00|0|0.00|0|0.00|0.00|18|74|43334.00|0.00|0.00|0.00|43334.00|0.00|0.00|0.00|0.00|0.00|0.00|0.00|0.00
FPSUM|Restaurante|1|Restaurante|1|0.00|0.00|0|0|0.00|0|0.00|0|0|0|0|0|0.00|0.00|0.00|0|0|0|0.00|0|0.00|0|0.00|0|0.00|0|421958.00|2|0.00|0|0.00|0|0.00|0.00|13|54|0.00|0.00|0.00|0.00|0.00|18642.00|18642.00|0.00|0.17|0.00|111851.78|18642.00|18642.00
FPSUM|Restaurante|1|Restaurante|1|236852.00|23685.00|0|0|0.00|0|18948.00|2|0|0|0|0|0.00|0.00|0.00|0|0|0|0.00|0|0.00|0|0.00|0|279485.00|2|0.00|0|0.00|0|0.00|0|0.00|0.00|15|61|236852.00|0.00|0.00|0.00|236852.00|7407.50|7407.50|0.00|0.17|0.00|44444.91|7407.50|7407.50
FPSUM|Plataformas|21|Plataformas|21|102594.00|0.00|0|0|0.00|0|8206.00|2|0|0|0|0|0.00|0.00|0.00|0|0|0|5000.00|1|0.00|0|0.00|0|110800.00|2|110800.00|2|0.00|0|0.00|0|0.00|0.00|11|46|102594.00|0.00|0.00|0.00|102594.00|0.00|0.00|0.00|0.00|0.00|0.00|0.00|0.00
FPSUM|Plataformas|21|Plataformas|21|10278.00|0.00|0|0|0.00|0|822.00|1|0|0|0|0|0.00|0.00|0.00|0|0|0|23200.00|2|0.00|0|0.00|0|11100.00|1|11100.00|1|0.00|0|0.00|0|0.00|0.00|15|63|10278.00|0.00|0.00|0.00|10278.00|0.00|0.00|0.00|0.00|0.00|0.00|0.00|0.00
FPSUM|Plataformas|21|Plataformas|21|191945.00|0.00|0|0|0.00|0|15355.00|2|0|0|0|0|0.00|0.00|0.00|0|0|0|0.00|0|0.00|0|0.00|0|207300.00|2|207300.00|2|0.00|0|0.00|0|0.00|0.00|11|47|191945.00|0.00|0.00|0.00|191945.00|0.00|0.00|0.00|0.00|0.00|0.00|0.00|0.00
FPSUM|Domicilios|20|Domicilios|20|4911.00|0.00|0|0|0.00|0|489.00|1|0|0|0|0|0.00|0.00|0.00|0|0|0|0.00|0|0.00|0|0.00|0|5400.00|1|5400.00|1|0.00|0|0.00|0|0.00|0.00|16|66|6111.00|-1200.00|0.00|0.00|4911.00|0.00|0.00|0.00|0.00|0.00|0.00|0.00|0.00
FPSUM|Restaurante|1|Restaurante|1|73333.00|7333.00|0|0|0.00|0|5867.00|1|0|0|0|0|0.00|0.00|0.00|0|0|0|0.00|0|0.00|0|0.00|0|86533.00|1|103031.00|1|0.00|0|0.00|0|0.00|0.00|11|48|73333.00|0.00|0.00|0.00|73333.00|0.00|0.00|0.00|0.00|0.00|0.00|0.00|0.00
FPSUM|Domicilios|20|Domicilios|20|0.00|0.00|0|0|0.00|0|0.00|0|0|0|0|0|0.00|0.00|0.00|0|0|0|0.00|0|0.00|0|101800.00|1|0.00|0|0.00|0|0.00|0|0.00|0|0.00|0.00|14|57|0.00|0.00|0.00|0.00|0.00|0.00|0.00|0.00|0.00|0.00|0.00|0.00|0.00
FPSUM|Restaurante|1|Restaurante|1|0.00|0.00|0|0|0.00|0|0.00|0|0|0|0|0|0.00|0.00|0.00|0|0|0|0.00|0|0.00|0|0.00|0|-3.00|0|51130.00|1|0.00|0|0.00|0|0.00|0.00|18|76|0.00|0.00|0.00|0.00|0.00|0.00|0.00|0.00|0.00|0.00|0.00|0.00|0.00
FPSUM|Restaurante|1|Restaurante|1|0.00|0.00|0|0|0.00|0|0.00|0|0|0|0|0|0.00|0.00|0.00|0|0|0|0.00|0|0.00|0|0.00|0|0.00|0|194044.00|1|0.00|0|0.00|0|0.00|0.00|17|70|0.00|0.00|0.00|0.00|0.00|0.00|0.00|0.00|0.00|0.00|0.00|0.00|0.00
FPSUM|Plataformas|21|Plataformas|21|117037.00|0.00|0|0|0.00|0|9363.00|1|0|0|0|0|0.00|0.00|0.00|0|0|0|0.00|0|0.00|0|0.00|0|126400.00|1|126400.00|1|0.00|0|0.00|0|0.00|0.00|14|59|117037.00|0.00|0.00|0.00|117037.00|0.00|0.00|0.00|0.00|0.00|0.00|0.00|0.00
FPSUM|Domicilios|20|Domicilios|20|0.00|0.00|0|0|0.00|0|0.00|0|0|0|0|0|0.00|0.00|0.00|0|0|0|0.00|0|0.00|0|48600.00|1|0.00|0|0.00|0|0.00|0|0.00|0|0.00|0.00|11|46|0.00|0.00|0.00|0.00|0.00|0.00|0.00|0.00|0.00|0.00|0.00|0.00|0.00
FPSUM|Restaurante|1|Restaurante|1|155926.00|15592.00|0|0|0.00|0|12474.00|1|0|0|0|0|0.00|0.00|0.00|0|0|0|0.00|0|0.00|0|0.00|0|183992.00|1|0.00|0|0.00|0|0.00|0|0.00|0.00|16|68|155926.00|0.00|0.00|0.00|155926.00|0.00|0.00|0.00|0.00|0.00|0.00|0.00|0.00
FPSUM|Domicilios|20|Domicilios|20|20185.00|0.00|0|0|0.00|0|1615.00|1|0|0|0|0|0.00|0.00|0.00|0|0|0|0.00|0|0.00|0|0.00|0|21800.00|1|21800.00|1|0.00|0|0.00|0|0.00|0.00|15|61|20185.00|0.00|0.00|0.00|20185.00|0.00|0.00|0.00|0.00|0.00|0.00|0.00|0.00
FPSUM|Domicilios|20|Domicilios|20|32410.00|0.00|0|0|0.00|0|2590.00|1|0|0|0|0|0.00|0.00|0.00|0|0|0|5000.00|1|0.00|0|0.00|0|35000.00|1|0.00|0|0.00|0|0.00|0|0.00|0.00|16|65|32410.00|0.00|0.00|0.00|32410.00|0.00|0.00|0.00|0.00|0.00|0.00|0.00|0.00
FPSUM|Plataformas|21|Plataformas|21|27963.00|0.00|0|0|0.00|0|2237.00|1|0|0|0|0|0.00|0.00|0.00|0|0|0|0.00|0|0.00|0|0.00|0|30200.00|1|30200.00|1|0.00|0|0.00|0|0.00|0.00|17|72|27963.00|0.00|0.00|0.00|27963.00|0.00|0.00|0.00|0.00|0.00|0.00|0.00|0.00
FPSUM|Plataformas|21|Plataformas|21|38611.00|0.00|0|0|0.00|0|3089.00|1|0|0|0|0|0.00|0.00|0.00|0|0|0|0.00|0|0.00|0|0.00|0|41700.00|1|41700.00|1|0.00|0|0.00|0|0.00|0.00|12|51|38611.00|0.00|0.00|0.00|38611.00|0.00|0.00|0.00|0.00|0.00|0.00|0.00|0.00
FPSUM|Plataformas|21|Plataformas|21|146853.00|0.00|0|0|0.00|0|11747.00|1|0|0|0|0|0.00|0.00|0.00|0|0|0|0.00|0|0.00|0|0.00|0|158600.00|1|158600.00|1|0.00|0|0.00|0|0.00|0.00|14|60|146853.00|0.00|0.00|0.00|146853.00|0.00|0.00|0.00|0.00|0.00|0.00|0.00|0.00
FPSUM|Domicilios|20|Domicilios|20|0.00|0.00|0|0|0.00|0|0.00|0|0|0|0|0|0.00|0.00|0.00|0|0|0|0.00|0|0.00|0|0.00|0|0.00|0|35000.00|1|0.00|0|0.00|0|0.00|0.00|17|70|0.00|0.00|0.00|0.00|0.00|0.00|0.00|0.00|0.00|0.00|0.00|0.00|0.00
FPOT|Restaurante|1|Restaurante|1|OT1|1|Order Type Master 1|1|357596.00|35758.00|0.00|0|0.00|0|28604.00|2|0|0|0|0|0.00|0.00|0.00|0|0|0|22200.00|3|0.00|0|0.00|0|421958.00|2|86533.00|1|0.00|0|0.00|0|0.00|0.00|12|52|357596.00|0.00|0.00|0.00|357596.00|29398.50|29398.50|0.00|0.33|0.00|88195.59|29398.50|29398.50
FPOT|Restaurante|1|Restaurante|1|OT1|1|Order Type Master 1|1|267594.00|26759.00|0.00|0|0.00|0|21406.00|1|0|0|0|0|0.00|0.00|0.00|0|0|0|0.00|1|0.00|0|0.00|0|315759.00|1|0.00|0|0.00|0|0.00|0|0.00|0.00|14|59|267594.00|0.00|0.00|0.00|267594.00|20370.50|20370.50|0.00|0.17|0.00|122222.76|20370.50|20370.50
FPOT|Restaurante|1|Restaurante|1|OT1|1|Order Type Master 1|1|236852.00|23685.00|0.00|0|0.00|0|18948.00|2|0|0|0|0|0.00|0.00|0.00|0|0|0|0.00|0|0.00|0|0.00|0|279485.00|2|0.00|0|0.00|0|0.00|0|0.00|0.00|15|61|236852.00|0.00|0.00|0.00|236852.00|7407.50|7407.50|0.00|0.17|0.00|44444.91|7407.50|7407.50
FPOT|Plataformas|21|Plataformas|21|OT7|7|Order Type Master 7|7|10278.00|0.00|0.00|0|0.00|0|822.00|1|0|0|0|0|0.00|0.00|0.00|0|0|0|23200.00|2|0.00|0|0.00|0|11100.00|1|11100.00|1|0.00|0|0.00|0|0.00|0.00|15|63|10278.00|0.00|0.00|0.00|10278.00|0.00|0.00|0.00|0.00|0.00|0.00|0.00|0.00
FPOT|Restaurante|1|Restaurante|1|OT1|1|Order Type Master 1|1|0.00|0.00|0.00|0|0.00|0|0.00|0|0|0|0|0|0.00|0.00|0.00|0|0|0|0.00|0|0.00|0|0.00|0|0.00|0|254246.00|2|0.00|0|0.00|0|0.00|0.00|15|64|0.00|0.00|0.00|0.00|0.00|8873.33|8873.33|0.00|0.17|0.00|53239.89|8873.33|8873.33
FPOT|Domicilios|20|Domicilios|20|OT2|2|Order Type Master 2|2|0.00|0.00|0.00|0|0.00|0|0.00|0|0|0|0|0|0.00|0.00|0.00|0|0|0|0.00|0|0.00|0|48600.00|1|0.00|0|0.00|0|0.00|0|0.00|0|0.00|0.00|11|46|0.00|0.00|0.00|0.00|0.00|0.00|0.00|0.00|0.00|0.00|0.00|0.00|0.00
FPOT|Restaurante|1|Restaurante|1|OT1|1|Order Type Master 1|1|0.00|0.00|0.00|0|0.00|0|0.00|0|0|0|0|0|0.00|0.00|0.00|0|0|0|0.00|0|0.00|0|0.00|0|0.00|0|96476.00|1|0.00|0|0.00|0|0.00|0.00|16|65|0.00|0.00|0.00|0.00|0.00|0.00|0.00|0.00|0.00|0.00|0.00|0.00|0.00
FPOT|Domicilios|20|Domicilios|20|OT2|2|Order Type Master 2|2|0.00|0.00|0.00|0|0.00|0|0.00|0|0|0|0|0|0.00|0.00|0.00|0|0|0|0.00|0|0.00|0|0.00|0|0.00|0|35000.00|1|0.00|0|0.00|0|0.00|0.00|17|70|0.00|0.00|0.00|0.00|0.00|0.00|0.00|0.00|0.00|0.00|0.00|0.00|0.00
FPOT|Plataformas|21|Plataformas|21|OT7|7|Order Type Master 7|7|146853.00|0.00|0.00|0|0.00|0|11747.00|1|0|0|0|0|0.00|0.00|0.00|0|0|0|0.00|0|0.00|0|0.00|0|158600.00|1|158600.00|1|0.00|0|0.00|0|0.00|0.00|14|60|146853.00|0.00|0.00|0.00|146853.00|0.00|0.00|0.00|0.00|0.00|0.00|0.00|0.00
FPOT|Plataformas|21|Plataformas|21|OT7|7|Order Type Master 7|7|94722.00|0.00|0.00|0|0.00|0|7578.00|2|0|0|0|0|0.00|0.00|0.00|0|0|0|0.00|0|0.00|0|0.00|0|102300.00|2|102300.00|2|0.00|0|0.00|0|0.00|0.00|13|55|94722.00|0.00|0.00|0.00|94722.00|23379.83|23379.83|0.00|0.33|0.00|70139.57|23379.83|23379.83
FPOT|Plataformas|21|Plataformas|21|OT7|7|Order Type Master 7|7|27963.00|0.00|0.00|0|0.00|0|2237.00|1|0|0|0|0|0.00|0.00|0.00|0|0|0|0.00|0|0.00|0|0.00|0|30200.00|1|30200.00|1|0.00|0|0.00|0|0.00|0.00|17|72|27963.00|0.00|0.00|0.00|27963.00|0.00|0.00|0.00|0.00|0.00|0.00|0.00|0.00
FPOT|Plataformas|21|Plataformas|21|OT7|7|Order Type Master 7|7|38611.00|0.00|0.00|0|0.00|0|3089.00|1|0|0|0|0|0.00|0.00|0.00|0|0|0|0.00|0|0.00|0|0.00|0|41700.00|1|41700.00|1|0.00|0|0.00|0|0.00|0.00|12|51|38611.00|0.00|0.00|0.00|38611.00|0.00|0.00|0.00|0.00|0.00|0.00|0.00|0.00
FPOT|Restaurante|1|Restaurante|1|OT1|1|Order Type Master 1|1|32037.00|3204.00|0.00|0|0.00|0|2563.00|1|0|0|0|0|0.00|0.00|0.00|0|0|0|0.00|0|0.00|0|0.00|0|37804.00|1|0.00|0|0.00|0|0.00|0|0.00|0.00|10|44|32037.00|0.00|0.00|0.00|32037.00|5339.50|5339.50|0.00|0.17|0.00|32036.94|5339.50|5339.50
FPOT|Restaurante|1|Restaurante|1|OT1|1|Order Type Master 1|1|0.00|0.00|0.00|0|0.00|0|0.00|0|0|0|0|0|0.00|0.00|0.00|0|0|0|0.00|0|0.00|0|0.00|0|0.00|0|194044.00|1|0.00|0|0.00|0|0.00|0.00|17|70|0.00|0.00|0.00|0.00|0.00|0.00|0.00|0.00|0.00|0.00|0.00|0.00|0.00
FPOT|Restaurante|1|Restaurante|1|OT1|1|Order Type Master 1|1|55278.00|5527.00|0.00|0|0.00|0|4422.00|0|0|0|0|0|0.00|0.00|0.00|0|0|0|0.00|0|0.00|0|0.00|0|65227.00|0|0.00|0|0.00|0|0.00|0|0.00|0.00|11|45|55278.00|0.00|0.00|0.00|55278.00|9213.00|9213.00|0.00|0.00|0.00|0.00|9213.00|9213.00
FPOT|Domicilios|20|Domicilios|20|OT2|2|Order Type Master 2|2|32410.00|0.00|0.00|0|0.00|0|2590.00|1|0|0|0|0|0.00|0.00|0.00|0|0|0|5000.00|1|0.00|0|0.00|0|35000.00|1|0.00|0|0.00|0|0.00|0|0.00|0.00|16|65|32410.00|0.00|0.00|0.00|32410.00|0.00|0.00|0.00|0.00|0.00|0.00|0.00|0.00
FPOT|Plataformas|21|Plataformas|21|OT7|7|Order Type Master 7|7|360648.00|0.00|0.00|0|0.00|0|28852.00|1|0|0|0|0|0.00|0.00|0.00|0|0|0|0.00|0|0.00|0|0.00|0|389500.00|1|389500.00|1|0.00|0|0.00|0|0.00|0.00|13|53|360648.00|0.00|0.00|0.00|360648.00|60108.00|60108.00|0.00|0.33|0.00|180324.18|60108.00|60108.00
FPOT|Plataformas|21|Plataformas|21|OT7|7|Order Type Master 7|7|144167.00|0.00|0.00|0|0.00|0|11533.00|3|0|0|0|0|0.00|0.00|0.00|0|0|0|0.00|0|0.00|0|0.00|0|155700.00|3|155700.00|3|0.00|0|0.00|0|0.00|0.00|18|75|144167.00|0.00|0.00|0.00|144167.00|48379.83|48379.83|0.00|0.67|0.00|72569.71|48379.83|48379.83
FPOT|Restaurante|1|Restaurante|1|OT1|1|Order Type Master 1|1|100926.00|10092.00|0.00|0|0.00|0|8074.00|1|0|0|0|0|0.00|0.00|0.00|0|0|0|0.00|0|0.00|0|0.00|0|119092.00|1|0.00|0|0.00|0|0.00|0|0.00|0.00|14|57|100926.00|0.00|0.00|0.00|100926.00|46049.50|46049.50|0.00|0.33|0.00|138148.64|46049.50|46049.50
FPOT|Restaurante|1|Restaurante|1|OT1|1|Order Type Master 1|1|64537.00|6454.00|0.00|0|0.00|0|5163.00|1|0|0|0|0|0.00|0.00|0.00|0|0|0|0.00|0|0.00|0|0.00|1|76154.00|1|119092.00|1|0.00|0|0.00|0|0.00|0.00|14|58|64537.00|0.00|0.00|0.00|64537.00|15725.33|15725.33|0.00|0.17|0.00|94351.81|15725.33|15725.33
FPOT|Restaurante|1|Restaurante|1|OT1|1|Order Type Master 1|1|0.00|0.00|0.00|0|0.00|0|0.00|0|0|0|0|0|0.00|0.00|0.00|0|0|0|0.00|0|0.00|0|0.00|0|0.00|0|421958.00|2|0.00|0|0.00|0|0.00|0.00|13|54|0.00|0.00|0.00|0.00|0.00|18642.00|18642.00|0.00|0.17|0.00|111851.78|18642.00|18642.00
FPOT|Domicilios|20|Domicilios|20|OT2|2|Order Type Master 2|2|20185.00|0.00|0.00|0|0.00|0|1615.00|1|0|0|0|0|0.00|0.00|0.00|0|0|0|0.00|0|0.00|0|0.00|0|21800.00|1|21800.00|1|0.00|0|0.00|0|0.00|0.00|15|61|20185.00|0.00|0.00|0.00|20185.00|0.00|0.00|0.00|0.00|0.00|0.00|0.00|0.00
FPOT|Restaurante|1|Restaurante|1|OT1|1|Order Type Master 1|1|0.00|0.00|0.00|0|0.00|0|0.00|0|0|0|0|0|0.00|0.00|0.00|0|0|0|0.00|0|0.00|0|0.00|0|0.00|0|76154.00|1|0.00|0|0.00|0|0.00|0.00|14|60|0.00|0.00|0.00|0.00|0.00|49676.00|49676.00|0.00|0.33|0.00|149028.15|49676.00|49676.00
FPOT|Restaurante|1|Restaurante|1|OT1|1|Order Type Master 1|1|73333.00|7333.00|0.00|0|0.00|0|5867.00|1|0|0|0|0|0.00|0.00|0.00|0|0|0|0.00|0|0.00|0|0.00|0|86533.00|1|103031.00|1|0.00|0|0.00|0|0.00|0.00|11|48|73333.00|0.00|0.00|0.00|73333.00|0.00|0.00|0.00|0.00|0.00|0.00|0.00|0.00
FPOT|Restaurante|1|Restaurante|1|OT1|1|Order Type Master 1|1|215464.00|21546.00|-12222.00|1|0.00|0|17236.00|2|0|0|0|0|0.00|0.00|0.00|0|0|0|0.00|0|0.00|0|0.00|0|254246.00|2|315759.00|1|0.00|0|0.00|0|0.00|0.00|15|62|215464.00|0.00|0.00|0.00|215464.00|7114.17|7114.17|0.00|0.17|0.00|42684.91|7114.17|7114.17
FPOT|Restaurante|1|Restaurante|1|OT1|1|Order Type Master 1|1|12870.00|1287.00|0.00|0|0.00|0|1030.00|1|0|0|0|0|0.00|0.00|0.00|0|0|0|0.00|0|0.00|0|0.00|0|15188.00|1|198197.00|2|0.00|0|0.00|0|0.00|0.00|15|63|12870.00|0.00|0.00|0.00|12870.00|48256.33|48256.33|0.00|0.33|0.00|144769.14|48256.33|48256.33
FPOT|Restaurante|1|Restaurante|1|OT1|1|Order Type Master 1|1|8519.00|852.00|0.00|0|0.00|0|681.00|0|0|0|0|0|0.00|0.00|0.00|0|0|0|0.00|0|0.00|0|0.00|0|10052.00|0|0.00|0|0.00|0|0.00|0|0.00|0.00|17|69|8519.00|0.00|0.00|0.00|8519.00|15771.67|15771.67|0.00|0.17|0.00|94629.81|15771.67|15771.67
FPOT|Domicilios|20|Domicilios|20|OT2|2|Order Type Master 2|2|4911.00|0.00|0.00|0|0.00|0|489.00|1|0|0|0|0|0.00|0.00|0.00|0|0|0|0.00|0|0.00|0|0.00|0|5400.00|1|5400.00|1|0.00|0|0.00|0|0.00|0.00|16|66|6111.00|-1200.00|0.00|0.00|4911.00|0.00|0.00|0.00|0.00|0.00|0.00|0.00|0.00
FPOT|Plataformas|21|Plataformas|21|OT7|7|Order Type Master 7|7|191945.00|0.00|0.00|0|0.00|0|15355.00|2|0|0|0|0|0.00|0.00|0.00|0|0|0|0.00|0|0.00|0|0.00|0|207300.00|2|207300.00|2|0.00|0|0.00|0|0.00|0.00|11|47|191945.00|0.00|0.00|0.00|191945.00|0.00|0.00|0.00|0.00|0.00|0.00|0.00|0.00
FPOT|Plataformas|21|Plataformas|21|OT7|7|Order Type Master 7|7|117037.00|0.00|0.00|0|0.00|0|9363.00|1|0|0|0|0|0.00|0.00|0.00|0|0|0|0.00|0|0.00|0|0.00|0|126400.00|1|126400.00|1|0.00|0|0.00|0|0.00|0.00|14|59|117037.00|0.00|0.00|0.00|117037.00|0.00|0.00|0.00|0.00|0.00|0.00|0.00|0.00
FPOT|Restaurante|1|Restaurante|1|OT1|1|Order Type Master 1|1|0.00|0.00|0.00|0|0.00|0|0.00|0|0|0|0|0|0.00|0.00|0.00|0|0|0|0.00|0|0.00|0|0.00|0|-3.00|0|51130.00|1|0.00|0|0.00|0|0.00|0.00|18|76|0.00|0.00|0.00|0.00|0.00|0.00|0.00|0.00|0.00|0.00|0.00|0.00|0.00
FPOT|Restaurante|1|Restaurante|1|OT1|1|Order Type Master 1|1|155926.00|15592.00|0.00|0|0.00|0|12474.00|1|0|0|0|0|0.00|0.00|0.00|0|0|0|0.00|0|0.00|0|0.00|0|183992.00|1|0.00|0|0.00|0|0.00|0|0.00|0.00|16|68|155926.00|0.00|0.00|0.00|155926.00|0.00|0.00|0.00|0.00|0.00|0.00|0.00|0.00
FPOT|Restaurante|1|Restaurante|1|OT1|1|Order Type Master 1|1|43334.00|4333.00|0.00|0|0.00|0|3466.00|1|0|0|0|0|0.00|0.00|0.00|0|0|0|9200.00|1|0.00|0|0.00|0|51133.00|1|0.00|0|0.00|0|0.00|0|0.00|0.00|18|74|43334.00|0.00|0.00|0.00|43334.00|0.00|0.00|0.00|0.00|0.00|0.00|0.00|0.00
FPOT|Domicilios|20|Domicilios|20|OT2|2|Order Type Master 2|2|0.00|0.00|0.00|0|0.00|0|0.00|0|0|0|0|0|0.00|0.00|0.00|0|0|0|0.00|0|0.00|0|101800.00|1|0.00|0|0.00|0|0.00|0|0.00|0|0.00|0.00|14|57|0.00|0.00|0.00|0.00|0.00|0.00|0.00|0.00|0.00|0.00|0.00|0.00|0.00
FPOT|Plataformas|21|Plataformas|21|OT7|7|Order Type Master 7|7|102594.00|0.00|0.00|0|0.00|0|8206.00|2|0|0|0|0|0.00|0.00|0.00|0|0|0|5000.00|1|0.00|0|0.00|0|110800.00|2|110800.00|2|0.00|0|0.00|0|0.00|0.00|11|46|102594.00|0.00|0.00|0.00|102594.00|0.00|0.00|0.00|0.00|0.00|0.00|0.00|0.00
FPMI|Restaurante|1|Restaurante|1|JUGO DE NARANJA| |9604048|JUGO DE NARANJA| |9604048|BEBIDAS|20|BEBIDAS|20|Bebidas Sin Alcohol|3000|Bebidas Sin Alcohol|3000|OT1|1|Order Type Master 1|1|11667.00|0.00|11667.00|0.00|0.00|0.00|11667.00|0.00|11667.00|1|11667.00|1|0|0.00|0.00|0.00|61|15
FPMI|Restaurante|1|Restaurante|1|COMO ENTRADA| |90000038|COMO ENTRADA| |90000038|ALIMENTOS|10|ALIMENTOS|10|Para Empezar|1008|Para Empezar|1008|OT1|1|Order Type Master 1|1|0.00|0.00|0.00|0.00|0.00|0.00|0.00|0.00|0.00|1|0.00|1|0|0.00|0.00|0.00|68|16
FPMI|Restaurante|1|Restaurante|1|Mod 3/4| |980000004|Mod 3/4| |980000004|ALIMENTOS|10|ALIMENTOS|10|Para Empezar|1008|Para Empezar|1008|OT1|1|Order Type Master 1|1|0.00|0.00|0.00|0.00|0.00|0.00|0.00|0.00|0.00|1|0.00|1|0|0.00|0.00|0.00|68|16
FPMI|Restaurante|1|Restaurante|1|CALENTADO PAISA| |9518008|CALENTADO PAISA| |9518008|ALIMENTOS|10|ALIMENTOS|10|Para Empezar|1008|Para Empezar|1008|OT1|1|Order Type Master 1|1|35093.00|0.00|35093.00|0.00|0.00|0.00|35093.00|0.00|35093.00|1|35093.00|1|0|0.00|0.00|0.00|45|11
FPMI|Restaurante|1|Restaurante|1|BANDEJA PAISA| |9520036|BANDEJA PAISA| |9520036|ALIMENTOS|10|ALIMENTOS|10|Para Empezar|1008|Para Empezar|1008|OT1|1|Order Type Master 1|1|42500.00|0.00|42500.00|0.00|0.00|0.00|42500.00|0.00|42500.00|1|42500.00|1|0|0.00|0.00|0.00|62|15
FPMI|Restaurante|1|Restaurante|1|ADICION QUESO MOZZARELLA 60 gr| |9500352|ADICION QUESO MOZZARELLA 60 gr| |9500352|ALIMENTOS|10|ALIMENTOS|10|Para Empezar|1008|Para Empezar|1008|OT1|1|Order Type Master 1|1|7315.00|0.00|7315.00|0.00|0.00|0.00|7315.00|0.00|7315.00|1|7315.00|1|0|0.00|0.00|0.00|61|15
FPMI|Restaurante|1|Restaurante|1|COMO ENTRADA| |90000038|COMO ENTRADA| |90000038|ALIMENTOS|10|ALIMENTOS|10|Para Empezar|1008|Para Empezar|1008|OT1|1|Order Type Master 1|1|0.00|0.00|0.00|0.00|0.00|0.00|0.00|0.00|0.00|41|0.00|1|0|0.00|0.00|0.00|62|15
FPMI|Restaurante|1|Restaurante|1|LOMO 220 gr PAPA CASCO| |9502512|LOMO 220 gr PAPA CASCO| |9502512|ALIMENTOS|10|ALIMENTOS|10|Para Empezar|1008|Para Empezar|1008|OT1|1|Order Type Master 1|1|54444.00|0.00|54444.00|0.00|0.00|0.00|54444.00|0.00|54444.00|1|54444.00|1|0|0.00|0.00|0.00|61|15
FPMI|Restaurante|1|Restaurante|1|AREPA DE MAIZ CON CARNE DESMECHADA| |9524076|AREPA DE MAIZ CON CARNE DESMECHADA| |9524076|ALIMENTOS|10|ALIMENTOS|10|Para Empezar|1008|Para Empezar|1008|OT1|1|Order Type Master 1|1|20185.00|0.00|20185.00|0.00|0.00|0.00|20185.00|0.00|20185.00|1|20185.00|1|0|0.00|0.00|0.00|57|14
FPMI|Restaurante|1|Restaurante|1|AREPA DE CHOCOLO| |9506036|AREPA DE CHOCOLO| |9506036|ALIMENTOS|10|ALIMENTOS|10|Para Empezar|1008|Para Empezar|1008|OT1|1|Order Type Master 1|1|20185.00|0.00|20185.00|0.00|0.00|0.00|20185.00|0.00|20185.00|1|20185.00|1|0|0.00|0.00|0.00|52|12
FPMI|Restaurante|1|Restaurante|1|PECHUGA A LA PARRILLA 230 gr FRANCESA | |9506090|PECHUGA A LA PARRILLA 230 gr FRANCESA | |9506090|ALIMENTOS|10|ALIMENTOS|10|Para Empezar|1008|Para Empezar|1008|OT1|1|Order Type Master 1|1|24815.00|0.00|24815.00|0.00|0.00|0.00|24815.00|0.00|24815.00|1|24815.00|1|0|0.00|0.00|0.00|59|14
FPMI|Domicilios|20|Domicilios|20|AREPA DE CHOCOLO| |9506036|AREPA DE CHOCOLO| |9506036|ALIMENTOS|10|ALIMENTOS|10|Para Empezar|1008|Para Empezar|1008|OT2|2|Order Type Master 2|2|20185.00|0.00|20185.00|0.00|0.00|0.00|20185.00|0.00|20185.00|73|20185.00|1|0|0.00|0.00|0.00|61|15
FPMI|Plataformas|21|Plataformas|21|PAPA CRIOLLA| |9500288|PAPA CRIOLLA| |9500288|ALIMENTOS|10|ALIMENTOS|10|Para Empezar|1008|Para Empezar|1008|OT7|7|Order Type Master 7|7|7500.00|0.00|7500.00|0.00|0.00|0.00|7500.00|0.00|7500.00|153|7500.00|1|0|0.00|0.00|0.00|47|11
FPMI|Plataformas|21|Plataformas|21|MJE ALM| |90000037|MJE ALM| |90000037|ALIMENTOS|10|ALIMENTOS|10|Para Empezar|1008|Para Empezar|1008|OT7|7|Order Type Master 7|7|0.00|0.00|0.00|0.00|0.00|0.00|0.00|0.00|0.00|1|0.00|2|0|0.00|0.00|0.00|53|13
FPMI|Plataformas|21|Plataformas|21|PECHUGA NINOS| |9542014|PECHUGA NINOS| |9542014|ALIMENTOS|10|ALIMENTOS|10|Para Empezar|1008|Para Empezar|1008|OT7|7|Order Type Master 7|7|24444.00|0.00|24444.00|0.00|0.00|0.00|24444.00|0.00|24444.00|153|24444.00|1|0|0.00|0.00|0.00|75|18
FPMI|Plataformas|21|Plataformas|21|AJIACO NINOS| |9542004|AJIACO NINOS| |9542004|ALIMENTOS|10|ALIMENTOS|10|Para Empezar|1008|Para Empezar|1008|OT7|7|Order Type Master 7|7|60834.00|0.00|60834.00|0.00|0.00|0.00|60834.00|0.00|60834.00|153|60834.00|3|0|0.00|0.00|0.00|75|18
FPMI|Plataformas|21|Plataformas|21|AJIACO  POLLO| |9520008|AJIACO  POLLO| |9520008|ALIMENTOS|10|ALIMENTOS|10|Para Empezar|1008|Para Empezar|1008|OT7|7|Order Type Master 7|7|35741.00|0.00|35741.00|0.00|0.00|0.00|35741.00|0.00|35741.00|153|35741.00|1|0|0.00|0.00|0.00|75|18
FPMI|Restaurante|1|Restaurante|1|CERVEZA CLUB COLOMBIA CHELADA| |9608054|CERVEZA CLUB COLOMBIA CHELADA| |9608054|BEBIDAS|20|BEBIDAS|20|Bebidas Sin Alcohol|3000|Bebidas Sin Alcohol|3000|OT1|1|Order Type Master 1|1|12222.00|0.00|12222.00|0.00|0.00|0.00|12222.00|0.00|12222.00|1|12222.00|1|0|0.00|0.00|0.00|62|15
FPMI|Restaurante|1|Restaurante|1|AGUA MANANTIAL CON GAS 300 ML CON LIMON| |9606138|AGUA MANANTIAL CON GAS 300 ML CON LIMON| |9606138|BEBIDAS|20|BEBIDAS|20|Bebidas Sin Alcohol|3000|Bebidas Sin Alcohol|3000|OT1|1|Order Type Master 1|1|6852.00|0.00|6852.00|0.00|0.00|0.00|6852.00|0.00|6852.00|1|6852.00|1|0|0.00|0.00|0.00|61|15
FPMI|Restaurante|1|Restaurante|1|REFAJO| |9608024|REFAJO| |9608024|BEBIDAS|20|BEBIDAS|20|Bebidas Sin Alcohol|3000|Bebidas Sin Alcohol|3000|OT1|1|Order Type Master 1|1|12870.00|0.00|12870.00|0.00|0.00|0.00|12870.00|0.00|12870.00|1|12870.00|1|0|0.00|0.00|0.00|52|12
FPMI|Restaurante|1|Restaurante|1|SODA CON LIMON| |9606141|SODA CON LIMON| |9606141|BEBIDAS|20|BEBIDAS|20|Bebidas Sin Alcohol|3000|Bebidas Sin Alcohol|3000|OT1|1|Order Type Master 1|1|7222.00|0.00|7222.00|0.00|0.00|0.00|7222.00|0.00|7222.00|1|7222.00|1|0|0.00|0.00|0.00|62|15
FPMI|Restaurante|1|Restaurante|1|JUGO DE PINA - HIERBABUENA AGUA| |9604263|JUGO DE PINA - HIERBABUENA AGUA| |9604263|BEBIDAS|20|BEBIDAS|20|Bebidas Sin Alcohol|3000|Bebidas Sin Alcohol|3000|OT1|1|Order Type Master 1|1|11019.00|0.00|11019.00|0.00|0.00|0.00|11019.00|0.00|11019.00|1|11019.00|1|0|0.00|0.00|0.00|44|10
FPMI|Restaurante|1|Restaurante|1|LOMO 220 gr PAPA FRANCESA| |9502511|LOMO 220 gr PAPA FRANCESA| |9502511|ALIMENTOS|10|ALIMENTOS|10|Para Empezar|1008|Para Empezar|1008|OT1|1|Order Type Master 1|1|54444.00|0.00|54444.00|0.00|0.00|0.00|54444.00|0.00|54444.00|1|54444.00|1|0|0.00|0.00|0.00|68|16
FPMI|Restaurante|1|Restaurante|1|AJIACO  POLLO| |9520008|AJIACO  POLLO| |9520008|ALIMENTOS|10|ALIMENTOS|10|Para Empezar|1008|Para Empezar|1008|OT1|1|Order Type Master 1|1|68148.00|0.00|68148.00|0.00|0.00|0.00|68148.00|0.00|68148.00|1|68148.00|2|0|0.00|0.00|0.00|57|14
FPMI|Restaurante|1|Restaurante|1|TORTA MILKYWAY| |9514163|TORTA MILKYWAY| |9514163|ALIMENTOS|10|ALIMENTOS|10|Para Empezar|1008|Para Empezar|1008|OT1|1|Order Type Master 1|1|12870.00|0.00|12870.00|0.00|0.00|0.00|12870.00|0.00|12870.00|1|12870.00|1|0|0.00|0.00|0.00|63|15
FPMI|Restaurante|1|Restaurante|1|PUNTA DE ANCA 250 gr CRIOLLA| |9502358|PUNTA DE ANCA 250 gr CRIOLLA| |9502358|ALIMENTOS|10|ALIMENTOS|10|Para Empezar|1008|Para Empezar|1008|OT1|1|Order Type Master 1|1|52593.00|0.00|52593.00|0.00|0.00|0.00|52593.00|0.00|52593.00|1|52593.00|1|0|0.00|0.00|0.00|52|12
FPMI|Restaurante|1|Restaurante|1|PORCION DE ARROZ BLANCO| |9500064|PORCION DE ARROZ BLANCO| |9500064|ALIMENTOS|10|ALIMENTOS|10|Para Empezar|1008|Para Empezar|1008|OT1|1|Order Type Master 1|1|3426.00|0.00|3426.00|0.00|0.00|0.00|3426.00|0.00|3426.00|1|3426.00|1|0|0.00|0.00|0.00|52|12
FPMI|Restaurante|1|Restaurante|1|PICADA INDIVIDUAL  CRIOLLA| |9502576|PICADA INDIVIDUAL  CRIOLLA| |9502576|ALIMENTOS|10|ALIMENTOS|10|Para Empezar|1008|Para Empezar|1008|OT1|1|Order Type Master 1|1|38704.00|0.00|38704.00|0.00|0.00|0.00|38704.00|0.00|38704.00|1|38704.00|1|0|0.00|0.00|0.00|62|15
FPMI|Restaurante|1|Restaurante|1|Mod CocaCola Original 400ml| |980000102|Mod CocaCola Original 400ml| |980000102|ALIMENTOS|10|ALIMENTOS|10|Para Empezar|1008|Para Empezar|1008|OT1|1|Order Type Master 1|1|0.00|0.00|0.00|0.00|0.00|0.00|0.00|0.00|0.00|1|0.00|1|0|0.00|0.00|0.00|74|18
FPMI|Restaurante|1|Restaurante|1|COMO ENTRADA| |90000038|COMO ENTRADA| |90000038|ALIMENTOS|10|ALIMENTOS|10|Para Empezar|1008|Para Empezar|1008|OT1|1|Order Type Master 1|1|0.00|0.00|0.00|0.00|0.00|0.00|0.00|0.00|0.00|41|0.00|1|0|0.00|0.00|0.00|59|14
FPMI|Restaurante|1|Restaurante|1|Mod 1/2| |980000002|Mod 1/2| |980000002|ALIMENTOS|10|ALIMENTOS|10|Para Empezar|1008|Para Empezar|1008|OT1|1|Order Type Master 1|1|0.00|0.00|0.00|0.00|0.00|0.00|0.00|0.00|0.00|1|0.00|1|0|0.00|0.00|0.00|58|14
FPMI|Restaurante|1|Restaurante|1|BANDEJA PAISA| |9520036|BANDEJA PAISA| |9520036|ALIMENTOS|10|ALIMENTOS|10|Para Empezar|1008|Para Empezar|1008|OT1|1|Order Type Master 1|1|42500.00|0.00|42500.00|0.00|0.00|0.00|42500.00|0.00|42500.00|1|42500.00|1|0|0.00|0.00|0.00|59|14
FPMI|Restaurante|1|Restaurante|1|SOPA DE VERDURAS| |9520050|SOPA DE VERDURAS| |9520050|ALIMENTOS|10|ALIMENTOS|10|Para Empezar|1008|Para Empezar|1008|OT1|1|Order Type Master 1|1|26296.00|0.00|26296.00|0.00|0.00|0.00|26296.00|0.00|26296.00|1|26296.00|2|0|0.00|0.00|0.00|52|12
FPMI|Restaurante|1|Restaurante|1|PUNTA DE ANCA 250 gr ENSALADA| |9502234|PUNTA DE ANCA 250 gr ENSALADA| |9502234|ALIMENTOS|10|ALIMENTOS|10|Para Empezar|1008|Para Empezar|1008|OT1|1|Order Type Master 1|1|52593.00|0.00|52593.00|0.00|0.00|0.00|52593.00|0.00|52593.00|1|52593.00|1|0|0.00|0.00|0.00|52|12
FPMI|Restaurante|1|Restaurante|1|CUCHUCO CON ESPINAZO| |9520020|CUCHUCO CON ESPINAZO| |9520020|ALIMENTOS|10|ALIMENTOS|10|Para Empezar|1008|Para Empezar|1008|OT1|1|Order Type Master 1|1|68334.00|0.00|68334.00|0.00|0.00|0.00|68334.00|0.00|68334.00|1|68334.00|2|0|0.00|0.00|0.00|52|12
FPMI|Plataformas|21|Plataformas|21|LOMO 220 gr PAPA FRANCESA| |9502511|LOMO 220 gr PAPA FRANCESA| |9502511|ALIMENTOS|10|ALIMENTOS|10|Para Empezar|1008|Para Empezar|1008|OT7|7|Order Type Master 7|7|57130.00|0.00|57130.00|0.00|0.00|0.00|57130.00|0.00|57130.00|153|57130.00|1|0|0.00|0.00|0.00|60|14
FPMI|Plataformas|21|Plataformas|21|AREPA DE CHOCOLO| |9506036|AREPA DE CHOCOLO| |9506036|ALIMENTOS|10|ALIMENTOS|10|Para Empezar|1008|Para Empezar|1008|OT7|7|Order Type Master 7|7|21111.00|0.00|21111.00|0.00|0.00|0.00|21111.00|0.00|21111.00|153|21111.00|1|0|0.00|0.00|0.00|60|14
FPMI|Plataformas|21|Plataformas|21|PORCION DE ARROZ BLANCO| |9500064|PORCION DE ARROZ BLANCO| |9500064|ALIMENTOS|10|ALIMENTOS|10|Para Empezar|1008|Para Empezar|1008|OT7|7|Order Type Master 7|7|3611.00|0.00|3611.00|0.00|0.00|0.00|3611.00|0.00|3611.00|153|3611.00|1|0|0.00|0.00|0.00|47|11
FPMI|Plataformas|21|Plataformas|21|SALMON A LA PLANCHA 200 gr ENSALADA| |9504162|SALMON A LA PLANCHA 200 gr ENSALADA| |9504162|ALIMENTOS|10|ALIMENTOS|10|Para Empezar|1008|Para Empezar|1008|OT7|7|Order Type Master 7|7|100740.00|0.00|100740.00|0.00|0.00|0.00|100740.00|0.00|100740.00|153|100740.00|2|0|0.00|0.00|0.00|53|13
FPMI|Plataformas|21|Plataformas|21|CALENTADO ANDRES| |9518004|CALENTADO ANDRES| |9518004|ALIMENTOS|10|ALIMENTOS|10|Para Empezar|1008|Para Empezar|1008|OT7|7|Order Type Master 7|7|36759.00|0.00|36759.00|0.00|0.00|0.00|36759.00|0.00|36759.00|153|36759.00|1|0|0.00|0.00|0.00|53|13
FPMI|Plataformas|21|Plataformas|21|HOGAO| |9500200|HOGAO| |9500200|ALIMENTOS|10|ALIMENTOS|10|Para Empezar|1008|Para Empezar|1008|OT7|7|Order Type Master 7|7|6482.00|0.00|6482.00|0.00|0.00|0.00|6482.00|0.00|6482.00|153|6482.00|2|0|0.00|0.00|0.00|46|11
FPMI|Plataformas|21|Plataformas|21|CAZUELA DE FRIJOLES| |9520032|CAZUELA DE FRIJOLES| |9520032|ALIMENTOS|10|ALIMENTOS|10|Para Empezar|1008|Para Empezar|1008|OT7|7|Order Type Master 7|7|31204.00|0.00|31204.00|0.00|0.00|0.00|31204.00|0.00|31204.00|177|31204.00|1|0|0.00|0.00|0.00|46|11
FPMI|Plataformas|21|Plataformas|21|PECHUGA A LA PARRILLA 230 gr ENSALADA | |9506091|PECHUGA A LA PARRILLA 230 gr ENSALADA | |9506091|ALIMENTOS|10|ALIMENTOS|10|Para Empezar|1008|Para Empezar|1008|OT7|7|Order Type Master 7|7|23148.00|0.00|23148.00|0.00|0.00|0.00|23148.00|0.00|23148.00|177|23148.00|1|0|0.00|0.00|0.00|75|18
FPMI|Plataformas|21|Plataformas|21|PECHUGA A LA PARRILLA 230 gr ENSALADA | |9506091|PECHUGA A LA PARRILLA 230 gr ENSALADA | |9506091|ALIMENTOS|10|ALIMENTOS|10|Para Empezar|1008|Para Empezar|1008|OT7|7|Order Type Master 7|7|26019.00|0.00|26019.00|0.00|0.00|0.00|26019.00|0.00|26019.00|153|26019.00|1|0|0.00|0.00|0.00|46|11
FPMI|Restaurante|1|Restaurante|1|LIMONADA HIERBABUENA| |9604066|LIMONADA HIERBABUENA| |9604066|BEBIDAS|20|BEBIDAS|20|Bebidas Sin Alcohol|3000|Bebidas Sin Alcohol|3000|OT1|1|Order Type Master 1|1|8519.00|0.00|8519.00|0.00|0.00|0.00|8519.00|0.00|8519.00|1|8519.00|1|0|0.00|0.00|0.00|68|16
FPMI|Restaurante|1|Restaurante|1|CERVEZA CLUB COLOMBIA MICHELADA| |9608052|CERVEZA CLUB COLOMBIA MICHELADA| |9608052|BEBIDAS|20|BEBIDAS|20|Bebidas Sin Alcohol|3000|Bebidas Sin Alcohol|3000|OT1|1|Order Type Master 1|1|0.00|0.00|0.00|0.00|0.00|0.00|0.00|0.00|0.00|1|0.00|0|0|0.00|0.00|0.00|62|15
FPMI|Restaurante|1|Restaurante|1|JUGO DE LULO EN AGUA| |9604216|JUGO DE LULO EN AGUA| |9604216|BEBIDAS|20|BEBIDAS|20|Bebidas Sin Alcohol|3000|Bebidas Sin Alcohol|3000|OT1|1|Order Type Master 1|1|10093.00|0.00|10093.00|0.00|0.00|0.00|10093.00|0.00|10093.00|1|10093.00|1|0|0.00|0.00|0.00|59|14
FPMI|Restaurante|1|Restaurante|1|AGUA MANANTIAL CON GAS 300 ML CON LIMON| |9606138|AGUA MANANTIAL CON GAS 300 ML CON LIMON| |9606138|BEBIDAS|20|BEBIDAS|20|Bebidas Sin Alcohol|3000|Bebidas Sin Alcohol|3000|OT1|1|Order Type Master 1|1|20556.00|0.00|20556.00|0.00|0.00|0.00|20556.00|0.00|20556.00|1|20556.00|3|0|0.00|0.00|0.00|52|12
FPMI|Plataformas|21|Plataformas|21|GASEOSA 400 ml| |9606131|GASEOSA 400 ml| |9606131|BEBIDAS|20|BEBIDAS|20|Bebidas Sin Alcohol|3000|Bebidas Sin Alcohol|3000|OT7|7|Order Type Master 7|7|15926.00|0.00|15926.00|0.00|0.00|0.00|15926.00|0.00|15926.00|153|15926.00|2|0|0.00|0.00|0.00|47|11
FPMI|Restaurante|1|Restaurante|1|AREPA DE CHOCOLO| |9506036|AREPA DE CHOCOLO| |9506036|ALIMENTOS|10|ALIMENTOS|10|Para Empezar|1008|Para Empezar|1008|OT1|1|Order Type Master 1|1|20185.00|0.00|20185.00|0.00|0.00|0.00|20185.00|0.00|20185.00|1|20185.00|1|0|0.00|0.00|0.00|68|16
FPMI|Restaurante|1|Restaurante|1|CHURRASCO 250 gr ENSALADA| |9502108|CHURRASCO 250 gr ENSALADA| |9502108|ALIMENTOS|10|ALIMENTOS|10|Para Empezar|1008|Para Empezar|1008|OT1|1|Order Type Master 1|1|49815.00|0.00|49815.00|0.00|0.00|0.00|49815.00|0.00|49815.00|1|49815.00|1|0|0.00|0.00|0.00|68|16
FPMI|Restaurante|1|Restaurante|1|Mod A Punto| |980000005|Mod A Punto| |980000005|ALIMENTOS|10|ALIMENTOS|10|Para Empezar|1008|Para Empezar|1008|OT1|1|Order Type Master 1|1|0.00|0.00|0.00|0.00|0.00|0.00|0.00|0.00|0.00|1|0.00|1|0|0.00|0.00|0.00|68|16
FPMI|Restaurante|1|Restaurante|1|MADURITOS| |9500252|MADURITOS| |9500252|ALIMENTOS|10|ALIMENTOS|10|Para Empezar|1008|Para Empezar|1008|OT1|1|Order Type Master 1|1|3426.00|0.00|3426.00|0.00|0.00|0.00|3426.00|0.00|3426.00|1|3426.00|1|0|0.00|0.00|0.00|68|16
FPMI|Restaurante|1|Restaurante|1|BANDEJA PAISA| |9520036|BANDEJA PAISA| |9520036|ALIMENTOS|10|ALIMENTOS|10|Para Empezar|1008|Para Empezar|1008|OT1|1|Order Type Master 1|1|42500.00|0.00|42500.00|0.00|0.00|0.00|42500.00|0.00|42500.00|1|42500.00|1|0|0.00|0.00|0.00|61|15
FPMI|Restaurante|1|Restaurante|1|PECHUGA A LA PARRILLA 230 gr ENSALADA | |9506091|PECHUGA A LA PARRILLA 230 gr ENSALADA | |9506091|ALIMENTOS|10|ALIMENTOS|10|Para Empezar|1008|Para Empezar|1008|OT1|1|Order Type Master 1|1|24815.00|0.00|24815.00|0.00|0.00|0.00|24815.00|0.00|24815.00|1|24815.00|1|0|0.00|0.00|0.00|52|12
FPMI|Plataformas|21|Plataformas|21|CANASTA DE 4 EMPANADAS DE CARNE| |9528034|CANASTA DE 4 EMPANADAS DE CARNE| |9528034|ALIMENTOS|10|ALIMENTOS|10|Para Empezar|1008|Para Empezar|1008|OT7|7|Order Type Master 7|7|23611.00|0.00|23611.00|0.00|0.00|0.00|23611.00|0.00|23611.00|153|23611.00|1|0|0.00|0.00|0.00|47|11
FPMI|Plataformas|21|Plataformas|21|Mod CocaCola Original 400ml| |980000102|Mod CocaCola Original 400ml| |980000102|ALIMENTOS|10|ALIMENTOS|10|Para Empezar|1008|Para Empezar|1008|OT7|7|Order Type Master 7|7|0.00|0.00|0.00|0.00|0.00|0.00|0.00|0.00|0.00|1|0.00|1|0|0.00|0.00|0.00|47|11
FPMI|Plataformas|21|Plataformas|21|CHURRASCO 250 gr CRIOLLA| |9502355|CHURRASCO 250 gr CRIOLLA| |9502355|ALIMENTOS|10|ALIMENTOS|10|Para Empezar|1008|Para Empezar|1008|OT7|7|Order Type Master 7|7|54167.00|0.00|54167.00|0.00|0.00|0.00|54167.00|0.00|54167.00|153|54167.00|1|0|0.00|0.00|0.00|53|13
FPMI|Plataformas|21|Plataformas|21|SALSA BABY| |9500376|SALSA BABY| |9500376|ALIMENTOS|10|ALIMENTOS|10|Para Empezar|1008|Para Empezar|1008|OT7|7|Order Type Master 7|7|3148.00|0.00|3148.00|0.00|0.00|0.00|3148.00|0.00|3148.00|153|3148.00|1|0|0.00|0.00|0.00|55|13
FPMI|Plataformas|21|Plataformas|21|AREPA DE CHOCOLO| |9506036|AREPA DE CHOCOLO| |9506036|ALIMENTOS|10|ALIMENTOS|10|Para Empezar|1008|Para Empezar|1008|OT7|7|Order Type Master 7|7|21111.00|0.00|21111.00|0.00|0.00|0.00|21111.00|0.00|21111.00|153|21111.00|1|0|0.00|0.00|0.00|46|11
FPMI|Restaurante|1|Restaurante|1|JUGO DE GUANABANA EN LECHE| |9604220|JUGO DE GUANABANA EN LECHE| |9604220|BEBIDAS|20|BEBIDAS|20|Bebidas Sin Alcohol|3000|Bebidas Sin Alcohol|3000|OT1|1|Order Type Master 1|1|12870.00|0.00|12870.00|0.00|0.00|0.00|12870.00|0.00|12870.00|1|12870.00|1|0|0.00|0.00|0.00|44|10
FPMI|Restaurante|1|Restaurante|1|JUGO DE MARACUYA EN LECHE| |9604112|JUGO DE MARACUYA EN LECHE| |9604112|BEBIDAS|20|BEBIDAS|20|Bebidas Sin Alcohol|3000|Bebidas Sin Alcohol|3000|OT1|1|Order Type Master 1|1|12870.00|0.00|12870.00|0.00|0.00|0.00|12870.00|0.00|12870.00|1|12870.00|1|0|0.00|0.00|0.00|59|14
FPMI|Restaurante|1|Restaurante|1|LIMONADA HIERBABUENA| |9604066|LIMONADA HIERBABUENA| |9604066|BEBIDAS|20|BEBIDAS|20|Bebidas Sin Alcohol|3000|Bebidas Sin Alcohol|3000|OT1|1|Order Type Master 1|1|8519.00|0.00|8519.00|0.00|0.00|0.00|8519.00|0.00|8519.00|1|8519.00|1|0|0.00|0.00|0.00|59|14
FPMI|Restaurante|1|Restaurante|1|AREPA DE CHOCOLO| |9506036|AREPA DE CHOCOLO| |9506036|ALIMENTOS|10|ALIMENTOS|10|Para Empezar|1008|Para Empezar|1008|OT1|1|Order Type Master 1|1|20185.00|0.00|20185.00|0.00|0.00|0.00|20185.00|0.00|20185.00|1|20185.00|1|0|0.00|0.00|0.00|45|11
FPMI|Restaurante|1|Restaurante|1|SOPA DE VERDURAS| |9520050|SOPA DE VERDURAS| |9520050|ALIMENTOS|10|ALIMENTOS|10|Para Empezar|1008|Para Empezar|1008|OT1|1|Order Type Master 1|1|13148.00|0.00|13148.00|0.00|0.00|0.00|13148.00|0.00|13148.00|1|13148.00|1|0|0.00|0.00|0.00|61|15
FPMI|Restaurante|1|Restaurante|1|PINCHO DE POLLO X 100 GRS| |9502527|PINCHO DE POLLO X 100 GRS| |9502527|ALIMENTOS|10|ALIMENTOS|10|Para Empezar|1008|Para Empezar|1008|OT1|1|Order Type Master 1|1|29444.00|0.00|29444.00|0.00|0.00|0.00|29444.00|0.00|29444.00|1|29444.00|2|0|0.00|0.00|0.00|61|15
FPMI|Restaurante|1|Restaurante|1|MJE ALM| |90000037|MJE ALM| |90000037|ALIMENTOS|10|ALIMENTOS|10|Para Empezar|1008|Para Empezar|1008|OT1|1|Order Type Master 1|1|0.00|0.00|0.00|0.00|0.00|0.00|0.00|0.00|0.00|1|0.00|1|0|0.00|0.00|0.00|61|15
FPMI|Restaurante|1|Restaurante|1|PATACON GRATINADO| |9524040|PATACON GRATINADO| |9524040|ALIMENTOS|10|ALIMENTOS|10|Para Empezar|1008|Para Empezar|1008|OT1|1|Order Type Master 1|1|12593.00|0.00|12593.00|0.00|0.00|0.00|12593.00|0.00|12593.00|1|12593.00|1|0|0.00|0.00|0.00|57|14
FPMI|Restaurante|1|Restaurante|1|Mod 1/2| |980000002|Mod 1/2| |980000002|ALIMENTOS|10|ALIMENTOS|10|Para Empezar|1008|Para Empezar|1008|OT1|1|Order Type Master 1|1|0.00|0.00|0.00|0.00|0.00|0.00|0.00|0.00|0.00|1|0.00|2|0|0.00|0.00|0.00|62|15
FPMI|Restaurante|1|Restaurante|1|TRUCHA A LA PLANCHA 350 gr ARROZ| |9504165|TRUCHA A LA PLANCHA 350 gr ARROZ| |9504165|ALIMENTOS|10|ALIMENTOS|10|Para Empezar|1008|Para Empezar|1008|OT1|1|Order Type Master 1|1|35741.00|0.00|35741.00|0.00|0.00|0.00|35741.00|0.00|35741.00|1|35741.00|1|0|0.00|0.00|0.00|74|18
FPMI|Restaurante|1|Restaurante|1|CHICHARRON 90 gr| |9528024|CHICHARRON 90 gr| |9528024|ALIMENTOS|10|ALIMENTOS|10|Para Empezar|1008|Para Empezar|1008|OT1|1|Order Type Master 1|1|26667.00|0.00|26667.00|0.00|0.00|0.00|26667.00|0.00|26667.00|1|26667.00|1|0|0.00|0.00|0.00|59|14
FPMI|Domicilios|20|Domicilios|20|HAMBURGUESA 125 gr PERSONAL | |9540233|HAMBURGUESA 125 gr PERSONAL | |9540233|ALIMENTOS|10|ALIMENTOS|10|Para Empezar|1008|Para Empezar|1008|OT2|2|Order Type Master 2|2|32410.00|0.00|32410.00|0.00|0.00|0.00|32410.00|0.00|32410.00|73|32410.00|7|0|0.00|0.00|0.00|65|16
FPMI|Plataformas|21|Plataformas|21|EMPANADA DE CARNE | |9528004|EMPANADA DE CARNE | |9528004|ALIMENTOS|10|ALIMENTOS|10|Para Empezar|1008|Para Empezar|1008|OT7|7|Order Type Master 7|7|19167.00|0.00|19167.00|0.00|0.00|0.00|19167.00|0.00|19167.00|153|19167.00|3|0|0.00|0.00|0.00|59|14
FPMI|Plataformas|21|Plataformas|21|EMPANADA DE CARNE | |9528004|EMPANADA DE CARNE | |9528004|ALIMENTOS|10|ALIMENTOS|10|Para Empezar|1008|Para Empezar|1008|OT7|7|Order Type Master 7|7|12778.00|0.00|12778.00|0.00|0.00|0.00|12778.00|0.00|12778.00|153|12778.00|2|0|0.00|0.00|0.00|46|11
FPMI|Restaurante|1|Restaurante|1|AGUA MANANTIAL SIN GAS 500 ML CON LIMON| |9606137|AGUA MANANTIAL SIN GAS 500 ML CON LIMON| |9606137|BEBIDAS|20|BEBIDAS|20|Bebidas Sin Alcohol|3000|Bebidas Sin Alcohol|3000|OT1|1|Order Type Master 1|1|8519.00|0.00|8519.00|0.00|0.00|0.00|8519.00|0.00|8519.00|1|8519.00|1|0|0.00|0.00|0.00|52|12
FPMI|Restaurante|1|Restaurante|1|AGUA MANANTIAL SIN GAS 500 ML| |9606135|AGUA MANANTIAL SIN GAS 500 ML| |9606135|BEBIDAS|20|BEBIDAS|20|Bebidas Sin Alcohol|3000|Bebidas Sin Alcohol|3000|OT1|1|Order Type Master 1|1|16296.00|0.00|16296.00|0.00|0.00|0.00|16296.00|0.00|16296.00|1|16296.00|2|0|0.00|0.00|0.00|48|11
FPMI|Restaurante|1|Restaurante|1|AREPA DE MAIZ  MANTEQUILLA| |9524096|AREPA DE MAIZ  MANTEQUILLA| |9524096|ALIMENTOS|10|ALIMENTOS|10|Para Empezar|1008|Para Empezar|1008|OT1|1|Order Type Master 1|1|2685.00|0.00|2685.00|0.00|0.00|0.00|2685.00|0.00|2685.00|1|2685.00|1|0|0.00|0.00|0.00|61|15
FPMI|Restaurante|1|Restaurante|1|ENSALADA FRESCA ACOMPANAMIENTO| |9500164|ENSALADA FRESCA ACOMPANAMIENTO| |9500164|ALIMENTOS|10|ALIMENTOS|10|Para Empezar|1008|Para Empezar|1008|OT1|1|Order Type Master 1|1|14444.00|0.00|14444.00|0.00|0.00|0.00|14444.00|0.00|14444.00|1|14444.00|2|0|0.00|0.00|0.00|61|15
FPMI|Restaurante|1|Restaurante|1|GUACAMOLE| |9500192|GUACAMOLE| |9500192|ALIMENTOS|10|ALIMENTOS|10|Para Empezar|1008|Para Empezar|1008|OT1|1|Order Type Master 1|1|5463.00|0.00|5463.00|0.00|0.00|0.00|5463.00|0.00|5463.00|1|5463.00|1|0|0.00|0.00|0.00|62|15
FPMI|Restaurante|1|Restaurante|1|HOGAO| |9500200|HOGAO| |9500200|ALIMENTOS|10|ALIMENTOS|10|Para Empezar|1008|Para Empezar|1008|OT1|1|Order Type Master 1|1|0.00|0.00|0.00|0.00|0.00|0.00|0.00|0.00|0.00|1|0.00|1|0|0.00|0.00|0.00|62|15
FPMI|Restaurante|1|Restaurante|1|Mod 3/4| |980000004|Mod 3/4| |980000004|ALIMENTOS|10|ALIMENTOS|10|Para Empezar|1008|Para Empezar|1008|OT1|1|Order Type Master 1|1|0.00|0.00|0.00|0.00|0.00|0.00|0.00|0.00|0.00|1|0.00|1|0|0.00|0.00|0.00|59|14
FPMI|Restaurante|1|Restaurante|1|Mod 1/2| |980000002|Mod 1/2| |980000002|ALIMENTOS|10|ALIMENTOS|10|Para Empezar|1008|Para Empezar|1008|OT1|1|Order Type Master 1|1|0.00|0.00|0.00|0.00|0.00|0.00|0.00|0.00|0.00|1|0.00|3|0|0.00|0.00|0.00|52|12
FPMI|Domicilios|20|Domicilios|20|EMPANADA CACHACA| |9528008|EMPANADA CACHACA| |9528008|ALIMENTOS|10|ALIMENTOS|10|Para Empezar|1008|Para Empezar|1008|OT2|2|Order Type Master 2|2|6111.00|-1200.00|4911.00|0.00|0.00|0.00|6111.00|-1200.00|4911.00|73|6111.00|1|0|0.00|0.00|0.00|66|16
FPMI|Plataformas|21|Plataformas|21|MJE ALM| |90000037|MJE ALM| |90000037|ALIMENTOS|10|ALIMENTOS|10|Para Empezar|1008|Para Empezar|1008|OT7|7|Order Type Master 7|7|0.00|0.00|0.00|0.00|0.00|0.00|0.00|0.00|0.00|1|0.00|2|0|0.00|0.00|0.00|60|14
FPMI|Plataformas|21|Plataformas|21|GUACAMOLE| |9500192|GUACAMOLE| |9500192|ALIMENTOS|10|ALIMENTOS|10|Para Empezar|1008|Para Empezar|1008|OT7|7|Order Type Master 7|7|11482.00|0.00|11482.00|0.00|0.00|0.00|11482.00|0.00|11482.00|153|11482.00|2|0|0.00|0.00|0.00|60|14
FPMI|Plataformas|21|Plataformas|21|CHORIPAN 100 gr| |9502076|CHORIPAN 100 gr| |9502076|ALIMENTOS|10|ALIMENTOS|10|Para Empezar|1008|Para Empezar|1008|OT7|7|Order Type Master 7|7|24167.00|0.00|24167.00|0.00|0.00|0.00|24167.00|0.00|24167.00|153|24167.00|1|0|0.00|0.00|0.00|47|11
FPMI|Plataformas|21|Plataformas|21|CHICHARRON 90 gr| |9528024|CHICHARRON 90 gr| |9528024|ALIMENTOS|10|ALIMENTOS|10|Para Empezar|1008|Para Empezar|1008|OT7|7|Order Type Master 7|7|111852.00|0.00|111852.00|0.00|0.00|0.00|111852.00|0.00|111852.00|153|111852.00|4|0|0.00|0.00|0.00|53|13
FPMI|Plataformas|21|Plataformas|21|LONGANIZA 100 gr| |9502092|LONGANIZA 100 gr| |9502092|ALIMENTOS|10|ALIMENTOS|10|Para Empezar|1008|Para Empezar|1008|OT7|7|Order Type Master 7|7|13148.00|0.00|13148.00|0.00|0.00|0.00|13148.00|0.00|13148.00|153|13148.00|1|0|0.00|0.00|0.00|59|14
FPMI|Plataformas|21|Plataformas|21|PECHUGA A LA PARRILLA 230 gr ENSALADA | |9506091|PECHUGA A LA PARRILLA 230 gr ENSALADA | |9506091|ALIMENTOS|10|ALIMENTOS|10|Para Empezar|1008|Para Empezar|1008|OT7|7|Order Type Master 7|7|23148.00|0.00|23148.00|0.00|0.00|0.00|23148.00|0.00|23148.00|177|23148.00|1|0|0.00|0.00|0.00|55|13
FPMI|Restaurante|1|Restaurante|1|TINTO COLADO AEX| |9602121|TINTO COLADO AEX| |9602121|BEBIDAS|20|BEBIDAS|20|Bebidas Sin Alcohol|3000|Bebidas Sin Alcohol|3000|OT1|1|Order Type Master 1|1|0.00|0.00|0.00|0.00|0.00|0.00|0.00|0.00|0.00|153|0.00|1|0|0.00|0.00|0.00|63|15
FPMI|Restaurante|1|Restaurante|1|AGUA MANANTIAL SIN GAS 500 ML| |9606135|AGUA MANANTIAL SIN GAS 500 ML| |9606135|BEBIDAS|20|BEBIDAS|20|Bebidas Sin Alcohol|3000|Bebidas Sin Alcohol|3000|OT1|1|Order Type Master 1|1|8148.00|0.00|8148.00|0.00|0.00|0.00|8148.00|0.00|8148.00|1|8148.00|1|0|0.00|0.00|0.00|44|10
FPMI|Plataformas|21|Plataformas|21|LIMONADA NATURAL| |9604060|LIMONADA NATURAL| |9604060|BEBIDAS|20|BEBIDAS|20|Bebidas Sin Alcohol|3000|Bebidas Sin Alcohol|3000|OT7|7|Order Type Master 7|7|5000.00|0.00|5000.00|0.00|0.00|0.00|5000.00|0.00|5000.00|177|5000.00|1|0|0.00|0.00|0.00|46|11
FPMI|Restaurante|1|Restaurante|1|PATACON CON HOGAO| |9524044|PATACON CON HOGAO| |9524044|ALIMENTOS|10|ALIMENTOS|10|Para Empezar|1008|Para Empezar|1008|OT1|1|Order Type Master 1|1|10000.00|0.00|10000.00|0.00|0.00|0.00|10000.00|0.00|10000.00|1|10000.00|1|0|0.00|0.00|0.00|61|15
FPMI|Restaurante|1|Restaurante|1|CHICHARRON 90 gr| |9528024|CHICHARRON 90 gr| |9528024|ALIMENTOS|10|ALIMENTOS|10|Para Empezar|1008|Para Empezar|1008|OT1|1|Order Type Master 1|1|26667.00|0.00|26667.00|0.00|0.00|0.00|26667.00|0.00|26667.00|1|26667.00|1|0|0.00|0.00|0.00|62|15
FPMI|Restaurante|1|Restaurante|1|PICADA INDIVIDUAL FRANCESA| |9502584|PICADA INDIVIDUAL FRANCESA| |9502584|ALIMENTOS|10|ALIMENTOS|10|Para Empezar|1008|Para Empezar|1008|OT1|1|Order Type Master 1|1|38704.00|0.00|38704.00|0.00|0.00|0.00|38704.00|0.00|38704.00|1|38704.00|1|0|0.00|0.00|0.00|52|12
FPMI|Restaurante|1|Restaurante|1|Mod CocaCola Original 400ml| |980000102|Mod CocaCola Original 400ml| |980000102|ALIMENTOS|10|ALIMENTOS|10|Para Empezar|1008|Para Empezar|1008|OT1|1|Order Type Master 1|1|0.00|0.00|0.00|0.00|0.00|0.00|0.00|0.00|0.00|1|0.00|1|0|0.00|0.00|0.00|62|15
FPMI|Restaurante|1|Restaurante|1|LOMO 220 gr PAPA CHIPS| |9502514|LOMO 220 gr PAPA CHIPS| |9502514|ALIMENTOS|10|ALIMENTOS|10|Para Empezar|1008|Para Empezar|1008|OT1|1|Order Type Master 1|1|54444.00|0.00|54444.00|0.00|0.00|0.00|54444.00|0.00|54444.00|1|54444.00|1|0|0.00|0.00|0.00|58|14
FPMI|Restaurante|1|Restaurante|1|AREPA DE MAIZ CON CARNE DESMECHADA| |9524076|AREPA DE MAIZ CON CARNE DESMECHADA| |9524076|ALIMENTOS|10|ALIMENTOS|10|Para Empezar|1008|Para Empezar|1008|OT1|1|Order Type Master 1|1|20185.00|0.00|20185.00|0.00|0.00|0.00|20185.00|0.00|20185.00|1|20185.00|1|0|0.00|0.00|0.00|48|11
FPMI|Plataformas|21|Plataformas|21|LOMO 220 gr ARROZ BLANCO| |9502515|LOMO 220 gr ARROZ BLANCO| |9502515|ALIMENTOS|10|ALIMENTOS|10|Para Empezar|1008|Para Empezar|1008|OT7|7|Order Type Master 7|7|57130.00|0.00|57130.00|0.00|0.00|0.00|57130.00|0.00|57130.00|153|57130.00|1|0|0.00|0.00|0.00|60|14
FPMI|Plataformas|21|Plataformas|21|LOMO 220 gr ENSALADA| |9502516|LOMO 220 gr ENSALADA| |9502516|ALIMENTOS|10|ALIMENTOS|10|Para Empezar|1008|Para Empezar|1008|OT7|7|Order Type Master 7|7|57130.00|0.00|57130.00|0.00|0.00|0.00|57130.00|0.00|57130.00|153|57130.00|1|0|0.00|0.00|0.00|53|13
FPMI|Plataformas|21|Plataformas|21|TORTA MILKYWAY| |9514163|TORTA MILKYWAY| |9514163|ALIMENTOS|10|ALIMENTOS|10|Para Empezar|1008|Para Empezar|1008|OT7|7|Order Type Master 7|7|10278.00|0.00|10278.00|0.00|0.00|0.00|10278.00|0.00|10278.00|177|10278.00|1|0|0.00|0.00|0.00|63|15
FPMI|Plataformas|21|Plataformas|21|CALENTADO PAISA| |9518008|CALENTADO PAISA| |9518008|ALIMENTOS|10|ALIMENTOS|10|Para Empezar|1008|Para Empezar|1008|OT7|7|Order Type Master 7|7|36759.00|0.00|36759.00|0.00|0.00|0.00|36759.00|0.00|36759.00|153|36759.00|1|0|0.00|0.00|0.00|55|13
FPMI|Restaurante|1|Restaurante|1|GASEOSA 400 ml| |9606131|GASEOSA 400 ml| |9606131|BEBIDAS|20|BEBIDAS|20|Bebidas Sin Alcohol|3000|Bebidas Sin Alcohol|3000|OT1|1|Order Type Master 1|1|7593.00|0.00|7593.00|0.00|0.00|0.00|7593.00|0.00|7593.00|1|7593.00|1|0|0.00|0.00|0.00|62|15
FPMI|Restaurante|1|Restaurante|1|GASEOSA 400 ml| |9606131|GASEOSA 400 ml| |9606131|BEBIDAS|20|BEBIDAS|20|Bebidas Sin Alcohol|3000|Bebidas Sin Alcohol|3000|OT1|1|Order Type Master 1|1|7593.00|0.00|7593.00|0.00|0.00|0.00|7593.00|0.00|7593.00|1|7593.00|1|0|0.00|0.00|0.00|74|18
FPMI|Restaurante|1|Restaurante|1|LIMONADA HIERBABUENA| |9604066|LIMONADA HIERBABUENA| |9604066|BEBIDAS|20|BEBIDAS|20|Bebidas Sin Alcohol|3000|Bebidas Sin Alcohol|3000|OT1|1|Order Type Master 1|1|17038.00|0.00|17038.00|0.00|0.00|0.00|17038.00|0.00|17038.00|1|17038.00|2|0|0.00|0.00|0.00|52|12
FPMI|Restaurante|1|Restaurante|1|GUACAMOLE| |9500192|GUACAMOLE| |9500192|ALIMENTOS|10|ALIMENTOS|10|Para Empezar|1008|Para Empezar|1008|OT1|1|Order Type Master 1|1|5463.00|0.00|5463.00|0.00|0.00|0.00|5463.00|0.00|5463.00|1|5463.00|1|0|0.00|0.00|0.00|68|16
FPMI|Restaurante|1|Restaurante|1|AREPA CON HOGAO| |9524092|AREPA CON HOGAO| |9524092|ALIMENTOS|10|ALIMENTOS|10|Para Empezar|1008|Para Empezar|1008|OT1|1|Order Type Master 1|1|6852.00|0.00|6852.00|0.00|0.00|0.00|6852.00|0.00|6852.00|1|6852.00|1|0|0.00|0.00|0.00|61|15
FPMI|Restaurante|1|Restaurante|1|CANASTA DE 4 EMPANADAS CACHACAS| |9528040|CANASTA DE 4 EMPANADAS CACHACAS| |9528040|ALIMENTOS|10|ALIMENTOS|10|Para Empezar|1008|Para Empezar|1008|OT1|1|Order Type Master 1|1|22500.00|0.00|22500.00|0.00|0.00|0.00|22500.00|0.00|22500.00|1|22500.00|1|0|0.00|0.00|0.00|62|15
FPMI|Restaurante|1|Restaurante|1|AREPA DE CHOCOLO| |9506036|AREPA DE CHOCOLO| |9506036|ALIMENTOS|10|ALIMENTOS|10|Para Empezar|1008|Para Empezar|1008|OT1|1|Order Type Master 1|1|40370.00|0.00|40370.00|0.00|0.00|0.00|40370.00|0.00|40370.00|1|40370.00|2|0|0.00|0.00|0.00|59|14
FPMI|Restaurante|1|Restaurante|1|CAZUELA DE FRIJOLES| |9520032|CAZUELA DE FRIJOLES| |9520032|ALIMENTOS|10|ALIMENTOS|10|Para Empezar|1008|Para Empezar|1008|OT1|1|Order Type Master 1|1|36852.00|0.00|36852.00|0.00|0.00|0.00|36852.00|0.00|36852.00|1|36852.00|1|0|0.00|0.00|0.00|48|11
FPMI|Restaurante|1|Restaurante|1|PUNTA DE ANCA 250 gr FRANCESA| |9502236|PUNTA DE ANCA 250 gr FRANCESA| |9502236|ALIMENTOS|10|ALIMENTOS|10|Para Empezar|1008|Para Empezar|1008|OT1|1|Order Type Master 1|1|52593.00|0.00|52593.00|0.00|0.00|0.00|52593.00|0.00|52593.00|1|52593.00|1|0|0.00|0.00|0.00|59|14
FPMI|Plataformas|21|Plataformas|21|CHICHARRON 90 gr| |9528024|CHICHARRON 90 gr| |9528024|ALIMENTOS|10|ALIMENTOS|10|Para Empezar|1008|Para Empezar|1008|OT7|7|Order Type Master 7|7|27963.00|0.00|27963.00|0.00|0.00|0.00|27963.00|0.00|27963.00|153|27963.00|1|0|0.00|0.00|0.00|72|17
FPMI|Plataformas|21|Plataformas|21|MJE ALM| |90000037|MJE ALM| |90000037|ALIMENTOS|10|ALIMENTOS|10|Para Empezar|1008|Para Empezar|1008|OT7|7|Order Type Master 7|7|0.00|0.00|0.00|0.00|0.00|0.00|0.00|0.00|0.00|1|0.00|1|0|0.00|0.00|0.00|47|11
FPMI|Plataformas|21|Plataformas|21|SOPA DE VERDURAS| |9520050|SOPA DE VERDURAS| |9520050|ALIMENTOS|10|ALIMENTOS|10|Para Empezar|1008|Para Empezar|1008|OT7|7|Order Type Master 7|7|13796.00|0.00|13796.00|0.00|0.00|0.00|13796.00|0.00|13796.00|153|13796.00|1|0|0.00|0.00|0.00|47|11
FPMI|Plataformas|21|Plataformas|21|Mod CocaCola Zero 400ml| |980000103|Mod CocaCola Zero 400ml| |980000103|ALIMENTOS|10|ALIMENTOS|10|Para Empezar|1008|Para Empezar|1008|OT7|7|Order Type Master 7|7|0.00|0.00|0.00|0.00|0.00|0.00|0.00|0.00|0.00|1|0.00|1|0|0.00|0.00|0.00|47|11
FPMI|Plataformas|21|Plataformas|21|PAPA CRIOLLA| |9500288|PAPA CRIOLLA| |9500288|ALIMENTOS|10|ALIMENTOS|10|Para Empezar|1008|Para Empezar|1008|OT7|7|Order Type Master 7|7|7500.00|0.00|7500.00|0.00|0.00|0.00|7500.00|0.00|7500.00|153|7500.00|1|0|0.00|0.00|0.00|59|14
FPMI|Plataformas|21|Plataformas|21|CHORIPAN 100 gr| |9502076|CHORIPAN 100 gr| |9502076|ALIMENTOS|10|ALIMENTOS|10|Para Empezar|1008|Para Empezar|1008|OT7|7|Order Type Master 7|7|24167.00|0.00|24167.00|0.00|0.00|0.00|24167.00|0.00|24167.00|153|24167.00|1|0|0.00|0.00|0.00|55|13
FPMI|Restaurante|1|Restaurante|1|JUGO DE MANDARINA| |9604044|JUGO DE MANDARINA| |9604044|BEBIDAS|20|BEBIDAS|20|Bebidas Sin Alcohol|3000|Bebidas Sin Alcohol|3000|OT1|1|Order Type Master 1|1|14074.00|0.00|14074.00|0.00|0.00|0.00|14074.00|0.00|14074.00|1|14074.00|1|0|0.00|0.00|0.00|68|16
FPMI|Restaurante|1|Restaurante|1|JUGO DE LULO EN AGUA| |9604216|JUGO DE LULO EN AGUA| |9604216|BEBIDAS|20|BEBIDAS|20|Bebidas Sin Alcohol|3000|Bebidas Sin Alcohol|3000|OT1|1|Order Type Master 1|1|30279.00|0.00|30279.00|0.00|0.00|0.00|30279.00|0.00|30279.00|1|30279.00|3|0|0.00|0.00|0.00|61|15
FPMI|Restaurante|1|Restaurante|1|LIMONADA NATURAL| |9604060|LIMONADA NATURAL| |9604060|BEBIDAS|20|BEBIDAS|20|Bebidas Sin Alcohol|3000|Bebidas Sin Alcohol|3000|OT1|1|Order Type Master 1|1|8519.00|0.00|8519.00|0.00|0.00|0.00|8519.00|0.00|8519.00|1|8519.00|1|0|0.00|0.00|0.00|69|17
FPMI|Restaurante|1|Restaurante|1|SODA CON LIMON| |9606141|SODA CON LIMON| |9606141|BEBIDAS|20|BEBIDAS|20|Bebidas Sin Alcohol|3000|Bebidas Sin Alcohol|3000|OT1|1|Order Type Master 1|1|7222.00|0.00|7222.00|0.00|0.00|0.00|7222.00|0.00|7222.00|1|7222.00|1|0|0.00|0.00|0.00|61|15
FPMI|Restaurante|1|Restaurante|1|JUGO DE FRESA EN AGUA| |9604148|JUGO DE FRESA EN AGUA| |9604148|BEBIDAS|20|BEBIDAS|20|Bebidas Sin Alcohol|3000|Bebidas Sin Alcohol|3000|OT1|1|Order Type Master 1|1|10093.00|0.00|10093.00|0.00|0.00|0.00|10093.00|0.00|10093.00|1|10093.00|1|0|0.00|0.00|0.00|58|14
FPMI|Restaurante|1|Restaurante|1|JUGO DE MANDARINA| |9604044|JUGO DE MANDARINA| |9604044|BEBIDAS|20|BEBIDAS|20|Bebidas Sin Alcohol|3000|Bebidas Sin Alcohol|3000|OT1|1|Order Type Master 1|1|14074.00|0.00|14074.00|0.00|0.00|0.00|14074.00|0.00|14074.00|1|14074.00|1|0|0.00|0.00|0.00|59|14
FPMI|Restaurante|1|Restaurante|1|PUNTA DE ANCA 250 gr ENSALADA| |9502234|PUNTA DE ANCA 250 gr ENSALADA| |9502234|ALIMENTOS|10|ALIMENTOS|10|Para Empezar|1008|Para Empezar|1008|OT1|1|Order Type Master 1|1|52593.00|0.00|52593.00|0.00|0.00|0.00|52593.00|0.00|52593.00|1|52593.00|1|0|0.00|0.00|0.00|62|15
FPMI|Restaurante|1|Restaurante|1|Mod 1/2| |980000002|Mod 1/2| |980000002|ALIMENTOS|10|ALIMENTOS|10|Para Empezar|1008|Para Empezar|1008|OT1|1|Order Type Master 1|1|0.00|0.00|0.00|0.00|0.00|0.00|0.00|0.00|0.00|1|0.00|1|0|0.00|0.00|0.00|61|15
FPMI|Restaurante|1|Restaurante|1|TAZA DE FRIJOLES| |9520049|TAZA DE FRIJOLES| |9520049|ALIMENTOS|10|ALIMENTOS|10|Para Empezar|1008|Para Empezar|1008|OT1|1|Order Type Master 1|1|11667.00|0.00|11667.00|0.00|0.00|0.00|11667.00|0.00|11667.00|1|11667.00|1|0|0.00|0.00|0.00|52|12
FPMI|Restaurante|1|Restaurante|1|CALENTADO PAISA| |9518008|CALENTADO PAISA| |9518008|ALIMENTOS|10|ALIMENTOS|10|Para Empezar|1008|Para Empezar|1008|OT1|1|Order Type Master 1|1|35093.00|0.00|35093.00|0.00|0.00|0.00|35093.00|0.00|35093.00|1|35093.00|1|0|0.00|0.00|0.00|59|14
FPMI|Plataformas|21|Plataformas|21|PATACON CON HOGAO| |9524044|PATACON CON HOGAO| |9524044|ALIMENTOS|10|ALIMENTOS|10|Para Empezar|1008|Para Empezar|1008|OT7|7|Order Type Master 7|7|10463.00|0.00|10463.00|0.00|0.00|0.00|10463.00|0.00|10463.00|153|10463.00|1|0|0.00|0.00|0.00|47|11
FPMI|Plataformas|21|Plataformas|21|AJIACO  POLLO| |9520008|AJIACO  POLLO| |9520008|ALIMENTOS|10|ALIMENTOS|10|Para Empezar|1008|Para Empezar|1008|OT7|7|Order Type Master 7|7|35741.00|0.00|35741.00|0.00|0.00|0.00|35741.00|0.00|35741.00|153|35741.00|1|0|0.00|0.00|0.00|47|11
FPMI|Plataformas|21|Plataformas|21|PUNTA DE ANCA 250 gr ENSALADA| |9502234|PUNTA DE ANCA 250 gr ENSALADA| |9502234|ALIMENTOS|10|ALIMENTOS|10|Para Empezar|1008|Para Empezar|1008|OT7|7|Order Type Master 7|7|57130.00|0.00|57130.00|0.00|0.00|0.00|57130.00|0.00|57130.00|153|57130.00|1|0|0.00|0.00|0.00|47|11
FPMI|Plataformas|21|Plataformas|21|CAZUELA DE FRIJOLES| |9520032|CAZUELA DE FRIJOLES| |9520032|ALIMENTOS|10|ALIMENTOS|10|Para Empezar|1008|Para Empezar|1008|OT7|7|Order Type Master 7|7|77222.00|0.00|77222.00|0.00|0.00|0.00|77222.00|0.00|77222.00|153|77222.00|2|0|0.00|0.00|0.00|59|14
FPMI|Plataformas|21|Plataformas|21|CAZUELA DE FRIJOLES| |9520032|CAZUELA DE FRIJOLES| |9520032|ALIMENTOS|10|ALIMENTOS|10|Para Empezar|1008|Para Empezar|1008|OT7|7|Order Type Master 7|7|38611.00|0.00|38611.00|0.00|0.00|0.00|38611.00|0.00|38611.00|153|38611.00|1|0|0.00|0.00|0.00|51|12
FPMI|Plataformas|21|Plataformas|21|PAPA CRIOLLA| |9500288|PAPA CRIOLLA| |9500288|ALIMENTOS|10|ALIMENTOS|10|Para Empezar|1008|Para Empezar|1008|OT7|7|Order Type Master 7|7|7500.00|0.00|7500.00|0.00|0.00|0.00|7500.00|0.00|7500.00|153|7500.00|1|0|0.00|0.00|0.00|55|13
