FPID|Expr12|Expres Palatino|20250116|20250116|20250117|122910|2.00|2.00|Simphony|19.7.2
FPSUM|Restaurante|1|Restaurante|1|0.00|0.00|0|0|0.00|0|0.00|0|0|0|0|0|0.00|0.00|0.00|0|0|0|0.00|0|0.00|0|0.00|1|0.00|0|29281.00|1|0.00|0|0.00|0|0.00|0.00|18|74|0.00|0.00|0.00|0.00|0.00|25818.17|25818.17|0.00|0.33|0.00|77454.58|25818.17|25818.17
FPSUM|Plataformas|21|Plataformas|21|34259.00|0.00|0|0|0.00|0|2741.00|1|0|0|0|0|0.00|0.00|0.00|0|0|0|0.00|0|0.00|0|0.00|0|37000.00|1|51900.00|2|0.00|0|0.00|0|0.00|0.00|17|71|34259.00|0.00|0.00|0.00|34259.00|22654.33|22654.33|0.00|0.33|0.00|67963.07|22654.33|22654.33
FPSUM|Restaurante|1|Restaurante|1|7593.00|759.00|0|0|0.00|0|607.00|0|0|0|0|0|0.00|0.00|0.00|0|0|0|0.00|0|0.00|0|0.00|0|8959.00|0|0.00|0|0.00|0|0.00|0|0.00|0.00|20|83|7593.00|0.00|0.00|0.00|7593.00|12114.17|12114.17|0.00|0.17|0.00|72684.85|12114.17|12114.17
FPSUM|Restaurante|1|Restaurante|1|-11759.00|-1176.00|-12935|3|0.00|0|-941.00|0|0|0|0|0|0.00|0.00|0.00|0|0|0|0.00|0|0.00|0|0.00|0|-13876.00|0|0.00|0|0.00|0|0.00|0|0.00|-941.00|19|79|-11759.00|0.00|0.00|0.00|-11759.00|39351.33|39351.33|0.00|0.67|0.00|59026.97|39351.33|39351.33
FPSUM|Plataformas|21|Plataformas|21|32315.00|0.00|0|0|0.00|0|2585.00|1|0|0|0|0|0.00|0.00|0.00|0|0|0|0.00|0|0.00|0|0.00|0|34900.00|1|0.00|0|0.00|0|0.00|0|0.00|0.00|17|72|32315.00|0.00|0.00|0.00|32315.00|9182.17|9182.17|0.00|0.17|0.00|55092.89|9182.17|9182.17
FPSUM|Plataformas|21|Plataformas|21|105556.00|0.00|0|0|0.00|0|8444.00|1|0|0|0|0|0.00|0.00|0.00|0|0|0|0.00|0|0.00|0|0.00|0|114000.00|1|0.00|0|0.00|0|0.00|0|0.00|0.00|13|55|105556.00|0.00|0.00|0.00|105556.00|28086.50|28086.50|0.00|0.33|0.00|84259.58|28086.50|28086.50
FPSUM|Restaurante|1|Restaurante|1|355463.00|35546.00|0|0|0.00|0|28437.00|3|0|0|0|0|0.00|0.00|0.00|0|0|0|0.00|0|0.00|0|0.00|0|419446.00|3|0.00|0|0.00|0|0.00|0|0.00|0.00|14|57|355463.00|0.00|0.00|0.00|355463.00|61096.00|61096.00|0.00|0.83|0.00|73315.23|61096.00|61096.00
FPSUM|Domicilios|20|Domicilios|20|28148.00|0.00|0|0|0.00|0|2252.00|1|0|0|0|0|0.00|0.00|0.00|0|0|0|0.00|0|0.00|0|0.00|0|30400.00|1|30400.00|1|0.00|0|0.00|0|0.00|0.00|18|76|28148.00|0.00|0.00|0.00|28148.00|11913.67|11913.67|0.00|0.50|0.00|23827.33|11913.67|11913.67
FPSUM|Domicilios|20|Domicilios|20|0.00|0.00|0|0|0.00|0|0.00|0|0|0|0|0|0.00|0.00|0.00|0|0|0|0.00|0|0.00|0|0.00|0|0.00|0|0.00|0|0.00|0|0.00|0|0.00|0.00|14|60|0.00|0.00|0.00|0.00|0.00|22561.67|22561.67|0.00|0.17|0.00|135369.73|22561.67|22561.67
FPSUM|Domicilios|20|Domicilios|20|53890.00|0.00|0|0|0.00|0|4310.00|1|0|0|0|0|0.00|0.00|0.00|0|0|0|0.00|0|0.00|0|0.00|0|58200.00|1|58200.00|1|0.00|0|0.00|0|0.00|0.00|19|79|53890.00|0.00|0.00|0.00|53890.00|25000.00|25000.00|0.00|0.67|0.00|37499.98|25000.00|25000.00
FPSUM|Domicilios|20|Domicilios|20|286299.00|0.00|0|0|0.00|0|22901.00|4|0|0|0|0|0.00|0.00|0.00|0|0|0|0.00|0|0.00|0|0.00|1|309200.00|4|46800.00|1|0.00|0|0.00|0|0.00|0.00|13|54|286299.00|0.00|0.00|0.00|286299.00|56203.67|56203.67|0.00|0.83|0.00|67444.43|56203.67|56203.67
FPSUM|Restaurante|1|Restaurante|1|61760.00|6176.00|0|0|0.00|0|4940.00|1|0|0|0|0|0.00|0.00|0.00|0|0|0|0.00|0|0.00|0|0.00|1|72876.00|1|0.00|0|0.00|0|0.00|0|0.00|0.00|20|82|61760.00|0.00|0.00|0.00|61760.00|11913.67|11913.67|0.00|0.17|0.00|71481.86|11913.67|11913.67
FPSUM|Plataformas|21|Plataformas|21|126019.00|0.00|0|0|0.00|0|10081.00|2|0|0|0|0|0.00|0.00|0.00|0|0|0|0.00|0|0.00|0|0.00|0|136100.00|2|136100.00|2|0.00|0|0.00|0|0.00|0.00|20|81|126019.00|0.00|0.00|0.00|126019.00|34614.33|34614.33|0.00|0.83|0.00|41537.22|34614.33|34614.33
FPSUM|Plataformas|21|Plataformas|21|0.00|0.00|0|0|0.00|0|0.00|0|0|0|0|0|0.00|0.00|0.00|0|0|0|0.00|0|0.00|0|0.00|0|0.00|0|39450.00|1|0.00|0|0.00|0|0.00|0.00|12|50|0.00|0.00|0.00|0.00|0.00|43889.00|43889.00|0.00|0.50|0.00|87778.00|43889.00|43889.00
FPSUM|Domicilios|20|Domicilios|20|58889.00|24296.00|0|0|0.00|0|4711.00|2|0|0|0|0|0.00|0.00|0.00|0|0|0|0.00|0|0.00|0|0.00|0|87896.00|2|350296.00|5|0.00|0|0.00|0|0.00|0.00|13|56|58889.00|0.00|0.00|0.00|58889.00|88271.83|88271.83|0.00|0.67|0.00|132407.68|88271.83|88271.83
FPSUM|Domicilios|20|Domicilios|20|37963.00|0.00|0|0|0.00|0|3037.00|1|0|0|0|0|0.00|0.00|0.00|0|0|0|0.00|0|0.00|0|0.00|0|41000.00|1|0.00|0|0.00|0|0.00|0|0.00|0.00|13|53|37963.00|0.00|0.00|0.00|37963.00|28349.00|28349.00|0.00|0.67|0.00|42523.48|28349.00|28349.00
FPSUM|Restaurante|1|Restaurante|1|0.00|0.00|0|0|0.00|0|0.00|0|0|0|0|0|0.00|0.00|0.00|0|0|0|0.00|0|0.00|0|0.00|0|-4.00|0|-4.00|0|0.00|0|0.00|0|0.00|0.00|14|59|0.00|0.00|0.00|0.00|0.00|48719.50|48719.50|0.00|0.83|0.00|58463.42|48719.50|48719.50
FPSUM|Domicilios|20|Domicilios|20|280927.00|5148.00|0|0|0.00|0|22473.00|4|0|0|0|0|0.00|0.00|0.00|0|0|0|0.00|0|0.00|0|0.00|0|308550.00|4|308550.00|4|0.00|0|0.00|0|0.00|0.00|12|52|280927.00|0.00|0.00|0.00|280927.00|97284.17|97284.17|0.00|1.33|0.00|72963.14|97284.17|97284.17
FPSUM|Restaurante|1|Restaurante|1|145740.00|14574.00|0|0|0.00|0|11660.00|1|0|0|0|0|0.00|0.00|0.00|0|0|0|0.00|0|0.00|0|0.00|0|171974.00|1|0.00|0|0.00|0|0.00|0|0.00|0.00|17|70|145740.00|0.00|0.00|0.00|145740.00|27392.33|27392.33|0.00|0.33|0.00|82177.08|27392.33|27392.33
FPSUM|Restaurante|1|Restaurante|1|0.00|0.00|0|0|0.00|0|0.00|0|0|0|0|0|0.00|0.00|0.00|0|0|0|0.00|0|0.00|0|0.00|0|2.00|0|41630.00|1|0.00|0|0.00|0|0.00|0.00|15|64|0.00|0.00|0.00|0.00|0.00|43210.00|43210.00|0.00|0.33|0.00|129630.13|43210.00|43210.00
FPSUM|Restaurante|1|Restaurante|1|59630.00|5963.00|0|0|0.00|0|4770.00|1|0|0|0|0|0.00|0.00|0.00|0|0|0|0.00|0|0.00|0|0.00|0|70363.00|1|0.00|0|0.00|0|0.00|0|0.00|0.00|17|71|59630.00|0.00|0.00|0.00|59630.00|29676.00|29676.00|0.00|0.17|0.00|178055.64|29676.00|29676.00
FPSUM|Plataformas|21|Plataformas|21|120649.00|0.00|0|0|0.00|0|9651.00|3|0|0|0|0|0.00|0.00|0.00|0|0|0|0.00|0|0.00|0|0.00|0|130300.00|3|130300.00|3|0.00|0|0.00|0|0.00|0.00|11|48|120649.00|0.00|0.00|0.00|120649.00|98411.17|98411.17|0.00|1.17|0.00|84352.40|98411.17|98411.17
FPSUM|Restaurante|1|Restaurante|1|0.00|0.00|0|0|0.00|0|0.00|0|0|0|0|0|0.00|0.00|0.00|0|0|0|0.00|0|0.00|0|0.00|0|0.00|0|334442.00|2|0.00|0|0.00|0|0.00|0.00|14|60|0.00|0.00|0.00|0.00|0.00|105123.67|105123.67|0.00|0.50|0.00|210247.33|105123.67|105123.67
FPSUM|Restaurante|1|Restaurante|1|128706.00|12870.00|0|0|0.00|0|10294.00|1|0|0|0|0|0.00|0.00|0.00|0|0|0|0.00|0|0.00|0|0.00|0|151870.00|1|0.00|0|0.00|0|0.00|0|0.00|0.00|13|55|128706.00|0.00|0.00|0.00|128706.00|126174.00|126174.00|0.00|1.67|0.00|75704.38|126174.00|126174.00
FPSUM|Domicilios|20|Domicilios|20|0.00|-5148.00|0|0|0.00|0|0.00|0|0|0|0|0|0.00|0.00|0.00|0|0|0|0.00|0|0.00|0|0.00|0|-5150.00|0|-5150.00|0|0.00|0|0.00|0|0.00|-5148.00|20|82|0.00|0.00|0.00|0.00|0.00|4135.83|4135.83|0.00|0.17|0.00|24814.95|4135.83|4135.83
FPSUM|Domicilios|20|Domicilios|20|0.00|0.00|0|0|0.00|0|0.00|0|0|0|0|0|0.00|0.00|0.00|0|0|0|0.00|0|0.00|0|0.00|0|-4.00|0|-4.00|0|0.00|0|0.00|0|0.00|0.00|14|57|0.00|0.00|0.00|0.00|0.00|52546.50|52546.50|0.00|0.83|0.00|63055.83|52546.50|52546.50
FPSUM|Restaurante|1|Restaurante|1|90833.00|9083.00|0|0|0.00|0|7267.00|1|0|0|0|0|0.00|0.00|0.00|0|0|0|0.00|0|0.00|0|0.00|0|107183.00|1|0.00|0|0.00|0|0.00|0|0.00|0.00|19|78|90833.00|0.00|0.00|0.00|90833.00|46281.50|46281.50|0.00|0.67|0.00|69422.22|46281.50|46281.50
FPSUM|Domicilios|20|Domicilios|20|85370.00|0.00|0|0|0.00|0|6830.00|2|0|0|0|0|0.00|0.00|0.00|0|0|0|0.00|0|0.00|0|0.00|0|92200.00|2|48600.00|1|0.00|0|0.00|0|0.00|0.00|18|74|85370.00|0.00|0.00|0.00|85370.00|21697.50|21697.50|0.00|0.50|0.00|43395.00|21697.50|21697.50
FPSUM|Plataformas|21|Plataformas|21|36527.00|0.00|0|0|0.00|0|2923.00|1|0|0|0|0|0.00|0.00|0.00|0|0|0|26800.00|2|0.00|0|0.00|0|39450.00|1|0.00|0|0.00|0|0.00|0|0.00|0.00|12|49|36527.00|0.00|0.00|0.00|36527.00|102670.33|102670.33|0.00|1.17|0.00|88003.12|102670.33|102670.33
FPSUM|Restaurante|1|Restaurante|1|463152.00|46314.00|0|0|0.00|0|37048.00|2|0|0|0|0|0.00|0.00|0.00|0|0|0|10900.00|1|0.00|0|0.00|0|546514.00|2|0.00|0|0.00|0|0.00|0|0.00|0.00|13|54|463152.00|0.00|0.00|0.00|463152.00|232980.17|232980.17|0.00|1.67|0.00|139788.07|232980.17|232980.17
FPSUM|Restaurante|1|Restaurante|1|0.00|-7907.00|-7907|1|0.00|0|0.00|0|0|0|0|0|0.00|0.00|0.00|0|0|0|0.00|0|0.00|0|0.00|0|-7907.00|0|193020.00|2|0.00|0|0.00|0|0.00|0.00|19|80|0.00|0.00|0.00|0.00|0.00|72670.00|72670.00|0.00|0.50|0.00|145340.00|72670.00|72670.00
FPSUM|Domicilios|20|Domicilios|20|128982.00|0.00|0|0|0.00|0|10318.00|2|0|0|0|0|0.00|0.00|0.00|0|0|0|0.00|0|0.00|0|0.00|0|139300.00|2|139300.00|2|0.00|0|0.00|0|0.00|0.00|12|49|128982.00|0.00|0.00|0.00|128982.00|21296.33|21296.33|0.00|0.33|0.00|63889.06|21296.33|21296.33
FPSUM|Domicilios|20|Domicilios|20|81111.00|0.00|0|0|0.00|0|6489.00|1|0|0|0|0|0.00|0.00|0.00|0|0|0|29000.00|3|0.00|0|0.00|0|87600.00|1|128600.00|2|0.00|0|0.00|0|0.00|0.00|13|55|81111.00|0.00|0.00|0.00|81111.00|104861.67|104861.67|0.00|1.33|0.00|78646.27|104861.67|104861.67
FPSUM|Restaurante|1|Restaurante|1|24815.00|2481.00|0|0|0.00|0|1985.00|1|0|0|0|0|0.00|0.00|0.00|0|0|0|0.00|0|0.00|0|0.00|0|29281.00|1|0.00|0|0.00|0|0.00|0|0.00|0.00|17|72|24815.00|0.00|0.00|0.00|24815.00|-5108.17|-5108.17|0.00|0.17|0.00|-30648.94|-5108.17|-5108.17
FPSUM|Restaurante|1|Restaurante|1|9074.00|907.00|0|0|0.00|0|726.00|0|0|0|0|0|0.00|0.00|0.00|0|0|0|0.00|0|0.00|0|0.00|0|10707.00|0|0.00|0|0.00|0|0.00|0|0.00|0.00|18|76|9074.00|0.00|0.00|0.00|9074.00|35216.17|35216.17|0.00|0.50|0.00|70432.33|35216.17|35216.17
FPSUM|Restaurante|1|Restaurante|1|17593.00|1759.00|0|0|0.00|0|1407.00|1|0|0|0|0|0.00|0.00|0.00|0|0|0|0.00|0|0.00|0|0.00|0|20759.00|1|127615.00|1|0.00|0|0.00|0|0.00|0.00|13|53|17593.00|0.00|0.00|0.00|17593.00|119013.50|119013.50|0.00|1.00|0.00|119013.50|119013.50|119013.50
FPSUM|Plataformas|21|Plataformas|21|163427.00|0.00|0|0|0.00|0|13073.00|2|0|0|0|0|0.00|0.00|0.00|0|0|0|23350.00|2|0.00|0|0.00|0|176500.00|2|176500.00|2|0.00|0|0.00|0|0.00|0.00|18|76|163427.00|0.00|0.00|0.00|163427.00|24459.83|24459.83|0.00|0.33|0.00|73379.57|24459.83|24459.83
FPSUM|Domicilios|20|Domicilios|20|94908.00|0.00|0|0|0.00|0|7592.00|2|0|0|0|0|0.00|0.00|0.00|0|0|0|0.00|0|0.00|0|0.00|0|102500.00|2|102500.00|2|0.00|0|0.00|0|0.00|0.00|20|81|94908.00|0.00|0.00|0.00|94908.00|8148.17|8148.17|0.00|0.17|0.00|48888.90|8148.17|8148.17
FPSUM|Plataformas|21|Plataformas|21|11944.00|0.00|0|0|0.00|0|956.00|1|0|0|0|0|0.00|0.00|0.00|0|0|0|37250.00|3|0.00|0|0.00|1|12900.00|1|12900.00|1|0.00|0|0.00|0|0.00|0.00|14|59|11944.00|0.00|0.00|0.00|11944.00|16682.17|16682.17|0.00|0.17|0.00|100092.80|16682.17|16682.17
FPSUM|Plataformas|21|Plataformas|21|35741.00|0.00|0|0|0.00|0|2859.00|1|0|0|0|0|0.00|0.00|0.00|0|0|0|0.00|0|0.00|0|0.00|0|38600.00|1|38600.00|1|0.00|0|0.00|0|0.00|0.00|14|57|35741.00|0.00|0.00|0.00|35741.00|53920.00|53920.00|0.00|0.50|0.00|107840.00|53920.00|53920.00
FPSUM|Plataformas|21|Plataformas|21|20278.00|0.00|0|0|0.00|0|1622.00|1|0|0|0|0|0.00|0.00|0.00|0|0|0|0.00|0|0.00|0|0.00|0|21900.00|1|21900.00|1|0.00|0|0.00|0|0.00|0.00|13|53|20278.00|0.00|0.00|0.00|20278.00|16327.00|16327.00|0.00|0.17|0.00|97961.80|16327.00|16327.00
FPSUM|Restaurante|1|Restaurante|1|33796.00|3380.00|0|0|0.00|0|2704.00|1|0|0|0|0|0.00|0.00|0.00|0|0|0|0.00|0|0.00|0|0.00|0|39880.00|1|0.00|0|0.00|0|0.00|0|0.00|0.00|15|61|33796.00|0.00|0.00|0.00|33796.00|107840.17|107840.17|0.00|1.00|0.00|107840.17|107840.17|107840.17
FPSUM|Domicilios|20|Domicilios|20|6852.00|0.00|0|0|0.00|0|548.00|1|0|0|0|0|0.00|0.00|0.00|0|0|0|0.00|0|0.00|0|0.00|0|7400.00|1|7400.00|1|0.00|0|0.00|0|0.00|0.00|16|68|6852.00|0.00|0.00|0.00|6852.00|37824.00|37824.00|0.00|1.00|0.00|37824.00|37824.00|37824.00
FPSUM|Restaurante|1|Restaurante|1|0.00|0.00|0|0|0.00|0|0.00|0|0|0|0|0|0.00|0.00|0.00|0|0|0|0.00|0|0.00|0|0.00|0|-3.00|0|804144.00|5|0.00|0|0.00|0|0.00|0.00|14|58|0.00|0.00|0.00|0.00|0.00|164537.50|164537.50|0.00|1.50|0.00|109691.67|164537.50|164537.50
FPSUM|Restaurante|1|Restaurante|1|22500.00|2250.00|0|0|0.00|0|1800.00|0|0|0|0|0|0.00|0.00|0.00|0|0|0|0.00|0|0.00|0|0.00|0|26550.00|0|171974.00|1|0.00|0|0.00|0|0.00|0.00|18|73|22500.00|0.00|0.00|0.00|22500.00|28966.17|28966.17|0.00|0.33|0.00|86898.59|28966.17|28966.17
FPSUM|Domicilios|20|Domicilios|20|0.00|0.00|0|0|0.00|0|0.00|0|0|0|0|0|0.00|0.00|0.00|0|0|0|0.00|0|0.00|0|0.00|0|0.00|0|0.00|0|0.00|0|0.00|0|0.00|0.00|14|59|0.00|0.00|0.00|0.00|0.00|82068.17|82068.17|0.00|1.67|0.00|49240.89|82068.17|82068.17
FPSUM|Restaurante|1|Restaurante|1|0.00|0.00|0|0|0.00|0|0.00|0|0|0|0|0|0.00|0.00|0.00|0|0|0|0.00|0|0.00|0|0.00|0|0.00|0|81835.00|1|0.00|0|0.00|0|0.00|0.00|20|84|0.00|0.00|0.00|0.00|0.00|0.00|0.00|0.00|0.00|0.00|0.00|0.00|0.00
FPSUM|Restaurante|1|Restaurante|1|95650.00|9564.00|-11296|1|0.00|0|7650.00|1|0|0|0|0|0.00|0.00|0.00|0|0|0|0.00|0|0.00|0|0.00|0|112864.00|1|0.00|0|0.00|0|0.00|0|0.00|0.00|15|62|95650.00|0.00|0.00|0.00|95650.00|84043.67|84043.67|0.00|0.83|0.00|100852.44|84043.67|84043.67
FPSUM|Restaurante|1|Restaurante|1|0.00|0.00|0|0|0.00|0|0.00|0|0|0|0|0|0.00|0.00|0.00|0|0|0|0.00|0|0.00|0|0.00|0|0.00|0|111116.00|1|0.00|0|0.00|0|0.00|0.00|16|65|0.00|0.00|0.00|0.00|0.00|66605.00|66605.00|0.00|0.50|0.00|133210.00|66605.00|66605.00
FPSUM|Restaurante|1|Restaurante|1|108149.00|10815.00|0|0|0.00|0|8651.00|1|0|0|0|0|0.00|0.00|0.00|0|0|0|0.00|0|0.00|0|0.00|0|127615.00|1|0.00|0|0.00|0|0.00|0|0.00|0.00|12|50|108149.00|0.00|0.00|0.00|108149.00|48611.33|48611.33|0.00|0.50|0.00|97222.67|48611.33|48611.33
FPSUM|Domicilios|20|Domicilios|20|-35740.00|0.00|-40370|2|0.00|0|-2860.00|0|0|0|0|0|0.00|0.00|0.00|0|0|0|0.00|0|0.00|0|0.00|0|-38600.00|0|5000.00|1|0.00|0|0.00|0|0.00|-2860.00|20|83|-35740.00|0.00|0.00|0.00|-35740.00|9012.33|9012.33|0.00|0.17|0.00|54073.89|9012.33|9012.33
FPSUM|Domicilios|20|Domicilios|20|114536.00|0.00|0|0|0.00|0|9164.00|2|0|0|0|0|0.00|0.00|0.00|0|0|0|58800.00|1|0.00|0|0.00|0|123700.00|2|123700.00|2|0.00|0|0.00|0|0.00|0.00|12|51|114536.00|0.00|0.00|0.00|114536.00|58163.67|58163.67|0.00|1.17|0.00|49854.56|58163.67|58163.67
FPSUM|Plataformas|21|Plataformas|21|0.00|0.00|0|0|0.00|0|0.00|0|0|0|0|0|0.00|0.00|0.00|0|0|0|0.00|0|0.00|0|0.00|0|0.00|0|114000.00|1|0.00|0|0.00|0|0.00|0.00|13|56|0.00|0.00|0.00|0.00|0.00|27947.67|27947.67|0.00|0.17|0.00|167685.66|27947.67|27947.67
FPSUM|Plataformas|21|Plataformas|21|52407.00|0.00|0|0|0.00|0|4193.00|1|0|0|0|0|0.00|0.00|0.00|0|0|0|0.00|0|0.00|0|0.00|0|56600.00|1|56600.00|1|0.00|0|0.00|0|0.00|0.00|19|79|52407.00|0.00|0.00|0.00|52407.00|0.00|0.00|0.00|0.00|0.00|0.00|0.00|0.00
FPSUM|Plataformas|21|Plataformas|21|37963.00|0.00|0|0|0.00|0|3037.00|1|0|0|0|0|0.00|0.00|0.00|0|0|0|0.00|0|0.00|0|0.00|0|41000.00|1|0.00|0|0.00|0|0.00|0|0.00|0.00|16|68|37963.00|0.00|0.00|0.00|37963.00|0.00|0.00|0.00|0.00|0.00|0.00|0.00|0.00
FPSUM|Plataformas|21|Plataformas|21|0.00|0.00|0|0|0.00|0|0.00|0|0|0|0|0|0.00|0.00|0.00|0|0|0|0.00|0|0.00|0|0.00|0|0.00|0|41000.00|1|0.00|0|0.00|0|0.00|0.00|17|69|0.00|0.00|0.00|0.00|0.00|0.00|0.00|0.00|0.00|0.00|0.00|0.00|0.00
FPSUM|Plataformas|21|Plataformas|21|0.00|0.00|0|0|0.00|0|0.00|0|0|0|0|0|0.00|0.00|0.00|0|0|0|0.00|0|0.00|0|0.00|1|0.00|0|34900.00|1|0.00|0|0.00|0|0.00|0.00|18|73|0.00|0.00|0.00|0.00|0.00|0.00|0.00|0.00|0.00|0.00|0.00|0.00|0.00
FPSUM|Plataformas|21|Plataformas|21|59074.00|0.00|0|0|0.00|0|4726.00|2|0|0|0|0|0.00|0.00|0.00|0|0|0|52900.00|2|0.00|0|150400.00|1|63800.00|2|63800.00|2|0.00|0|0.00|0|0.00|0.00|18|75|59074.00|0.00|0.00|0.00|59074.00|0.00|0.00|0.00|0.00|0.00|0.00|0.00|0.00
FPSUM|Domicilios|20|Domicilios|20|55279.00|0.00|0|0|0.00|0|4421.00|1|0|0|0|0|0.00|0.00|0.00|0|0|0|0.00|0|0.00|0|0.00|0|59700.00|1|59700.00|1|0.00|0|0.00|0|0.00|0.00|11|46|55279.00|0.00|0.00|0.00|55279.00|0.00|0.00|0.00|0.00|0.00|0.00|0.00|0.00
FPSUM|Plataformas|21|Plataformas|21|13796.00|0.00|0|0|0.00|0|1104.00|1|0|0|0|0|0.00|0.00|0.00|0|0|0|0.00|0|0.00|0|0.00|0|14900.00|1|0.00|0|0.00|0|0.00|0|0.00|0.00|17|70|13796.00|0.00|0.00|0.00|13796.00|0.00|0.00|0.00|0.00|0.00|0.00|0.00|0.00
FPOT|Restaurante|1|Restaurante|1|OT1|1|Order Type Master 1|1|24815.00|2481.00|0.00|0|0.00|0|1985.00|1|0|0|0|0|0.00|0.00|0.00|0|0|0|0.00|0|0.00|0|0.00|0|29281.00|1|0.00|0|0.00|0|0.00|0|0.00|0.00|17|72|24815.00|0.00|0.00|0.00|24815.00|-5108.17|-5108.17|0.00|0.17|0.00|-30648.94|-5108.17|-5108.17
FPOT|Restaurante|1|Restaurante|1|OT1|1|Order Type Master 1|1|0.00|0.00|0.00|0|0.00|0|0.00|0|0|0|0|0|0.00|0.00|0.00|0|0|0|0.00|0|0.00|0|0.00|0|2.00|0|41630.00|1|0.00|0|0.00|0|0.00|0.00|15|64|0.00|0.00|0.00|0.00|0.00|43210.00|43210.00|0.00|0.33|0.00|129630.13|43210.00|43210.00
FPOT|Domicilios|20|Domicilios|20|OT2|2|Order Type Master 2|2|0.00|0.00|0.00|0|0.00|0|0.00|0|0|0|0|0|0.00|0.00|0.00|0|0|0|0.00|0|0.00|0|0.00|0|0.00|0|0.00|0|0.00|0|0.00|0|0.00|0.00|14|60|0.00|0.00|0.00|0.00|0.00|22561.67|22561.67|0.00|0.17|0.00|135369.73|22561.67|22561.67
FPOT|Domicilios|20|Domicilios|20|OT2|2|Order Type Master 2|2|53890.00|0.00|0.00|0|0.00|0|4310.00|1|0|0|0|0|0.00|0.00|0.00|0|0|0|0.00|0|0.00|0|0.00|0|58200.00|1|58200.00|1|0.00|0|0.00|0|0.00|0.00|19|79|53890.00|0.00|0.00|0.00|53890.00|25000.00|25000.00|0.00|0.67|0.00|37499.98|25000.00|25000.00
FPOT|Domicilios|20|Domicilios|20|OT2|2|Order Type Master 2|2|128982.00|0.00|0.00|0|0.00|0|10318.00|2|0|0|0|0|0.00|0.00|0.00|0|0|0|0.00|0|0.00|0|0.00|0|139300.00|2|139300.00|2|0.00|0|0.00|0|0.00|0.00|12|49|128982.00|0.00|0.00|0.00|128982.00|21296.33|21296.33|0.00|0.33|0.00|63889.06|21296.33|21296.33
FPOT|Plataformas|21|Plataformas|21|OT7|7|Order Type Master 7|7|0.00|0.00|0.00|0|0.00|0|0.00|0|0|0|0|0|0.00|0.00|0.00|0|0|0|0.00|0|0.00|0|0.00|0|0.00|0|114000.00|1|0.00|0|0.00|0|0.00|0.00|13|56|0.00|0.00|0.00|0.00|0.00|27947.67|27947.67|0.00|0.17|0.00|167685.66|27947.67|27947.67
FPOT|Plataformas|21|Plataformas|21|OT7|7|Order Type Master 7|7|32315.00|0.00|0.00|0|0.00|0|2585.00|1|0|0|0|0|0.00|0.00|0.00|0|0|0|0.00|0|0.00|0|0.00|0|34900.00|1|0.00|0|0.00|0|0.00|0|0.00|0.00|17|72|32315.00|0.00|0.00|0.00|32315.00|9182.17|9182.17|0.00|0.17|0.00|55092.89|9182.17|9182.17
FPOT|Plataformas|21|Plataformas|21|OT7|7|Order Type Master 7|7|126019.00|0.00|0.00|0|0.00|0|10081.00|2|0|0|0|0|0.00|0.00|0.00|0|0|0|0.00|0|0.00|0|0.00|0|136100.00|2|136100.00|2|0.00|0|0.00|0|0.00|0.00|20|81|126019.00|0.00|0.00|0.00|126019.00|34614.33|34614.33|0.00|0.83|0.00|41537.22|34614.33|34614.33
FPOT|Restaurante|1|Restaurante|1|OT1|1|Order Type Master 1|1|128706.00|12870.00|0.00|0|0.00|0|10294.00|1|0|0|0|0|0.00|0.00|0.00|0|0|0|0.00|0|0.00|0|0.00|0|151870.00|1|0.00|0|0.00|0|0.00|0|0.00|0.00|13|55|128706.00|0.00|0.00|0.00|128706.00|126174.00|126174.00|0.00|1.67|0.00|75704.38|126174.00|126174.00
FPOT|Restaurante|1|Restaurante|1|OT1|1|Order Type Master 1|1|108149.00|10815.00|0.00|0|0.00|0|8651.00|1|0|0|0|0|0.00|0.00|0.00|0|0|0|0.00|0|0.00|0|0.00|0|127615.00|1|0.00|0|0.00|0|0.00|0|0.00|0.00|12|50|108149.00|0.00|0.00|0.00|108149.00|48611.33|48611.33|0.00|0.50|0.00|97222.67|48611.33|48611.33
FPOT|Restaurante|1|Restaurante|1|OT1|1|Order Type Master 1|1|61760.00|6176.00|0.00|0|0.00|0|4940.00|1|0|0|0|0|0.00|0.00|0.00|0|0|0|0.00|0|0.00|0|0.00|1|72876.00|1|0.00|0|0.00|0|0.00|0|0.00|0.00|20|82|61760.00|0.00|0.00|0.00|61760.00|11913.67|11913.67|0.00|0.17|0.00|71481.86|11913.67|11913.67
FPOT|Restaurante|1|Restaurante|1|OT1|1|Order Type Master 1|1|0.00|0.00|0.00|0|0.00|0|0.00|0|0|0|0|0|0.00|0.00|0.00|0|0|0|0.00|0|0.00|0|0.00|0|0.00|0|81835.00|1|0.00|0|0.00|0|0.00|0.00|20|84|0.00|0.00|0.00|0.00|0.00|0.00|0.00|0.00|0.00|0.00|0.00|0.00|0.00
FPOT|Restaurante|1|Restaurante|1|OT1|1|Order Type Master 1|1|9074.00|907.00|0.00|0|0.00|0|726.00|0|0|0|0|0|0.00|0.00|0.00|0|0|0|0.00|0|0.00|0|0.00|0|10707.00|0|0.00|0|0.00|0|0.00|0|0.00|0.00|18|76|9074.00|0.00|0.00|0.00|9074.00|35216.17|35216.17|0.00|0.50|0.00|70432.33|35216.17|35216.17
FPOT|Restaurante|1|Restaurante|1|OT1|1|Order Type Master 1|1|17593.00|1759.00|0.00|0|0.00|0|1407.00|1|0|0|0|0|0.00|0.00|0.00|0|0|0|0.00|0|0.00|0|0.00|0|20759.00|1|127615.00|1|0.00|0|0.00|0|0.00|0.00|13|53|17593.00|0.00|0.00|0.00|17593.00|119013.50|119013.50|0.00|1.00|0.00|119013.50|119013.50|119013.50
FPOT|Restaurante|1|Restaurante|1|OT1|1|Order Type Master 1|1|90833.00|9083.00|0.00|0|0.00|0|7267.00|1|0|0|0|0|0.00|0.00|0.00|0|0|0|0.00|0|0.00|0|0.00|0|107183.00|1|0.00|0|0.00|0|0.00|0|0.00|0.00|19|78|90833.00|0.00|0.00|0.00|90833.00|46281.50|46281.50|0.00|0.67|0.00|69422.22|46281.50|46281.50
FPOT|Domicilios|20|Domicilios|20|OT2|2|Order Type Master 2|2|58889.00|24296.00|0.00|0|0.00|0|4711.00|2|0|0|0|0|0.00|0.00|0.00|0|0|0|0.00|0|0.00|0|0.00|0|87896.00|2|350296.00|5|0.00|0|0.00|0|0.00|0.00|13|56|58889.00|0.00|0.00|0.00|58889.00|88271.83|88271.83|0.00|0.67|0.00|132407.68|88271.83|88271.83
FPOT|Plataformas|21|Plataformas|21|OT7|7|Order Type Master 7|7|20278.00|0.00|0.00|0|0.00|0|1622.00|1|0|0|0|0|0.00|0.00|0.00|0|0|0|0.00|0|0.00|0|0.00|0|21900.00|1|21900.00|1|0.00|0|0.00|0|0.00|0.00|13|53|20278.00|0.00|0.00|0.00|20278.00|16327.00|16327.00|0.00|0.17|0.00|97961.80|16327.00|16327.00
FPOT|Plataformas|21|Plataformas|21|OT7|7|Order Type Master 7|7|34259.00|0.00|0.00|0|0.00|0|2741.00|1|0|0|0|0|0.00|0.00|0.00|0|0|0|0.00|0|0.00|0|0.00|0|37000.00|1|51900.00|2|0.00|0|0.00|0|0.00|0.00|17|71|34259.00|0.00|0.00|0.00|34259.00|22654.33|22654.33|0.00|0.33|0.00|67963.07|22654.33|22654.33
FPOT|Restaurante|1|Restaurante|1|OT1|1|Order Type Master 1|1|59630.00|5963.00|0.00|0|0.00|0|4770.00|1|0|0|0|0|0.00|0.00|0.00|0|0|0|0.00|0|0.00|0|0.00|0|70363.00|1|0.00|0|0.00|0|0.00|0|0.00|0.00|17|71|59630.00|0.00|0.00|0.00|59630.00|29676.00|29676.00|0.00|0.17|0.00|178055.64|29676.00|29676.00
FPOT|Restaurante|1|Restaurante|1|OT1|1|Order Type Master 1|1|0.00|0.00|0.00|0|0.00|0|0.00|0|0|0|0|0|0.00|0.00|0.00|0|0|0|0.00|0|0.00|0|0.00|1|0.00|0|29281.00|1|0.00|0|0.00|0|0.00|0.00|18|74|0.00|0.00|0.00|0.00|0.00|25818.17|25818.17|0.00|0.33|0.00|77454.58|25818.17|25818.17
FPOT|Restaurante|1|Restaurante|1|OT1|1|Order Type Master 1|1|22500.00|2250.00|0.00|0|0.00|0|1800.00|0|0|0|0|0|0.00|0.00|0.00|0|0|0|0.00|0|0.00|0|0.00|0|26550.00|0|171974.00|1|0.00|0|0.00|0|0.00|0.00|18|73|22500.00|0.00|0.00|0.00|22500.00|28966.17|28966.17|0.00|0.33|0.00|86898.59|28966.17|28966.17
FPOT|Restaurante|1|Restaurante|1|OT1|1|Order Type Master 1|1|355463.00|35546.00|0.00|0|0.00|0|28437.00|3|0|0|0|0|0.00|0.00|0.00|0|0|0|0.00|0|0.00|0|0.00|0|419446.00|3|0.00|0|0.00|0|0.00|0|0.00|0.00|14|57|355463.00|0.00|0.00|0.00|355463.00|61096.00|61096.00|0.00|0.83|0.00|73315.23|61096.00|61096.00
FPOT|Restaurante|1|Restaurante|1|OT1|1|Order Type Master 1|1|145740.00|14574.00|0.00|0|0.00|0|11660.00|1|0|0|0|0|0.00|0.00|0.00|0|0|0|0.00|0|0.00|0|0.00|0|171974.00|1|0.00|0|0.00|0|0.00|0|0.00|0.00|17|70|145740.00|0.00|0.00|0.00|145740.00|27392.33|27392.33|0.00|0.33|0.00|82177.08|27392.33|27392.33
FPOT|Restaurante|1|Restaurante|1|OT1|1|Order Type Master 1|1|0.00|0.00|0.00|0|0.00|0|0.00|0|0|0|0|0|0.00|0.00|0.00|0|0|0|0.00|0|0.00|0|0.00|0|-4.00|0|-4.00|0|0.00|0|0.00|0|0.00|0.00|14|59|0.00|0.00|0.00|0.00|0.00|48719.50|48719.50|0.00|0.83|0.00|58463.42|48719.50|48719.50
FPOT|Domicilios|20|Domicilios|20|OT2|2|Order Type Master 2|2|28148.00|0.00|0.00|0|0.00|0|2252.00|1|0|0|0|0|0.00|0.00|0.00|0|0|0|0.00|0|0.00|0|0.00|0|30400.00|1|30400.00|1|0.00|0|0.00|0|0.00|0.00|18|76|28148.00|0.00|0.00|0.00|28148.00|11913.67|11913.67|0.00|0.50|0.00|23827.33|11913.67|11913.67
FPOT|Domicilios|20|Domicilios|20|OT2|2|Order Type Master 2|2|0.00|0.00|0.00|0|0.00|0|0.00|0|0|0|0|0|0.00|0.00|0.00|0|0|0|0.00|0|0.00|0|0.00|0|0.00|0|0.00|0|0.00|0|0.00|0|0.00|0.00|14|59|0.00|0.00|0.00|0.00|0.00|82068.17|82068.17|0.00|1.67|0.00|49240.89|82068.17|82068.17
FPOT|Plataformas|21|Plataformas|21|OT7|7|Order Type Master 7|7|0.00|0.00|0.00|0|0.00|0|0.00|0|0|0|0|0|0.00|0.00|0.00|0|0|0|0.00|0|0.00|0|0.00|0|0.00|0|41000.00|1|0.00|0|0.00|0|0.00|0.00|17|69|0.00|0.00|0.00|0.00|0.00|0.00|0.00|0.00|0.00|0.00|0.00|0.00|0.00
FPOT|Plataformas|21|Plataformas|21|OT7|7|Order Type Master 7|7|11944.00|0.00|0.00|0|0.00|0|956.00|1|0|0|0|0|0.00|0.00|0.00|0|0|0|37250.00|3|0.00|0|0.00|1|12900.00|1|12900.00|1|0.00|0|0.00|0|0.00|0.00|14|59|11944.00|0.00|0.00|0.00|11944.00|16682.17|16682.17|0.00|0.17|0.00|100092.80|16682.17|16682.17
FPOT|Plataformas|21|Plataformas|21|OT7|7|Order Type Master 7|7|120649.00|0.00|0.00|0|0.00|0|9651.00|3|0|0|0|0|0.00|0.00|0.00|0|0|0|0.00|0|0.00|0|0.00|0|130300.00|3|130300.00|3|0.00|0|0.00|0|0.00|0.00|11|48|120649.00|0.00|0.00|0.00|120649.00|98411.17|98411.17|0.00|1.17|0.00|84352.40|98411.17|98411.17
FPOT|Restaurante|1|Restaurante|1|OT1|1|Order Type Master 1|1|0.00|0.00|0.00|0|0.00|0|0.00|0|0|0|0|0|0.00|0.00|0.00|0|0|0|0.00|0|0.00|0|0.00|0|0.00|0|334442.00|2|0.00|0|0.00|0|0.00|0.00|14|60|0.00|0.00|0.00|0.00|0.00|105123.67|105123.67|0.00|0.50|0.00|210247.33|105123.67|105123.67
FPOT|Restaurante|1|Restaurante|1|OT1|1|Order Type Master 1|1|0.00|0.00|0.00|0|0.00|0|0.00|0|0|0|0|0|0.00|0.00|0.00|0|0|0|0.00|0|0.00|0|0.00|0|-3.00|0|804144.00|5|0.00|0|0.00|0|0.00|0.00|14|58|0.00|0.00|0.00|0.00|0.00|164537.50|164537.50|0.00|1.50|0.00|109691.67|164537.50|164537.50
FPOT|Restaurante|1|Restaurante|1|OT1|1|Order Type Master 1|1|33796.00|3380.00|0.00|0|0.00|0|2704.00|1|0|0|0|0|0.00|0.00|0.00|0|0|0|0.00|0|0.00|0|0.00|0|39880.00|1|0.00|0|0.00|0|0.00|0|0.00|0.00|15|61|33796.00|0.00|0.00|0.00|33796.00|107840.17|107840.17|0.00|1.00|0.00|107840.17|107840.17|107840.17
FPOT|Plataformas|21|Plataformas|21|OT7|7|Order Type Master 7|7|0.00|0.00|0.00|0|0.00|0|0.00|0|0|0|0|0|0.00|0.00|0.00|0|0|0|0.00|0|0.00|0|0.00|1|0.00|0|34900.00|1|0.00|0|0.00|0|0.00|0.00|18|73|0.00|0.00|0.00|0.00|0.00|0.00|0.00|0.00|0.00|0.00|0.00|0.00|0.00
FPOT|Restaurante|1|Restaurante|1|OT1|1|Order Type Master 1|1|7593.00|759.00|0.00|0|0.00|0|607.00|0|0|0|0|0|0.00|0.00|0.00|0|0|0|0.00|0|0.00|0|0.00|0|8959.00|0|0.00|0|0.00|0|0.00|0|0.00|0.00|20|83|7593.00|0.00|0.00|0.00|7593.00|12114.17|12114.17|0.00|0.17|0.00|72684.85|12114.17|12114.17
FPOT|Domicilios|20|Domicilios|20|OT2|2|Order Type Master 2|2|0.00|0.00|0.00|0|0.00|0|0.00|0|0|0|0|0|0.00|0.00|0.00|0|0|0|0.00|0|0.00|0|0.00|0|-4.00|0|-4.00|0|0.00|0|0.00|0|0.00|0.00|14|57|0.00|0.00|0.00|0.00|0.00|52546.50|52546.50|0.00|0.83|0.00|63055.83|52546.50|52546.50
FPOT|Domicilios|20|Domicilios|20|OT2|2|Order Type Master 2|2|6852.00|0.00|0.00|0|0.00|0|548.00|1|0|0|0|0|0.00|0.00|0.00|0|0|0|0.00|0|0.00|0|0.00|0|7400.00|1|7400.00|1|0.00|0|0.00|0|0.00|0.00|16|68|6852.00|0.00|0.00|0.00|6852.00|37824.00|37824.00|0.00|1.00|0.00|37824.00|37824.00|37824.00
FPOT|Domicilios|20|Domicilios|20|OT2|2|Order Type Master 2|2|37963.00|0.00|0.00|0|0.00|0|3037.00|1|0|0|0|0|0.00|0.00|0.00|0|0|0|0.00|0|0.00|0|0.00|0|41000.00|1|0.00|0|0.00|0|0.00|0|0.00|0.00|13|53|37963.00|0.00|0.00|0.00|37963.00|28349.00|28349.00|0.00|0.67|0.00|42523.48|28349.00|28349.00
FPOT|Domicilios|20|Domicilios|20|OT2|2|Order Type Master 2|2|81111.00|0.00|0.00|0|0.00|0|6489.00|1|0|0|0|0|0.00|0.00|0.00|0|0|0|29000.00|3|0.00|0|0.00|0|87600.00|1|128600.00|2|0.00|0|0.00|0|0.00|0.00|13|55|81111.00|0.00|0.00|0.00|81111.00|104861.67|104861.67|0.00|1.33|0.00|78646.27|104861.67|104861.67
FPOT|Plataformas|21|Plataformas|21|OT7|7|Order Type Master 7|7|37963.00|0.00|0.00|0|0.00|0|3037.00|1|0|0|0|0|0.00|0.00|0.00|0|0|0|0.00|0|0.00|0|0.00|0|41000.00|1|0.00|0|0.00|0|0.00|0|0.00|0.00|16|68|37963.00|0.00|0.00|0.00|37963.00|0.00|0.00|0.00|0.00|0.00|0.00|0.00|0.00
FPOT|Plataformas|21|Plataformas|21|OT7|7|Order Type Master 7|7|163427.00|0.00|0.00|0|0.00|0|13073.00|2|0|0|0|0|0.00|0.00|0.00|0|0|0|23350.00|2|0.00|0|0.00|0|176500.00|2|176500.00|2|0.00|0|0.00|0|0.00|0.00|18|76|163427.00|0.00|0.00|0.00|163427.00|24459.83|24459.83|0.00|0.33|0.00|73379.57|24459.83|24459.83
FPOT|Restaurante|1|Restaurante|1|OT1|1|Order Type Master 1|1|0.00|-7907.00|-7907.00|1|0.00|0|0.00|0|0|0|0|0|0.00|0.00|0.00|0|0|0|0.00|0|0.00|0|0.00|0|-7907.00|0|193020.00|2|0.00|0|0.00|0|0.00|0.00|19|80|0.00|0.00|0.00|0.00|0.00|72670.00|72670.00|0.00|0.50|0.00|145340.00|72670.00|72670.00
FPOT|Restaurante|1|Restaurante|1|OT1|1|Order Type Master 1|1|95650.00|9564.00|-11296.00|1|0.00|0|7650.00|1|0|0|0|0|0.00|0.00|0.00|0|0|0|0.00|0|0.00|0|0.00|0|112864.00|1|0.00|0|0.00|0|0.00|0|0.00|0.00|15|62|95650.00|0.00|0.00|0.00|95650.00|84043.67|84043.67|0.00|0.83|0.00|100852.44|84043.67|84043.67
FPOT|Restaurante|1|Restaurante|1|OT1|1|Order Type Master 1|1|463152.00|46314.00|0.00|0|0.00|0|37048.00|2|0|0|0|0|0.00|0.00|0.00|0|0|0|10900.00|1|0.00|0|0.00|0|546514.00|2|0.00|0|0.00|0|0.00|0|0.00|0.00|13|54|463152.00|0.00|0.00|0.00|463152.00|232980.17|232980.17|0.00|1.67|0.00|139788.07|232980.17|232980.17
FPOT|Domicilios|20|Domicilios|20|OT2|2|Order Type Master 2|2|55279.00|0.00|0.00|0|0.00|0|4421.00|1|0|0|0|0|0.00|0.00|0.00|0|0|0|0.00|0|0.00|0|0.00|0|59700.00|1|59700.00|1|0.00|0|0.00|0|0.00|0.00|11|46|55279.00|0.00|0.00|0.00|55279.00|0.00|0.00|0.00|0.00|0.00|0.00|0.00|0.00
FPOT|Domicilios|20|Domicilios|20|OT2|2|Order Type Master 2|2|85370.00|0.00|0.00|0|0.00|0|6830.00|2|0|0|0|0|0.00|0.00|0.00|0|0|0|0.00|0|0.00|0|0.00|0|92200.00|2|48600.00|1|0.00|0|0.00|0|0.00|0.00|18|74|85370.00|0.00|0.00|0.00|85370.00|21697.50|21697.50|0.00|0.50|0.00|43395.00|21697.50|21697.50
FPOT|Domicilios|20|Domicilios|20|OT2|2|Order Type Master 2|2|-35740.00|0.00|-40370.00|2|0.00|0|-2860.00|0|0|0|0|0|0.00|0.00|0.00|0|0|0|0.00|0|0.00|0|0.00|0|-38600.00|0|5000.00|1|0.00|0|0.00|0|0.00|-2860.00|20|83|-35740.00|0.00|0.00|0.00|-35740.00|9012.33|9012.33|0.00|0.17|0.00|54073.89|9012.33|9012.33
FPOT|Domicilios|20|Domicilios|20|OT2|2|Order Type Master 2|2|114536.00|0.00|0.00|0|0.00|0|9164.00|2|0|0|0|0|0.00|0.00|0.00|0|0|0|58800.00|1|0.00|0|0.00|0|123700.00|2|123700.00|2|0.00|0|0.00|0|0.00|0.00|12|51|114536.00|0.00|0.00|0.00|114536.00|58163.67|58163.67|0.00|1.17|0.00|49854.56|58163.67|58163.67
FPOT|Plataformas|21|Plataformas|21|OT7|7|Order Type Master 7|7|36527.00|0.00|0.00|0|0.00|0|2923.00|1|0|0|0|0|0.00|0.00|0.00|0|0|0|26800.00|2|0.00|0|0.00|0|39450.00|1|0.00|0|0.00|0|0.00|0|0.00|0.00|12|49|36527.00|0.00|0.00|0.00|36527.00|102670.33|102670.33|0.00|1.17|0.00|88003.12|102670.33|102670.33
FPOT|Plataformas|21|Plataformas|21|OT7|7|Order Type Master 7|7|13796.00|0.00|0.00|0|0.00|0|1104.00|1|0|0|0|0|0.00|0.00|0.00|0|0|0|0.00|0|0.00|0|0.00|0|14900.00|1|0.00|0|0.00|0|0.00|0|0.00|0.00|17|70|13796.00|0.00|0.00|0.00|13796.00|0.00|0.00|0.00|0.00|0.00|0.00|0.00|0.00
FPOT|Plataformas|21|Plataformas|21|OT7|7|Order Type Master 7|7|35741.00|0.00|0.00|0|0.00|0|2859.00|1|0|0|0|0|0.00|0.00|0.00|0|0|0|0.00|0|0.00|0|0.00|0|38600.00|1|38600.00|1|0.00|0|0.00|0|0.00|0.00|14|57|35741.00|0.00|0.00|0.00|35741.00|53920.00|53920.00|0.00|0.50|0.00|107840.00|53920.00|53920.00
FPOT|Plataformas|21|Plataformas|21|OT7|7|Order Type Master 7|7|105556.00|0.00|0.00|0|0.00|0|8444.00|1|0|0|0|0|0.00|0.00|0.00|0|0|0|0.00|0|0.00|0|0.00|0|114000.00|1|0.00|0|0.00|0|0.00|0|0.00|0.00|13|55|105556.00|0.00|0.00|0.00|105556.00|28086.50|28086.50|0.00|0.33|0.00|84259.58|28086.50|28086.50
FPOT|Restaurante|1|Restaurante|1|OT1|1|Order Type Master 1|1|0.00|0.00|0.00|0|0.00|0|0.00|0|0|0|0|0|0.00|0.00|0.00|0|0|0|0.00|0|0.00|0|0.00|0|0.00|0|111116.00|1|0.00|0|0.00|0|0.00|0.00|16|65|0.00|0.00|0.00|0.00|0.00|66605.00|66605.00|0.00|0.50|0.00|133210.00|66605.00|66605.00
FPOT|Domicilios|20|Domicilios|20|OT2|2|Order Type Master 2|2|94908.00|0.00|0.00|0|0.00|0|7592.00|2|0|0|0|0|0.00|0.00|0.00|0|0|0|0.00|0|0.00|0|0.00|0|102500.00|2|102500.00|2|0.00|0|0.00|0|0.00|0.00|20|81|94908.00|0.00|0.00|0.00|94908.00|8148.17|8148.17|0.00|0.17|0.00|48888.90|8148.17|8148.17
FPOT|Plataformas|21|Plataformas|21|OT7|7|Order Type Master 7|7|0.00|0.00|0.00|0|0.00|0|0.00|0|0|0|0|0|0.00|0.00|0.00|0|0|0|0.00|0|0.00|0|0.00|0|0.00|0|39450.00|1|0.00|0|0.00|0|0.00|0.00|12|50|0.00|0.00|0.00|0.00|0.00|43889.00|43889.00|0.00|0.50|0.00|87778.00|43889.00|43889.00
FPOT|Restaurante|1|Restaurante|1|OT1|1|Order Type Master 1|1|-11759.00|-1176.00|-12935.00|3|0.00|0|-941.00|0|0|0|0|0|0.00|0.00|0.00|0|0|0|0.00|0|0.00|0|0.00|0|-13876.00|0|0.00|0|0.00|0|0.00|0|0.00|-941.00|19|79|-11759.00|0.00|0.00|0.00|-11759.00|39351.33|39351.33|0.00|0.67|0.00|59026.97|39351.33|39351.33
FPOT|Domicilios|20|Domicilios|20|OT2|2|Order Type Master 2|2|280927.00|5148.00|0.00|0|0.00|0|22473.00|4|0|0|0|0|0.00|0.00|0.00|0|0|0|0.00|0|0.00|0|0.00|0|308550.00|4|308550.00|4|0.00|0|0.00|0|0.00|0.00|12|52|280927.00|0.00|0.00|0.00|280927.00|97284.17|97284.17|0.00|1.33|0.00|72963.14|97284.17|97284.17
FPOT|Domicilios|20|Domicilios|20|OT2|2|Order Type Master 2|2|0.00|-5148.00|0.00|0|0.00|0|0.00|0|0|0|0|0|0.00|0.00|0.00|0|0|0|0.00|0|0.00|0|0.00|0|-5150.00|0|-5150.00|0|0.00|0|0.00|0|0.00|-5148.00|20|82|0.00|0.00|0.00|0.00|0.00|4135.83|4135.83|0.00|0.17|0.00|24814.95|4135.83|4135.83
FPOT|Domicilios|20|Domicilios|20|OT2|2|Order Type Master 2|2|286299.00|0.00|0.00|0|0.00|0|22901.00|4|0|0|0|0|0.00|0.00|0.00|0|0|0|0.00|0|0.00|0|0.00|1|309200.00|4|46800.00|1|0.00|0|0.00|0|0.00|0.00|13|54|286299.00|0.00|0.00|0.00|286299.00|56203.67|56203.67|0.00|0.83|0.00|67444.43|56203.67|56203.67
FPOT|Plataformas|21|Plataformas|21|OT7|7|Order Type Master 7|7|59074.00|0.00|0.00|0|0.00|0|4726.00|2|0|0|0|0|0.00|0.00|0.00|0|0|0|52900.00|2|0.00|0|150400.00|1|63800.00|2|63800.00|2|0.00|0|0.00|0|0.00|0.00|18|75|59074.00|0.00|0.00|0.00|59074.00|0.00|0.00|0.00|0.00|0.00|0.00|0.00|0.00
FPOT|Plataformas|21|Plataformas|21|OT7|7|Order Type Master 7|7|52407.00|0.00|0.00|0|0.00|0|4193.00|1|0|0|0|0|0.00|0.00|0.00|0|0|0|0.00|0|0.00|0|0.00|0|56600.00|1|56600.00|1|0.00|0|0.00|0|0.00|0.00|19|79|52407.00|0.00|0.00|0.00|52407.00|0.00|0.00|0.00|0.00|0.00|0.00|0.00|0.00
FPMI|Restaurante|1|Restaurante|1|LIMONADA NATURAL| |9604060|LIMONADA NATURAL| |9604060|Major Group 20|20|Major Group 20|20|Family Group 3000|3000|Family Group 3000|3000|OT1|1|Order Type Master 1|1|25557.00|0.00|25557.00|0.00|0.00|0.00|25557.00|0.00|25557.00|1|25557.00|3|0|0.00|0.00|0.00|54|13
FPMI|Restaurante|1|Restaurante|1|SODA CON LIMON| |9606141|SODA CON LIMON| |9606141|Major Group 20|20|Major Group 20|20|Family Group 3000|3000|Family Group 3000|3000|OT1|1|Order Type Master 1|1|7222.00|0.00|7222.00|0.00|0.00|0.00|7222.00|0.00|7222.00|1|7222.00|1|0|0.00|0.00|0.00|78|19
FPMI|Restaurante|1|Restaurante|1|SODA CON LIMON| |9606141|SODA CON LIMON| |9606141|Major Group 20|20|Major Group 20|20|Family Group 3000|3000|Family Group 3000|3000|OT1|1|Order Type Master 1|1|-7222.00|0.00|-7222.00|0.00|0.00|0.00|-7222.00|0.00|-7222.00|1|-7222.00|-1|0|0.00|0.00|0.00|79|19
FPMI|Restaurante|1|Restaurante|1|JUGO DE MANDARINA| |9604044|JUGO DE MANDARINA| |9604044|Major Group 20|20|Major Group 20|20|Family Group 3000|3000|Family Group 3000|3000|OT1|1|Order Type Master 1|1|28148.00|0.00|28148.00|0.00|0.00|0.00|28148.00|0.00|28148.00|1|28148.00|2|0|0.00|0.00|0.00|57|14
FPMI|Domicilios|20|Domicilios|20|LIMONADA NATURAL| |9604060|LIMONADA NATURAL| |9604060|Major Group 20|20|Major Group 20|20|Family Group 3000|3000|Family Group 3000|3000|OT2|2|Order Type Master 2|2|25557.00|0.00|25557.00|0.00|0.00|0.00|25557.00|0.00|25557.00|73|25557.00|3|0|0.00|0.00|0.00|54|13
FPMI|Domicilios|20|Domicilios|20|REFAJO| |9608024|REFAJO| |9608024|Major Group 20|20|Major Group 20|20|Family Group 3000|3000|Family Group 3000|3000|OT2|2|Order Type Master 2|2|12870.00|0.00|12870.00|0.00|0.00|0.00|12870.00|0.00|12870.00|73|12870.00|1|0|0.00|0.00|0.00|55|13
FPMI|Plataformas|21|Plataformas|21|JUGO DE MORA EN AGUA| |9604108|JUGO DE MORA EN AGUA| |9604108|Major Group 20|20|Major Group 20|20|Family Group 3000|3000|Family Group 3000|3000|OT7|7|Order Type Master 7|7|10556.00|0.00|10556.00|0.00|0.00|0.00|10556.00|0.00|10556.00|153|10556.00|1|0|0.00|0.00|0.00|81|20
FPMI|Restaurante|1|Restaurante|1|EMPANADA MIXTA 4 UNIDADES| |9528041|EMPANADA MIXTA 4 UNIDADES| |9528041|Major Group 10|10|Major Group 10|10|Family Group 1008|1008|Family Group 1008|1008|OT1|1|Order Type Master 1|1|22500.00|0.00|22500.00|0.00|0.00|0.00|22500.00|0.00|22500.00|1|22500.00|1|0|0.00|0.00|0.00|61|15
FPMI|Restaurante|1|Restaurante|1|LOMO 220 gr PAPA CRIOLLA| |9502513|LOMO 220 gr PAPA CRIOLLA| |9502513|Major Group 10|10|Major Group 10|10|Family Group 1008|1008|Family Group 1008|1008|OT1|1|Order Type Master 1|1|54444.00|0.00|54444.00|0.00|0.00|0.00|54444.00|0.00|54444.00|1|54444.00|1|0|0.00|0.00|0.00|57|14
FPMI|Restaurante|1|Restaurante|1|LOMO 220 gr PAPA CASCO| |9502512|LOMO 220 gr PAPA CASCO| |9502512|Major Group 10|10|Major Group 10|10|Family Group 1008|1008|Family Group 1008|1008|OT1|1|Order Type Master 1|1|54444.00|0.00|54444.00|0.00|0.00|0.00|54444.00|0.00|54444.00|1|54444.00|1|0|0.00|0.00|0.00|57|14
FPMI|Restaurante|1|Restaurante|1|MJE ALM| |90000037|MJE ALM| |90000037|Major Group 10|10|Major Group 10|10|Family Group 1008|1008|Family Group 1008|1008|OT1|1|Order Type Master 1|1|0.00|0.00|0.00|0.00|0.00|0.00|0.00|0.00|0.00|1|0.00|1|0|0.00|0.00|0.00|54|13
FPMI|Restaurante|1|Restaurante|1|CANASTA DE 4 EMPANADAS CACHACAS| |9528040|CANASTA DE 4 EMPANADAS CACHACAS| |9528040|Major Group 10|10|Major Group 10|10|Family Group 1008|1008|Family Group 1008|1008|OT1|1|Order Type Master 1|1|22500.00|0.00|22500.00|0.00|0.00|0.00|22500.00|0.00|22500.00|1|22500.00|1|0|0.00|0.00|0.00|54|13
FPMI|Domicilios|20|Domicilios|20|PICADA INDIVIDUAL  CRIOLLA| |9502576|PICADA INDIVIDUAL  CRIOLLA| |9502576|Major Group 10|10|Major Group 10|10|Family Group 1008|1008|Family Group 1008|1008|OT2|2|Order Type Master 2|2|38704.00|0.00|38704.00|0.00|0.00|0.00|38704.00|0.00|38704.00|73|38704.00|1|0|0.00|0.00|0.00|81|20
FPMI|Domicilios|20|Domicilios|20|CAZUELA DE FRIJOLES| |9520032|CAZUELA DE FRIJOLES| |9520032|Major Group 10|10|Major Group 10|10|Family Group 1008|1008|Family Group 1008|1008|OT2|2|Order Type Master 2|2|73704.00|0.00|73704.00|0.00|0.00|0.00|73704.00|0.00|73704.00|73|73704.00|2|0|0.00|0.00|0.00|52|12
FPMI|Plataformas|21|Plataformas|21|PATACON SOLO SOLITO| |9524048|PATACON SOLO SOLITO| |9524048|Major Group 10|10|Major Group 10|10|Family Group 1008|1008|Family Group 1008|1008|OT7|7|Order Type Master 7|7|7593.00|0.00|7593.00|0.00|0.00|0.00|7593.00|0.00|7593.00|153|7593.00|1|0|0.00|0.00|0.00|76|18
FPMI|Plataformas|21|Plataformas|21|AJIACO  POLLO| |9520008|AJIACO  POLLO| |9520008|Major Group 10|10|Major Group 10|10|Family Group 1008|1008|Family Group 1008|1008|OT7|7|Order Type Master 7|7|35741.00|0.00|35741.00|0.00|0.00|0.00|35741.00|0.00|35741.00|153|35741.00|1|0|0.00|0.00|0.00|57|14
FPMI|Plataformas|21|Plataformas|21|CHORIPAN 100 gr| |9502076|CHORIPAN 100 gr| |9502076|Major Group 10|10|Major Group 10|10|Family Group 1008|1008|Family Group 1008|1008|OT7|7|Order Type Master 7|7|24167.00|0.00|24167.00|0.00|0.00|0.00|24167.00|0.00|24167.00|153|24167.00|1|0|0.00|0.00|0.00|76|18
FPMI|Restaurante|1|Restaurante|1|GASEOSA 400 ml| |9606131|GASEOSA 400 ml| |9606131|Major Group 20|20|Major Group 20|20|Family Group 3000|3000|Family Group 3000|3000|OT1|1|Order Type Master 1|1|15186.00|0.00|15186.00|0.00|0.00|0.00|15186.00|0.00|15186.00|1|15186.00|2|0|0.00|0.00|0.00|57|14
FPMI|Restaurante|1|Restaurante|1|LIMONADA NATURAL| |9604060|LIMONADA NATURAL| |9604060|Major Group 20|20|Major Group 20|20|Family Group 3000|3000|Family Group 3000|3000|OT1|1|Order Type Master 1|1|8519.00|0.00|8519.00|0.00|0.00|0.00|8519.00|0.00|8519.00|1|8519.00|1|0|0.00|0.00|0.00|53|13
FPMI|Restaurante|1|Restaurante|1|AGUA MANANTIAL CON GAS 300 ML| |9606136|AGUA MANANTIAL CON GAS 300 ML| |9606136|Major Group 20|20|Major Group 20|20|Family Group 3000|3000|Family Group 3000|3000|OT1|1|Order Type Master 1|1|6389.00|0.00|6389.00|0.00|0.00|0.00|6389.00|0.00|6389.00|1|6389.00|1|0|0.00|0.00|0.00|82|20
FPMI|Domicilios|20|Domicilios|20|GASEOSA 400 ml| |9606131|GASEOSA 400 ml| |9606131|Major Group 20|20|Major Group 20|20|Family Group 3000|3000|Family Group 3000|3000|OT2|2|Order Type Master 2|2|7593.00|0.00|7593.00|0.00|0.00|0.00|7593.00|0.00|7593.00|73|7593.00|1|0|0.00|0.00|0.00|54|13
FPMI|Domicilios|20|Domicilios|20|JUGO DE MANDARINA| |9604044|JUGO DE MANDARINA| |9604044|Major Group 20|20|Major Group 20|20|Family Group 3000|3000|Family Group 3000|3000|OT2|2|Order Type Master 2|2|28148.00|0.00|28148.00|0.00|0.00|0.00|28148.00|0.00|28148.00|73|28148.00|2|0|0.00|0.00|0.00|76|18
FPMI|Restaurante|1|Restaurante|1|Mod A Punto| |980000005|Mod A Punto| |980000005|Major Group 10|10|Major Group 10|10|Family Group 1008|1008|Family Group 1008|1008|OT1|1|Order Type Master 1|1|0.00|0.00|0.00|0.00|0.00|0.00|0.00|0.00|0.00|1|0.00|1|0|0.00|0.00|0.00|54|13
FPMI|Restaurante|1|Restaurante|1|PECHUGA A LA PARRILLA 230 gr ENSALADA | |9506091|PECHUGA A LA PARRILLA 230 gr ENSALADA | |9506091|Major Group 10|10|Major Group 10|10|Family Group 1008|1008|Family Group 1008|1008|OT1|1|Order Type Master 1|1|24815.00|0.00|24815.00|0.00|0.00|0.00|24815.00|0.00|24815.00|1|24815.00|1|0|0.00|0.00|0.00|78|19
FPMI|Restaurante|1|Restaurante|1|AREPA DE CHOCOLO| |9506036|AREPA DE CHOCOLO| |9506036|Major Group 10|10|Major Group 10|10|Family Group 1008|1008|Family Group 1008|1008|OT1|1|Order Type Master 1|1|20185.00|0.00|20185.00|0.00|0.00|0.00|20185.00|0.00|20185.00|1|20185.00|1|0|0.00|0.00|0.00|78|19
FPMI|Restaurante|1|Restaurante|1|COMO ENTRADA| |90000038|COMO ENTRADA| |90000038|Major Group 10|10|Major Group 10|10|Family Group 1008|1008|Family Group 1008|1008|OT1|1|Order Type Master 1|1|0.00|0.00|0.00|0.00|0.00|0.00|0.00|0.00|0.00|9|0.00|1|0|0.00|0.00|0.00|57|14
FPMI|Restaurante|1|Restaurante|1|CANASTA MINI FRITANGUERA| |9502525|CANASTA MINI FRITANGUERA| |9502525|Major Group 10|10|Major Group 10|10|Family Group 1008|1008|Family Group 1008|1008|OT1|1|Order Type Master 1|1|22130.00|0.00|22130.00|0.00|0.00|0.00|22130.00|0.00|22130.00|1|22130.00|1|0|0.00|0.00|0.00|54|13
FPMI|Restaurante|1|Restaurante|1|AREPA DE CHOCOLO| |9506036|AREPA DE CHOCOLO| |9506036|Major Group 10|10|Major Group 10|10|Family Group 1008|1008|Family Group 1008|1008|OT1|1|Order Type Master 1|1|20185.00|0.00|20185.00|0.00|0.00|0.00|20185.00|0.00|20185.00|1|20185.00|1|0|0.00|0.00|0.00|70|17
FPMI|Restaurante|1|Restaurante|1|PUNTA DE ANCA 250 gr ENSALADA| |9502234|PUNTA DE ANCA 250 gr ENSALADA| |9502234|Major Group 10|10|Major Group 10|10|Family Group 1008|1008|Family Group 1008|1008|OT1|1|Order Type Master 1|1|54444.00|0.00|54444.00|0.00|0.00|0.00|54444.00|0.00|54444.00|1|54444.00|1|0|0.00|0.00|0.00|70|17
FPMI|Restaurante|1|Restaurante|1|COMO ENTRADA| |90000038|COMO ENTRADA| |90000038|Major Group 10|10|Major Group 10|10|Family Group 1008|1008|Family Group 1008|1008|OT1|1|Order Type Master 1|1|0.00|0.00|0.00|0.00|0.00|0.00|0.00|0.00|0.00|17|0.00|1|0|0.00|0.00|0.00|57|14
FPMI|Restaurante|1|Restaurante|1|Mod 3/4| |980000004|Mod 3/4| |980000004|Major Group 10|10|Major Group 10|10|Family Group 1008|1008|Family Group 1008|1008|OT1|1|Order Type Master 1|1|0.00|0.00|0.00|0.00|0.00|0.00|0.00|0.00|0.00|1|0.00|5|0|0.00|0.00|0.00|57|14
FPMI|Restaurante|1|Restaurante|1|COMO ENTRADA| |90000038|COMO ENTRADA| |90000038|Major Group 10|10|Major Group 10|10|Family Group 1008|1008|Family Group 1008|1008|OT1|1|Order Type Master 1|1|0.00|0.00|0.00|0.00|0.00|0.00|0.00|0.00|0.00|1|0.00|1|0|0.00|0.00|0.00|71|17
FPMI|Domicilios|20|Domicilios|20|CANASTA MINI FRITANGUERA| |9502525|CANASTA MINI FRITANGUERA| |9502525|Major Group 10|10|Major Group 10|10|Family Group 1008|1008|Family Group 1008|1008|OT2|2|Order Type Master 2|2|22130.00|0.00|22130.00|0.00|0.00|0.00|22130.00|0.00|22130.00|73|22130.00|1|0|0.00|0.00|0.00|49|12
FPMI|Domicilios|20|Domicilios|20|Mod CocaCola Original 400ml| |980000102|Mod CocaCola Original 400ml| |980000102|Major Group 10|10|Major Group 10|10|Family Group 1008|1008|Family Group 1008|1008|OT2|2|Order Type Master 2|2|0.00|0.00|0.00|0.00|0.00|0.00|0.00|0.00|0.00|1|0.00|2|0|0.00|0.00|0.00|79|19
FPMI|Domicilios|20|Domicilios|20|TRUCHA A LA PLANCHA 350 gr ARROZ| |9504165|TRUCHA A LA PLANCHA 350 gr ARROZ| |9504165|Major Group 10|10|Major Group 10|10|Family Group 1008|1008|Family Group 1008|1008|OT2|2|Order Type Master 2|2|35741.00|0.00|35741.00|0.00|0.00|0.00|35741.00|0.00|35741.00|73|35741.00|1|0|0.00|0.00|0.00|54|13
FPMI|Domicilios|20|Domicilios|20|MJE ALM| |90000037|MJE ALM| |90000037|Major Group 10|10|Major Group 10|10|Family Group 1008|1008|Family Group 1008|1008|OT2|2|Order Type Master 2|2|0.00|0.00|0.00|0.00|0.00|0.00|0.00|0.00|0.00|1|0.00|2|0|0.00|0.00|0.00|52|12
FPMI|Domicilios|20|Domicilios|20|Mensaje Bebidas 2024| |980000095|Mensaje Bebidas 2024| |980000095|Major Group 10|10|Major Group 10|10|Family Group 1008|1008|Family Group 1008|1008|OT2|2|Order Type Master 2|2|0.00|0.00|0.00|0.00|0.00|0.00|0.00|0.00|0.00|1|0.00|1|0|0.00|0.00|0.00|52|12
FPMI|Domicilios|20|Domicilios|20|SOPA DE VERDURAS| |9520050|SOPA DE VERDURAS| |9520050|Major Group 10|10|Major Group 10|10|Family Group 1008|1008|Family Group 1008|1008|OT2|2|Order Type Master 2|2|13148.00|0.00|13148.00|0.00|0.00|0.00|13148.00|0.00|13148.00|73|13148.00|1|0|0.00|0.00|0.00|53|13
FPMI|Domicilios|20|Domicilios|20|PECHUGA A LA PARRILLA 230 gr ENSALADA | |9506091|PECHUGA A LA PARRILLA 230 gr ENSALADA | |9506091|Major Group 10|10|Major Group 10|10|Family Group 1008|1008|Family Group 1008|1008|OT2|2|Order Type Master 2|2|24815.00|0.00|24815.00|0.00|0.00|0.00|24815.00|0.00|24815.00|73|24815.00|1|0|0.00|0.00|0.00|74|18
FPMI|Domicilios|20|Domicilios|20|AREPA DE CHOCOLO| |9506036|AREPA DE CHOCOLO| |9506036|Major Group 10|10|Major Group 10|10|Family Group 1008|1008|Family Group 1008|1008|OT2|2|Order Type Master 2|2|-40370.00|0.00|-40370.00|0.00|0.00|0.00|-40370.00|0.00|-40370.00|73|-40370.00|-2|0|0.00|0.00|0.00|83|20
FPMI|Plataformas|21|Plataformas|21|PUNTA DE ANCA 250 gr CRIOLLA| |9502358|PUNTA DE ANCA 250 gr CRIOLLA| |9502358|Major Group 10|10|Major Group 10|10|Family Group 1008|1008|Family Group 1008|1008|OT7|7|Order Type Master 7|7|57130.00|0.00|57130.00|0.00|0.00|0.00|57130.00|0.00|57130.00|153|57130.00|1|0|0.00|0.00|0.00|76|18
FPMI|Plataformas|21|Plataformas|21|MJE ALM| |90000037|MJE ALM| |90000037|Major Group 10|10|Major Group 10|10|Family Group 1008|1008|Family Group 1008|1008|OT7|7|Order Type Master 7|7|0.00|0.00|0.00|0.00|0.00|0.00|0.00|0.00|0.00|1|0.00|1|0|0.00|0.00|0.00|76|18
FPMI|Plataformas|21|Plataformas|21|AJIACO  POLLO| |9520008|AJIACO  POLLO| |9520008|Major Group 10|10|Major Group 10|10|Family Group 1008|1008|Family Group 1008|1008|OT7|7|Order Type Master 7|7|35741.00|0.00|35741.00|0.00|0.00|0.00|35741.00|0.00|35741.00|153|35741.00|1|0|0.00|0.00|0.00|76|18
FPMI|Plataformas|21|Plataformas|21|AJIACO  POLLO| |9520008|AJIACO  POLLO| |9520008|Major Group 10|10|Major Group 10|10|Family Group 1008|1008|Family Group 1008|1008|OT7|7|Order Type Master 7|7|71482.00|0.00|71482.00|0.00|0.00|0.00|71482.00|0.00|71482.00|153|71482.00|2|0|0.00|0.00|0.00|48|11
FPMI|Plataformas|21|Plataformas|21|AJIACO NINOS| |9542004|AJIACO NINOS| |9542004|Major Group 10|10|Major Group 10|10|Family Group 1008|1008|Family Group 1008|1008|OT7|7|Order Type Master 7|7|40556.00|0.00|40556.00|0.00|0.00|0.00|40556.00|0.00|40556.00|153|40556.00|2|0|0.00|0.00|0.00|81|20
FPMI|Plataformas|21|Plataformas|21|MJE ALM| |90000037|MJE ALM| |90000037|Major Group 10|10|Major Group 10|10|Family Group 1008|1008|Family Group 1008|1008|OT7|7|Order Type Master 7|7|0.00|0.00|0.00|0.00|0.00|0.00|0.00|0.00|0.00|1|0.00|1|0|0.00|0.00|0.00|79|19
FPMI|Restaurante|1|Restaurante|1|TINTO COLADO AEX| |9602121|TINTO COLADO AEX| |9602121|Major Group 20|20|Major Group 20|20|Family Group 3000|3000|Family Group 3000|3000|OT1|1|Order Type Master 1|1|4537.00|0.00|4537.00|0.00|0.00|0.00|4537.00|0.00|4537.00|1|4537.00|1|0|0.00|0.00|0.00|76|18
FPMI|Restaurante|1|Restaurante|1|AROMATICA| |9602088|AROMATICA| |9602088|Major Group 20|20|Major Group 20|20|Family Group 3000|3000|Family Group 3000|3000|OT1|1|Order Type Master 1|1|4537.00|0.00|4537.00|0.00|0.00|0.00|4537.00|0.00|4537.00|1|4537.00|1|0|0.00|0.00|0.00|76|18
FPMI|Domicilios|20|Domicilios|20|LIMONADA NATURAL| |9604060|LIMONADA NATURAL| |9604060|Major Group 20|20|Major Group 20|20|Family Group 3000|3000|Family Group 3000|3000|OT2|2|Order Type Master 2|2|8519.00|0.00|8519.00|0.00|0.00|0.00|8519.00|0.00|8519.00|73|8519.00|1|0|0.00|0.00|0.00|46|11
FPMI|Domicilios|20|Domicilios|20|GASEOSA 400 ml| |9606131|GASEOSA 400 ml| |9606131|Major Group 20|20|Major Group 20|20|Family Group 3000|3000|Family Group 3000|3000|OT2|2|Order Type Master 2|2|7593.00|0.00|7593.00|0.00|0.00|0.00|7593.00|0.00|7593.00|73|7593.00|1|0|0.00|0.00|0.00|49|12
FPMI|Restaurante|1|Restaurante|1|ENTRECOT 180 gr  ENSALADA| |9502509|ENTRECOT 180 gr  ENSALADA| |9502509|Major Group 10|10|Major Group 10|10|Family Group 1008|1008|Family Group 1008|1008|OT1|1|Order Type Master 1|1|73704.00|0.00|73704.00|0.00|0.00|0.00|73704.00|0.00|73704.00|1|73704.00|2|0|0.00|0.00|0.00|54|13
FPMI|Restaurante|1|Restaurante|1|COMO ENTRADA| |90000038|COMO ENTRADA| |90000038|Major Group 10|10|Major Group 10|10|Family Group 1008|1008|Family Group 1008|1008|OT1|1|Order Type Master 1|1|0.00|0.00|0.00|0.00|0.00|0.00|0.00|0.00|0.00|9|0.00|1|0|0.00|0.00|0.00|61|15
FPMI|Restaurante|1|Restaurante|1|ENTRECOT 180 gr  FRANCESA| |9502504|ENTRECOT 180 gr  FRANCESA| |9502504|Major Group 10|10|Major Group 10|10|Family Group 1008|1008|Family Group 1008|1008|OT1|1|Order Type Master 1|1|36852.00|0.00|36852.00|0.00|0.00|0.00|36852.00|0.00|36852.00|1|36852.00|1|0|0.00|0.00|0.00|62|15
FPMI|Restaurante|1|Restaurante|1|Mod BienAsado| |980000006|Mod BienAsado| |980000006|Major Group 10|10|Major Group 10|10|Family Group 1008|1008|Family Group 1008|1008|OT1|1|Order Type Master 1|1|0.00|0.00|0.00|0.00|0.00|0.00|0.00|0.00|0.00|1|0.00|1|0|0.00|0.00|0.00|70|17
FPMI|Restaurante|1|Restaurante|1|Mensaje Bebidas 2024| |980000095|Mensaje Bebidas 2024| |980000095|Major Group 10|10|Major Group 10|10|Family Group 1008|1008|Family Group 1008|1008|OT1|1|Order Type Master 1|1|0.00|0.00|0.00|0.00|0.00|0.00|0.00|0.00|0.00|1|0.00|2|0|0.00|0.00|0.00|53|13
FPMI|Restaurante|1|Restaurante|1|EMPANADA DE CARNE | |9528004|EMPANADA DE CARNE | |9528004|Major Group 10|10|Major Group 10|10|Family Group 1008|1008|Family Group 1008|1008|OT1|1|Order Type Master 1|1|12222.00|0.00|12222.00|0.00|0.00|0.00|12222.00|0.00|12222.00|1|12222.00|2|0|0.00|0.00|0.00|82|20
FPMI|Restaurante|1|Restaurante|1|CHICHARRON 90 gr| |9528024|CHICHARRON 90 gr| |9528024|Major Group 10|10|Major Group 10|10|Family Group 1008|1008|Family Group 1008|1008|OT1|1|Order Type Master 1|1|26667.00|0.00|26667.00|0.00|0.00|0.00|26667.00|0.00|26667.00|1|26667.00|1|0|0.00|0.00|0.00|82|20
FPMI|Restaurante|1|Restaurante|1|Mensaje Bebidas 2024| |980000095|Mensaje Bebidas 2024| |980000095|Major Group 10|10|Major Group 10|10|Family Group 1008|1008|Family Group 1008|1008|OT1|1|Order Type Master 1|1|0.00|0.00|0.00|0.00|0.00|0.00|0.00|0.00|0.00|1|0.00|1|0|0.00|0.00|0.00|76|18
FPMI|Domicilios|20|Domicilios|20|AREPA DE CHOCOLO| |9506036|AREPA DE CHOCOLO| |9506036|Major Group 10|10|Major Group 10|10|Family Group 1008|1008|Family Group 1008|1008|OT2|2|Order Type Master 2|2|40370.00|0.00|40370.00|0.00|0.00|0.00|40370.00|0.00|40370.00|73|40370.00|2|0|0.00|0.00|0.00|74|18
FPMI|Domicilios|20|Domicilios|20|Mensaje Bebidas 2024| |980000095|Mensaje Bebidas 2024| |980000095|Major Group 10|10|Major Group 10|10|Family Group 1008|1008|Family Group 1008|1008|OT2|2|Order Type Master 2|2|0.00|0.00|0.00|0.00|0.00|0.00|0.00|0.00|0.00|1|0.00|3|0|0.00|0.00|0.00|46|11
FPMI|Domicilios|20|Domicilios|20|AREPA DE CHOCOLO| |9506036|AREPA DE CHOCOLO| |9506036|Major Group 10|10|Major Group 10|10|Family Group 1008|1008|Family Group 1008|1008|OT2|2|Order Type Master 2|2|20185.00|0.00|20185.00|0.00|0.00|0.00|20185.00|0.00|20185.00|73|20185.00|1|0|0.00|0.00|0.00|46|11
FPMI|Domicilios|20|Domicilios|20|GUACAMOLE| |9500192|GUACAMOLE| |9500192|Major Group 10|10|Major Group 10|10|Family Group 1008|1008|Family Group 1008|1008|OT2|2|Order Type Master 2|2|5463.00|0.00|5463.00|0.00|0.00|0.00|5463.00|0.00|5463.00|73|5463.00|1|0|0.00|0.00|0.00|49|12
FPMI|Domicilios|20|Domicilios|20|AREPA DE MAIZ CON CARNE DESMECHADA| |9524076|AREPA DE MAIZ CON CARNE DESMECHADA| |9524076|Major Group 10|10|Major Group 10|10|Family Group 1008|1008|Family Group 1008|1008|OT2|2|Order Type Master 2|2|20185.00|0.00|20185.00|0.00|0.00|0.00|20185.00|0.00|20185.00|73|20185.00|1|0|0.00|0.00|0.00|49|12
FPMI|Domicilios|20|Domicilios|20|PAPA CRIOLLA| |9500288|PAPA CRIOLLA| |9500288|Major Group 10|10|Major Group 10|10|Family Group 1008|1008|Family Group 1008|1008|OT2|2|Order Type Master 2|2|7222.00|0.00|7222.00|0.00|0.00|0.00|7222.00|0.00|7222.00|73|7222.00|1|0|0.00|0.00|0.00|49|12
FPMI|Domicilios|20|Domicilios|20|AJIACO  POLLO| |9520008|AJIACO  POLLO| |9520008|Major Group 10|10|Major Group 10|10|Family Group 1008|1008|Family Group 1008|1008|OT2|2|Order Type Master 2|2|34074.00|0.00|34074.00|0.00|0.00|0.00|34074.00|0.00|34074.00|73|34074.00|1|0|0.00|0.00|0.00|55|13
FPMI|Domicilios|20|Domicilios|20|PAPA FRANCESA| |9500452|PAPA FRANCESA| |9500452|Major Group 10|10|Major Group 10|10|Family Group 1008|1008|Family Group 1008|1008|OT2|2|Order Type Master 2|2|7222.00|0.00|7222.00|0.00|0.00|0.00|7222.00|0.00|7222.00|73|7222.00|1|0|0.00|0.00|0.00|52|12
FPMI|Domicilios|20|Domicilios|20|AREPA DE MAIZ CON CARNE DESMECHADA| |9524076|AREPA DE MAIZ CON CARNE DESMECHADA| |9524076|Major Group 10|10|Major Group 10|10|Family Group 1008|1008|Family Group 1008|1008|OT2|2|Order Type Master 2|2|20185.00|0.00|20185.00|0.00|0.00|0.00|20185.00|0.00|20185.00|73|20185.00|1|0|0.00|0.00|0.00|74|18
FPMI|Plataformas|21|Plataformas|21|AJIACO  POLLO| |9520008|AJIACO  POLLO| |9520008|Major Group 10|10|Major Group 10|10|Family Group 1008|1008|Family Group 1008|1008|OT7|7|Order Type Master 7|7|35741.00|0.00|35741.00|0.00|0.00|0.00|35741.00|0.00|35741.00|153|35741.00|1|0|0.00|0.00|0.00|75|18
FPMI|Plataformas|21|Plataformas|21|SOPA DE VERDURAS| |9520050|SOPA DE VERDURAS| |9520050|Major Group 10|10|Major Group 10|10|Family Group 1008|1008|Family Group 1008|1008|OT7|7|Order Type Master 7|7|13796.00|0.00|13796.00|0.00|0.00|0.00|13796.00|0.00|13796.00|153|13796.00|1|0|0.00|0.00|0.00|70|17
FPMI|Plataformas|21|Plataformas|21|TORTA MILKYWAY| |9514163|TORTA MILKYWAY| |9514163|Major Group 10|10|Major Group 10|10|Family Group 1008|1008|Family Group 1008|1008|OT7|7|Order Type Master 7|7|10694.00|0.00|10694.00|0.00|0.00|0.00|10694.00|0.00|10694.00|169|10694.00|1|0|0.00|0.00|0.00|49|12
FPMI|Plataformas|21|Plataformas|21|PATACON CARNE DESMECHADA| |9524028|PATACON CARNE DESMECHADA| |9524028|Major Group 10|10|Major Group 10|10|Family Group 1008|1008|Family Group 1008|1008|OT7|7|Order Type Master 7|7|25833.00|0.00|25833.00|0.00|0.00|0.00|25833.00|0.00|25833.00|153|25833.00|1|0|0.00|0.00|0.00|81|20
FPMI|Restaurante|1|Restaurante|1|AGUA MANANTIAL CON GAS 300 ML| |9606136|AGUA MANANTIAL CON GAS 300 ML| |9606136|Major Group 20|20|Major Group 20|20|Family Group 3000|3000|Family Group 3000|3000|OT1|1|Order Type Master 1|1|6389.00|0.00|6389.00|0.00|0.00|0.00|6389.00|0.00|6389.00|1|6389.00|1|0|0.00|0.00|0.00|71|17
FPMI|Restaurante|1|Restaurante|1|FUZE TE LIMON| |9606096|FUZE TE LIMON| |9606096|Major Group 20|20|Major Group 20|20|Family Group 3000|3000|Family Group 3000|3000|OT1|1|Order Type Master 1|1|6389.00|0.00|6389.00|0.00|0.00|0.00|6389.00|0.00|6389.00|1|6389.00|1|0|0.00|0.00|0.00|71|17
FPMI|Restaurante|1|Restaurante|1|GASEOSA 400 ml| |9606131|GASEOSA 400 ml| |9606131|Major Group 20|20|Major Group 20|20|Family Group 3000|3000|Family Group 3000|3000|OT1|1|Order Type Master 1|1|7593.00|0.00|7593.00|0.00|0.00|0.00|7593.00|0.00|7593.00|1|7593.00|1|0|0.00|0.00|0.00|54|13
FPMI|Domicilios|20|Domicilios|20|SODA| |9606112|SODA| |9606112|Major Group 20|20|Major Group 20|20|Family Group 3000|3000|Family Group 3000|3000|OT2|2|Order Type Master 2|2|6852.00|0.00|6852.00|0.00|0.00|0.00|6852.00|0.00|6852.00|73|6852.00|1|0|0.00|0.00|0.00|68|16
FPMI|Restaurante|1|Restaurante|1|CALENTADO ANDRES| |9518004|CALENTADO ANDRES| |9518004|Major Group 10|10|Major Group 10|10|Family Group 1008|1008|Family Group 1008|1008|OT1|1|Order Type Master 1|1|35093.00|0.00|35093.00|0.00|0.00|0.00|35093.00|0.00|35093.00|1|35093.00|1|0|0.00|0.00|0.00|54|13
FPMI|Restaurante|1|Restaurante|1|COMO ENTRADA| |90000038|COMO ENTRADA| |90000038|Major Group 10|10|Major Group 10|10|Family Group 1008|1008|Family Group 1008|1008|OT1|1|Order Type Master 1|1|0.00|0.00|0.00|0.00|0.00|0.00|0.00|0.00|0.00|1|0.00|1|0|0.00|0.00|0.00|78|19
FPMI|Restaurante|1|Restaurante|1|PECHUGA A LA PARRILLA 230 gr CASCO| |9506084|PECHUGA A LA PARRILLA 230 gr CASCO| |9506084|Major Group 10|10|Major Group 10|10|Family Group 1008|1008|Family Group 1008|1008|OT1|1|Order Type Master 1|1|24815.00|0.00|24815.00|0.00|0.00|0.00|24815.00|0.00|24815.00|1|24815.00|1|0|0.00|0.00|0.00|72|17
FPMI|Restaurante|1|Restaurante|1|PATACON CON HOGAO| |9524044|PATACON CON HOGAO| |9524044|Major Group 10|10|Major Group 10|10|Family Group 1008|1008|Family Group 1008|1008|OT1|1|Order Type Master 1|1|10000.00|0.00|10000.00|0.00|0.00|0.00|10000.00|0.00|10000.00|1|10000.00|1|0|0.00|0.00|0.00|57|14
FPMI|Restaurante|1|Restaurante|1|CHICHARRON 90 gr| |9528024|CHICHARRON 90 gr| |9528024|Major Group 10|10|Major Group 10|10|Family Group 1008|1008|Family Group 1008|1008|OT1|1|Order Type Master 1|1|26667.00|0.00|26667.00|0.00|0.00|0.00|26667.00|0.00|26667.00|1|26667.00|1|0|0.00|0.00|0.00|71|17
FPMI|Restaurante|1|Restaurante|1|TRUCHA A LA PLANCHA 350 gr ENSALADA| |9504163|TRUCHA A LA PLANCHA 350 gr ENSALADA| |9504163|Major Group 10|10|Major Group 10|10|Family Group 1008|1008|Family Group 1008|1008|OT1|1|Order Type Master 1|1|35741.00|0.00|35741.00|0.00|0.00|0.00|35741.00|0.00|35741.00|1|35741.00|1|0|0.00|0.00|0.00|54|13
FPMI|Domicilios|20|Domicilios|20|CHORIZO ANTIOQUENO 100 gr| |9502084|CHORIZO ANTIOQUENO 100 gr| |9502084|Major Group 10|10|Major Group 10|10|Family Group 1008|1008|Family Group 1008|1008|OT2|2|Order Type Master 2|2|13519.00|0.00|13519.00|0.00|0.00|0.00|13519.00|0.00|13519.00|73|13519.00|1|0|0.00|0.00|0.00|54|13
FPMI|Domicilios|20|Domicilios|20|Mensaje Bebidas 2024| |980000095|Mensaje Bebidas 2024| |980000095|Major Group 10|10|Major Group 10|10|Family Group 1008|1008|Family Group 1008|1008|OT2|2|Order Type Master 2|2|0.00|0.00|0.00|0.00|0.00|0.00|0.00|0.00|0.00|1|0.00|5|0|0.00|0.00|0.00|54|13
FPMI|Domicilios|20|Domicilios|20|BANDEJA PAISA| |9520036|BANDEJA PAISA| |9520036|Major Group 10|10|Major Group 10|10|Family Group 1008|1008|Family Group 1008|1008|OT2|2|Order Type Master 2|2|42500.00|0.00|42500.00|0.00|0.00|0.00|42500.00|0.00|42500.00|73|42500.00|1|0|0.00|0.00|0.00|49|12
FPMI|Domicilios|20|Domicilios|20|ADICION DE AGUACATE 100 gr| |9500032|ADICION DE AGUACATE 100 gr| |9500032|Major Group 10|10|Major Group 10|10|Family Group 1008|1008|Family Group 1008|1008|OT2|2|Order Type Master 2|2|5648.00|0.00|5648.00|0.00|0.00|0.00|5648.00|0.00|5648.00|73|5648.00|1|0|0.00|0.00|0.00|52|12
FPMI|Domicilios|20|Domicilios|20|LOMO 220 gr PAPA CASCO| |9502512|LOMO 220 gr PAPA CASCO| |9502512|Major Group 10|10|Major Group 10|10|Family Group 1008|1008|Family Group 1008|1008|OT2|2|Order Type Master 2|2|108888.00|0.00|108888.00|0.00|0.00|0.00|108888.00|0.00|108888.00|73|108888.00|2|0|0.00|0.00|0.00|51|12
FPMI|Domicilios|20|Domicilios|20|AJIACO  POLLO| |9520008|AJIACO  POLLO| |9520008|Major Group 10|10|Major Group 10|10|Family Group 1008|1008|Family Group 1008|1008|OT2|2|Order Type Master 2|2|34074.00|0.00|34074.00|0.00|0.00|0.00|34074.00|0.00|34074.00|73|34074.00|1|0|0.00|0.00|0.00|56|13
FPMI|Domicilios|20|Domicilios|20|PECHUGA A LA PARRILLA 230 gr ARROZ| |9506120|PECHUGA A LA PARRILLA 230 gr ARROZ| |9506120|Major Group 10|10|Major Group 10|10|Family Group 1008|1008|Family Group 1008|1008|OT2|2|Order Type Master 2|2|24815.00|0.00|24815.00|0.00|0.00|0.00|24815.00|0.00|24815.00|73|24815.00|1|0|0.00|0.00|0.00|53|13
FPMI|Plataformas|21|Plataformas|21|PECHUGA A LA PARRILLA 230 gr FRANCESA | |9506090|PECHUGA A LA PARRILLA 230 gr FRANCESA | |9506090|Major Group 10|10|Major Group 10|10|Family Group 1008|1008|Family Group 1008|1008|OT7|7|Order Type Master 7|7|26019.00|0.00|26019.00|0.00|0.00|0.00|26019.00|0.00|26019.00|153|26019.00|1|0|0.00|0.00|0.00|68|16
FPMI|Plataformas|21|Plataformas|21|PECHUGA A LA PARRILLA 230 gr ENSALADA | |9506091|PECHUGA A LA PARRILLA 230 gr ENSALADA | |9506091|Major Group 10|10|Major Group 10|10|Family Group 1008|1008|Family Group 1008|1008|OT7|7|Order Type Master 7|7|26019.00|0.00|26019.00|0.00|0.00|0.00|26019.00|0.00|26019.00|153|26019.00|1|0|0.00|0.00|0.00|48|11
FPMI|Plataformas|21|Plataformas|21|PATACON CARNE DESMECHADA| |9524028|PATACON CARNE DESMECHADA| |9524028|Major Group 10|10|Major Group 10|10|Family Group 1008|1008|Family Group 1008|1008|OT7|7|Order Type Master 7|7|25833.00|0.00|25833.00|0.00|0.00|0.00|25833.00|0.00|25833.00|153|25833.00|1|0|0.00|0.00|0.00|49|12
FPMI|Plataformas|21|Plataformas|21|CHICHARRON 90 gr| |9528024|CHICHARRON 90 gr| |9528024|Major Group 10|10|Major Group 10|10|Family Group 1008|1008|Family Group 1008|1008|OT7|7|Order Type Master 7|7|27963.00|0.00|27963.00|0.00|0.00|0.00|27963.00|0.00|27963.00|153|27963.00|1|0|0.00|0.00|0.00|81|20
FPMI|Restaurante|1|Restaurante|1|GASEOSA 400 ml| |9606131|GASEOSA 400 ml| |9606131|Major Group 20|20|Major Group 20|20|Family Group 3000|3000|Family Group 3000|3000|OT1|1|Order Type Master 1|1|15186.00|0.00|15186.00|0.00|0.00|0.00|15186.00|0.00|15186.00|1|15186.00|2|0|0.00|0.00|0.00|62|15
FPMI|Restaurante|1|Restaurante|1|AROMATICA| |9602088|AROMATICA| |9602088|Major Group 20|20|Major Group 20|20|Family Group 3000|3000|Family Group 3000|3000|OT1|1|Order Type Master 1|1|-4537.00|0.00|-4537.00|0.00|0.00|0.00|-4537.00|0.00|-4537.00|1|-4537.00|-1|0|0.00|0.00|0.00|79|19
FPMI|Restaurante|1|Restaurante|1|GASEOSA 400 ml| |9606131|GASEOSA 400 ml| |9606131|Major Group 20|20|Major Group 20|20|Family Group 3000|3000|Family Group 3000|3000|OT1|1|Order Type Master 1|1|7593.00|0.00|7593.00|0.00|0.00|0.00|7593.00|0.00|7593.00|1|7593.00|1|0|0.00|0.00|0.00|82|20
FPMI|Domicilios|20|Domicilios|20|JUGO DE LULO EN AGUA| |9604216|JUGO DE LULO EN AGUA| |9604216|Major Group 20|20|Major Group 20|20|Family Group 3000|3000|Family Group 3000|3000|OT2|2|Order Type Master 2|2|10093.00|0.00|10093.00|0.00|0.00|0.00|10093.00|0.00|10093.00|73|10093.00|1|0|0.00|0.00|0.00|46|11
FPMI|Domicilios|20|Domicilios|20|JUGO DE MANGO EN AGUA| |9604156|JUGO DE MANGO EN AGUA| |9604156|Major Group 20|20|Major Group 20|20|Family Group 3000|3000|Family Group 3000|3000|OT2|2|Order Type Master 2|2|10093.00|0.00|10093.00|0.00|0.00|0.00|10093.00|0.00|10093.00|73|10093.00|1|0|0.00|0.00|0.00|52|12
FPMI|Restaurante|1|Restaurante|1|CHULETA DE CERDO 300 gr CRIOLLA| |9502380|CHULETA DE CERDO 300 gr CRIOLLA| |9502380|Major Group 10|10|Major Group 10|10|Family Group 1008|1008|Family Group 1008|1008|OT1|1|Order Type Master 1|1|35000.00|0.00|35000.00|0.00|0.00|0.00|35000.00|0.00|35000.00|1|35000.00|1|0|0.00|0.00|0.00|54|13
FPMI|Restaurante|1|Restaurante|1|CANASTA DE 4 EMPANADAS DE CARNE| |9528034|CANASTA DE 4 EMPANADAS DE CARNE| |9528034|Major Group 10|10|Major Group 10|10|Family Group 1008|1008|Family Group 1008|1008|OT1|1|Order Type Master 1|1|22500.00|0.00|22500.00|0.00|0.00|0.00|22500.00|0.00|22500.00|1|22500.00|1|0|0.00|0.00|0.00|57|14
FPMI|Restaurante|1|Restaurante|1|ADICION DE AGUACATE 100 gr| |9500032|ADICION DE AGUACATE 100 gr| |9500032|Major Group 10|10|Major Group 10|10|Family Group 1008|1008|Family Group 1008|1008|OT1|1|Order Type Master 1|1|5648.00|0.00|5648.00|0.00|0.00|0.00|5648.00|0.00|5648.00|1|5648.00|1|0|0.00|0.00|0.00|54|13
FPMI|Restaurante|1|Restaurante|1|CHURRASCO 250 gr ENSALADA| |9502108|CHURRASCO 250 gr ENSALADA| |9502108|Major Group 10|10|Major Group 10|10|Family Group 1008|1008|Family Group 1008|1008|OT1|1|Order Type Master 1|1|51667.00|0.00|51667.00|0.00|0.00|0.00|51667.00|0.00|51667.00|1|51667.00|1|0|0.00|0.00|0.00|70|17
FPMI|Restaurante|1|Restaurante|1|ADICION DE AGUACATE 100 gr| |9500032|ADICION DE AGUACATE 100 gr| |9500032|Major Group 10|10|Major Group 10|10|Family Group 1008|1008|Family Group 1008|1008|OT1|1|Order Type Master 1|1|11296.00|0.00|11296.00|0.00|0.00|0.00|11296.00|0.00|11296.00|1|11296.00|2|0|0.00|0.00|0.00|70|17
FPMI|Restaurante|1|Restaurante|1|PUNTA DE ANCA 250 gr FRANCESA| |9502236|PUNTA DE ANCA 250 gr FRANCESA| |9502236|Major Group 10|10|Major Group 10|10|Family Group 1008|1008|Family Group 1008|1008|OT1|1|Order Type Master 1|1|54444.00|0.00|54444.00|0.00|0.00|0.00|54444.00|0.00|54444.00|1|54444.00|1|0|0.00|0.00|0.00|57|14
FPMI|Restaurante|1|Restaurante|1|PATACON SOLO SOLITO| |9524048|PATACON SOLO SOLITO| |9524048|Major Group 10|10|Major Group 10|10|Family Group 1008|1008|Family Group 1008|1008|OT1|1|Order Type Master 1|1|14630.00|0.00|14630.00|0.00|0.00|0.00|14630.00|0.00|14630.00|1|14630.00|2|0|0.00|0.00|0.00|50|12
FPMI|Restaurante|1|Restaurante|1|TRUCHA A LA PLANCHA 350 gr ARROZ| |9504165|TRUCHA A LA PLANCHA 350 gr ARROZ| |9504165|Major Group 10|10|Major Group 10|10|Family Group 1008|1008|Family Group 1008|1008|OT1|1|Order Type Master 1|1|35741.00|0.00|35741.00|0.00|0.00|0.00|35741.00|0.00|35741.00|1|35741.00|1|0|0.00|0.00|0.00|54|13
FPMI|Restaurante|1|Restaurante|1|BISTEC ENTRECOT 180 gr  CASCO| |9502519|BISTEC ENTRECOT 180 gr  CASCO| |9502519|Major Group 10|10|Major Group 10|10|Family Group 1008|1008|Family Group 1008|1008|OT1|1|Order Type Master 1|1|38704.00|0.00|38704.00|0.00|0.00|0.00|38704.00|0.00|38704.00|1|38704.00|1|0|0.00|0.00|0.00|57|14
FPMI|Restaurante|1|Restaurante|1|AREPA  QUESO MOZZARELLA| |9524088|AREPA  QUESO MOZZARELLA| |9524088|Major Group 10|10|Major Group 10|10|Family Group 1008|1008|Family Group 1008|1008|OT1|1|Order Type Master 1|1|8889.00|0.00|8889.00|0.00|0.00|0.00|8889.00|0.00|8889.00|1|8889.00|1|0|0.00|0.00|0.00|82|20
FPMI|Domicilios|20|Domicilios|20|MORCILLA 100 gr| |9502080|MORCILLA 100 gr| |9502080|Major Group 10|10|Major Group 10|10|Family Group 1008|1008|Family Group 1008|1008|OT2|2|Order Type Master 2|2|10741.00|0.00|10741.00|0.00|0.00|0.00|10741.00|0.00|10741.00|73|10741.00|1|0|0.00|0.00|0.00|49|12
FPMI|Domicilios|20|Domicilios|20|CUCHUCO CON ESPINAZO| |9520020|CUCHUCO CON ESPINAZO| |9520020|Major Group 10|10|Major Group 10|10|Family Group 1008|1008|Family Group 1008|1008|OT2|2|Order Type Master 2|2|34167.00|0.00|34167.00|0.00|0.00|0.00|34167.00|0.00|34167.00|73|34167.00|1|0|0.00|0.00|0.00|55|13
FPMI|Domicilios|20|Domicilios|20|ADICION DE AGUACATE 100 gr| |9500032|ADICION DE AGUACATE 100 gr| |9500032|Major Group 10|10|Major Group 10|10|Family Group 1008|1008|Family Group 1008|1008|OT2|2|Order Type Master 2|2|5648.00|0.00|5648.00|0.00|0.00|0.00|5648.00|0.00|5648.00|73|5648.00|1|0|0.00|0.00|0.00|51|12
FPMI|Domicilios|20|Domicilios|20|Mensaje Bebidas 2024| |980000095|Mensaje Bebidas 2024| |980000095|Major Group 10|10|Major Group 10|10|Family Group 1008|1008|Family Group 1008|1008|OT2|2|Order Type Master 2|2|0.00|0.00|0.00|0.00|0.00|0.00|0.00|0.00|0.00|1|0.00|1|0|0.00|0.00|0.00|76|18
FPMI|Plataformas|21|Plataformas|21|CHORIZO ANTIOQUENO 100 gr| |9502084|CHORIZO ANTIOQUENO 100 gr| |9502084|Major Group 10|10|Major Group 10|10|Family Group 1008|1008|Family Group 1008|1008|OT7|7|Order Type Master 7|7|28334.00|0.00|28334.00|0.00|0.00|0.00|28334.00|0.00|28334.00|153|28334.00|2|0|0.00|0.00|0.00|55|13
FPMI|Plataformas|21|Plataformas|21|TORTA MILKYWAY| |9514163|TORTA MILKYWAY| |9514163|Major Group 10|10|Major Group 10|10|Family Group 1008|1008|Family Group 1008|1008|OT7|7|Order Type Master 7|7|11944.00|0.00|11944.00|0.00|0.00|0.00|11944.00|0.00|11944.00|161|11944.00|1|0|0.00|0.00|0.00|59|14
FPMI|Plataformas|21|Plataformas|21|LONGANIZA 100 gr| |9502092|LONGANIZA 100 gr| |9502092|Major Group 10|10|Major Group 10|10|Family Group 1008|1008|Family Group 1008|1008|OT7|7|Order Type Master 7|7|13148.00|0.00|13148.00|0.00|0.00|0.00|13148.00|0.00|13148.00|153|13148.00|1|0|0.00|0.00|0.00|71|17
FPMI|Restaurante|1|Restaurante|1|GASEOSA 400 ml| |9606131|GASEOSA 400 ml| |9606131|Major Group 20|20|Major Group 20|20|Family Group 3000|3000|Family Group 3000|3000|OT1|1|Order Type Master 1|1|7593.00|0.00|7593.00|0.00|0.00|0.00|7593.00|0.00|7593.00|1|7593.00|1|0|0.00|0.00|0.00|55|13
FPMI|Domicilios|20|Domicilios|20|JUGO DE MANDARINA| |9604044|JUGO DE MANDARINA| |9604044|Major Group 20|20|Major Group 20|20|Family Group 3000|3000|Family Group 3000|3000|OT2|2|Order Type Master 2|2|14074.00|0.00|14074.00|0.00|0.00|0.00|14074.00|0.00|14074.00|73|14074.00|1|0|0.00|0.00|0.00|54|13
FPMI|Domicilios|20|Domicilios|20|JUGO DE GUANABANA EN AGUA| |9604224|JUGO DE GUANABANA EN AGUA| |9604224|Major Group 20|20|Major Group 20|20|Family Group 3000|3000|Family Group 3000|3000|OT2|2|Order Type Master 2|2|10093.00|0.00|10093.00|0.00|0.00|0.00|10093.00|0.00|10093.00|73|10093.00|1|0|0.00|0.00|0.00|46|11
FPMI|Domicilios|20|Domicilios|20|GASEOSA 400 ml| |9606131|GASEOSA 400 ml| |9606131|Major Group 20|20|Major Group 20|20|Family Group 3000|3000|Family Group 3000|3000|OT2|2|Order Type Master 2|2|15186.00|0.00|15186.00|0.00|0.00|0.00|15186.00|0.00|15186.00|73|15186.00|2|0|0.00|0.00|0.00|79|19
FPMI|Plataformas|21|Plataformas|21|JUGO DE MORA EN LECHE| |9604104|JUGO DE MORA EN LECHE| |9604104|Major Group 20|20|Major Group 20|20|Family Group 3000|3000|Family Group 3000|3000|OT7|7|Order Type Master 7|7|26852.00|0.00|26852.00|0.00|0.00|0.00|26852.00|0.00|26852.00|153|26852.00|2|0|0.00|0.00|0.00|76|18
FPMI|Restaurante|1|Restaurante|1|PECHUGA A LA PARRILLA 230 gr ENSALADA | |9506091|PECHUGA A LA PARRILLA 230 gr ENSALADA | |9506091|Major Group 10|10|Major Group 10|10|Family Group 1008|1008|Family Group 1008|1008|OT1|1|Order Type Master 1|1|24815.00|0.00|24815.00|0.00|0.00|0.00|24815.00|0.00|24815.00|1|24815.00|1|0|0.00|0.00|0.00|54|13
FPMI|Restaurante|1|Restaurante|1|TAZA DE FRIJOLES| |9520049|TAZA DE FRIJOLES| |9520049|Major Group 10|10|Major Group 10|10|Family Group 1008|1008|Family Group 1008|1008|OT1|1|Order Type Master 1|1|11667.00|0.00|11667.00|0.00|0.00|0.00|11667.00|0.00|11667.00|1|11667.00|1|0|0.00|0.00|0.00|54|13
FPMI|Restaurante|1|Restaurante|1|CUCHUCO CON ESPINAZO| |9520020|CUCHUCO CON ESPINAZO| |9520020|Major Group 10|10|Major Group 10|10|Family Group 1008|1008|Family Group 1008|1008|OT1|1|Order Type Master 1|1|68334.00|0.00|68334.00|0.00|0.00|0.00|68334.00|0.00|68334.00|1|68334.00|2|0|0.00|0.00|0.00|55|13
FPMI|Restaurante|1|Restaurante|1|TRUCHA A LA PLANCHA 350 gr ARROZ| |9504165|TRUCHA A LA PLANCHA 350 gr ARROZ| |9504165|Major Group 10|10|Major Group 10|10|Family Group 1008|1008|Family Group 1008|1008|OT1|1|Order Type Master 1|1|35741.00|0.00|35741.00|0.00|0.00|0.00|35741.00|0.00|35741.00|1|35741.00|1|0|0.00|0.00|0.00|55|13
FPMI|Restaurante|1|Restaurante|1|SOPA DE VERDURAS| |9520050|SOPA DE VERDURAS| |9520050|Major Group 10|10|Major Group 10|10|Family Group 1008|1008|Family Group 1008|1008|OT1|1|Order Type Master 1|1|13148.00|0.00|13148.00|0.00|0.00|0.00|13148.00|0.00|13148.00|1|13148.00|1|0|0.00|0.00|0.00|54|13
FPMI|Restaurante|1|Restaurante|1|SALMON A LA PLANCHA 200 gr ENSALADA| |9504162|SALMON A LA PLANCHA 200 gr ENSALADA| |9504162|Major Group 10|10|Major Group 10|10|Family Group 1008|1008|Family Group 1008|1008|OT1|1|Order Type Master 1|1|49815.00|0.00|49815.00|0.00|0.00|0.00|49815.00|0.00|49815.00|1|49815.00|1|0|0.00|0.00|0.00|54|13
FPMI|Restaurante|1|Restaurante|1|BISTEC ENTRECOT 180 gr  FRANCESA| |9502518|BISTEC ENTRECOT 180 gr  FRANCESA| |9502518|Major Group 10|10|Major Group 10|10|Family Group 1008|1008|Family Group 1008|1008|OT1|1|Order Type Master 1|1|38704.00|0.00|38704.00|0.00|0.00|0.00|38704.00|0.00|38704.00|1|38704.00|1|0|0.00|0.00|0.00|62|15
FPMI|Restaurante|1|Restaurante|1|Mod 3/4| |980000004|Mod 3/4| |980000004|Major Group 10|10|Major Group 10|10|Family Group 1008|1008|Family Group 1008|1008|OT1|1|Order Type Master 1|1|0.00|0.00|0.00|0.00|0.00|0.00|0.00|0.00|0.00|1|0.00|2|0|0.00|0.00|0.00|62|15
FPMI|Restaurante|1|Restaurante|1|COMO ENTRADA| |90000038|COMO ENTRADA| |90000038|Major Group 10|10|Major Group 10|10|Family Group 1008|1008|Family Group 1008|1008|OT1|1|Order Type Master 1|1|0.00|0.00|0.00|0.00|0.00|0.00|0.00|0.00|0.00|1|0.00|1|0|0.00|0.00|0.00|70|17
FPMI|Restaurante|1|Restaurante|1|COMO ENTRADA| |90000038|COMO ENTRADA| |90000038|Major Group 10|10|Major Group 10|10|Family Group 1008|1008|Family Group 1008|1008|OT1|1|Order Type Master 1|1|0.00|0.00|0.00|0.00|0.00|0.00|0.00|0.00|0.00|9|0.00|1|0|0.00|0.00|0.00|54|13
FPMI|Restaurante|1|Restaurante|1|COMO ENTRADA| |90000038|COMO ENTRADA| |90000038|Major Group 10|10|Major Group 10|10|Family Group 1008|1008|Family Group 1008|1008|OT1|1|Order Type Master 1|1|0.00|0.00|0.00|0.00|0.00|0.00|0.00|0.00|0.00|1|0.00|1|0|0.00|0.00|0.00|57|14
FPMI|Domicilios|20|Domicilios|20|LOMO 220 gr PAPA CHIPS| |9502514|LOMO 220 gr PAPA CHIPS| |9502514|Major Group 10|10|Major Group 10|10|Family Group 1008|1008|Family Group 1008|1008|OT2|2|Order Type Master 2|2|54444.00|0.00|54444.00|0.00|0.00|0.00|54444.00|0.00|54444.00|73|54444.00|1|0|0.00|0.00|0.00|54|13
FPMI|Domicilios|20|Domicilios|20|SOPA DE VERDURAS| |9520050|SOPA DE VERDURAS| |9520050|Major Group 10|10|Major Group 10|10|Family Group 1008|1008|Family Group 1008|1008|OT2|2|Order Type Master 2|2|13148.00|0.00|13148.00|0.00|0.00|0.00|13148.00|0.00|13148.00|73|13148.00|1|0|0.00|0.00|0.00|49|12
FPMI|Domicilios|20|Domicilios|20|PICADA INDIVIDUAL  CRIOLLA| |9502576|PICADA INDIVIDUAL  CRIOLLA| |9502576|Major Group 10|10|Major Group 10|10|Family Group 1008|1008|Family Group 1008|1008|OT2|2|Order Type Master 2|2|38704.00|0.00|38704.00|0.00|0.00|0.00|38704.00|0.00|38704.00|73|38704.00|1|0|0.00|0.00|0.00|79|19
FPMI|Domicilios|20|Domicilios|20|CHICHARRON 90 gr| |9528024|CHICHARRON 90 gr| |9528024|Major Group 10|10|Major Group 10|10|Family Group 1008|1008|Family Group 1008|1008|OT2|2|Order Type Master 2|2|26667.00|0.00|26667.00|0.00|0.00|0.00|26667.00|0.00|26667.00|73|26667.00|1|0|0.00|0.00|0.00|52|12
FPMI|Domicilios|20|Domicilios|20|PECHUGA A LA PARRILLA 230 gr CASCO| |9506084|PECHUGA A LA PARRILLA 230 gr CASCO| |9506084|Major Group 10|10|Major Group 10|10|Family Group 1008|1008|Family Group 1008|1008|OT2|2|Order Type Master 2|2|24815.00|0.00|24815.00|0.00|0.00|0.00|24815.00|0.00|24815.00|73|24815.00|1|0|0.00|0.00|0.00|52|12
FPMI|Domicilios|20|Domicilios|20|LOMO 220 gr ARROZ BLANCO| |9502515|LOMO 220 gr ARROZ BLANCO| |9502515|Major Group 10|10|Major Group 10|10|Family Group 1008|1008|Family Group 1008|1008|OT2|2|Order Type Master 2|2|54444.00|0.00|54444.00|0.00|0.00|0.00|54444.00|0.00|54444.00|73|54444.00|1|0|0.00|0.00|0.00|52|12
FPMI|Domicilios|20|Domicilios|20|CAZUELA DE FRIJOLES| |9520032|CAZUELA DE FRIJOLES| |9520032|Major Group 10|10|Major Group 10|10|Family Group 1008|1008|Family Group 1008|1008|OT2|2|Order Type Master 2|2|110556.00|0.00|110556.00|0.00|0.00|0.00|110556.00|0.00|110556.00|73|110556.00|3|0|0.00|0.00|0.00|54|13
FPMI|Domicilios|20|Domicilios|20|CUCHUCO DE TRIGO PERSONAL | |9540232|CUCHUCO DE TRIGO PERSONAL | |9540232|Major Group 10|10|Major Group 10|10|Family Group 1008|1008|Family Group 1008|1008|OT2|2|Order Type Master 2|2|4630.00|0.00|4630.00|0.00|0.00|0.00|4630.00|0.00|4630.00|73|4630.00|1|0|0.00|0.00|0.00|83|20
FPMI|Domicilios|20|Domicilios|20|PINCHO DE POLLO X 100 GRS| |9502527|PINCHO DE POLLO X 100 GRS| |9502527|Major Group 10|10|Major Group 10|10|Family Group 1008|1008|Family Group 1008|1008|OT2|2|Order Type Master 2|2|14722.00|0.00|14722.00|0.00|0.00|0.00|14722.00|0.00|14722.00|73|14722.00|1|0|0.00|0.00|0.00|81|20
FPMI|Plataformas|21|Plataformas|21|PATACON CARNE DESMECHADA| |9524028|PATACON CARNE DESMECHADA| |9524028|Major Group 10|10|Major Group 10|10|Family Group 1008|1008|Family Group 1008|1008|OT7|7|Order Type Master 7|7|25833.00|0.00|25833.00|0.00|0.00|0.00|25833.00|0.00|25833.00|153|25833.00|1|0|0.00|0.00|0.00|72|17
FPMI|Plataformas|21|Plataformas|21|HOGAO| |9500200|HOGAO| |9500200|Major Group 10|10|Major Group 10|10|Family Group 1008|1008|Family Group 1008|1008|OT7|7|Order Type Master 7|7|6482.00|0.00|6482.00|0.00|0.00|0.00|6482.00|0.00|6482.00|153|6482.00|2|0|0.00|0.00|0.00|72|17
FPMI|Plataformas|21|Plataformas|21|AJIACO NINOS| |9542004|AJIACO NINOS| |9542004|Major Group 10|10|Major Group 10|10|Family Group 1008|1008|Family Group 1008|1008|OT7|7|Order Type Master 7|7|20278.00|0.00|20278.00|0.00|0.00|0.00|20278.00|0.00|20278.00|153|20278.00|1|0|0.00|0.00|0.00|53|13
FPMI|Restaurante|1|Restaurante|1|AGUA MANANTIAL SIN GAS 500 ML| |9606135|AGUA MANANTIAL SIN GAS 500 ML| |9606135|Major Group 20|20|Major Group 20|20|Family Group 3000|3000|Family Group 3000|3000|OT1|1|Order Type Master 1|1|8148.00|0.00|8148.00|0.00|0.00|0.00|8148.00|0.00|8148.00|1|8148.00|1|0|0.00|0.00|0.00|54|13
FPMI|Restaurante|1|Restaurante|1|AGUA MANANTIAL CON GAS 300 ML| |9606136|AGUA MANANTIAL CON GAS 300 ML| |9606136|Major Group 20|20|Major Group 20|20|Family Group 3000|3000|Family Group 3000|3000|OT1|1|Order Type Master 1|1|12778.00|0.00|12778.00|0.00|0.00|0.00|12778.00|0.00|12778.00|1|12778.00|2|0|0.00|0.00|0.00|54|13
FPMI|Restaurante|1|Restaurante|1|SODA CON LIMON| |9606141|SODA CON LIMON| |9606141|Major Group 20|20|Major Group 20|20|Family Group 3000|3000|Family Group 3000|3000|OT1|1|Order Type Master 1|1|7222.00|0.00|7222.00|0.00|0.00|0.00|7222.00|0.00|7222.00|1|7222.00|1|0|0.00|0.00|0.00|54|13
FPMI|Restaurante|1|Restaurante|1|LIMONADA NATURAL| |9604060|LIMONADA NATURAL| |9604060|Major Group 20|20|Major Group 20|20|Family Group 3000|3000|Family Group 3000|3000|OT1|1|Order Type Master 1|1|17038.00|0.00|17038.00|0.00|0.00|0.00|17038.00|0.00|17038.00|1|17038.00|2|0|0.00|0.00|0.00|55|13
FPMI|Restaurante|1|Restaurante|1|AROMATICA| |9602088|AROMATICA| |9602088|Major Group 20|20|Major Group 20|20|Family Group 3000|3000|Family Group 3000|3000|OT1|1|Order Type Master 1|1|4537.00|0.00|4537.00|0.00|0.00|0.00|4537.00|0.00|4537.00|1|4537.00|1|0|0.00|0.00|0.00|78|19
FPMI|Restaurante|1|Restaurante|1|LIMONADA HIERBABUENA| |9604066|LIMONADA HIERBABUENA| |9604066|Major Group 20|20|Major Group 20|20|Family Group 3000|3000|Family Group 3000|3000|OT1|1|Order Type Master 1|1|8519.00|0.00|8519.00|0.00|0.00|0.00|8519.00|0.00|8519.00|1|8519.00|1|0|0.00|0.00|0.00|57|14
FPMI|Restaurante|1|Restaurante|1|CERVEZA CLUB COLOMBIA| |9608004|CERVEZA CLUB COLOMBIA| |9608004|Major Group 20|20|Major Group 20|20|Family Group 3000|3000|Family Group 3000|3000|OT1|1|Order Type Master 1|1|-11296.00|0.00|-11296.00|0.00|0.00|0.00|-11296.00|0.00|-11296.00|1|-11296.00|-1|0|0.00|0.00|0.00|62|15
FPMI|Restaurante|1|Restaurante|1|CERVEZA CORONA| |9608012|CERVEZA CORONA| |9608012|Major Group 20|20|Major Group 20|20|Family Group 3000|3000|Family Group 3000|3000|OT1|1|Order Type Master 1|1|12778.00|0.00|12778.00|0.00|0.00|0.00|12778.00|0.00|12778.00|1|12778.00|1|0|0.00|0.00|0.00|62|15
FPMI|Restaurante|1|Restaurante|1|GASEOSA 400 ml| |9606131|GASEOSA 400 ml| |9606131|Major Group 20|20|Major Group 20|20|Family Group 3000|3000|Family Group 3000|3000|OT1|1|Order Type Master 1|1|7593.00|0.00|7593.00|0.00|0.00|0.00|7593.00|0.00|7593.00|1|7593.00|1|0|0.00|0.00|0.00|83|20
FPMI|Domicilios|20|Domicilios|20|LIMONADA NATURAL| |9604060|LIMONADA NATURAL| |9604060|Major Group 20|20|Major Group 20|20|Family Group 3000|3000|Family Group 3000|3000|OT2|2|Order Type Master 2|2|8519.00|0.00|8519.00|0.00|0.00|0.00|8519.00|0.00|8519.00|73|8519.00|1|0|0.00|0.00|0.00|52|12
FPMI|Domicilios|20|Domicilios|20|GASEOSA 400 ml| |9606131|GASEOSA 400 ml| |9606131|Major Group 20|20|Major Group 20|20|Family Group 3000|3000|Family Group 3000|3000|OT2|2|Order Type Master 2|2|15186.00|0.00|15186.00|0.00|0.00|0.00|15186.00|0.00|15186.00|73|15186.00|2|0|0.00|0.00|0.00|81|20
FPMI|Restaurante|1|Restaurante|1|Mod 3/4| |980000004|Mod 3/4| |980000004|Major Group 10|10|Major Group 10|10|Family Group 1008|1008|Family Group 1008|1008|OT1|1|Order Type Master 1|1|0.00|0.00|0.00|0.00|0.00|0.00|0.00|0.00|0.00|1|0.00|1|0|0.00|0.00|0.00|54|13
FPMI|Restaurante|1|Restaurante|1|AJIACO  POLLO| |9520008|AJIACO  POLLO| |9520008|Major Group 10|10|Major Group 10|10|Family Group 1008|1008|Family Group 1008|1008|OT1|1|Order Type Master 1|1|34074.00|0.00|34074.00|0.00|0.00|0.00|34074.00|0.00|34074.00|1|34074.00|1|0|0.00|0.00|0.00|78|19
FPMI|Restaurante|1|Restaurante|1|PORCION DE ARROZ BLANCO| |9500064|PORCION DE ARROZ BLANCO| |9500064|Major Group 10|10|Major Group 10|10|Family Group 1008|1008|Family Group 1008|1008|OT1|1|Order Type Master 1|1|3426.00|0.00|3426.00|0.00|0.00|0.00|3426.00|0.00|3426.00|1|3426.00|1|0|0.00|0.00|0.00|62|15
FPMI|Restaurante|1|Restaurante|1|CANASTA DE 4 EMPANADAS CACHACAS| |9528040|CANASTA DE 4 EMPANADAS CACHACAS| |9528040|Major Group 10|10|Major Group 10|10|Family Group 1008|1008|Family Group 1008|1008|OT1|1|Order Type Master 1|1|22500.00|0.00|22500.00|0.00|0.00|0.00|22500.00|0.00|22500.00|1|22500.00|1|0|0.00|0.00|0.00|73|18
FPMI|Restaurante|1|Restaurante|1|Mensaje Bebidas 2024| |980000095|Mensaje Bebidas 2024| |980000095|Major Group 10|10|Major Group 10|10|Family Group 1008|1008|Family Group 1008|1008|OT1|1|Order Type Master 1|1|0.00|0.00|0.00|0.00|0.00|0.00|0.00|0.00|0.00|1|0.00|1|0|0.00|0.00|0.00|57|14
FPMI|Restaurante|1|Restaurante|1|AREPA DE CHOCOLO SIN QUESO| |9506038|AREPA DE CHOCOLO SIN QUESO| |9506038|Major Group 10|10|Major Group 10|10|Family Group 1008|1008|Family Group 1008|1008|OT1|1|Order Type Master 1|1|14630.00|0.00|14630.00|0.00|0.00|0.00|14630.00|0.00|14630.00|1|14630.00|1|0|0.00|0.00|0.00|57|14
FPMI|Domicilios|20|Domicilios|20|MJE ALM| |90000037|MJE ALM| |90000037|Major Group 10|10|Major Group 10|10|Family Group 1008|1008|Family Group 1008|1008|OT2|2|Order Type Master 2|2|0.00|0.00|0.00|0.00|0.00|0.00|0.00|0.00|0.00|1|0.00|1|0|0.00|0.00|0.00|54|13
FPMI|Domicilios|20|Domicilios|20|ENTRECOT 180 gr  CHIPS| |9502507|ENTRECOT 180 gr  CHIPS| |9502507|Major Group 10|10|Major Group 10|10|Family Group 1008|1008|Family Group 1008|1008|OT2|2|Order Type Master 2|2|36852.00|0.00|36852.00|0.00|0.00|0.00|36852.00|0.00|36852.00|73|36852.00|1|0|0.00|0.00|0.00|52|12
FPMI|Domicilios|20|Domicilios|20|MJE ALM| |90000037|MJE ALM| |90000037|Major Group 10|10|Major Group 10|10|Family Group 1008|1008|Family Group 1008|1008|OT2|2|Order Type Master 2|2|0.00|0.00|0.00|0.00|0.00|0.00|0.00|0.00|0.00|1|0.00|1|0|0.00|0.00|0.00|51|12
FPMI|Domicilios|20|Domicilios|20|Mod CocaCola Original 400ml| |980000102|Mod CocaCola Original 400ml| |980000102|Major Group 10|10|Major Group 10|10|Family Group 1008|1008|Family Group 1008|1008|OT2|2|Order Type Master 2|2|0.00|0.00|0.00|0.00|0.00|0.00|0.00|0.00|0.00|1|0.00|1|0|0.00|0.00|0.00|81|20
FPMI|Domicilios|20|Domicilios|20|Mod CocaCola Zero 400ml| |980000103|Mod CocaCola Zero 400ml| |980000103|Major Group 10|10|Major Group 10|10|Family Group 1008|1008|Family Group 1008|1008|OT2|2|Order Type Master 2|2|0.00|0.00|0.00|0.00|0.00|0.00|0.00|0.00|0.00|1|0.00|1|0|0.00|0.00|0.00|81|20
FPMI|Plataformas|21|Plataformas|21|TORTA MILKYWAY| |9514163|TORTA MILKYWAY| |9514163|Major Group 10|10|Major Group 10|10|Family Group 1008|1008|Family Group 1008|1008|OT7|7|Order Type Master 7|7|11944.00|0.00|11944.00|0.00|0.00|0.00|11944.00|0.00|11944.00|161|11944.00|1|0|0.00|0.00|0.00|68|16
FPMI|Plataformas|21|Plataformas|21|CAZUELA DE FRIJOLES| |9520032|CAZUELA DE FRIJOLES| |9520032|Major Group 10|10|Major Group 10|10|Family Group 1008|1008|Family Group 1008|1008|OT7|7|Order Type Master 7|7|77222.00|0.00|77222.00|0.00|0.00|0.00|77222.00|0.00|77222.00|153|77222.00|2|0|0.00|0.00|0.00|55|13
FPMI|Plataformas|21|Plataformas|21|CANASTA MINI FRITANGUERA| |9502525|CANASTA MINI FRITANGUERA| |9502525|Major Group 10|10|Major Group 10|10|Family Group 1008|1008|Family Group 1008|1008|OT7|7|Order Type Master 7|7|23148.00|0.00|23148.00|0.00|0.00|0.00|23148.00|0.00|23148.00|153|23148.00|1|0|0.00|0.00|0.00|48|11
FPMI|Plataformas|21|Plataformas|21|AREPA DE CHOCOLO| |9506036|AREPA DE CHOCOLO| |9506036|Major Group 10|10|Major Group 10|10|Family Group 1008|1008|Family Group 1008|1008|OT7|7|Order Type Master 7|7|21111.00|0.00|21111.00|0.00|0.00|0.00|21111.00|0.00|21111.00|153|21111.00|1|0|0.00|0.00|0.00|71|17
FPMI|Plataformas|21|Plataformas|21|CAZUELA DE FRIJOLES| |9520032|CAZUELA DE FRIJOLES| |9520032|Major Group 10|10|Major Group 10|10|Family Group 1008|1008|Family Group 1008|1008|OT7|7|Order Type Master 7|7|38611.00|0.00|38611.00|0.00|0.00|0.00|38611.00|0.00|38611.00|153|38611.00|1|0|0.00|0.00|0.00|79|19
FPMI|Restaurante|1|Restaurante|1|CERVEZA CLUB COLOMBIA| |9608004|CERVEZA CLUB COLOMBIA| |9608004|Major Group 20|20|Major Group 20|20|Family Group 3000|3000|Family Group 3000|3000|OT1|1|Order Type Master 1|1|11296.00|0.00|11296.00|0.00|0.00|0.00|11296.00|0.00|11296.00|1|11296.00|1|0|0.00|0.00|0.00|50|12
FPMI|Restaurante|1|Restaurante|1|CERVEZA CLUB COLOMBIA| |9608004|CERVEZA CLUB COLOMBIA| |9608004|Major Group 20|20|Major Group 20|20|Family Group 3000|3000|Family Group 3000|3000|OT1|1|Order Type Master 1|1|11296.00|0.00|11296.00|0.00|0.00|0.00|11296.00|0.00|11296.00|1|11296.00|1|0|0.00|0.00|0.00|61|15
FPMI|Restaurante|1|Restaurante|1|AGUA MANANTIAL SIN GAS 500 ML| |9606135|AGUA MANANTIAL SIN GAS 500 ML| |9606135|Major Group 20|20|Major Group 20|20|Family Group 3000|3000|Family Group 3000|3000|OT1|1|Order Type Master 1|1|8148.00|0.00|8148.00|0.00|0.00|0.00|8148.00|0.00|8148.00|1|8148.00|1|0|0.00|0.00|0.00|70|17
FPMI|Restaurante|1|Restaurante|1|LIMONADA NATURAL| |9604060|LIMONADA NATURAL| |9604060|Major Group 20|20|Major Group 20|20|Family Group 3000|3000|Family Group 3000|3000|OT1|1|Order Type Master 1|1|8519.00|0.00|8519.00|0.00|0.00|0.00|8519.00|0.00|8519.00|1|8519.00|1|0|0.00|0.00|0.00|50|12
FPMI|Restaurante|1|Restaurante|1|LIMONADA DE PANELA| |9604067|LIMONADA DE PANELA| |9604067|Major Group 20|20|Major Group 20|20|Family Group 3000|3000|Family Group 3000|3000|OT1|1|Order Type Master 1|1|9074.00|0.00|9074.00|0.00|0.00|0.00|9074.00|0.00|9074.00|1|9074.00|1|0|0.00|0.00|0.00|53|13
FPMI|Domicilios|20|Domicilios|20|FUZE TE LIMON| |9606096|FUZE TE LIMON| |9606096|Major Group 20|20|Major Group 20|20|Family Group 3000|3000|Family Group 3000|3000|OT2|2|Order Type Master 2|2|6389.00|0.00|6389.00|0.00|0.00|0.00|6389.00|0.00|6389.00|73|6389.00|1|0|0.00|0.00|0.00|46|11
FPMI|Domicilios|20|Domicilios|20|AGUA MANANTIAL SIN GAS 500 ML| |9606135|AGUA MANANTIAL SIN GAS 500 ML| |9606135|Major Group 20|20|Major Group 20|20|Family Group 3000|3000|Family Group 3000|3000|OT2|2|Order Type Master 2|2|8148.00|0.00|8148.00|0.00|0.00|0.00|8148.00|0.00|8148.00|73|8148.00|1|0|0.00|0.00|0.00|52|12
FPMI|Restaurante|1|Restaurante|1|Mensaje Bebidas 2024| |980000095|Mensaje Bebidas 2024| |980000095|Major Group 10|10|Major Group 10|10|Family Group 1008|1008|Family Group 1008|1008|OT1|1|Order Type Master 1|1|0.00|0.00|0.00|0.00|0.00|0.00|0.00|0.00|0.00|1|0.00|2|0|0.00|0.00|0.00|54|13
FPMI|Restaurante|1|Restaurante|1|CAZUELA DE FRIJOLES| |9520032|CAZUELA DE FRIJOLES| |9520032|Major Group 10|10|Major Group 10|10|Family Group 1008|1008|Family Group 1008|1008|OT1|1|Order Type Master 1|1|36852.00|0.00|36852.00|0.00|0.00|0.00|36852.00|0.00|36852.00|1|36852.00|1|0|0.00|0.00|0.00|54|13
FPMI|Restaurante|1|Restaurante|1|Mensaje Bebidas 2024| |980000095|Mensaje Bebidas 2024| |980000095|Major Group 10|10|Major Group 10|10|Family Group 1008|1008|Family Group 1008|1008|OT1|1|Order Type Master 1|1|0.00|0.00|0.00|0.00|0.00|0.00|0.00|0.00|0.00|1|0.00|1|0|0.00|0.00|0.00|55|13
FPMI|Restaurante|1|Restaurante|1|Mod 3/4| |980000004|Mod 3/4| |980000004|Major Group 10|10|Major Group 10|10|Family Group 1008|1008|Family Group 1008|1008|OT1|1|Order Type Master 1|1|0.00|0.00|0.00|0.00|0.00|0.00|0.00|0.00|0.00|1|0.00|1|0|0.00|0.00|0.00|70|17
FPMI|Restaurante|1|Restaurante|1|MJE ALM| |90000037|MJE ALM| |90000037|Major Group 10|10|Major Group 10|10|Family Group 1008|1008|Family Group 1008|1008|OT1|1|Order Type Master 1|1|0.00|0.00|0.00|0.00|0.00|0.00|0.00|0.00|0.00|1|0.00|2|0|0.00|0.00|0.00|70|17
FPMI|Restaurante|1|Restaurante|1|AREPA DE CHOCOLO| |9506036|AREPA DE CHOCOLO| |9506036|Major Group 10|10|Major Group 10|10|Family Group 1008|1008|Family Group 1008|1008|OT1|1|Order Type Master 1|1|20185.00|0.00|20185.00|0.00|0.00|0.00|20185.00|0.00|20185.00|1|20185.00|1|0|0.00|0.00|0.00|71|17
FPMI|Restaurante|1|Restaurante|1|COMO ENTRADA| |90000038|COMO ENTRADA| |90000038|Major Group 10|10|Major Group 10|10|Family Group 1008|1008|Family Group 1008|1008|OT1|1|Order Type Master 1|1|0.00|0.00|0.00|0.00|0.00|0.00|0.00|0.00|0.00|41|0.00|1|0|0.00|0.00|0.00|71|17
FPMI|Restaurante|1|Restaurante|1|PUNTA DE ANCA 250 gr CRIOLLA| |9502358|PUNTA DE ANCA 250 gr CRIOLLA| |9502358|Major Group 10|10|Major Group 10|10|Family Group 1008|1008|Family Group 1008|1008|OT1|1|Order Type Master 1|1|54444.00|0.00|54444.00|0.00|0.00|0.00|54444.00|0.00|54444.00|1|54444.00|1|0|0.00|0.00|0.00|57|14
FPMI|Restaurante|1|Restaurante|1|CAZUELA DE FRIJOLES| |9520032|CAZUELA DE FRIJOLES| |9520032|Major Group 10|10|Major Group 10|10|Family Group 1008|1008|Family Group 1008|1008|OT1|1|Order Type Master 1|1|73704.00|0.00|73704.00|0.00|0.00|0.00|73704.00|0.00|73704.00|1|73704.00|2|0|0.00|0.00|0.00|50|12
FPMI|Domicilios|20|Domicilios|20|PECHUGA A LA PARRILLA 230 gr CASCO| |9506084|PECHUGA A LA PARRILLA 230 gr CASCO| |9506084|Major Group 10|10|Major Group 10|10|Family Group 1008|1008|Family Group 1008|1008|OT2|2|Order Type Master 2|2|24815.00|0.00|24815.00|0.00|0.00|0.00|24815.00|0.00|24815.00|73|24815.00|1|0|0.00|0.00|0.00|54|13
FPMI|Domicilios|20|Domicilios|20|Mod CocaCola Zero 400ml| |980000103|Mod CocaCola Zero 400ml| |980000103|Major Group 10|10|Major Group 10|10|Family Group 1008|1008|Family Group 1008|1008|OT2|2|Order Type Master 2|2|0.00|0.00|0.00|0.00|0.00|0.00|0.00|0.00|0.00|1|0.00|1|0|0.00|0.00|0.00|49|12
FPMI|Domicilios|20|Domicilios|20|PECHUGA A LA PARRILLA 230 gr ARROZ| |9506120|PECHUGA A LA PARRILLA 230 gr ARROZ| |9506120|Major Group 10|10|Major Group 10|10|Family Group 1008|1008|Family Group 1008|1008|OT2|2|Order Type Master 2|2|24815.00|0.00|24815.00|0.00|0.00|0.00|24815.00|0.00|24815.00|73|24815.00|1|0|0.00|0.00|0.00|52|12
FPMI|Domicilios|20|Domicilios|20|Kola Roman 400| |980000106|Kola Roman 400| |980000106|Major Group 10|10|Major Group 10|10|Family Group 1008|1008|Family Group 1008|1008|OT2|2|Order Type Master 2|2|0.00|0.00|0.00|0.00|0.00|0.00|0.00|0.00|0.00|1|0.00|1|0|0.00|0.00|0.00|54|13
FPMI|Domicilios|20|Domicilios|20|PECHUGA A LA PARRILLA 230 gr CASCO| |9506084|PECHUGA A LA PARRILLA 230 gr CASCO| |9506084|Major Group 10|10|Major Group 10|10|Family Group 1008|1008|Family Group 1008|1008|OT2|2|Order Type Master 2|2|24815.00|0.00|24815.00|0.00|0.00|0.00|24815.00|0.00|24815.00|73|24815.00|1|0|0.00|0.00|0.00|56|13
FPMI|Domicilios|20|Domicilios|20|AREPA DE CHOCOLO| |9506036|AREPA DE CHOCOLO| |9506036|Major Group 10|10|Major Group 10|10|Family Group 1008|1008|Family Group 1008|1008|OT2|2|Order Type Master 2|2|20185.00|0.00|20185.00|0.00|0.00|0.00|20185.00|0.00|20185.00|73|20185.00|1|0|0.00|0.00|0.00|81|20
FPMI|Domicilios|20|Domicilios|20|EMPANADA CACHACA| |9528008|EMPANADA CACHACA| |9528008|Major Group 10|10|Major Group 10|10|Family Group 1008|1008|Family Group 1008|1008|OT2|2|Order Type Master 2|2|6111.00|0.00|6111.00|0.00|0.00|0.00|6111.00|0.00|6111.00|73|6111.00|1|0|0.00|0.00|0.00|81|20
FPMI|Plataformas|21|Plataformas|21|TORTA MILKYWAY| |9514163|TORTA MILKYWAY| |9514163|Major Group 10|10|Major Group 10|10|Family Group 1008|1008|Family Group 1008|1008|OT7|7|Order Type Master 7|7|11944.00|0.00|11944.00|0.00|0.00|0.00|11944.00|0.00|11944.00|161|11944.00|1|0|0.00|0.00|0.00|76|18
FPMI|Plataformas|21|Plataformas|21|PECHUGA A LA PARRILLA 230 gr ENSALADA | |9506091|PECHUGA A LA PARRILLA 230 gr ENSALADA | |9506091|Major Group 10|10|Major Group 10|10|Family Group 1008|1008|Family Group 1008|1008|OT7|7|Order Type Master 7|7|23333.00|0.00|23333.00|0.00|0.00|0.00|23333.00|0.00|23333.00|185|23333.00|1|0|0.00|0.00|0.00|75|18
FPMI|Plataformas|21|Plataformas|21|SOPA DE VERDURAS| |9520050|SOPA DE VERDURAS| |9520050|Major Group 10|10|Major Group 10|10|Family Group 1008|1008|Family Group 1008|1008|OT7|7|Order Type Master 7|7|13796.00|0.00|13796.00|0.00|0.00|0.00|13796.00|0.00|13796.00|153|13796.00|1|0|0.00|0.00|0.00|79|19
FPMI|Plataformas|21|Plataformas|21|AREPA DE CHOCOLO| |9506036|AREPA DE CHOCOLO| |9506036|Major Group 10|10|Major Group 10|10|Family Group 1008|1008|Family Group 1008|1008|OT7|7|Order Type Master 7|7|21111.00|0.00|21111.00|0.00|0.00|0.00|21111.00|0.00|21111.00|153|21111.00|1|0|0.00|0.00|0.00|81|20
