FPID|Expr1|Expres Calle 93|20250103|20250103|20250104|123306|2.00|2.00|Simphony|19.7.2
FPSUM|Plataformas|21|Plataformas|21|26482.00|0.00|0|0|0.00|0|2118.00|1|0|0|0|0|0.00|0.00|0.00|0|0|0|0.00|0|0.00|0|0.00|0|28600.00|1|28600.00|1|0.00|0|0.00|0|0.00|0.00|16|65|26482.00|0.00|0.00|0.00|26482.00|4336.50|4336.50|0.00|0.17|0.00|26018.95|4336.50|4336.50
FPSUM|Domicilios|20|Domicilios|20|0.00|0.00|0|0|0.00|0|0.00|0|0|0|0|0|0.00|0.00|0.00|0|0|0|0.00|0|0.00|0|45900.00|1|0.00|0|0.00|0|0.00|0|0.00|0|0.00|0.00|12|49|0.00|0.00|0.00|0.00|0.00|6898.17|6898.17|0.00|0.33|0.00|20694.52|6898.17|6898.17
FPSUM|Plataformas|21|Plataformas|21|110463.00|0.00|0|0|0.00|0|8837.00|1|0|0|0|0|0.00|0.00|0.00|0|0|0|0.00|0|0.00|0|0.00|0|119300.00|1|119300.00|1|0.00|0|0.00|0|0.00|0.00|13|53|110463.00|0.00|0.00|0.00|110463.00|18719.17|18719.17|0.00|0.33|0.00|56157.56|18719.17|18719.17
FPSUM|Restaurante|1|Restaurante|1|47871.00|4787.00|0|0|0.00|0|3829.00|1|0|0|0|0|0.00|0.00|0.00|0|0|0|0.00|0|0.00|0|0.00|0|56487.00|1|0.00|0|0.00|0|0.00|0|0.00|0.00|13|53|47871.00|0.00|0.00|0.00|47871.00|101929.67|101929.67|0.00|0.67|0.00|152894.42|101929.67|101929.67
FPSUM|Plataformas|21|Plataformas|21|35741.00|0.00|0|0|0.00|0|2859.00|1|0|0|0|0|0.00|0.00|0.00|0|0|0|21900.00|1|0.00|0|0.00|0|38600.00|1|38600.00|1|0.00|0|0.00|0|0.00|0.00|18|76|35741.00|0.00|0.00|0.00|35741.00|24398.33|24398.33|0.00|0.33|0.00|73195.07|24398.33|24398.33
FPSUM|Plataformas|21|Plataformas|21|90001.00|0.00|0|0|0.00|0|7199.00|1|0|0|0|0|0.00|0.00|0.00|0|0|0|0.00|0|0.00|0|0.00|0|97200.00|1|97200.00|1|0.00|0|0.00|0|0.00|0.00|14|57|90001.00|0.00|0.00|0.00|90001.00|3117.33|3117.33|0.00|0.17|0.00|18703.96|3117.33|3117.33
FPSUM|Plataformas|21|Plataformas|21|55463.00|0.00|0|0|0.00|0|4437.00|1|0|0|0|0|0.00|0.00|0.00|0|0|0|9600.00|1|0.00|0|0.00|0|59900.00|1|59900.00|1|0.00|0|0.00|0|0.00|0.00|13|55|55463.00|0.00|0.00|0.00|55463.00|36281.17|36281.17|0.00|0.83|0.00|43537.42|36281.17|36281.17
FPSUM|Plataformas|21|Plataformas|21|26019.00|0.00|0|0|0.00|0|2081.00|1|0|0|0|0|0.00|0.00|0.00|0|0|0|0.00|0|0.00|0|0.00|0|28100.00|1|28100.00|1|0.00|0|0.00|0|0.00|0.00|19|77|26019.00|0.00|0.00|0.00|26019.00|18055.67|18055.67|0.00|0.17|0.00|108333.78|18055.67|18055.67
FPSUM|Restaurante|1|Restaurante|1|0.00|0.00|0|0|0.00|0|0.00|0|0|0|0|0|0.00|0.00|0.00|0|0|0|0.00|0|0.00|0|0.00|0|3.00|0|260040.00|2|0.00|0|0.00|0|0.00|0.00|15|61|0.00|0.00|0.00|0.00|0.00|43225.17|43225.17|0.00|0.17|0.00|259350.48|43225.17|43225.17
FPSUM|Restaurante|1|Restaurante|1|0.00|0.00|0|0|0.00|0|0.00|0|0|0|0|0|0.00|0.00|0.00|0|0|0|0.00|0|0.00|0|0.00|0|1.00|0|158099.00|2|0.00|0|0.00|0|0.00|0.00|17|71|0.00|0.00|0.00|0.00|0.00|10648.00|10648.00|0.00|0.17|0.00|63887.87|10648.00|10648.00
FPSUM|Plataformas|21|Plataformas|21|145648.00|0.00|0|0|0.00|0|11652.00|4|0|0|0|0|0.00|0.00|0.00|0|0|0|0.00|0|0.00|0|0.00|0|157300.00|4|157300.00|4|0.00|0|0.00|0|0.00|0.00|18|75|145648.00|0.00|0.00|0.00|145648.00|134645.67|134645.67|0.00|0.33|0.00|403937.40|134645.67|134645.67
FPSUM|Domicilios|20|Domicilios|20|52595.00|0.00|0|0|0.00|0|4205.00|2|0|0|0|0|0.00|0.00|0.00|0|0|0|0.00|0|0.00|0|0.00|0|56800.00|2|56800.00|2|0.00|0|0.00|0|0.00|0.00|12|51|52595.00|0.00|0.00|0.00|52595.00|0.00|0.00|0.00|0.00|0.00|0.00|0.00|0.00
FPSUM|Restaurante|1|Restaurante|1|13519.00|1352.00|0|0|0.00|0|1081.00|0|0|0|0|0|0.00|0.00|0.00|0|0|0|0.00|0|0.00|0|0.00|0|15952.00|0|0.00|0|0.00|0|0.00|0|0.00|0.00|17|70|13519.00|0.00|0.00|0.00|13519.00|41450.50|41450.50|0.00|0.33|0.00|124351.62|41450.50|41450.50
FPSUM|Plataformas|21|Plataformas|21|20278.00|0.00|0|0|0.00|0|1622.00|1|0|0|0|0|0.00|0.00|0.00|0|0|0|0.00|0|0.00|0|0.00|0|21900.00|1|21900.00|1|0.00|0|0.00|0|0.00|0.00|16|68|20278.00|0.00|0.00|0.00|20278.00|15956.83|15956.83|0.00|0.33|0.00|47870.55|15956.83|15956.83
FPSUM|Domicilios|20|Domicilios|20|29266.00|0.00|0|0|0.00|0|2934.00|2|0|0|0|0|0.00|0.00|0.00|0|0|0|19800.00|2|0.00|0|0.00|0|32200.00|2|32200.00|2|0.00|0|0.00|0|0.00|0.00|17|70|36666.00|-7400.00|0.00|0.00|29266.00|0.00|0.00|0.00|0.00|0.00|0.00|0.00|0.00
FPSUM|Restaurante|1|Restaurante|1|156575.00|15657.00|0|0|0.00|0|12525.00|2|0|0|0|0|0.00|0.00|0.00|0|0|0|0.00|0|0.00|0|0.00|0|184757.00|2|88609.00|1|0.00|0|0.00|0|0.00|0.00|14|58|156575.00|0.00|0.00|0.00|156575.00|36296.50|36296.50|0.00|0.33|0.00|108889.61|36296.50|36296.50
FPSUM|Restaurante|1|Restaurante|1|139538.00|13953.00|0|0|0.00|0|11162.00|1|0|0|0|0|0.00|0.00|0.00|0|0|0|0.00|0|0.00|0|0.00|0|164653.00|1|49494.00|1|0.00|0|0.00|0|0.00|0.00|14|59|139538.00|0.00|0.00|0.00|139538.00|17808.50|17808.50|0.00|0.33|0.00|53425.55|17808.50|17808.50
FPSUM|Plataformas|21|Plataformas|21|35741.00|0.00|0|0|0.00|0|2859.00|1|0|0|0|0|0.00|0.00|0.00|0|0|0|15300.00|1|0.00|0|0.00|0|38600.00|1|38600.00|1|0.00|0|0.00|0|0.00|0.00|20|82|35741.00|0.00|0.00|0.00|35741.00|15910.50|15910.50|0.00|0.17|0.00|95462.81|15910.50|15910.50
FPSUM|Restaurante|1|Restaurante|1|-9537.00|-953.00|-78453|5|0.00|0|-763.00|0|0|0|0|0|0.00|0.00|0.00|0|0|0|0.00|0|0.00|0|22605.00|1|-11253.00|0|78120.00|1|0.00|0|0.00|0|0.00|-763.00|14|60|-9537.00|0.00|0.00|0.00|-9537.00|51527.83|51527.83|0.00|0.33|0.00|154583.65|51527.83|51527.83
FPSUM|Restaurante|1|Restaurante|1|0.00|0.00|0|0|0.00|0|0.00|0|0|0|0|0|0.00|0.00|0.00|0|0|0|0.00|0|0.00|0|0.00|0|0.00|0|0.00|0|0.00|0|0.00|0|0.00|0.00|16|67|0.00|0.00|0.00|0.00|0.00|12623.33|12623.33|0.00|0.17|0.00|75739.85|12623.33|12623.33
FPSUM|Plataformas|21|Plataformas|21|30926.00|0.00|0|0|0.00|0|2474.00|1|0|0|0|0|0.00|0.00|0.00|0|0|0|0.00|0|0.00|0|0.00|0|33400.00|1|33400.00|1|0.00|0|0.00|0|0.00|0.00|12|51|30926.00|0.00|0.00|0.00|30926.00|96404.17|96404.17|0.00|1.00|0.00|96404.17|96404.17|96404.17
FPSUM|Restaurante|1|Restaurante|1|117037.00|11703.00|0|0|0.00|0|9363.00|2|0|0|0|0|0.00|0.00|0.00|0|0|0|0.00|0|0.00|0|0.00|0|138103.00|2|56487.00|1|0.00|0|0.00|0|0.00|0.00|14|57|117037.00|0.00|0.00|0.00|117037.00|35401.50|35401.50|0.00|0.17|0.00|212408.58|35401.50|35401.50
FPSUM|Domicilios|20|Domicilios|20|9822.00|0.00|0|0|0.00|0|978.00|1|0|0|0|0|0.00|0.00|0.00|0|0|0|0.00|0|0.00|0|29100.00|2|10800.00|1|10800.00|1|0.00|0|0.00|0|0.00|0.00|16|68|12222.00|-2400.00|0.00|0.00|9822.00|2037.00|1637.00|-400.00|0.17|0.00|9821.98|2037.00|1637.00
FPSUM|Restaurante|1|Restaurante|1|40371.00|4037.00|0|0|0.00|0|3229.00|1|0|0|0|0|0.00|0.00|0.00|0|0|0|0.00|0|0.00|0|0.00|0|47637.00|1|0.00|0|0.00|0|0.00|0|0.00|0.00|16|68|40371.00|0.00|0.00|0.00|40371.00|23503.00|23503.00|0.00|0.17|0.00|141017.72|23503.00|23503.00
FPSUM|Domicilios|20|Domicilios|20|0.00|0.00|0|0|0.00|0|0.00|0|0|0|0|0|0.00|0.00|0.00|0|0|0|0.00|0|0.00|0|0.00|0|0.00|0|76400.00|1|0.00|0|0.00|0|0.00|0.00|14|59|0.00|0.00|0.00|0.00|0.00|493.83|393.83|-100.00|0.17|0.00|2363.00|493.83|393.83
FPSUM|Domicilios|20|Domicilios|20|0.00|0.00|0|0|0.00|0|0.00|0|0|0|0|0|0.00|0.00|0.00|0|0|0|0.00|0|0.00|0|0.00|0|0.00|0|20300.00|1|0.00|0|0.00|0|0.00|0.00|16|66|0.00|0.00|0.00|0.00|0.00|0.00|0.00|0.00|0.00|0.00|0.00|0.00|0.00
FPSUM|Domicilios|20|Domicilios|20|0.00|0.00|0|0|0.00|0|0.00|0|0|0|0|0|0.00|0.00|0.00|0|0|0|0.00|0|0.00|0|0.00|0|0.00|0|0.00|0|0.00|0|0.00|0|0.00|0.00|16|67|0.00|0.00|0.00|0.00|0.00|0.00|0.00|0.00|0.00|0.00|0.00|0.00|0.00
FPSUM|Plataformas|21|Plataformas|21|20278.00|0.00|0|0|0.00|0|1622.00|1|0|0|0|0|0.00|0.00|0.00|0|0|0|0.00|0|0.00|0|0.00|0|21900.00|1|21900.00|1|0.00|0|0.00|0|0.00|0.00|17|72|20278.00|0.00|0.00|0.00|20278.00|0.00|0.00|0.00|0.00|0.00|0.00|0.00|0.00
FPSUM|Domicilios|20|Domicilios|20|18456.00|0.00|0|0|0.00|0|1844.00|1|0|0|0|0|0.00|0.00|0.00|0|0|0|0.00|0|0.00|0|0.00|0|20300.00|1|0.00|0|0.00|0|0.00|0|0.00|0.00|14|60|23056.00|-4600.00|0.00|0.00|18456.00|0.00|0.00|0.00|0.00|0.00|0.00|0.00|0.00
FPSUM|Plataformas|21|Plataformas|21|44537.00|0.00|0|0|0.00|0|3563.00|1|0|0|0|0|0.00|0.00|0.00|0|0|0|0.00|0|0.00|0|0.00|0|48100.00|1|48100.00|1|0.00|0|0.00|0|0.00|0.00|12|49|44537.00|0.00|0.00|0.00|44537.00|0.00|0.00|0.00|0.00|0.00|0.00|0.00|0.00
FPSUM|Domicilios|20|Domicilios|20|70186.00|0.00|0|0|0.00|0|5614.00|1|0|0|0|0|0.00|0.00|0.00|0|0|0|0.00|0|0.00|0|75800.00|1|75800.00|1|75800.00|1|0.00|0|0.00|0|0.00|0.00|13|53|70186.00|0.00|0.00|0.00|70186.00|0.00|0.00|0.00|0.00|0.00|0.00|0.00|0.00
FPSUM|Domicilios|20|Domicilios|20|70742.00|0.00|0|0|0.00|0|5658.00|1|0|0|0|0|0.00|0.00|0.00|0|0|0|29200.00|1|0.00|0|0.00|0|76400.00|1|0.00|0|0.00|0|0.00|0|0.00|0.00|14|58|70742.00|0.00|0.00|0.00|70742.00|0.00|0.00|0.00|0.00|0.00|0.00|0.00|0.00
FPSUM|Plataformas|21|Plataformas|21|38056.00|0.00|0|0|0.00|0|3044.00|1|0|0|0|0|0.00|0.00|0.00|0|0|0|0.00|0|0.00|0|0.00|0|41100.00|1|41100.00|1|0.00|0|0.00|0|0.00|0.00|20|83|38056.00|0.00|0.00|0.00|38056.00|0.00|0.00|0.00|0.00|0.00|0.00|0.00|0.00
FPSUM|Restaurante|1|Restaurante|1|80093.00|8009.00|0|0|0.00|0|6407.00|1|0|0|0|0|0.00|0.00|0.00|0|0|0|0.00|0|0.00|0|0.00|0|94509.00|1|0.00|0|0.00|0|0.00|0|0.00|0.00|17|69|80093.00|0.00|0.00|0.00|80093.00|0.00|0.00|0.00|0.00|0.00|0.00|0.00|0.00
FPSUM|Domicilios|20|Domicilios|20|4911.00|0.00|0|0|0.00|0|489.00|1|0|0|0|0|0.00|0.00|0.00|0|0|0|0.00|0|0.00|0|0.00|0|5400.00|1|5400.00|1|0.00|0|0.00|0|0.00|0.00|20|82|6111.00|-1200.00|0.00|0.00|4911.00|0.00|0.00|0.00|0.00|0.00|0.00|0.00|0.00
FPOT|Domicilios|20|Domicilios|20|OT2|2|Order Type Master 2|2|4911.00|0.00|0.00|0|0.00|0|489.00|1|0|0|0|0|0.00|0.00|0.00|0|0|0|0.00|0|0.00|0|0.00|0|5400.00|1|5400.00|1|0.00|0|0.00|0|0.00|0.00|20|82|6111.00|-1200.00|0.00|0.00|4911.00|0.00|0.00|0.00|0.00|0.00|0.00|0.00|0.00
FPOT|Domicilios|20|Domicilios|20|OT2|2|Order Type Master 2|2|9822.00|0.00|0.00|0|0.00|0|978.00|1|0|0|0|0|0.00|0.00|0.00|0|0|0|0.00|0|0.00|0|29100.00|2|10800.00|1|10800.00|1|0.00|0|0.00|0|0.00|0.00|16|68|12222.00|-2400.00|0.00|0.00|9822.00|2037.00|1637.00|-400.00|0.17|0.00|9821.98|2037.00|1637.00
FPOT|Domicilios|20|Domicilios|20|OT2|2|Order Type Master 2|2|70186.00|0.00|0.00|0|0.00|0|5614.00|1|0|0|0|0|0.00|0.00|0.00|0|0|0|0.00|0|0.00|0|75800.00|1|75800.00|1|75800.00|1|0.00|0|0.00|0|0.00|0.00|13|53|70186.00|0.00|0.00|0.00|70186.00|0.00|0.00|0.00|0.00|0.00|0.00|0.00|0.00
FPOT|Plataformas|21|Plataformas|21|OT7|7|Order Type Master 7|7|55463.00|0.00|0.00|0|0.00|0|4437.00|1|0|0|0|0|0.00|0.00|0.00|0|0|0|9600.00|1|0.00|0|0.00|0|59900.00|1|59900.00|1|0.00|0|0.00|0|0.00|0.00|13|55|55463.00|0.00|0.00|0.00|55463.00|36281.17|36281.17|0.00|0.83|0.00|43537.42|36281.17|36281.17
FPOT|Plataformas|21|Plataformas|21|OT7|7|Order Type Master 7|7|35741.00|0.00|0.00|0|0.00|0|2859.00|1|0|0|0|0|0.00|0.00|0.00|0|0|0|15300.00|1|0.00|0|0.00|0|38600.00|1|38600.00|1|0.00|0|0.00|0|0.00|0.00|20|82|35741.00|0.00|0.00|0.00|35741.00|15910.50|15910.50|0.00|0.17|0.00|95462.81|15910.50|15910.50
FPOT|Plataformas|21|Plataformas|21|OT7|7|Order Type Master 7|7|38056.00|0.00|0.00|0|0.00|0|3044.00|1|0|0|0|0|0.00|0.00|0.00|0|0|0|0.00|0|0.00|0|0.00|0|41100.00|1|41100.00|1|0.00|0|0.00|0|0.00|0.00|20|83|38056.00|0.00|0.00|0.00|38056.00|0.00|0.00|0.00|0.00|0.00|0.00|0.00|0.00
FPOT|Domicilios|20|Domicilios|20|OT2|2|Order Type Master 2|2|0.00|0.00|0.00|0|0.00|0|0.00|0|0|0|0|0|0.00|0.00|0.00|0|0|0|0.00|0|0.00|0|0.00|0|0.00|0|0.00|0|0.00|0|0.00|0|0.00|0.00|16|67|0.00|0.00|0.00|0.00|0.00|0.00|0.00|0.00|0.00|0.00|0.00|0.00|0.00
FPOT|Plataformas|21|Plataformas|21|OT7|7|Order Type Master 7|7|30926.00|0.00|0.00|0|0.00|0|2474.00|1|0|0|0|0|0.00|0.00|0.00|0|0|0|0.00|0|0.00|0|0.00|0|33400.00|1|33400.00|1|0.00|0|0.00|0|0.00|0.00|12|51|30926.00|0.00|0.00|0.00|30926.00|96404.17|96404.17|0.00|1.00|0.00|96404.17|96404.17|96404.17
FPOT|Restaurante|1|Restaurante|1|OT1|1|Order Type Master 1|1|13519.00|1352.00|0.00|0|0.00|0|1081.00|0|0|0|0|0|0.00|0.00|0.00|0|0|0|0.00|0|0.00|0|0.00|0|15952.00|0|0.00|0|0.00|0|0.00|0|0.00|0.00|17|70|13519.00|0.00|0.00|0.00|13519.00|41450.50|41450.50|0.00|0.33|0.00|124351.62|41450.50|41450.50
FPOT|Restaurante|1|Restaurante|1|OT1|1|Order Type Master 1|1|139538.00|13953.00|0.00|0|0.00|0|11162.00|1|0|0|0|0|0.00|0.00|0.00|0|0|0|0.00|0|0.00|0|0.00|0|164653.00|1|49494.00|1|0.00|0|0.00|0|0.00|0.00|14|59|139538.00|0.00|0.00|0.00|139538.00|17808.50|17808.50|0.00|0.33|0.00|53425.55|17808.50|17808.50
FPOT|Restaurante|1|Restaurante|1|OT1|1|Order Type Master 1|1|-9537.00|-953.00|-78453.00|5|0.00|0|-763.00|0|0|0|0|0|0.00|0.00|0.00|0|0|0|0.00|0|0.00|0|22605.00|1|-11253.00|0|78120.00|1|0.00|0|0.00|0|0.00|-763.00|14|60|-9537.00|0.00|0.00|0.00|-9537.00|51527.83|51527.83|0.00|0.33|0.00|154583.65|51527.83|51527.83
FPOT|Restaurante|1|Restaurante|1|OT1|1|Order Type Master 1|1|0.00|0.00|0.00|0|0.00|0|0.00|0|0|0|0|0|0.00|0.00|0.00|0|0|0|0.00|0|0.00|0|0.00|0|0.00|0|0.00|0|0.00|0|0.00|0|0.00|0.00|16|67|0.00|0.00|0.00|0.00|0.00|12623.33|12623.33|0.00|0.17|0.00|75739.85|12623.33|12623.33
FPOT|Domicilios|20|Domicilios|20|OT2|2|Order Type Master 2|2|0.00|0.00|0.00|0|0.00|0|0.00|0|0|0|0|0|0.00|0.00|0.00|0|0|0|0.00|0|0.00|0|45900.00|1|0.00|0|0.00|0|0.00|0|0.00|0|0.00|0.00|12|49|0.00|0.00|0.00|0.00|0.00|6898.17|6898.17|0.00|0.33|0.00|20694.52|6898.17|6898.17
FPOT|Domicilios|20|Domicilios|20|OT2|2|Order Type Master 2|2|18456.00|0.00|0.00|0|0.00|0|1844.00|1|0|0|0|0|0.00|0.00|0.00|0|0|0|0.00|0|0.00|0|0.00|0|20300.00|1|0.00|0|0.00|0|0.00|0|0.00|0.00|14|60|23056.00|-4600.00|0.00|0.00|18456.00|0.00|0.00|0.00|0.00|0.00|0.00|0.00|0.00
FPOT|Restaurante|1|Restaurante|1|OT1|1|Order Type Master 1|1|0.00|0.00|0.00|0|0.00|0|0.00|0|0|0|0|0|0.00|0.00|0.00|0|0|0|0.00|0|0.00|0|0.00|0|3.00|0|260040.00|2|0.00|0|0.00|0|0.00|0.00|15|61|0.00|0.00|0.00|0.00|0.00|43225.17|43225.17|0.00|0.17|0.00|259350.48|43225.17|43225.17
FPOT|Domicilios|20|Domicilios|20|OT2|2|Order Type Master 2|2|0.00|0.00|0.00|0|0.00|0|0.00|0|0|0|0|0|0.00|0.00|0.00|0|0|0|0.00|0|0.00|0|0.00|0|0.00|0|76400.00|1|0.00|0|0.00|0|0.00|0.00|14|59|0.00|0.00|0.00|0.00|0.00|493.83|393.83|-100.00|0.17|0.00|2363.00|493.83|393.83
FPOT|Plataformas|21|Plataformas|21|OT7|7|Order Type Master 7|7|44537.00|0.00|0.00|0|0.00|0|3563.00|1|0|0|0|0|0.00|0.00|0.00|0|0|0|0.00|0|0.00|0|0.00|0|48100.00|1|48100.00|1|0.00|0|0.00|0|0.00|0.00|12|49|44537.00|0.00|0.00|0.00|44537.00|0.00|0.00|0.00|0.00|0.00|0.00|0.00|0.00
FPOT|Plataformas|21|Plataformas|21|OT7|7|Order Type Master 7|7|145648.00|0.00|0.00|0|0.00|0|11652.00|4|0|0|0|0|0.00|0.00|0.00|0|0|0|0.00|0|0.00|0|0.00|0|157300.00|4|157300.00|4|0.00|0|0.00|0|0.00|0.00|18|75|145648.00|0.00|0.00|0.00|145648.00|134645.67|134645.67|0.00|0.33|0.00|403937.40|134645.67|134645.67
FPOT|Restaurante|1|Restaurante|1|OT1|1|Order Type Master 1|1|117037.00|11703.00|0.00|0|0.00|0|9363.00|2|0|0|0|0|0.00|0.00|0.00|0|0|0|0.00|0|0.00|0|0.00|0|138103.00|2|56487.00|1|0.00|0|0.00|0|0.00|0.00|14|57|117037.00|0.00|0.00|0.00|117037.00|35401.50|35401.50|0.00|0.17|0.00|212408.58|35401.50|35401.50
FPOT|Restaurante|1|Restaurante|1|OT1|1|Order Type Master 1|1|156575.00|15657.00|0.00|0|0.00|0|12525.00|2|0|0|0|0|0.00|0.00|0.00|0|0|0|0.00|0|0.00|0|0.00|0|184757.00|2|88609.00|1|0.00|0|0.00|0|0.00|0.00|14|58|156575.00|0.00|0.00|0.00|156575.00|36296.50|36296.50|0.00|0.33|0.00|108889.61|36296.50|36296.50
FPOT|Plataformas|21|Plataformas|21|OT7|7|Order Type Master 7|7|20278.00|0.00|0.00|0|0.00|0|1622.00|1|0|0|0|0|0.00|0.00|0.00|0|0|0|0.00|0|0.00|0|0.00|0|21900.00|1|21900.00|1|0.00|0|0.00|0|0.00|0.00|17|72|20278.00|0.00|0.00|0.00|20278.00|0.00|0.00|0.00|0.00|0.00|0.00|0.00|0.00
FPOT|Plataformas|21|Plataformas|21|OT7|7|Order Type Master 7|7|90001.00|0.00|0.00|0|0.00|0|7199.00|1|0|0|0|0|0.00|0.00|0.00|0|0|0|0.00|0|0.00|0|0.00|0|97200.00|1|97200.00|1|0.00|0|0.00|0|0.00|0.00|14|57|90001.00|0.00|0.00|0.00|90001.00|3117.33|3117.33|0.00|0.17|0.00|18703.96|3117.33|3117.33
FPOT|Restaurante|1|Restaurante|1|OT1|1|Order Type Master 1|1|0.00|0.00|0.00|0|0.00|0|0.00|0|0|0|0|0|0.00|0.00|0.00|0|0|0|0.00|0|0.00|0|0.00|0|1.00|0|158099.00|2|0.00|0|0.00|0|0.00|0.00|17|71|0.00|0.00|0.00|0.00|0.00|10648.00|10648.00|0.00|0.17|0.00|63887.87|10648.00|10648.00
FPOT|Plataformas|21|Plataformas|21|OT7|7|Order Type Master 7|7|20278.00|0.00|0.00|0|0.00|0|1622.00|1|0|0|0|0|0.00|0.00|0.00|0|0|0|0.00|0|0.00|0|0.00|0|21900.00|1|21900.00|1|0.00|0|0.00|0|0.00|0.00|16|68|20278.00|0.00|0.00|0.00|20278.00|15956.83|15956.83|0.00|0.33|0.00|47870.55|15956.83|15956.83
FPOT|Plataformas|21|Plataformas|21|OT7|7|Order Type Master 7|7|110463.00|0.00|0.00|0|0.00|0|8837.00|1|0|0|0|0|0.00|0.00|0.00|0|0|0|0.00|0|0.00|0|0.00|0|119300.00|1|119300.00|1|0.00|0|0.00|0|0.00|0.00|13|53|110463.00|0.00|0.00|0.00|110463.00|18719.17|18719.17|0.00|0.33|0.00|56157.56|18719.17|18719.17
FPOT|Domicilios|20|Domicilios|20|OT2|2|Order Type Master 2|2|70742.00|0.00|0.00|0|0.00|0|5658.00|1|0|0|0|0|0.00|0.00|0.00|0|0|0|29200.00|1|0.00|0|0.00|0|76400.00|1|0.00|0|0.00|0|0.00|0|0.00|0.00|14|58|70742.00|0.00|0.00|0.00|70742.00|0.00|0.00|0.00|0.00|0.00|0.00|0.00|0.00
FPOT|Plataformas|21|Plataformas|21|OT7|7|Order Type Master 7|7|35741.00|0.00|0.00|0|0.00|0|2859.00|1|0|0|0|0|0.00|0.00|0.00|0|0|0|21900.00|1|0.00|0|0.00|0|38600.00|1|38600.00|1|0.00|0|0.00|0|0.00|0.00|18|76|35741.00|0.00|0.00|0.00|35741.00|24398.33|24398.33|0.00|0.33|0.00|73195.07|24398.33|24398.33
FPOT|Restaurante|1|Restaurante|1|OT1|1|Order Type Master 1|1|80093.00|8009.00|0.00|0|0.00|0|6407.00|1|0|0|0|0|0.00|0.00|0.00|0|0|0|0.00|0|0.00|0|0.00|0|94509.00|1|0.00|0|0.00|0|0.00|0|0.00|0.00|17|69|80093.00|0.00|0.00|0.00|80093.00|0.00|0.00|0.00|0.00|0.00|0.00|0.00|0.00
FPOT|Restaurante|1|Restaurante|1|OT1|1|Order Type Master 1|1|47871.00|4787.00|0.00|0|0.00|0|3829.00|1|0|0|0|0|0.00|0.00|0.00|0|0|0|0.00|0|0.00|0|0.00|0|56487.00|1|0.00|0|0.00|0|0.00|0|0.00|0.00|13|53|47871.00|0.00|0.00|0.00|47871.00|101929.67|101929.67|0.00|0.67|0.00|152894.42|101929.67|101929.67
FPOT|Restaurante|1|Restaurante|1|OT1|1|Order Type Master 1|1|40371.00|4037.00|0.00|0|0.00|0|3229.00|1|0|0|0|0|0.00|0.00|0.00|0|0|0|0.00|0|0.00|0|0.00|0|47637.00|1|0.00|0|0.00|0|0.00|0|0.00|0.00|16|68|40371.00|0.00|0.00|0.00|40371.00|23503.00|23503.00|0.00|0.17|0.00|141017.72|23503.00|23503.00
FPOT|Domicilios|20|Domicilios|20|OT2|2|Order Type Master 2|2|0.00|0.00|0.00|0|0.00|0|0.00|0|0|0|0|0|0.00|0.00|0.00|0|0|0|0.00|0|0.00|0|0.00|0|0.00|0|20300.00|1|0.00|0|0.00|0|0.00|0.00|16|66|0.00|0.00|0.00|0.00|0.00|0.00|0.00|0.00|0.00|0.00|0.00|0.00|0.00
FPOT|Domicilios|20|Domicilios|20|OT2|2|Order Type Master 2|2|29266.00|0.00|0.00|0|0.00|0|2934.00|2|0|0|0|0|0.00|0.00|0.00|0|0|0|19800.00|2|0.00|0|0.00|0|32200.00|2|32200.00|2|0.00|0|0.00|0|0.00|0.00|17|70|36666.00|-7400.00|0.00|0.00|29266.00|0.00|0.00|0.00|0.00|0.00|0.00|0.00|0.00
FPOT|Domicilios|20|Domicilios|20|OT2|2|Order Type Master 2|2|52595.00|0.00|0.00|0|0.00|0|4205.00|2|0|0|0|0|0.00|0.00|0.00|0|0|0|0.00|0|0.00|0|0.00|0|56800.00|2|56800.00|2|0.00|0|0.00|0|0.00|0.00|12|51|52595.00|0.00|0.00|0.00|52595.00|0.00|0.00|0.00|0.00|0.00|0.00|0.00|0.00
FPOT|Plataformas|21|Plataformas|21|OT7|7|Order Type Master 7|7|26019.00|0.00|0.00|0|0.00|0|2081.00|1|0|0|0|0|0.00|0.00|0.00|0|0|0|0.00|0|0.00|0|0.00|0|28100.00|1|28100.00|1|0.00|0|0.00|0|0.00|0.00|19|77|26019.00|0.00|0.00|0.00|26019.00|18055.67|18055.67|0.00|0.17|0.00|108333.78|18055.67|18055.67
FPOT|Plataformas|21|Plataformas|21|OT7|7|Order Type Master 7|7|26482.00|0.00|0.00|0|0.00|0|2118.00|1|0|0|0|0|0.00|0.00|0.00|0|0|0|0.00|0|0.00|0|0.00|0|28600.00|1|28600.00|1|0.00|0|0.00|0|0.00|0.00|16|65|26482.00|0.00|0.00|0.00|26482.00|4336.50|4336.50|0.00|0.17|0.00|26018.95|4336.50|4336.50
FPMI|Restaurante|1|Restaurante|1|GASEOSA 400 ml| |9606131|GASEOSA 400 ml| |9606131|BEBIDAS|20|BEBIDAS|20|Bebidas Sin Alcohol|3000|Bebidas Sin Alcohol|3000|OT1|1|Order Type Master 1|1|15186.00|0.00|15186.00|0.00|0.00|0.00|15186.00|0.00|15186.00|1|15186.00|2|0|0.00|0.00|0.00|59|14
FPMI|Restaurante|1|Restaurante|1|AGUA MANANTIAL CON GAS 300 ML| |9606136|AGUA MANANTIAL CON GAS 300 ML| |9606136|BEBIDAS|20|BEBIDAS|20|Bebidas Sin Alcohol|3000|Bebidas Sin Alcohol|3000|OT1|1|Order Type Master 1|1|6389.00|0.00|6389.00|0.00|0.00|0.00|6389.00|0.00|6389.00|1|6389.00|1|0|0.00|0.00|0.00|69|17
FPMI|Restaurante|1|Restaurante|1|PUNTA DE ANCA 250 gr CRIOLLA| |9502358|PUNTA DE ANCA 250 gr CRIOLLA| |9502358|ALIMENTOS|10|ALIMENTOS|10|Para Empezar|1008|Para Empezar|1008|OT1|1|Order Type Master 1|1|54444.00|0.00|54444.00|0.00|0.00|0.00|54444.00|0.00|54444.00|1|54444.00|1|0|0.00|0.00|0.00|60|14
FPMI|Restaurante|1|Restaurante|1|ENTRECOT 180 gr  FRANCESA| |9502504|ENTRECOT 180 gr  FRANCESA| |9502504|ALIMENTOS|10|ALIMENTOS|10|Para Empezar|1008|Para Empezar|1008|OT1|1|Order Type Master 1|1|36852.00|0.00|36852.00|0.00|0.00|0.00|36852.00|0.00|36852.00|1|36852.00|1|0|0.00|0.00|0.00|69|17
FPMI|Domicilios|20|Domicilios|20|EMPANADA CACHACA| |9528008|EMPANADA CACHACA| |9528008|ALIMENTOS|10|ALIMENTOS|10|Para Empezar|1008|Para Empezar|1008|OT2|2|Order Type Master 2|2|24444.00|-4934.00|19510.00|0.00|0.00|0.00|24444.00|-4934.00|19510.00|73|24444.00|4|0|0.00|0.00|0.00|70|17
FPMI|Domicilios|20|Domicilios|20|EMPANADA DE CARNE | |9528004|EMPANADA DE CARNE | |9528004|ALIMENTOS|10|ALIMENTOS|10|Para Empezar|1008|Para Empezar|1008|OT2|2|Order Type Master 2|2|6111.00|-1200.00|4911.00|0.00|0.00|0.00|6111.00|-1200.00|4911.00|73|6111.00|1|0|0.00|0.00|0.00|82|20
FPMI|Plataformas|21|Plataformas|21|AJIACO  POLLO| |9520008|AJIACO  POLLO| |9520008|ALIMENTOS|10|ALIMENTOS|10|Para Empezar|1008|Para Empezar|1008|OT7|7|Order Type Master 7|7|35741.00|0.00|35741.00|0.00|0.00|0.00|35741.00|0.00|35741.00|153|35741.00|1|0|0.00|0.00|0.00|75|18
FPMI|Restaurante|1|Restaurante|1|AGUA MANANTIAL CON GAS 300 ML CON LIMON| |9606138|AGUA MANANTIAL CON GAS 300 ML CON LIMON| |9606138|BEBIDAS|20|BEBIDAS|20|Bebidas Sin Alcohol|3000|Bebidas Sin Alcohol|3000|OT1|1|Order Type Master 1|1|6852.00|0.00|6852.00|0.00|0.00|0.00|6852.00|0.00|6852.00|1|6852.00|1|0|0.00|0.00|0.00|57|14
FPMI|Restaurante|1|Restaurante|1|AGUA MANANTIAL CON GAS 300 ML| |9606136|AGUA MANANTIAL CON GAS 300 ML| |9606136|BEBIDAS|20|BEBIDAS|20|Bebidas Sin Alcohol|3000|Bebidas Sin Alcohol|3000|OT1|1|Order Type Master 1|1|6389.00|0.00|6389.00|0.00|0.00|0.00|6389.00|0.00|6389.00|1|6389.00|1|0|0.00|0.00|0.00|58|14
FPMI|Restaurante|1|Restaurante|1|AJIACO  POLLO| |9520008|AJIACO  POLLO| |9520008|ALIMENTOS|10|ALIMENTOS|10|Para Empezar|1008|Para Empezar|1008|OT1|1|Order Type Master 1|1|34074.00|0.00|34074.00|0.00|0.00|0.00|34074.00|0.00|34074.00|1|34074.00|1|0|0.00|0.00|0.00|58|14
FPMI|Restaurante|1|Restaurante|1|COMO ENTRADA| |90000038|COMO ENTRADA| |90000038|ALIMENTOS|10|ALIMENTOS|10|Para Empezar|1008|Para Empezar|1008|OT1|1|Order Type Master 1|1|0.00|0.00|0.00|0.00|0.00|0.00|0.00|0.00|0.00|25|0.00|1|0|0.00|0.00|0.00|59|14
FPMI|Domicilios|20|Domicilios|20|CALENTADO PAISA| |9518008|CALENTADO PAISA| |9518008|ALIMENTOS|10|ALIMENTOS|10|Para Empezar|1008|Para Empezar|1008|OT2|2|Order Type Master 2|2|35093.00|0.00|35093.00|0.00|0.00|0.00|35093.00|0.00|35093.00|73|35093.00|1|0|0.00|0.00|0.00|53|13
FPMI|Plataformas|21|Plataformas|21|AJIACO NINOS| |9542004|AJIACO NINOS| |9542004|ALIMENTOS|10|ALIMENTOS|10|Para Empezar|1008|Para Empezar|1008|OT7|7|Order Type Master 7|7|20278.00|0.00|20278.00|0.00|0.00|0.00|20278.00|0.00|20278.00|153|20278.00|1|0|0.00|0.00|0.00|68|16
FPMI|Plataformas|21|Plataformas|21|PINCHO DE LOMO X 100 GRS| |9502526|PINCHO DE LOMO X 100 GRS| |9502526|ALIMENTOS|10|ALIMENTOS|10|Para Empezar|1008|Para Empezar|1008|OT7|7|Order Type Master 7|7|19259.00|0.00|19259.00|0.00|0.00|0.00|19259.00|0.00|19259.00|153|19259.00|1|0|0.00|0.00|0.00|75|18
FPMI|Plataformas|21|Plataformas|21|CHORIZO ANTIOQUENO 100 gr| |9502084|CHORIZO ANTIOQUENO 100 gr| |9502084|ALIMENTOS|10|ALIMENTOS|10|Para Empezar|1008|Para Empezar|1008|OT7|7|Order Type Master 7|7|42501.00|0.00|42501.00|0.00|0.00|0.00|42501.00|0.00|42501.00|153|42501.00|3|0|0.00|0.00|0.00|57|14
FPMI|Plataformas|21|Plataformas|21|Mod CocaCola Original 400ml| |980000102|Mod CocaCola Original 400ml| |980000102|ALIMENTOS|10|ALIMENTOS|10|Para Empezar|1008|Para Empezar|1008|OT7|7|Order Type Master 7|7|0.00|0.00|0.00|0.00|0.00|0.00|0.00|0.00|0.00|1|0.00|2|0|0.00|0.00|0.00|57|14
FPMI|Restaurante|1|Restaurante|1|CHORIZO ANTIOQUENO 100 gr| |9502084|CHORIZO ANTIOQUENO 100 gr| |9502084|ALIMENTOS|10|ALIMENTOS|10|Para Empezar|1008|Para Empezar|1008|OT1|1|Order Type Master 1|1|13519.00|0.00|13519.00|0.00|0.00|0.00|13519.00|0.00|13519.00|1|13519.00|1|0|0.00|0.00|0.00|70|17
FPMI|Restaurante|1|Restaurante|1|Mod 1/2| |980000002|Mod 1/2| |980000002|ALIMENTOS|10|ALIMENTOS|10|Para Empezar|1008|Para Empezar|1008|OT1|1|Order Type Master 1|1|0.00|0.00|0.00|0.00|0.00|0.00|0.00|0.00|0.00|1|0.00|1|0|0.00|0.00|0.00|59|14
FPMI|Restaurante|1|Restaurante|1|AREPA DE CHOCOLO| |9506036|AREPA DE CHOCOLO| |9506036|ALIMENTOS|10|ALIMENTOS|10|Para Empezar|1008|Para Empezar|1008|OT1|1|Order Type Master 1|1|20185.00|0.00|20185.00|0.00|0.00|0.00|20185.00|0.00|20185.00|1|20185.00|1|0|0.00|0.00|0.00|68|16
FPMI|Restaurante|1|Restaurante|1|Mod CocaCola Original 400ml| |980000102|Mod CocaCola Original 400ml| |980000102|ALIMENTOS|10|ALIMENTOS|10|Para Empezar|1008|Para Empezar|1008|OT1|1|Order Type Master 1|1|0.00|0.00|0.00|0.00|0.00|0.00|0.00|0.00|0.00|1|0.00|1|0|0.00|0.00|0.00|68|16
FPMI|Domicilios|20|Domicilios|20|PATACON CARNE DESMECHADA| |9524028|PATACON CARNE DESMECHADA| |9524028|ALIMENTOS|10|ALIMENTOS|10|Para Empezar|1008|Para Empezar|1008|OT2|2|Order Type Master 2|2|24630.00|0.00|24630.00|0.00|0.00|0.00|24630.00|0.00|24630.00|73|24630.00|1|0|0.00|0.00|0.00|58|14
FPMI|Domicilios|20|Domicilios|20|HAMBURGUESA 125 gr PERSONAL | |9540233|HAMBURGUESA 125 gr PERSONAL | |9540233|ALIMENTOS|10|ALIMENTOS|10|Para Empezar|1008|Para Empezar|1008|OT2|2|Order Type Master 2|2|4630.00|0.00|4630.00|0.00|0.00|0.00|4630.00|0.00|4630.00|73|4630.00|1|0|0.00|0.00|0.00|51|12
FPMI|Domicilios|20|Domicilios|20|EMPANADA DE CARNE | |9528004|EMPANADA DE CARNE | |9528004|ALIMENTOS|10|ALIMENTOS|10|Para Empezar|1008|Para Empezar|1008|OT2|2|Order Type Master 2|2|12222.00|-2466.00|9756.00|0.00|0.00|0.00|12222.00|-2466.00|9756.00|73|12222.00|2|0|0.00|0.00|0.00|70|17
FPMI|Plataformas|21|Plataformas|21|PECHUGA A LA PARRILLA 230 gr FRANCESA | |9506090|PECHUGA A LA PARRILLA 230 gr FRANCESA | |9506090|ALIMENTOS|10|ALIMENTOS|10|Para Empezar|1008|Para Empezar|1008|OT7|7|Order Type Master 7|7|26019.00|0.00|26019.00|0.00|0.00|0.00|26019.00|0.00|26019.00|153|26019.00|1|0|0.00|0.00|0.00|77|19
FPMI|Plataformas|21|Plataformas|21|PECHUGA A LA PARRILLA 230 gr ENSALADA | |9506091|PECHUGA A LA PARRILLA 230 gr ENSALADA | |9506091|ALIMENTOS|10|ALIMENTOS|10|Para Empezar|1008|Para Empezar|1008|OT7|7|Order Type Master 7|7|22963.00|0.00|22963.00|0.00|0.00|0.00|22963.00|0.00|22963.00|177|22963.00|1|0|0.00|0.00|0.00|51|12
FPMI|Plataformas|21|Plataformas|21|PATACON SOLO SOLITO| |9524048|PATACON SOLO SOLITO| |9524048|ALIMENTOS|10|ALIMENTOS|10|Para Empezar|1008|Para Empezar|1008|OT7|7|Order Type Master 7|7|7593.00|0.00|7593.00|0.00|0.00|0.00|7593.00|0.00|7593.00|153|7593.00|1|0|0.00|0.00|0.00|53|13
FPMI|Plataformas|21|Plataformas|21|BANDEJA PAISA| |9520036|BANDEJA PAISA| |9520036|ALIMENTOS|10|ALIMENTOS|10|Para Empezar|1008|Para Empezar|1008|OT7|7|Order Type Master 7|7|89074.00|0.00|89074.00|0.00|0.00|0.00|89074.00|0.00|89074.00|153|89074.00|2|0|0.00|0.00|0.00|53|13
FPMI|Restaurante|1|Restaurante|1|FUZE TE LIMON| |9606096|FUZE TE LIMON| |9606096|BEBIDAS|20|BEBIDAS|20|Bebidas Sin Alcohol|3000|Bebidas Sin Alcohol|3000|OT1|1|Order Type Master 1|1|6389.00|0.00|6389.00|0.00|0.00|0.00|6389.00|0.00|6389.00|1|6389.00|1|0|0.00|0.00|0.00|53|13
FPMI|Plataformas|21|Plataformas|21|JUGO DE NARANJA| |9604048|JUGO DE NARANJA| |9604048|BEBIDAS|20|BEBIDAS|20|Bebidas Sin Alcohol|3000|Bebidas Sin Alcohol|3000|OT7|7|Order Type Master 7|7|12222.00|0.00|12222.00|0.00|0.00|0.00|12222.00|0.00|12222.00|153|12222.00|1|0|0.00|0.00|0.00|55|13
FPMI|Restaurante|1|Restaurante|1|AREPA DE CHOCOLO| |9506036|AREPA DE CHOCOLO| |9506036|ALIMENTOS|10|ALIMENTOS|10|Para Empezar|1008|Para Empezar|1008|OT1|1|Order Type Master 1|1|20185.00|0.00|20185.00|0.00|0.00|0.00|20185.00|0.00|20185.00|1|20185.00|1|0|0.00|0.00|0.00|58|14
FPMI|Restaurante|1|Restaurante|1|CHORIPAN 100 gr| |9502076|CHORIPAN 100 gr| |9502076|ALIMENTOS|10|ALIMENTOS|10|Para Empezar|1008|Para Empezar|1008|OT1|1|Order Type Master 1|1|23056.00|0.00|23056.00|0.00|0.00|0.00|23056.00|0.00|23056.00|1|23056.00|1|0|0.00|0.00|0.00|58|14
FPMI|Restaurante|1|Restaurante|1|CALENTADO ANDRES| |9518004|CALENTADO ANDRES| |9518004|ALIMENTOS|10|ALIMENTOS|10|Para Empezar|1008|Para Empezar|1008|OT1|1|Order Type Master 1|1|35093.00|0.00|35093.00|0.00|0.00|0.00|35093.00|0.00|35093.00|1|35093.00|1|0|0.00|0.00|0.00|57|14
FPMI|Restaurante|1|Restaurante|1|PUNTA DE ANCA 250 gr ARROZ| |9502230|PUNTA DE ANCA 250 gr ARROZ| |9502230|ALIMENTOS|10|ALIMENTOS|10|Para Empezar|1008|Para Empezar|1008|OT1|1|Order Type Master 1|1|54444.00|0.00|54444.00|0.00|0.00|0.00|54444.00|0.00|54444.00|1|54444.00|1|0|0.00|0.00|0.00|59|14
FPMI|Restaurante|1|Restaurante|1|Mod CocaCola Zero 400ml| |980000103|Mod CocaCola Zero 400ml| |980000103|ALIMENTOS|10|ALIMENTOS|10|Para Empezar|1008|Para Empezar|1008|OT1|1|Order Type Master 1|1|0.00|0.00|0.00|0.00|0.00|0.00|0.00|0.00|0.00|1|0.00|2|0|0.00|0.00|0.00|59|14
FPMI|Restaurante|1|Restaurante|1|Mod A Punto| |980000005|Mod A Punto| |980000005|ALIMENTOS|10|ALIMENTOS|10|Para Empezar|1008|Para Empezar|1008|OT1|1|Order Type Master 1|1|0.00|0.00|0.00|0.00|0.00|0.00|0.00|0.00|0.00|1|0.00|2|0|0.00|0.00|0.00|69|17
FPMI|Restaurante|1|Restaurante|1|CHORIPAN 100 gr| |9502076|CHORIPAN 100 gr| |9502076|ALIMENTOS|10|ALIMENTOS|10|Para Empezar|1008|Para Empezar|1008|OT1|1|Order Type Master 1|1|-23056.00|0.00|-23056.00|0.00|0.00|0.00|-23056.00|0.00|-23056.00|1|-23056.00|-1|0|0.00|0.00|0.00|60|14
FPMI|Plataformas|21|Plataformas|21|BANDEJA PAISA| |9520036|BANDEJA PAISA| |9520036|ALIMENTOS|10|ALIMENTOS|10|Para Empezar|1008|Para Empezar|1008|OT7|7|Order Type Master 7|7|44537.00|0.00|44537.00|0.00|0.00|0.00|44537.00|0.00|44537.00|153|44537.00|1|0|0.00|0.00|0.00|49|12
FPMI|Plataformas|21|Plataformas|21|AJIACO NINOS| |9542004|AJIACO NINOS| |9542004|ALIMENTOS|10|ALIMENTOS|10|Para Empezar|1008|Para Empezar|1008|OT7|7|Order Type Master 7|7|20278.00|0.00|20278.00|0.00|0.00|0.00|20278.00|0.00|20278.00|153|20278.00|1|0|0.00|0.00|0.00|72|17
FPMI|Plataformas|21|Plataformas|21|AJIACO NINOS| |9542004|AJIACO NINOS| |9542004|ALIMENTOS|10|ALIMENTOS|10|Para Empezar|1008|Para Empezar|1008|OT7|7|Order Type Master 7|7|20278.00|0.00|20278.00|0.00|0.00|0.00|20278.00|0.00|20278.00|153|20278.00|1|0|0.00|0.00|0.00|75|18
FPMI|Plataformas|21|Plataformas|21|CHICHARRON 90 gr| |9528024|CHICHARRON 90 gr| |9528024|ALIMENTOS|10|ALIMENTOS|10|Para Empezar|1008|Para Empezar|1008|OT7|7|Order Type Master 7|7|27963.00|0.00|27963.00|0.00|0.00|0.00|27963.00|0.00|27963.00|153|27963.00|1|0|0.00|0.00|0.00|57|14
FPMI|Restaurante|1|Restaurante|1|FUZE TE DURAZNO | |9606108|FUZE TE DURAZNO | |9606108|BEBIDAS|20|BEBIDAS|20|Bebidas Sin Alcohol|3000|Bebidas Sin Alcohol|3000|OT1|1|Order Type Master 1|1|6389.00|0.00|6389.00|0.00|0.00|0.00|6389.00|0.00|6389.00|1|6389.00|1|0|0.00|0.00|0.00|53|13
FPMI|Restaurante|1|Restaurante|1|PINCHO DE LOMO X 100 GRS| |9502526|PINCHO DE LOMO X 100 GRS| |9502526|ALIMENTOS|10|ALIMENTOS|10|Para Empezar|1008|Para Empezar|1008|OT1|1|Order Type Master 1|1|36666.00|0.00|36666.00|0.00|0.00|0.00|36666.00|0.00|36666.00|1|36666.00|2|0|0.00|0.00|0.00|57|14
FPMI|Restaurante|1|Restaurante|1|CHICHARRON 90 gr| |9528024|CHICHARRON 90 gr| |9528024|ALIMENTOS|10|ALIMENTOS|10|Para Empezar|1008|Para Empezar|1008|OT1|1|Order Type Master 1|1|26667.00|0.00|26667.00|0.00|0.00|0.00|26667.00|0.00|26667.00|1|26667.00|1|0|0.00|0.00|0.00|59|14
FPMI|Restaurante|1|Restaurante|1|CHORIPAN 100 gr| |9502076|CHORIPAN 100 gr| |9502076|ALIMENTOS|10|ALIMENTOS|10|Para Empezar|1008|Para Empezar|1008|OT1|1|Order Type Master 1|1|23056.00|0.00|23056.00|0.00|0.00|0.00|23056.00|0.00|23056.00|1|23056.00|1|0|0.00|0.00|0.00|59|14
FPMI|Restaurante|1|Restaurante|1|CHULETA DE CERDO 300 gr FRANCESA| |9502583|CHULETA DE CERDO 300 gr FRANCESA| |9502583|ALIMENTOS|10|ALIMENTOS|10|Para Empezar|1008|Para Empezar|1008|OT1|1|Order Type Master 1|1|35000.00|0.00|35000.00|0.00|0.00|0.00|35000.00|0.00|35000.00|1|35000.00|1|0|0.00|0.00|0.00|58|14
FPMI|Domicilios|20|Domicilios|20|PECHUGA A LA PARRILLA 230 gr ARROZ| |9506120|PECHUGA A LA PARRILLA 230 gr ARROZ| |9506120|ALIMENTOS|10|ALIMENTOS|10|Para Empezar|1008|Para Empezar|1008|OT2|2|Order Type Master 2|2|24815.00|0.00|24815.00|0.00|0.00|0.00|24815.00|0.00|24815.00|73|24815.00|1|0|0.00|0.00|0.00|51|12
FPMI|Domicilios|20|Domicilios|20|CALENTADO ANDRES| |9518004|CALENTADO ANDRES| |9518004|ALIMENTOS|10|ALIMENTOS|10|Para Empezar|1008|Para Empezar|1008|OT2|2|Order Type Master 2|2|35093.00|0.00|35093.00|0.00|0.00|0.00|35093.00|0.00|35093.00|73|35093.00|1|0|0.00|0.00|0.00|53|13
FPMI|Domicilios|20|Domicilios|20|CHORIPAN 100 gr| |9502076|CHORIPAN 100 gr| |9502076|ALIMENTOS|10|ALIMENTOS|10|Para Empezar|1008|Para Empezar|1008|OT2|2|Order Type Master 2|2|23056.00|-4600.00|18456.00|0.00|0.00|0.00|23056.00|-4600.00|18456.00|73|23056.00|1|0|0.00|0.00|0.00|60|14
FPMI|Plataformas|21|Plataformas|21|SALSA CHIMICHURRI| |9500388|SALSA CHIMICHURRI| |9500388|ALIMENTOS|10|ALIMENTOS|10|Para Empezar|1008|Para Empezar|1008|OT7|7|Order Type Master 7|7|4352.00|0.00|4352.00|0.00|0.00|0.00|4352.00|0.00|4352.00|153|4352.00|1|0|0.00|0.00|0.00|51|12
FPMI|Plataformas|21|Plataformas|21|PECHUGA A LA PARRILLA 230 gr ENSALADA | |9506091|PECHUGA A LA PARRILLA 230 gr ENSALADA | |9506091|ALIMENTOS|10|ALIMENTOS|10|Para Empezar|1008|Para Empezar|1008|OT7|7|Order Type Master 7|7|22963.00|0.00|22963.00|0.00|0.00|0.00|22963.00|0.00|22963.00|177|22963.00|1|0|0.00|0.00|0.00|65|16
FPMI|Plataformas|21|Plataformas|21|PINCHO DE POLLO X 100 GRS| |9502527|PINCHO DE POLLO X 100 GRS| |9502527|ALIMENTOS|10|ALIMENTOS|10|Para Empezar|1008|Para Empezar|1008|OT7|7|Order Type Master 7|7|30740.00|0.00|30740.00|0.00|0.00|0.00|30740.00|0.00|30740.00|153|30740.00|2|0|0.00|0.00|0.00|75|18
FPMI|Plataformas|21|Plataformas|21|PORCION DE ARROZ BLANCO| |9500064|PORCION DE ARROZ BLANCO| |9500064|ALIMENTOS|10|ALIMENTOS|10|Para Empezar|1008|Para Empezar|1008|OT7|7|Order Type Master 7|7|3611.00|0.00|3611.00|0.00|0.00|0.00|3611.00|0.00|3611.00|153|3611.00|1|0|0.00|0.00|0.00|57|14
FPMI|Restaurante|1|Restaurante|1|JUGO DE FRESA EN AGUA| |9604148|JUGO DE FRESA EN AGUA| |9604148|BEBIDAS|20|BEBIDAS|20|Bebidas Sin Alcohol|3000|Bebidas Sin Alcohol|3000|OT1|1|Order Type Master 1|1|10093.00|0.00|10093.00|0.00|0.00|0.00|10093.00|0.00|10093.00|1|10093.00|1|0|0.00|0.00|0.00|57|14
FPMI|Restaurante|1|Restaurante|1|LIMONADA HIERBABUENA| |9604066|LIMONADA HIERBABUENA| |9604066|BEBIDAS|20|BEBIDAS|20|Bebidas Sin Alcohol|3000|Bebidas Sin Alcohol|3000|OT1|1|Order Type Master 1|1|8519.00|0.00|8519.00|0.00|0.00|0.00|8519.00|0.00|8519.00|1|8519.00|1|0|0.00|0.00|0.00|58|14
FPMI|Restaurante|1|Restaurante|1|AREPA DE CHOCOLO| |9506036|AREPA DE CHOCOLO| |9506036|ALIMENTOS|10|ALIMENTOS|10|Para Empezar|1008|Para Empezar|1008|OT1|1|Order Type Master 1|1|20185.00|0.00|20185.00|0.00|0.00|0.00|20185.00|0.00|20185.00|1|20185.00|1|0|0.00|0.00|0.00|57|14
FPMI|Restaurante|1|Restaurante|1|AREPA DE CHOCOLO| |9506036|AREPA DE CHOCOLO| |9506036|ALIMENTOS|10|ALIMENTOS|10|Para Empezar|1008|Para Empezar|1008|OT1|1|Order Type Master 1|1|20185.00|0.00|20185.00|0.00|0.00|0.00|20185.00|0.00|20185.00|1|20185.00|1|0|0.00|0.00|0.00|59|14
FPMI|Restaurante|1|Restaurante|1|PUNTA DE ANCA 250 gr ARROZ| |9502230|PUNTA DE ANCA 250 gr ARROZ| |9502230|ALIMENTOS|10|ALIMENTOS|10|Para Empezar|1008|Para Empezar|1008|OT1|1|Order Type Master 1|1|-54444.00|0.00|-54444.00|0.00|0.00|0.00|-54444.00|0.00|-54444.00|1|-54444.00|-1|0|0.00|0.00|0.00|60|14
FPMI|Restaurante|1|Restaurante|1|CHORIZO ANTIOQUENO 100 gr| |9502084|CHORIZO ANTIOQUENO 100 gr| |9502084|ALIMENTOS|10|ALIMENTOS|10|Para Empezar|1008|Para Empezar|1008|OT1|1|Order Type Master 1|1|13519.00|0.00|13519.00|0.00|0.00|0.00|13519.00|0.00|13519.00|1|13519.00|1|0|0.00|0.00|0.00|60|14
FPMI|Domicilios|20|Domicilios|20|EMPANADA CACHACA| |9528008|EMPANADA CACHACA| |9528008|ALIMENTOS|10|ALIMENTOS|10|Para Empezar|1008|Para Empezar|1008|OT2|2|Order Type Master 2|2|12222.00|-2400.00|9822.00|0.00|0.00|0.00|12222.00|-2400.00|9822.00|73|12222.00|2|0|0.00|0.00|0.00|68|16
FPMI|Plataformas|21|Plataformas|21|HOGAO| |9500200|HOGAO| |9500200|ALIMENTOS|10|ALIMENTOS|10|Para Empezar|1008|Para Empezar|1008|OT7|7|Order Type Master 7|7|3241.00|0.00|3241.00|0.00|0.00|0.00|3241.00|0.00|3241.00|153|3241.00|1|0|0.00|0.00|0.00|83|20
FPMI|Plataformas|21|Plataformas|21|PORCION DE ARROZ BLANCO| |9500064|PORCION DE ARROZ BLANCO| |9500064|ALIMENTOS|10|ALIMENTOS|10|Para Empezar|1008|Para Empezar|1008|OT7|7|Order Type Master 7|7|3611.00|0.00|3611.00|0.00|0.00|0.00|3611.00|0.00|3611.00|153|3611.00|1|0|0.00|0.00|0.00|51|12
FPMI|Plataformas|21|Plataformas|21|SOPA DE VERDURAS| |9520050|SOPA DE VERDURAS| |9520050|ALIMENTOS|10|ALIMENTOS|10|Para Empezar|1008|Para Empezar|1008|OT7|7|Order Type Master 7|7|13796.00|0.00|13796.00|0.00|0.00|0.00|13796.00|0.00|13796.00|153|13796.00|1|0|0.00|0.00|0.00|53|13
FPMI|Plataformas|21|Plataformas|21|AJIACO  POLLO| |9520008|AJIACO  POLLO| |9520008|ALIMENTOS|10|ALIMENTOS|10|Para Empezar|1008|Para Empezar|1008|OT7|7|Order Type Master 7|7|35741.00|0.00|35741.00|0.00|0.00|0.00|35741.00|0.00|35741.00|153|35741.00|1|0|0.00|0.00|0.00|82|20
FPMI|Plataformas|21|Plataformas|21|AJIACO  POLLO| |9520008|AJIACO  POLLO| |9520008|ALIMENTOS|10|ALIMENTOS|10|Para Empezar|1008|Para Empezar|1008|OT7|7|Order Type Master 7|7|35741.00|0.00|35741.00|0.00|0.00|0.00|35741.00|0.00|35741.00|153|35741.00|1|0|0.00|0.00|0.00|55|13
FPMI|Plataformas|21|Plataformas|21|PICADA INDIVIDUAL FRANCESA| |9502584|PICADA INDIVIDUAL FRANCESA| |9502584|ALIMENTOS|10|ALIMENTOS|10|Para Empezar|1008|Para Empezar|1008|OT7|7|Order Type Master 7|7|39630.00|0.00|39630.00|0.00|0.00|0.00|39630.00|0.00|39630.00|153|39630.00|1|0|0.00|0.00|0.00|75|18
FPMI|Restaurante|1|Restaurante|1|GASEOSA 400 ml| |9606131|GASEOSA 400 ml| |9606131|BEBIDAS|20|BEBIDAS|20|Bebidas Sin Alcohol|3000|Bebidas Sin Alcohol|3000|OT1|1|Order Type Master 1|1|7593.00|0.00|7593.00|0.00|0.00|0.00|7593.00|0.00|7593.00|1|7593.00|1|0|0.00|0.00|0.00|68|16
FPMI|Restaurante|1|Restaurante|1|Mensaje Bebidas 2024| |980000095|Mensaje Bebidas 2024| |980000095|ALIMENTOS|10|ALIMENTOS|10|Para Empezar|1008|Para Empezar|1008|OT1|1|Order Type Master 1|1|0.00|0.00|0.00|0.00|0.00|0.00|0.00|0.00|0.00|1|0.00|1|0|0.00|0.00|0.00|58|14
FPMI|Restaurante|1|Restaurante|1|PECHUGA A LA PARRILLA 230 gr CASCO| |9506084|PECHUGA A LA PARRILLA 230 gr CASCO| |9506084|ALIMENTOS|10|ALIMENTOS|10|Para Empezar|1008|Para Empezar|1008|OT1|1|Order Type Master 1|1|24815.00|0.00|24815.00|0.00|0.00|0.00|24815.00|0.00|24815.00|1|24815.00|1|0|0.00|0.00|0.00|58|14
FPMI|Restaurante|1|Restaurante|1|CALENTADO PAISA| |9518008|CALENTADO PAISA| |9518008|ALIMENTOS|10|ALIMENTOS|10|Para Empezar|1008|Para Empezar|1008|OT1|1|Order Type Master 1|1|35093.00|0.00|35093.00|0.00|0.00|0.00|35093.00|0.00|35093.00|1|35093.00|1|0|0.00|0.00|0.00|53|13
FPMI|Restaurante|1|Restaurante|1|Mod 1/2| |980000002|Mod 1/2| |980000002|ALIMENTOS|10|ALIMENTOS|10|Para Empezar|1008|Para Empezar|1008|OT1|1|Order Type Master 1|1|0.00|0.00|0.00|0.00|0.00|0.00|0.00|0.00|0.00|1|0.00|0|0|0.00|0.00|0.00|60|14
FPMI|Restaurante|1|Restaurante|1|LONGANIZA 100 gr| |9502092|LONGANIZA 100 gr| |9502092|ALIMENTOS|10|ALIMENTOS|10|Para Empezar|1008|Para Empezar|1008|OT1|1|Order Type Master 1|1|12593.00|0.00|12593.00|0.00|0.00|0.00|12593.00|0.00|12593.00|1|12593.00|1|0|0.00|0.00|0.00|68|16
FPMI|Restaurante|1|Restaurante|1|ENTRECOT 180 gr  ENSALADA| |9502509|ENTRECOT 180 gr  ENSALADA| |9502509|ALIMENTOS|10|ALIMENTOS|10|Para Empezar|1008|Para Empezar|1008|OT1|1|Order Type Master 1|1|36852.00|0.00|36852.00|0.00|0.00|0.00|36852.00|0.00|36852.00|1|36852.00|1|0|0.00|0.00|0.00|69|17
FPMI|Domicilios|20|Domicilios|20|CHORIPAN 100 gr| |9502076|CHORIPAN 100 gr| |9502076|ALIMENTOS|10|ALIMENTOS|10|Para Empezar|1008|Para Empezar|1008|OT2|2|Order Type Master 2|2|46112.00|0.00|46112.00|0.00|0.00|0.00|46112.00|0.00|46112.00|73|46112.00|2|0|0.00|0.00|0.00|58|14
FPMI|Domicilios|20|Domicilios|20|PINCHO DE POLLO PERSONAL| |9540235|PINCHO DE POLLO PERSONAL| |9540235|ALIMENTOS|10|ALIMENTOS|10|Para Empezar|1008|Para Empezar|1008|OT2|2|Order Type Master 2|2|23150.00|0.00|23150.00|0.00|0.00|0.00|23150.00|0.00|23150.00|73|23150.00|5|0|0.00|0.00|0.00|51|12
FPMI|Plataformas|21|Plataformas|21|ENSALADA FRESCA ACOMPANAMIENTO| |9500164|ENSALADA FRESCA ACOMPANAMIENTO| |9500164|ALIMENTOS|10|ALIMENTOS|10|Para Empezar|1008|Para Empezar|1008|OT7|7|Order Type Master 7|7|7500.00|0.00|7500.00|0.00|0.00|0.00|7500.00|0.00|7500.00|153|7500.00|1|0|0.00|0.00|0.00|55|13
FPMI|Restaurante|1|Restaurante|1|AGUA MANANTIAL SIN GAS 500 ML| |9606135|AGUA MANANTIAL SIN GAS 500 ML| |9606135|BEBIDAS|20|BEBIDAS|20|Bebidas Sin Alcohol|3000|Bebidas Sin Alcohol|3000|OT1|1|Order Type Master 1|1|8148.00|0.00|8148.00|0.00|0.00|0.00|8148.00|0.00|8148.00|1|8148.00|1|0|0.00|0.00|0.00|57|14
FPMI|Restaurante|1|Restaurante|1|AROMATICA| |9602088|AROMATICA| |9602088|BEBIDAS|20|BEBIDAS|20|Bebidas Sin Alcohol|3000|Bebidas Sin Alcohol|3000|OT1|1|Order Type Master 1|1|4537.00|0.00|4537.00|0.00|0.00|0.00|4537.00|0.00|4537.00|1|4537.00|1|0|0.00|0.00|0.00|58|14
FPMI|Plataformas|21|Plataformas|21|GASEOSA 400 ml| |9606131|GASEOSA 400 ml| |9606131|BEBIDAS|20|BEBIDAS|20|Bebidas Sin Alcohol|3000|Bebidas Sin Alcohol|3000|OT7|7|Order Type Master 7|7|15926.00|0.00|15926.00|0.00|0.00|0.00|15926.00|0.00|15926.00|153|15926.00|2|0|0.00|0.00|0.00|57|14
FPMI|Restaurante|1|Restaurante|1|COMO ENTRADA| |90000038|COMO ENTRADA| |90000038|ALIMENTOS|10|ALIMENTOS|10|Para Empezar|1008|Para Empezar|1008|OT1|1|Order Type Master 1|1|0.00|0.00|0.00|0.00|0.00|0.00|0.00|0.00|0.00|25|0.00|-1|0|0.00|0.00|0.00|60|14
FPMI|Plataformas|21|Plataformas|21|EMPANADA MIXTA 4 UNIDADES| |9528041|EMPANADA MIXTA 4 UNIDADES| |9528041|ALIMENTOS|10|ALIMENTOS|10|Para Empezar|1008|Para Empezar|1008|OT7|7|Order Type Master 7|7|23611.00|0.00|23611.00|0.00|0.00|0.00|23611.00|0.00|23611.00|153|23611.00|1|0|0.00|0.00|0.00|83|20
FPMI|Plataformas|21|Plataformas|21|MORCILLA 100 gr| |9502080|MORCILLA 100 gr| |9502080|ALIMENTOS|10|ALIMENTOS|10|Para Empezar|1008|Para Empezar|1008|OT7|7|Order Type Master 7|7|11204.00|0.00|11204.00|0.00|0.00|0.00|11204.00|0.00|11204.00|153|11204.00|1|0|0.00|0.00|0.00|83|20
FPMI|Plataformas|21|Plataformas|21|AJIACO  POLLO| |9520008|AJIACO  POLLO| |9520008|ALIMENTOS|10|ALIMENTOS|10|Para Empezar|1008|Para Empezar|1008|OT7|7|Order Type Master 7|7|35741.00|0.00|35741.00|0.00|0.00|0.00|35741.00|0.00|35741.00|153|35741.00|1|0|0.00|0.00|0.00|76|18
FPMI|Plataformas|21|Plataformas|21|MADURITOS| |9500252|MADURITOS| |9500252|ALIMENTOS|10|ALIMENTOS|10|Para Empezar|1008|Para Empezar|1008|OT7|7|Order Type Master 7|7|3519.00|0.00|3519.00|0.00|0.00|0.00|3519.00|0.00|3519.00|153|3519.00|1|0|0.00|0.00|0.00|65|16
