FPID|Expr123|Expres Chia|20250117|20250117|20250118|123004|2.00|2.00|Simphony|19.7.2
FPSUM|Restaurante|1|Restaurante|1|123150.00|12314.00|0|0|0.00|0|9850.00|0|0|0|0|0|0.00|0.00|0.00|0|0|0|0.00|0|0.00|0|0.00|0|145314.00|0|173285.00|1|0.00|0|0.00|0|0.00|0.00|13|56|123150.00|0.00|0.00|0.00|123150.00|116728.00|116728.00|0.00|1.00|0.00|116728.00|116728.00|116728.00
FPSUM|Restaurante|1|Restaurante|1|79445.00|7944.00|0|0|0.00|0|6355.00|1|0|0|0|0|0.00|0.00|0.00|0|0|0|0.00|0|0.00|0|0.00|0|93744.00|1|261348.00|2|0.00|0|0.00|0|0.00|0.00|15|62|79445.00|0.00|0.00|0.00|79445.00|85633.00|84499.67|-1133.33|0.50|0.00|168999.33|85633.00|84499.67
FPSUM|Restaurante|1|Restaurante|1|39260.00|3926.00|0|0|0.00|0|3140.00|1|0|0|0|0|0.00|0.00|0.00|0|0|0|0.00|0|0.00|0|0.00|0|46326.00|1|235235.00|1|0.00|0|0.00|0|0.00|0.00|13|55|39260.00|0.00|0.00|0.00|39260.00|80324.33|80324.33|0.00|0.33|0.00|240973.24|80324.33|80324.33
FPSUM|Restaurante|1|Restaurante|1|169536.00|16954.00|0|0|0.00|0|13564.00|3|0|0|0|0|0.00|0.00|0.00|0|0|0|111900.00|5|0.00|0|0.00|0|200054.00|3|0.00|0|0.00|0|0.00|0|0.00|0.00|18|73|169536.00|0.00|0.00|0.00|169536.00|66434.67|65501.33|-933.33|0.67|0.00|98251.95|66434.67|65501.33
FPSUM|Domicilios|20|Domicilios|20|8148.00|0.00|0|0|0.00|0|652.00|1|0|0|0|0|0.00|0.00|0.00|0|0|0|0.00|0|0.00|0|0.00|0|8800.00|1|8800.00|1|0.00|0|0.00|0|0.00|0.00|18|76|8148.00|0.00|0.00|0.00|8148.00|15509.17|12409.17|-3100.00|0.67|0.00|18613.74|15509.17|12409.17
FPSUM|Restaurante|1|Restaurante|1|0.00|0.00|0|0|0.00|0|0.00|0|0|0|0|0|0.00|0.00|0.00|0|0|0|0.00|0|0.00|0|0.00|0|0.00|0|83911.00|1|0.00|0|0.00|0|0.00|0.00|16|68|0.00|0.00|0.00|0.00|0.00|14707.00|10557.00|-4150.00|0.17|0.00|63341.87|14707.00|10557.00
FPSUM|Restaurante|1|Restaurante|1|34167.00|3417.00|0|0|0.00|0|2733.00|0|0|0|0|0|0.00|0.00|0.00|0|0|0|0.00|0|0.00|0|0.00|0|40317.00|0|0.00|0|0.00|0|0.00|0|0.00|0.00|15|63|34167.00|0.00|0.00|0.00|34167.00|13163.50|13163.50|0.00|0.17|0.00|78980.84|13163.50|13163.50
FPSUM|Restaurante|1|Restaurante|1|85278.00|8528.00|0|0|0.00|0|6822.00|1|0|0|0|0|0.00|0.00|0.00|0|0|0|0.00|0|0.00|0|0.00|0|100628.00|1|0.00|0|0.00|0|0.00|0|0.00|0.00|20|81|85278.00|0.00|0.00|0.00|85278.00|79013.00|76879.67|-2133.33|0.83|0.00|92255.64|79013.00|76879.67
FPSUM|Restaurante|1|Restaurante|1|76296.00|7629.00|0|0|0.00|0|6104.00|3|0|0|0|0|0.00|0.00|0.00|0|0|0|6600.00|1|0.00|0|0.00|0|90029.00|3|0.00|0|0.00|0|0.00|0|0.00|0.00|14|57|76296.00|0.00|0.00|0.00|76296.00|38904.17|35637.50|-3266.67|0.50|0.00|71275.00|38904.17|35637.50
FPSUM|Restaurante|1|Restaurante|1|291576.00|29157.00|0|0|0.00|0|23324.00|2|0|0|0|0|0.00|0.00|0.00|0|0|0|100600.00|2|0.00|0|0.00|0|344057.00|2|0.00|0|0.00|0|0.00|0|0.00|0.00|12|50|291576.00|0.00|0.00|0.00|291576.00|95478.00|95478.00|0.00|0.67|0.00|143216.93|95478.00|95478.00
FPSUM|Restaurante|1|Restaurante|1|73334.00|7333.00|0|0|0.00|0|5866.00|1|0|0|0|0|0.00|0.00|0.00|0|0|0|0.00|0|0.00|0|0.00|0|86533.00|1|280577.00|1|0.00|0|0.00|0|0.00|0.00|20|83|73334.00|0.00|0.00|0.00|73334.00|3024.67|-2392.00|-5416.67|0.33|0.00|-7176.01|3024.67|-2392.00
FPSUM|Domicilios|20|Domicilios|20|27780.00|0.00|0|0|0.00|0|2220.00|1|0|0|0|0|0.00|0.00|0.00|0|0|0|0.00|0|0.00|0|0.00|0|30000.00|1|0.00|0|0.00|0|0.00|0|0.00|0.00|12|49|27780.00|0.00|0.00|0.00|27780.00|22700.83|22284.17|-416.67|0.50|0.00|44568.33|22700.83|22284.17
FPSUM|Restaurante|1|Restaurante|1|126668.00|12667.00|0|0|0.00|0|10132.00|0|0|0|0|0|0.00|0.00|0.00|0|0|0|18000.00|2|0.00|0|0.00|0|149467.00|0|89046.00|1|0.00|0|0.00|0|0.00|0.00|12|52|126668.00|0.00|0.00|0.00|126668.00|29768.67|28218.67|-1550.00|0.50|0.00|56437.33|29768.67|28218.67
FPSUM|Plataformas|21|Plataformas|21|30833.00|0.00|0|0|0.00|0|2467.00|1|0|0|0|0|0.00|0.00|0.00|0|0|0|0.00|0|0.00|0|0.00|0|33300.00|1|33300.00|1|0.00|0|0.00|0|0.00|0.00|12|50|30833.00|0.00|0.00|0.00|30833.00|50370.67|50370.67|0.00|0.50|0.00|100741.33|50370.67|50370.67
FPSUM|Restaurante|1|Restaurante|1|146112.00|14610.00|0|0|0.00|0|11688.00|1|0|0|0|0|0.00|0.00|0.00|0|0|0|0.00|0|0.00|0|0.00|0|172410.00|1|0.00|0|0.00|0|0.00|0|0.00|0.00|17|71|146112.00|0.00|0.00|0.00|146112.00|32669.83|31553.17|-1116.67|0.50|0.00|63106.33|32669.83|31553.17
FPSUM|Restaurante|1|Restaurante|1|132382.00|15398.00|0|0|0.00|0|12318.00|2|0|0|0|0|0.00|0.00|0.00|0|0|0|0.00|0|0.00|0|0.00|0|160098.00|2|250018.00|3|0.00|0|0.00|0|0.00|0.00|18|75|153982.00|-21600.00|0.00|0.00|132382.00|50139.50|48256.17|-1883.33|0.33|0.00|144768.64|50139.50|48256.17
FPSUM|Domicilios|20|Domicilios|20|0.00|0.00|0|0|0.00|0|0.00|0|0|0|0|0|0.00|0.00|0.00|0|0|0|0.00|0|0.00|0|0.00|0|0.00|0|30000.00|1|0.00|0|0.00|0|0.00|0.00|17|70|0.00|0.00|0.00|0.00|0.00|0.00|0.00|0.00|0.00|0.00|0.00|0.00|0.00
FPSUM|Restaurante|1|Restaurante|1|60186.00|6018.00|0|0|0.00|0|4814.00|1|0|0|0|0|0.00|0.00|0.00|0|0|0|0.00|0|0.00|0|0.00|0|71015.00|1|90026.00|3|0.00|0|0.00|0|0.00|0.00|14|59|60186.00|0.00|0.00|0.00|60186.00|25525.00|25525.00|0.00|0.50|0.00|51050.00|25525.00|25525.00
FPSUM|Restaurante|1|Restaurante|1|236111.00|23610.00|0|0|0.00|0|18889.00|3|0|0|0|0|0.00|0.00|0.00|0|0|0|0.00|0|0.00|0|0.00|0|278610.00|3|45670.00|1|0.00|0|0.00|0|0.00|0.00|12|51|236111.00|0.00|0.00|0.00|236111.00|0.00|0.00|0.00|0.00|0.00|0.00|0.00|0.00
FPSUM|Restaurante|1|Restaurante|1|0.00|0.00|0|0|0.00|0|0.00|0|0|0|0|0|0.00|0.00|0.00|0|0|0|0.00|0|0.00|0|0.00|0|0.00|0|191640.00|1|0.00|0|0.00|0|0.00|0.00|14|58|0.00|0.00|0.00|0.00|0.00|30817.83|20884.50|-9933.33|0.17|0.00|125306.75|30817.83|20884.50
FPSUM|Restaurante|1|Restaurante|1|0.00|0.00|0|0|0.00|0|0.00|0|0|0|0|0|0.00|0.00|0.00|0|0|0|0.00|0|0.00|0|0.00|0|0.00|0|0.00|0|0.00|0|0.00|0|0.00|0.00|19|78|0.00|0.00|0.00|0.00|0.00|70802.50|68285.83|-2516.67|1.00|0.00|68285.83|70802.50|68285.83
FPSUM|Restaurante|1|Restaurante|1|1.00|2.00|0|0|0.00|0|0.00|1|0|0|0|0|0.00|0.00|0.00|0|0|0|0.00|0|0.00|0|0.00|0|3.00|1|3.00|1|0.00|0|0.00|0|0.00|0.00|21|88|1.00|0.00|0.00|0.00|1.00|0.00|0.00|0.00|0.00|0.00|0.00|0.00|0.00
FPSUM|Plataformas|21|Plataformas|21|27963.00|0.00|0|0|0.00|0|2237.00|1|0|0|0|0|0.00|0.00|0.00|0|0|0|0.00|0|0.00|0|0.00|0|30200.00|1|30200.00|1|0.00|0|0.00|0|0.00|0.00|14|60|27963.00|0.00|0.00|0.00|27963.00|10293.17|10293.17|0.00|0.17|0.00|61758.88|10293.17|10293.17
FPSUM|Restaurante|1|Restaurante|1|8519.00|852.00|0|0|0.00|0|681.00|0|0|0|0|0|0.00|0.00|0.00|0|0|0|0.00|0|0.00|0|0.00|0|10052.00|0|0.00|0|0.00|0|0.00|0|0.00|0.00|17|72|8519.00|0.00|0.00|0.00|8519.00|51898.00|51898.00|0.00|0.33|0.00|155694.16|51898.00|51898.00
FPSUM|Restaurante|1|Restaurante|1|33889.00|3389.00|0|0|0.00|0|2711.00|0|0|0|0|0|0.00|0.00|0.00|0|0|0|0.00|0|0.00|0|0.00|0|39989.00|0|0.00|0|0.00|0|0.00|0|0.00|0.00|20|82|33889.00|0.00|0.00|0.00|33889.00|6512.50|6512.50|0.00|0.17|0.00|39074.92|6512.50|6512.50
FPSUM|Plataformas|21|Plataformas|21|52038.00|0.00|0|0|0.00|0|4162.00|1|0|0|0|0|0.00|0.00|0.00|0|0|0|0.00|0|0.00|0|0.00|0|56200.00|1|56200.00|1|0.00|0|0.00|0|0.00|0.00|14|59|52038.00|0.00|0.00|0.00|52038.00|0.00|0.00|0.00|0.00|0.00|0.00|0.00|0.00
FPSUM|Restaurante|1|Restaurante|1|44074.00|4407.00|0|0|0.00|0|3526.00|0|0|0|0|0|0.00|0.00|0.00|0|0|0|0.00|1|0.00|0|0.00|0|52011.00|0|4.00|0|0.00|0|0.00|0|0.00|0.00|13|53|44074.00|0.00|0.00|0.00|44074.00|138226.17|137576.17|-650.00|1.33|0.00|103182.15|138226.17|137576.17
FPSUM|Restaurante|1|Restaurante|1|49815.00|4981.00|0|0|0.00|0|3985.00|1|0|0|0|0|0.00|0.00|0.00|0|0|0|0.00|0|0.00|0|0.00|0|58781.00|1|285166.00|1|0.00|0|0.00|0|0.00|0.00|13|54|49815.00|0.00|0.00|0.00|49815.00|96975.67|96975.67|0.00|1.00|0.00|96975.67|96975.67|96975.67
FPSUM|Restaurante|1|Restaurante|1|10185.00|2018.00|0|0|0.00|0|1615.00|1|0|0|0|0|0.00|0.00|0.00|0|0|0|0.00|0|0.00|0|0.00|0|13818.00|1|48781.00|1|0.00|0|0.00|0|0.00|0.00|14|60|20185.00|-10000.00|0.00|0.00|10185.00|88595.83|85445.83|-3150.00|0.83|0.00|102535.04|88595.83|85445.83
FPSUM|Restaurante|1|Restaurante|1|55372.00|5537.00|0|0|0.00|0|4428.00|2|0|0|0|0|0.00|0.00|0.00|0|0|0|0.00|0|0.00|0|0.00|0|65337.00|2|0.00|0|0.00|0|0.00|0|0.00|0.00|17|70|55372.00|0.00|0.00|0.00|55372.00|15000.00|13683.33|-1316.67|0.33|0.00|41050.04|15000.00|13683.33
FPSUM|Restaurante|1|Restaurante|1|71111.00|7111.00|0|0|0.00|0|5689.00|1|0|0|0|0|0.00|0.00|0.00|0|0|0|0.00|0|0.00|0|0.00|1|83911.00|1|134061.00|1|0.00|0|0.00|0|0.00|0.00|16|65|71111.00|0.00|0.00|0.00|71111.00|9351.83|9351.83|0.00|0.33|0.00|28055.53|9351.83|9351.83
FPSUM|Restaurante|1|Restaurante|1|226110.00|22610.00|0|0|0.00|0|18090.00|2|0|0|0|0|0.00|0.00|0.00|0|0|0|0.00|1|0.00|0|0.00|0|266810.00|2|0.00|0|0.00|0|0.00|0|0.00|0.00|20|84|226110.00|0.00|0.00|0.00|226110.00|-6018.17|-19184.83|-13166.67|0.33|0.00|-57554.56|-6018.17|-19184.83
FPSUM|Restaurante|1|Restaurante|1|0.00|0.00|0|0|0.00|0|0.00|0|0|0|0|0|0.00|0.00|0.00|0|0|0|0.00|0|0.00|0|0.00|1|0.00|0|91887.00|1|0.00|0|0.00|0|0.00|0.00|19|77|0.00|0.00|0.00|0.00|0.00|45586.67|44420.00|-1166.67|0.67|0.00|66629.97|45586.67|44420.00
FPSUM|Restaurante|1|Restaurante|1|141111.00|14112.00|0|0|0.00|0|11289.00|0|0|0|0|0|0.00|0.00|0.00|0|0|0|8800.00|1|0.00|0|0.00|0|166512.00|0|0.00|0|0.00|0|0.00|0|0.00|0.00|15|61|141111.00|0.00|0.00|0.00|141111.00|93009.33|93009.33|0.00|0.50|0.00|186018.67|93009.33|93009.33
FPSUM|Domicilios|20|Domicilios|20|0.00|0.00|0|0|0.00|0|0.00|0|0|0|0|0|0.00|0.00|0.00|0|0|0|0.00|0|0.00|0|21900.00|2|0.00|0|0.00|0|0.00|0|0.00|0|0.00|0.00|15|64|0.00|0.00|0.00|0.00|0.00|0.00|0.00|0.00|0.00|0.00|0.00|0.00|0.00
FPSUM|Plataformas|21|Plataformas|21|44537.00|0.00|0|0|0.00|0|3563.00|1|0|0|0|0|0.00|0.00|0.00|0|0|0|0.00|0|0.00|0|0.00|0|48100.00|1|48100.00|1|0.00|0|0.00|0|0.00|0.00|15|61|44537.00|0.00|0.00|0.00|44537.00|7376.50|7376.50|0.00|0.17|0.00|44258.91|7376.50|7376.50
FPSUM|Domicilios|20|Domicilios|20|26996.00|0.00|0|0|0.00|0|2704.00|1|0|0|0|0|0.00|0.00|0.00|0|0|0|0.00|0|0.00|0|0.00|0|29700.00|1|29700.00|1|0.00|0|0.00|0|0.00|0.00|18|74|33796.00|-6800.00|0.00|0.00|26996.00|11682.17|9348.83|-2333.33|0.17|0.00|56092.89|11682.17|9348.83
FPSUM|Domicilios|20|Domicilios|20|0.00|0.00|0|0|0.00|0|0.00|0|0|0|0|0|0.00|0.00|0.00|0|0|0|0.00|0|0.00|0|30900.00|1|0.00|0|0.00|0|0.00|0|0.00|0|0.00|0.00|20|83|0.00|0.00|0.00|0.00|0.00|0.00|-833.33|-833.33|0.00|0.00|0.00|0.00|-833.33
FPSUM|Restaurante|1|Restaurante|1|0.00|0.00|0|0|0.00|0|0.00|0|0|0|0|0|0.00|0.00|0.00|0|0|0|0.00|0|0.00|0|7976.00|2|0.00|0|0.00|0|0.00|0|0.00|0|0.00|0.00|15|64|0.00|0.00|0.00|0.00|0.00|2638.83|2638.83|0.00|0.00|0.00|0.00|2638.83|2638.83
FPSUM|Restaurante|1|Restaurante|1|131637.00|16453.00|0|0|0.00|0|13163.00|2|0|0|0|0|0.00|0.00|0.00|0|0|0|0.00|0|0.00|0|0.00|0|161253.00|2|161253.00|2|0.00|0|0.00|0|0.00|0.00|18|76|164537.00|-32900.00|0.00|0.00|131637.00|37144.83|32361.50|-4783.33|0.50|0.00|64723.00|37144.83|32361.50
FPSUM|Restaurante|1|Restaurante|1|196298.00|19629.00|0|0|0.00|0|15702.00|0|0|0|0|0|0.00|0.00|0.00|0|0|0|0.00|0|0.00|0|0.00|1|231633.00|1|136250.00|1|0.00|0|0.00|0|0.00|0.00|19|79|196298.00|0.00|0.00|0.00|196298.00|49676.17|49676.17|0.00|0.83|0.00|59611.42|49676.17|49676.17
FPSUM|Restaurante|1|Restaurante|1|38704.00|3870.00|0|0|0.00|0|3096.00|1|0|0|0|0|0.00|0.00|0.00|0|0|0|0.00|0|0.00|0|0.00|0|45670.00|1|0.00|0|0.00|0|0.00|0|0.00|0.00|12|49|38704.00|0.00|0.00|0.00|38704.00|8302.50|8302.50|0.00|0.17|0.00|49814.90|8302.50|8302.50
FPSUM|Restaurante|1|Restaurante|1|84200.00|2092.00|0|0|0.00|0|8000.00|0|0|0|0|0|0.00|0.00|0.00|0|0|0|0.00|0|0.00|0|33080.00|1|94292.00|0|215133.00|2|0.00|0|0.00|0|0.00|-7907.00|18|74|100000.00|-15800.00|0.00|0.00|84200.00|9845.83|9845.83|0.00|0.00|0.00|0.00|9845.83|9845.83
FPSUM|Restaurante|1|Restaurante|1|0.00|0.00|0|0|0.00|0|0.00|0|0|0|0|0|0.00|0.00|0.00|0|0|0|0.00|0|0.00|0|0.00|0|0.00|0|100628.00|1|0.00|0|0.00|0|0.00|0.00|21|85|0.00|0.00|0.00|0.00|0.00|-1203.17|-3603.17|-2400.00|0.50|0.00|-7206.33|-1203.17|-3603.17
FPSUM|Plataformas|21|Plataformas|21|54167.00|0.00|0|0|0.00|0|4333.00|1|0|0|0|0|0.00|0.00|0.00|0|0|0|0.00|0|0.00|0|0.00|0|58500.00|1|58500.00|1|0.00|0|0.00|0|0.00|0.00|18|74|54167.00|0.00|0.00|0.00|54167.00|0.00|0.00|0.00|0.00|0.00|0.00|0.00|0.00
FPSUM|Plataformas|21|Plataformas|21|82223.00|0.00|0|0|0.00|0|6577.00|1|0|0|0|0|0.00|0.00|0.00|0|0|0|0.00|0|0.00|0|0.00|0|88800.00|1|88800.00|1|0.00|0|0.00|0|0.00|0.00|18|73|82223.00|0.00|0.00|0.00|82223.00|0.00|0.00|0.00|0.00|0.00|0.00|0.00|0.00
FPSUM|Plataformas|21|Plataformas|21|84444.00|0.00|0|0|0.00|0|6756.00|1|0|0|0|0|0.00|0.00|0.00|0|0|0|0.00|0|0.00|0|0.00|0|91200.00|1|91200.00|1|0.00|0|0.00|0|0.00|0.00|15|63|84444.00|0.00|0.00|0.00|84444.00|0.00|0.00|0.00|0.00|0.00|0.00|0.00|0.00
FPSUM|Restaurante|1|Restaurante|1|7907.00|-2018.00|0|0|0.00|0|1193.00|0|0|0|0|0|0.00|0.00|0.00|0|0|0|14300.00|2|0.00|0|0.00|0|7082.00|0|257066.00|3|0.00|0|0.00|0|0.00|-3509.00|21|86|14907.00|-7000.00|0.00|0.00|7907.00|0.00|0.00|0.00|0.00|0.00|0.00|0.00|0.00
FPSUM|Plataformas|21|Plataformas|21|153889.00|0.00|0|0|0.00|0|12311.00|1|0|0|0|0|0.00|0.00|0.00|0|0|0|0.00|0|0.00|0|0.00|0|166200.00|1|166200.00|1|0.00|0|0.00|0|0.00|0.00|19|77|153889.00|0.00|0.00|0.00|153889.00|0.00|0.00|0.00|0.00|0.00|0.00|0.00|0.00
FPSUM|Restaurante|1|Restaurante|1|0.00|0.00|0|0|0.00|0|0.00|0|0|0|0|0|0.00|0.00|0.00|0|0|0|0.00|0|0.00|0|0.00|0|0.00|0|144768.00|1|0.00|0|0.00|0|0.00|0.00|21|87|0.00|0.00|0.00|0.00|0.00|0.00|0.00|0.00|0.00|0.00|0.00|0.00|0.00
FPSUM|Plataformas|21|Plataformas|21|186575.00|0.00|0|0|0.00|0|14925.00|1|0|0|0|0|0.00|0.00|0.00|0|0|0|0.00|0|0.00|0|0.00|0|201500.00|1|201500.00|1|0.00|0|0.00|0|0.00|0.00|13|56|186575.00|0.00|0.00|0.00|186575.00|0.00|0.00|0.00|0.00|0.00|0.00|0.00|0.00
FPSUM|Plataformas|21|Plataformas|21|157038.00|0.00|0|0|0.00|0|12562.00|1|0|0|0|0|0.00|0.00|0.00|0|0|0|0.00|0|0.00|0|0.00|0|169600.00|1|169600.00|1|0.00|0|0.00|0|0.00|0.00|11|45|157038.00|0.00|0.00|0.00|157038.00|0.00|0.00|0.00|0.00|0.00|0.00|0.00|0.00
FPSUM|Plataformas|21|Plataformas|21|37129.00|0.00|0|0|0.00|0|2971.00|1|0|0|0|0|0.00|0.00|0.00|0|0|0|0.00|0|0.00|0|0.00|0|40100.00|1|40100.00|1|0.00|0|0.00|0|0.00|0.00|20|83|37129.00|0.00|0.00|0.00|37129.00|0.00|0.00|0.00|0.00|0.00|0.00|0.00|0.00
FPOT|Restaurante|1|Restaurante|1|OT1|1|Order Type Master 1|1|0.00|0.00|0.00|0|0.00|0|0.00|0|0|0|0|0|0.00|0.00|0.00|0|0|0|0.00|0|0.00|0|0.00|0|0.00|0|191640.00|1|0.00|0|0.00|0|0.00|0.00|14|58|0.00|0.00|0.00|0.00|0.00|30817.83|20884.50|-9933.33|0.17|0.00|125306.75|30817.83|20884.50
FPOT|Restaurante|1|Restaurante|1|OT1|1|Order Type Master 1|1|76296.00|7629.00|0.00|0|0.00|0|6104.00|3|0|0|0|0|0.00|0.00|0.00|0|0|0|6600.00|1|0.00|0|0.00|0|90029.00|3|0.00|0|0.00|0|0.00|0|0.00|0.00|14|57|76296.00|0.00|0.00|0.00|76296.00|38904.17|35637.50|-3266.67|0.50|0.00|71275.00|38904.17|35637.50
FPOT|Restaurante|1|Restaurante|1|OT1|1|Order Type Master 1|1|0.00|0.00|0.00|0|0.00|0|0.00|0|0|0|0|0|0.00|0.00|0.00|0|0|0|0.00|0|0.00|0|0.00|1|0.00|0|91887.00|1|0.00|0|0.00|0|0.00|0.00|19|77|0.00|0.00|0.00|0.00|0.00|45586.67|44420.00|-1166.67|0.67|0.00|66629.97|45586.67|44420.00
FPOT|Restaurante|1|Restaurante|1|OT1|1|Order Type Master 1|1|226110.00|22610.00|0.00|0|0.00|0|18090.00|2|0|0|0|0|0.00|0.00|0.00|0|0|0|0.00|1|0.00|0|0.00|0|266810.00|2|0.00|0|0.00|0|0.00|0|0.00|0.00|20|84|226110.00|0.00|0.00|0.00|226110.00|-6018.17|-19184.83|-13166.67|0.33|0.00|-57554.56|-6018.17|-19184.83
FPOT|Restaurante|1|Restaurante|1|OT1|1|Order Type Master 1|1|60186.00|6018.00|0.00|0|0.00|0|4814.00|1|0|0|0|0|0.00|0.00|0.00|0|0|0|0.00|0|0.00|0|0.00|0|71015.00|1|90026.00|3|0.00|0|0.00|0|0.00|0.00|14|59|60186.00|0.00|0.00|0.00|60186.00|25525.00|25525.00|0.00|0.50|0.00|51050.00|25525.00|25525.00
FPOT|Restaurante|1|Restaurante|1|OT1|1|Order Type Master 1|1|73334.00|7333.00|0.00|0|0.00|0|5866.00|1|0|0|0|0|0.00|0.00|0.00|0|0|0|0.00|0|0.00|0|0.00|0|86533.00|1|280577.00|1|0.00|0|0.00|0|0.00|0.00|20|83|73334.00|0.00|0.00|0.00|73334.00|3024.67|-2392.00|-5416.67|0.33|0.00|-7176.01|3024.67|-2392.00
FPOT|Restaurante|1|Restaurante|1|OT1|1|Order Type Master 1|1|34167.00|3417.00|0.00|0|0.00|0|2733.00|0|0|0|0|0|0.00|0.00|0.00|0|0|0|0.00|0|0.00|0|0.00|0|40317.00|0|0.00|0|0.00|0|0.00|0|0.00|0.00|15|63|34167.00|0.00|0.00|0.00|34167.00|13163.50|13163.50|0.00|0.17|0.00|78980.84|13163.50|13163.50
FPOT|Restaurante|1|Restaurante|1|OT1|1|Order Type Master 1|1|33889.00|3389.00|0.00|0|0.00|0|2711.00|0|0|0|0|0|0.00|0.00|0.00|0|0|0|0.00|0|0.00|0|0.00|0|39989.00|0|0.00|0|0.00|0|0.00|0|0.00|0.00|20|82|33889.00|0.00|0.00|0.00|33889.00|6512.50|6512.50|0.00|0.17|0.00|39074.92|6512.50|6512.50
FPOT|Restaurante|1|Restaurante|1|OT1|1|Order Type Master 1|1|71111.00|7111.00|0.00|0|0.00|0|5689.00|1|0|0|0|0|0.00|0.00|0.00|0|0|0|0.00|0|0.00|0|0.00|1|83911.00|1|134061.00|1|0.00|0|0.00|0|0.00|0.00|16|65|71111.00|0.00|0.00|0.00|71111.00|9351.83|9351.83|0.00|0.33|0.00|28055.53|9351.83|9351.83
FPOT|Restaurante|1|Restaurante|1|OT1|1|Order Type Master 1|1|0.00|0.00|0.00|0|0.00|0|0.00|0|0|0|0|0|0.00|0.00|0.00|0|0|0|0.00|0|0.00|0|0.00|0|0.00|0|100628.00|1|0.00|0|0.00|0|0.00|0.00|21|85|0.00|0.00|0.00|0.00|0.00|-1203.17|-3603.17|-2400.00|0.50|0.00|-7206.33|-1203.17|-3603.17
FPOT|Domicilios|20|Domicilios|20|OT2|2|Order Type Master 2|2|8148.00|0.00|0.00|0|0.00|0|652.00|1|0|0|0|0|0.00|0.00|0.00|0|0|0|0.00|0|0.00|0|0.00|0|8800.00|1|8800.00|1|0.00|0|0.00|0|0.00|0.00|18|76|8148.00|0.00|0.00|0.00|8148.00|15509.17|12409.17|-3100.00|0.67|0.00|18613.74|15509.17|12409.17
FPOT|Domicilios|20|Domicilios|20|OT2|2|Order Type Master 2|2|0.00|0.00|0.00|0|0.00|0|0.00|0|0|0|0|0|0.00|0.00|0.00|0|0|0|0.00|0|0.00|0|0.00|0|0.00|0|30000.00|1|0.00|0|0.00|0|0.00|0.00|17|70|0.00|0.00|0.00|0.00|0.00|0.00|0.00|0.00|0.00|0.00|0.00|0.00|0.00
FPOT|Plataformas|21|Plataformas|21|OT7|7|Order Type Master 7|7|153889.00|0.00|0.00|0|0.00|0|12311.00|1|0|0|0|0|0.00|0.00|0.00|0|0|0|0.00|0|0.00|0|0.00|0|166200.00|1|166200.00|1|0.00|0|0.00|0|0.00|0.00|19|77|153889.00|0.00|0.00|0.00|153889.00|0.00|0.00|0.00|0.00|0.00|0.00|0.00|0.00
FPOT|Plataformas|21|Plataformas|21|OT7|7|Order Type Master 7|7|54167.00|0.00|0.00|0|0.00|0|4333.00|1|0|0|0|0|0.00|0.00|0.00|0|0|0|0.00|0|0.00|0|0.00|0|58500.00|1|58500.00|1|0.00|0|0.00|0|0.00|0.00|18|74|54167.00|0.00|0.00|0.00|54167.00|0.00|0.00|0.00|0.00|0.00|0.00|0.00|0.00
FPOT|Plataformas|21|Plataformas|21|OT7|7|Order Type Master 7|7|84444.00|0.00|0.00|0|0.00|0|6756.00|1|0|0|0|0|0.00|0.00|0.00|0|0|0|0.00|0|0.00|0|0.00|0|91200.00|1|91200.00|1|0.00|0|0.00|0|0.00|0.00|15|63|84444.00|0.00|0.00|0.00|84444.00|0.00|0.00|0.00|0.00|0.00|0.00|0.00|0.00
FPOT|Restaurante|1|Restaurante|1|OT1|1|Order Type Master 1|1|44074.00|4407.00|0.00|0|0.00|0|3526.00|0|0|0|0|0|0.00|0.00|0.00|0|0|0|0.00|1|0.00|0|0.00|0|52011.00|0|4.00|0|0.00|0|0.00|0|0.00|0.00|13|53|44074.00|0.00|0.00|0.00|44074.00|138226.17|137576.17|-650.00|1.33|0.00|103182.15|138226.17|137576.17
FPOT|Restaurante|1|Restaurante|1|OT1|1|Order Type Master 1|1|0.00|0.00|0.00|0|0.00|0|0.00|0|0|0|0|0|0.00|0.00|0.00|0|0|0|0.00|0|0.00|0|0.00|0|0.00|0|83911.00|1|0.00|0|0.00|0|0.00|0.00|16|68|0.00|0.00|0.00|0.00|0.00|14707.00|10557.00|-4150.00|0.17|0.00|63341.87|14707.00|10557.00
FPOT|Restaurante|1|Restaurante|1|OT1|1|Order Type Master 1|1|10185.00|2018.00|0.00|0|0.00|0|1615.00|1|0|0|0|0|0.00|0.00|0.00|0|0|0|0.00|0|0.00|0|0.00|0|13818.00|1|48781.00|1|0.00|0|0.00|0|0.00|0.00|14|60|20185.00|-10000.00|0.00|0.00|10185.00|88595.83|85445.83|-3150.00|0.83|0.00|102535.04|88595.83|85445.83
FPOT|Restaurante|1|Restaurante|1|OT1|1|Order Type Master 1|1|85278.00|8528.00|0.00|0|0.00|0|6822.00|1|0|0|0|0|0.00|0.00|0.00|0|0|0|0.00|0|0.00|0|0.00|0|100628.00|1|0.00|0|0.00|0|0.00|0|0.00|0.00|20|81|85278.00|0.00|0.00|0.00|85278.00|79013.00|76879.67|-2133.33|0.83|0.00|92255.64|79013.00|76879.67
FPOT|Restaurante|1|Restaurante|1|OT1|1|Order Type Master 1|1|0.00|0.00|0.00|0|0.00|0|0.00|0|0|0|0|0|0.00|0.00|0.00|0|0|0|0.00|0|0.00|0|0.00|0|0.00|0|0.00|0|0.00|0|0.00|0|0.00|0.00|19|78|0.00|0.00|0.00|0.00|0.00|70802.50|68285.83|-2516.67|1.00|0.00|68285.83|70802.50|68285.83
FPOT|Plataformas|21|Plataformas|21|OT7|7|Order Type Master 7|7|30833.00|0.00|0.00|0|0.00|0|2467.00|1|0|0|0|0|0.00|0.00|0.00|0|0|0|0.00|0|0.00|0|0.00|0|33300.00|1|33300.00|1|0.00|0|0.00|0|0.00|0.00|12|50|30833.00|0.00|0.00|0.00|30833.00|50370.67|50370.67|0.00|0.50|0.00|100741.33|50370.67|50370.67
FPOT|Restaurante|1|Restaurante|1|OT1|1|Order Type Master 1|1|55372.00|5537.00|0.00|0|0.00|0|4428.00|2|0|0|0|0|0.00|0.00|0.00|0|0|0|0.00|0|0.00|0|0.00|0|65337.00|2|0.00|0|0.00|0|0.00|0|0.00|0.00|17|70|55372.00|0.00|0.00|0.00|55372.00|15000.00|13683.33|-1316.67|0.33|0.00|41050.04|15000.00|13683.33
FPOT|Restaurante|1|Restaurante|1|OT1|1|Order Type Master 1|1|84200.00|2092.00|0.00|0|0.00|0|8000.00|0|0|0|0|0|0.00|0.00|0.00|0|0|0|0.00|0|0.00|0|33080.00|1|94292.00|0|215133.00|2|0.00|0|0.00|0|0.00|-7907.00|18|74|100000.00|-15800.00|0.00|0.00|84200.00|9845.83|9845.83|0.00|0.00|0.00|0.00|9845.83|9845.83
FPOT|Restaurante|1|Restaurante|1|OT1|1|Order Type Master 1|1|1.00|2.00|0.00|0|0.00|0|0.00|1|0|0|0|0|0.00|0.00|0.00|0|0|0|0.00|0|0.00|0|0.00|0|3.00|1|3.00|1|0.00|0|0.00|0|0.00|0.00|21|88|1.00|0.00|0.00|0.00|1.00|0.00|0.00|0.00|0.00|0.00|0.00|0.00|0.00
FPOT|Domicilios|20|Domicilios|20|OT2|2|Order Type Master 2|2|26996.00|0.00|0.00|0|0.00|0|2704.00|1|0|0|0|0|0.00|0.00|0.00|0|0|0|0.00|0|0.00|0|0.00|0|29700.00|1|29700.00|1|0.00|0|0.00|0|0.00|0.00|18|74|33796.00|-6800.00|0.00|0.00|26996.00|11682.17|9348.83|-2333.33|0.17|0.00|56092.89|11682.17|9348.83
FPOT|Domicilios|20|Domicilios|20|OT2|2|Order Type Master 2|2|0.00|0.00|0.00|0|0.00|0|0.00|0|0|0|0|0|0.00|0.00|0.00|0|0|0|0.00|0|0.00|0|30900.00|1|0.00|0|0.00|0|0.00|0|0.00|0|0.00|0.00|20|83|0.00|0.00|0.00|0.00|0.00|0.00|-833.33|-833.33|0.00|0.00|0.00|0.00|-833.33
FPOT|Plataformas|21|Plataformas|21|OT7|7|Order Type Master 7|7|186575.00|0.00|0.00|0|0.00|0|14925.00|1|0|0|0|0|0.00|0.00|0.00|0|0|0|0.00|0|0.00|0|0.00|0|201500.00|1|201500.00|1|0.00|0|0.00|0|0.00|0.00|13|56|186575.00|0.00|0.00|0.00|186575.00|0.00|0.00|0.00|0.00|0.00|0.00|0.00|0.00
FPOT|Plataformas|21|Plataformas|21|OT7|7|Order Type Master 7|7|27963.00|0.00|0.00|0|0.00|0|2237.00|1|0|0|0|0|0.00|0.00|0.00|0|0|0|0.00|0|0.00|0|0.00|0|30200.00|1|30200.00|1|0.00|0|0.00|0|0.00|0.00|14|60|27963.00|0.00|0.00|0.00|27963.00|10293.17|10293.17|0.00|0.17|0.00|61758.88|10293.17|10293.17
FPOT|Restaurante|1|Restaurante|1|OT1|1|Order Type Master 1|1|291576.00|29157.00|0.00|0|0.00|0|23324.00|2|0|0|0|0|0.00|0.00|0.00|0|0|0|100600.00|2|0.00|0|0.00|0|344057.00|2|0.00|0|0.00|0|0.00|0|0.00|0.00|12|50|291576.00|0.00|0.00|0.00|291576.00|95478.00|95478.00|0.00|0.67|0.00|143216.93|95478.00|95478.00
FPOT|Restaurante|1|Restaurante|1|OT1|1|Order Type Master 1|1|123150.00|12314.00|0.00|0|0.00|0|9850.00|0|0|0|0|0|0.00|0.00|0.00|0|0|0|0.00|0|0.00|0|0.00|0|145314.00|0|173285.00|1|0.00|0|0.00|0|0.00|0.00|13|56|123150.00|0.00|0.00|0.00|123150.00|116728.00|116728.00|0.00|1.00|0.00|116728.00|116728.00|116728.00
FPOT|Restaurante|1|Restaurante|1|OT1|1|Order Type Master 1|1|49815.00|4981.00|0.00|0|0.00|0|3985.00|1|0|0|0|0|0.00|0.00|0.00|0|0|0|0.00|0|0.00|0|0.00|0|58781.00|1|285166.00|1|0.00|0|0.00|0|0.00|0.00|13|54|49815.00|0.00|0.00|0.00|49815.00|96975.67|96975.67|0.00|1.00|0.00|96975.67|96975.67|96975.67
FPOT|Plataformas|21|Plataformas|21|OT7|7|Order Type Master 7|7|37129.00|0.00|0.00|0|0.00|0|2971.00|1|0|0|0|0|0.00|0.00|0.00|0|0|0|0.00|0|0.00|0|0.00|0|40100.00|1|40100.00|1|0.00|0|0.00|0|0.00|0.00|20|83|37129.00|0.00|0.00|0.00|37129.00|0.00|0.00|0.00|0.00|0.00|0.00|0.00|0.00
FPOT|Restaurante|1|Restaurante|1|OT1|1|Order Type Master 1|1|196298.00|19629.00|0.00|0|0.00|0|15702.00|0|0|0|0|0|0.00|0.00|0.00|0|0|0|0.00|0|0.00|0|0.00|1|231633.00|1|136250.00|1|0.00|0|0.00|0|0.00|0.00|19|79|196298.00|0.00|0.00|0.00|196298.00|49676.17|49676.17|0.00|0.83|0.00|59611.42|49676.17|49676.17
FPOT|Restaurante|1|Restaurante|1|OT1|1|Order Type Master 1|1|79445.00|7944.00|0.00|0|0.00|0|6355.00|1|0|0|0|0|0.00|0.00|0.00|0|0|0|0.00|0|0.00|0|0.00|0|93744.00|1|261348.00|2|0.00|0|0.00|0|0.00|0.00|15|62|79445.00|0.00|0.00|0.00|79445.00|85633.00|84499.67|-1133.33|0.50|0.00|168999.33|85633.00|84499.67
FPOT|Restaurante|1|Restaurante|1|OT1|1|Order Type Master 1|1|169536.00|16954.00|0.00|0|0.00|0|13564.00|3|0|0|0|0|0.00|0.00|0.00|0|0|0|111900.00|5|0.00|0|0.00|0|200054.00|3|0.00|0|0.00|0|0.00|0|0.00|0.00|18|73|169536.00|0.00|0.00|0.00|169536.00|66434.67|65501.33|-933.33|0.67|0.00|98251.95|66434.67|65501.33
FPOT|Restaurante|1|Restaurante|1|OT1|1|Order Type Master 1|1|0.00|0.00|0.00|0|0.00|0|0.00|0|0|0|0|0|0.00|0.00|0.00|0|0|0|0.00|0|0.00|0|7976.00|2|0.00|0|0.00|0|0.00|0|0.00|0|0.00|0.00|15|64|0.00|0.00|0.00|0.00|0.00|2638.83|2638.83|0.00|0.00|0.00|0.00|2638.83|2638.83
FPOT|Restaurante|1|Restaurante|1|OT1|1|Order Type Master 1|1|39260.00|3926.00|0.00|0|0.00|0|3140.00|1|0|0|0|0|0.00|0.00|0.00|0|0|0|0.00|0|0.00|0|0.00|0|46326.00|1|235235.00|1|0.00|0|0.00|0|0.00|0.00|13|55|39260.00|0.00|0.00|0.00|39260.00|80324.33|80324.33|0.00|0.33|0.00|240973.24|80324.33|80324.33
FPOT|Restaurante|1|Restaurante|1|OT1|1|Order Type Master 1|1|146112.00|14610.00|0.00|0|0.00|0|11688.00|1|0|0|0|0|0.00|0.00|0.00|0|0|0|0.00|0|0.00|0|0.00|0|172410.00|1|0.00|0|0.00|0|0.00|0|0.00|0.00|17|71|146112.00|0.00|0.00|0.00|146112.00|32669.83|31553.17|-1116.67|0.50|0.00|63106.33|32669.83|31553.17
FPOT|Restaurante|1|Restaurante|1|OT1|1|Order Type Master 1|1|126668.00|12667.00|0.00|0|0.00|0|10132.00|0|0|0|0|0|0.00|0.00|0.00|0|0|0|18000.00|2|0.00|0|0.00|0|149467.00|0|89046.00|1|0.00|0|0.00|0|0.00|0.00|12|52|126668.00|0.00|0.00|0.00|126668.00|29768.67|28218.67|-1550.00|0.50|0.00|56437.33|29768.67|28218.67
FPOT|Restaurante|1|Restaurante|1|OT1|1|Order Type Master 1|1|7907.00|-2018.00|0.00|0|0.00|0|1193.00|0|0|0|0|0|0.00|0.00|0.00|0|0|0|14300.00|2|0.00|0|0.00|0|7082.00|0|257066.00|3|0.00|0|0.00|0|0.00|-3509.00|21|86|14907.00|-7000.00|0.00|0.00|7907.00|0.00|0.00|0.00|0.00|0.00|0.00|0.00|0.00
FPOT|Plataformas|21|Plataformas|21|OT7|7|Order Type Master 7|7|157038.00|0.00|0.00|0|0.00|0|12562.00|1|0|0|0|0|0.00|0.00|0.00|0|0|0|0.00|0|0.00|0|0.00|0|169600.00|1|169600.00|1|0.00|0|0.00|0|0.00|0.00|11|45|157038.00|0.00|0.00|0.00|157038.00|0.00|0.00|0.00|0.00|0.00|0.00|0.00|0.00
FPOT|Plataformas|21|Plataformas|21|OT7|7|Order Type Master 7|7|44537.00|0.00|0.00|0|0.00|0|3563.00|1|0|0|0|0|0.00|0.00|0.00|0|0|0|0.00|0|0.00|0|0.00|0|48100.00|1|48100.00|1|0.00|0|0.00|0|0.00|0.00|15|61|44537.00|0.00|0.00|0.00|44537.00|7376.50|7376.50|0.00|0.17|0.00|44258.91|7376.50|7376.50
FPOT|Restaurante|1|Restaurante|1|OT1|1|Order Type Master 1|1|38704.00|3870.00|0.00|0|0.00|0|3096.00|1|0|0|0|0|0.00|0.00|0.00|0|0|0|0.00|0|0.00|0|0.00|0|45670.00|1|0.00|0|0.00|0|0.00|0|0.00|0.00|12|49|38704.00|0.00|0.00|0.00|38704.00|8302.50|8302.50|0.00|0.17|0.00|49814.90|8302.50|8302.50
FPOT|Restaurante|1|Restaurante|1|OT1|1|Order Type Master 1|1|131637.00|16453.00|0.00|0|0.00|0|13163.00|2|0|0|0|0|0.00|0.00|0.00|0|0|0|0.00|0|0.00|0|0.00|0|161253.00|2|161253.00|2|0.00|0|0.00|0|0.00|0.00|18|76|164537.00|-32900.00|0.00|0.00|131637.00|37144.83|32361.50|-4783.33|0.50|0.00|64723.00|37144.83|32361.50
FPOT|Domicilios|20|Domicilios|20|OT2|2|Order Type Master 2|2|27780.00|0.00|0.00|0|0.00|0|2220.00|1|0|0|0|0|0.00|0.00|0.00|0|0|0|0.00|0|0.00|0|0.00|0|30000.00|1|0.00|0|0.00|0|0.00|0|0.00|0.00|12|49|27780.00|0.00|0.00|0.00|27780.00|22700.83|22284.17|-416.67|0.50|0.00|44568.33|22700.83|22284.17
FPOT|Plataformas|21|Plataformas|21|OT7|7|Order Type Master 7|7|52038.00|0.00|0.00|0|0.00|0|4162.00|1|0|0|0|0|0.00|0.00|0.00|0|0|0|0.00|0|0.00|0|0.00|0|56200.00|1|56200.00|1|0.00|0|0.00|0|0.00|0.00|14|59|52038.00|0.00|0.00|0.00|52038.00|0.00|0.00|0.00|0.00|0.00|0.00|0.00|0.00
FPOT|Restaurante|1|Restaurante|1|OT1|1|Order Type Master 1|1|132382.00|15398.00|0.00|0|0.00|0|12318.00|2|0|0|0|0|0.00|0.00|0.00|0|0|0|0.00|0|0.00|0|0.00|0|160098.00|2|250018.00|3|0.00|0|0.00|0|0.00|0.00|18|75|153982.00|-21600.00|0.00|0.00|132382.00|50139.50|48256.17|-1883.33|0.33|0.00|144768.64|50139.50|48256.17
FPOT|Restaurante|1|Restaurante|1|OT1|1|Order Type Master 1|1|0.00|0.00|0.00|0|0.00|0|0.00|0|0|0|0|0|0.00|0.00|0.00|0|0|0|0.00|0|0.00|0|0.00|0|0.00|0|144768.00|1|0.00|0|0.00|0|0.00|0.00|21|87|0.00|0.00|0.00|0.00|0.00|0.00|0.00|0.00|0.00|0.00|0.00|0.00|0.00
FPOT|Restaurante|1|Restaurante|1|OT1|1|Order Type Master 1|1|8519.00|852.00|0.00|0|0.00|0|681.00|0|0|0|0|0|0.00|0.00|0.00|0|0|0|0.00|0|0.00|0|0.00|0|10052.00|0|0.00|0|0.00|0|0.00|0|0.00|0.00|17|72|8519.00|0.00|0.00|0.00|8519.00|51898.00|51898.00|0.00|0.33|0.00|155694.16|51898.00|51898.00
FPOT|Restaurante|1|Restaurante|1|OT1|1|Order Type Master 1|1|236111.00|23610.00|0.00|0|0.00|0|18889.00|3|0|0|0|0|0.00|0.00|0.00|0|0|0|0.00|0|0.00|0|0.00|0|278610.00|3|45670.00|1|0.00|0|0.00|0|0.00|0.00|12|51|236111.00|0.00|0.00|0.00|236111.00|0.00|0.00|0.00|0.00|0.00|0.00|0.00|0.00
FPOT|Restaurante|1|Restaurante|1|OT1|1|Order Type Master 1|1|141111.00|14112.00|0.00|0|0.00|0|11289.00|0|0|0|0|0|0.00|0.00|0.00|0|0|0|8800.00|1|0.00|0|0.00|0|166512.00|0|0.00|0|0.00|0|0.00|0|0.00|0.00|15|61|141111.00|0.00|0.00|0.00|141111.00|93009.33|93009.33|0.00|0.50|0.00|186018.67|93009.33|93009.33
FPOT|Domicilios|20|Domicilios|20|OT2|2|Order Type Master 2|2|0.00|0.00|0.00|0|0.00|0|0.00|0|0|0|0|0|0.00|0.00|0.00|0|0|0|0.00|0|0.00|0|21900.00|2|0.00|0|0.00|0|0.00|0|0.00|0|0.00|0.00|15|64|0.00|0.00|0.00|0.00|0.00|0.00|0.00|0.00|0.00|0.00|0.00|0.00|0.00
FPOT|Plataformas|21|Plataformas|21|OT7|7|Order Type Master 7|7|82223.00|0.00|0.00|0|0.00|0|6577.00|1|0|0|0|0|0.00|0.00|0.00|0|0|0|0.00|0|0.00|0|0.00|0|88800.00|1|88800.00|1|0.00|0|0.00|0|0.00|0.00|18|73|82223.00|0.00|0.00|0.00|82223.00|0.00|0.00|0.00|0.00|0.00|0.00|0.00|0.00
FPMI|Restaurante|1|Restaurante|1|CAPUCCINO NESPRESSO| |9262152|CAPUCCINO NESPRESSO| |9262152|BEBIDAS|20|BEBIDAS|20|Bebidas Sin Alcohol|3000|Bebidas Sin Alcohol|3000|OT1|1|Order Type Master 1|1|8241.00|0.00|8241.00|0.00|0.00|0.00|8241.00|0.00|8241.00|1|8241.00|1|0|0.00|0.00|0.00|82|20
FPMI|Restaurante|1|Restaurante|1|AROMATICA| |9602088|AROMATICA| |9602088|BEBIDAS|20|BEBIDAS|20|Bebidas Sin Alcohol|3000|Bebidas Sin Alcohol|3000|OT1|1|Order Type Master 1|1|4537.00|0.00|4537.00|0.00|0.00|0.00|4537.00|0.00|4537.00|1|4537.00|1|0|0.00|0.00|0.00|53|13
FPMI|Restaurante|1|Restaurante|1|LIMONADA NATURAL| |9604060|LIMONADA NATURAL| |9604060|BEBIDAS|20|BEBIDAS|20|Bebidas Sin Alcohol|3000|Bebidas Sin Alcohol|3000|OT1|1|Order Type Master 1|1|8519.00|0.00|8519.00|0.00|0.00|0.00|8519.00|0.00|8519.00|1|8519.00|1|0|0.00|0.00|0.00|70|17
FPMI|Restaurante|1|Restaurante|1|JUGO DE MARACUYA EN AGUA| |9604116|JUGO DE MARACUYA EN AGUA| |9604116|BEBIDAS|20|BEBIDAS|20|Bebidas Sin Alcohol|3000|Bebidas Sin Alcohol|3000|OT1|1|Order Type Master 1|1|10093.00|-2016.00|8077.00|0.00|0.00|0.00|10093.00|-2016.00|8077.00|1|10093.00|1|0|0.00|0.00|0.00|75|18
FPMI|Restaurante|1|Restaurante|1|JUGO DE MANDARINA| |9604044|JUGO DE MANDARINA| |9604044|BEBIDAS|20|BEBIDAS|20|Bebidas Sin Alcohol|3000|Bebidas Sin Alcohol|3000|OT1|1|Order Type Master 1|1|14074.00|-2811.00|11263.00|0.00|0.00|0.00|14074.00|-2811.00|11263.00|1|14074.00|1|0|0.00|0.00|0.00|75|18
FPMI|Restaurante|1|Restaurante|1|GASEOSA 400 ml| |9606131|GASEOSA 400 ml| |9606131|BEBIDAS|20|BEBIDAS|20|Bebidas Sin Alcohol|3000|Bebidas Sin Alcohol|3000|OT1|1|Order Type Master 1|1|7593.00|0.00|7593.00|0.00|0.00|0.00|7593.00|0.00|7593.00|1|7593.00|1|0|0.00|0.00|0.00|70|17
FPMI|Restaurante|1|Restaurante|1|COMO ENTRADA| |90000038|COMO ENTRADA| |90000038|ALIMENTOS|10|ALIMENTOS|10|Para Empezar|1008|Para Empezar|1008|OT1|1|Order Type Master 1|1|0.00|0.00|0.00|0.00|0.00|0.00|0.00|0.00|0.00|41|0.00|2|0|0.00|0.00|0.00|50|12
FPMI|Restaurante|1|Restaurante|1|COMO ENTRADA| |90000038|COMO ENTRADA| |90000038|ALIMENTOS|10|ALIMENTOS|10|Para Empezar|1008|Para Empezar|1008|OT1|1|Order Type Master 1|1|0.00|0.00|0.00|0.00|0.00|0.00|0.00|0.00|0.00|17|0.00|1|0|0.00|0.00|0.00|84|20
FPMI|Restaurante|1|Restaurante|1|TAZA DE FRIJOLES| |9520049|TAZA DE FRIJOLES| |9520049|ALIMENTOS|10|ALIMENTOS|10|Para Empezar|1008|Para Empezar|1008|OT1|1|Order Type Master 1|1|11667.00|0.00|11667.00|0.00|0.00|0.00|11667.00|0.00|11667.00|1|11667.00|1|0|0.00|0.00|0.00|56|13
FPMI|Restaurante|1|Restaurante|1|Mensaje Bebidas 2024| |980000095|Mensaje Bebidas 2024| |980000095|ALIMENTOS|10|ALIMENTOS|10|Para Empezar|1008|Para Empezar|1008|OT1|1|Order Type Master 1|1|0.00|0.00|0.00|0.00|0.00|0.00|0.00|0.00|0.00|1|0.00|1|0|0.00|0.00|0.00|61|15
FPMI|Restaurante|1|Restaurante|1|CHUNCHULLO x 200 gr| |9502072|CHUNCHULLO x 200 gr| |9502072|ALIMENTOS|10|ALIMENTOS|10|Para Empezar|1008|Para Empezar|1008|OT1|1|Order Type Master 1|1|23056.00|-4615.00|18441.00|0.00|0.00|0.00|23056.00|-4615.00|18441.00|1|23056.00|1|0|0.00|0.00|0.00|76|18
FPMI|Restaurante|1|Restaurante|1|BANDEJA PAISA| |9520036|BANDEJA PAISA| |9520036|ALIMENTOS|10|ALIMENTOS|10|Para Empezar|1008|Para Empezar|1008|OT1|1|Order Type Master 1|1|42500.00|-8506.00|33994.00|0.00|0.00|0.00|42500.00|-8506.00|33994.00|1|42500.00|1|0|0.00|0.00|0.00|76|18
FPMI|Restaurante|1|Restaurante|1|CHURRASCO 250 gr ARROZ| |9502104|CHURRASCO 250 gr ARROZ| |9502104|ALIMENTOS|10|ALIMENTOS|10|Para Empezar|1008|Para Empezar|1008|OT1|1|Order Type Master 1|1|51667.00|0.00|51667.00|0.00|0.00|0.00|51667.00|0.00|51667.00|1|51667.00|1|0|0.00|0.00|0.00|71|17
FPMI|Restaurante|1|Restaurante|1|Mensaje Bebidas 2024| |980000095|Mensaje Bebidas 2024| |980000095|ALIMENTOS|10|ALIMENTOS|10|Para Empezar|1008|Para Empezar|1008|OT1|1|Order Type Master 1|1|0.00|0.00|0.00|0.00|0.00|0.00|0.00|0.00|0.00|1|0.00|2|0|0.00|0.00|0.00|71|17
FPMI|Restaurante|1|Restaurante|1|AREPA DE CHOCOLO| |9506036|AREPA DE CHOCOLO| |9506036|ALIMENTOS|10|ALIMENTOS|10|Para Empezar|1008|Para Empezar|1008|OT1|1|Order Type Master 1|1|80740.00|0.00|80740.00|0.00|0.00|0.00|80740.00|0.00|80740.00|1|80740.00|4|0|0.00|0.00|0.00|73|18
FPMI|Restaurante|1|Restaurante|1|PATACON CON HOGAO| |9524044|PATACON CON HOGAO| |9524044|ALIMENTOS|10|ALIMENTOS|10|Para Empezar|1008|Para Empezar|1008|OT1|1|Order Type Master 1|1|10000.00|0.00|10000.00|0.00|0.00|0.00|10000.00|0.00|10000.00|1|10000.00|1|0|0.00|0.00|0.00|50|12
FPMI|Restaurante|1|Restaurante|1|Mensaje Bebidas 2024| |980000095|Mensaje Bebidas 2024| |980000095|ALIMENTOS|10|ALIMENTOS|10|Para Empezar|1008|Para Empezar|1008|OT1|1|Order Type Master 1|1|0.00|0.00|0.00|0.00|0.00|0.00|0.00|0.00|0.00|1|0.00|1|0|0.00|0.00|0.00|70|17
FPMI|Restaurante|1|Restaurante|1|Propinas Adicionales| |980000104|Propinas Adicionales| |980000104|ALIMENTOS|10|ALIMENTOS|10|Para Empezar|1008|Para Empezar|1008|OT1|1|Order Type Master 1|1|1.00|0.00|1.00|0.00|0.00|0.00|1.00|0.00|1.00|73|1.00|1|0|0.00|0.00|0.00|88|21
FPMI|Restaurante|1|Restaurante|1|AREPA DE HUEVO| |9528012|AREPA DE HUEVO| |9528012|ALIMENTOS|10|ALIMENTOS|10|Para Empezar|1008|Para Empezar|1008|OT1|1|Order Type Master 1|1|23334.00|0.00|23334.00|0.00|0.00|0.00|23334.00|0.00|23334.00|1|23334.00|3|0|0.00|0.00|0.00|79|19
FPMI|Restaurante|1|Restaurante|1|CHICHARRON 90 gr| |9528024|CHICHARRON 90 gr| |9528024|ALIMENTOS|10|ALIMENTOS|10|Para Empezar|1008|Para Empezar|1008|OT1|1|Order Type Master 1|1|26667.00|0.00|26667.00|0.00|0.00|0.00|26667.00|0.00|26667.00|1|26667.00|1|0|0.00|0.00|0.00|55|13
FPMI|Restaurante|1|Restaurante|1|Mod 3/4| |980000004|Mod 3/4| |980000004|ALIMENTOS|10|ALIMENTOS|10|Para Empezar|1008|Para Empezar|1008|OT1|1|Order Type Master 1|1|0.00|0.00|0.00|0.00|0.00|0.00|0.00|0.00|0.00|1|0.00|1|0|0.00|0.00|0.00|52|12
FPMI|Restaurante|1|Restaurante|1|Mensaje Bebidas 2024| |980000095|Mensaje Bebidas 2024| |980000095|ALIMENTOS|10|ALIMENTOS|10|Para Empezar|1008|Para Empezar|1008|OT1|1|Order Type Master 1|1|0.00|0.00|0.00|0.00|0.00|0.00|0.00|0.00|0.00|1|0.00|1|0|0.00|0.00|0.00|52|12
FPMI|Restaurante|1|Restaurante|1|COMO ENTRADA| |90000038|COMO ENTRADA| |90000038|ALIMENTOS|10|ALIMENTOS|10|Para Empezar|1008|Para Empezar|1008|OT1|1|Order Type Master 1|1|0.00|0.00|0.00|0.00|0.00|0.00|0.00|0.00|0.00|1|0.00|1|0|0.00|0.00|0.00|54|13
FPMI|Restaurante|1|Restaurante|1|SALSA BBQ| |9500380|SALSA BBQ| |9500380|ALIMENTOS|10|ALIMENTOS|10|Para Empezar|1008|Para Empezar|1008|OT1|1|Order Type Master 1|1|0.00|0.00|0.00|0.00|0.00|0.00|0.00|0.00|0.00|1|0.00|1|0|0.00|0.00|0.00|74|18
FPMI|Restaurante|1|Restaurante|1|Mod 3/4| |980000004|Mod 3/4| |980000004|ALIMENTOS|10|ALIMENTOS|10|Para Empezar|1008|Para Empezar|1008|OT1|1|Order Type Master 1|1|0.00|0.00|0.00|0.00|0.00|0.00|0.00|0.00|0.00|1|0.00|1|0|0.00|0.00|0.00|51|12
FPMI|Restaurante|1|Restaurante|1|BANDEJA PAISA| |9520036|BANDEJA PAISA| |9520036|ALIMENTOS|10|ALIMENTOS|10|Para Empezar|1008|Para Empezar|1008|OT1|1|Order Type Master 1|1|42500.00|0.00|42500.00|0.00|0.00|0.00|42500.00|0.00|42500.00|1|42500.00|1|0|0.00|0.00|0.00|51|12
FPMI|Restaurante|1|Restaurante|1|Mensaje Bebidas 2024| |980000095|Mensaje Bebidas 2024| |980000095|ALIMENTOS|10|ALIMENTOS|10|Para Empezar|1008|Para Empezar|1008|OT1|1|Order Type Master 1|1|0.00|0.00|0.00|0.00|0.00|0.00|0.00|0.00|0.00|1|0.00|1|0|0.00|0.00|0.00|51|12
FPMI|Restaurante|1|Restaurante|1|CHUNCHULLO x 200 gr| |9502072|CHUNCHULLO x 200 gr| |9502072|ALIMENTOS|10|ALIMENTOS|10|Para Empezar|1008|Para Empezar|1008|OT1|1|Order Type Master 1|1|23056.00|0.00|23056.00|0.00|0.00|0.00|23056.00|0.00|23056.00|1|23056.00|1|0|0.00|0.00|0.00|84|20
FPMI|Restaurante|1|Restaurante|1|COMO ENTRADA| |90000038|COMO ENTRADA| |90000038|ALIMENTOS|10|ALIMENTOS|10|Para Empezar|1008|Para Empezar|1008|OT1|1|Order Type Master 1|1|0.00|0.00|0.00|0.00|0.00|0.00|0.00|0.00|0.00|41|0.00|1|0|0.00|0.00|0.00|84|20
FPMI|Restaurante|1|Restaurante|1|CALENTAO ANDRES MEDIO| |9518003|CALENTAO ANDRES MEDIO| |9518003|ALIMENTOS|10|ALIMENTOS|10|Para Empezar|1008|Para Empezar|1008|OT1|1|Order Type Master 1|1|16574.00|0.00|16574.00|0.00|0.00|0.00|16574.00|0.00|16574.00|1|16574.00|1|0|0.00|0.00|0.00|51|12
FPMI|Plataformas|21|Plataformas|21|CUBIERTOS Y SERVILLETAS| |980000100|CUBIERTOS Y SERVILLETAS| |980000100|ALIMENTOS|10|ALIMENTOS|10|Para Empezar|1008|Para Empezar|1008|OT7|7|Order Type Master 7|7|0.00|0.00|0.00|0.00|0.00|0.00|0.00|0.00|0.00|153|0.00|1|0|0.00|0.00|0.00|50|12
FPMI|Plataformas|21|Plataformas|21|AREPA DE CHOCOLO| |9506036|AREPA DE CHOCOLO| |9506036|ALIMENTOS|10|ALIMENTOS|10|Para Empezar|1008|Para Empezar|1008|OT7|7|Order Type Master 7|7|63333.00|0.00|63333.00|0.00|0.00|0.00|63333.00|0.00|63333.00|153|63333.00|3|0|0.00|0.00|0.00|77|19
FPMI|Restaurante|1|Restaurante|1|LIMONADA NATURAL| |9604060|LIMONADA NATURAL| |9604060|BEBIDAS|20|BEBIDAS|20|Bebidas Sin Alcohol|3000|Bebidas Sin Alcohol|3000|OT1|1|Order Type Master 1|1|8519.00|0.00|8519.00|0.00|0.00|0.00|8519.00|0.00|8519.00|1|8519.00|1|0|0.00|0.00|0.00|72|17
FPMI|Restaurante|1|Restaurante|1|JUGO DE MANDARINA| |9604044|JUGO DE MANDARINA| |9604044|BEBIDAS|20|BEBIDAS|20|Bebidas Sin Alcohol|3000|Bebidas Sin Alcohol|3000|OT1|1|Order Type Master 1|1|14074.00|0.00|14074.00|0.00|0.00|0.00|14074.00|0.00|14074.00|1|14074.00|1|0|0.00|0.00|0.00|50|12
FPMI|Plataformas|21|Plataformas|21|JUGO DE LULO EN AGUA| |9604216|JUGO DE LULO EN AGUA| |9604216|BEBIDAS|20|BEBIDAS|20|Bebidas Sin Alcohol|3000|Bebidas Sin Alcohol|3000|OT7|7|Order Type Master 7|7|10556.00|0.00|10556.00|0.00|0.00|0.00|10556.00|0.00|10556.00|153|10556.00|1|0|0.00|0.00|0.00|77|19
FPMI|Restaurante|1|Restaurante|1|Mod 1/2| |980000002|Mod 1/2| |980000002|ALIMENTOS|10|ALIMENTOS|10|Para Empezar|1008|Para Empezar|1008|OT1|1|Order Type Master 1|1|0.00|0.00|0.00|0.00|0.00|0.00|0.00|0.00|0.00|1|0.00|1|0|0.00|0.00|0.00|84|20
FPMI|Restaurante|1|Restaurante|1|MJE ALM| |90000037|MJE ALM| |90000037|ALIMENTOS|10|ALIMENTOS|10|Para Empezar|1008|Para Empezar|1008|OT1|1|Order Type Master 1|1|0.00|0.00|0.00|0.00|0.00|0.00|0.00|0.00|0.00|1|0.00|1|0|0.00|0.00|0.00|83|20
FPMI|Restaurante|1|Restaurante|1|TORTA DE CHOCOLATE | |9514022|TORTA DE CHOCOLATE | |9514022|ALIMENTOS|10|ALIMENTOS|10|Para Empezar|1008|Para Empezar|1008|OT1|1|Order Type Master 1|1|13519.00|0.00|13519.00|0.00|0.00|0.00|13519.00|0.00|13519.00|1|13519.00|1|0|0.00|0.00|0.00|82|20
FPMI|Restaurante|1|Restaurante|1|MJE ALM| |90000037|MJE ALM| |90000037|ALIMENTOS|10|ALIMENTOS|10|Para Empezar|1008|Para Empezar|1008|OT1|1|Order Type Master 1|1|0.00|0.00|0.00|0.00|0.00|0.00|0.00|0.00|0.00|1|0.00|1|0|0.00|0.00|0.00|82|20
FPMI|Restaurante|1|Restaurante|1|SALSA BABY| |9500376|SALSA BABY| |9500376|ALIMENTOS|10|ALIMENTOS|10|Para Empezar|1008|Para Empezar|1008|OT1|1|Order Type Master 1|1|0.00|0.00|0.00|0.00|0.00|0.00|0.00|0.00|0.00|1|0.00|4|0|0.00|0.00|0.00|52|12
FPMI|Restaurante|1|Restaurante|1|MJE ALM| |90000037|MJE ALM| |90000037|ALIMENTOS|10|ALIMENTOS|10|Para Empezar|1008|Para Empezar|1008|OT1|1|Order Type Master 1|1|0.00|0.00|0.00|0.00|0.00|0.00|0.00|0.00|0.00|1|0.00|1|0|0.00|0.00|0.00|61|15
FPMI|Restaurante|1|Restaurante|1|Mod 1/2| |980000002|Mod 1/2| |980000002|ALIMENTOS|10|ALIMENTOS|10|Para Empezar|1008|Para Empezar|1008|OT1|1|Order Type Master 1|1|0.00|0.00|0.00|0.00|0.00|0.00|0.00|0.00|0.00|1|0.00|1|0|0.00|0.00|0.00|61|15
FPMI|Restaurante|1|Restaurante|1|COMO ENTRADA| |90000038|COMO ENTRADA| |90000038|ALIMENTOS|10|ALIMENTOS|10|Para Empezar|1008|Para Empezar|1008|OT1|1|Order Type Master 1|1|0.00|0.00|0.00|0.00|0.00|0.00|0.00|0.00|0.00|9|0.00|1|0|0.00|0.00|0.00|81|20
FPMI|Restaurante|1|Restaurante|1|AREPA DE CHOCOLO| |9506036|AREPA DE CHOCOLO| |9506036|ALIMENTOS|10|ALIMENTOS|10|Para Empezar|1008|Para Empezar|1008|OT1|1|Order Type Master 1|1|20185.00|0.00|20185.00|0.00|0.00|0.00|20185.00|0.00|20185.00|1|20185.00|1|0|0.00|0.00|0.00|81|20
FPMI|Restaurante|1|Restaurante|1|CHURRASCO 250 gr CRIOLLA| |9502355|CHURRASCO 250 gr CRIOLLA| |9502355|ALIMENTOS|10|ALIMENTOS|10|Para Empezar|1008|Para Empezar|1008|OT1|1|Order Type Master 1|1|51667.00|0.00|51667.00|0.00|0.00|0.00|51667.00|0.00|51667.00|1|51667.00|1|0|0.00|0.00|0.00|59|14
FPMI|Restaurante|1|Restaurante|1|CALENTADO ANDRES| |9518004|CALENTADO ANDRES| |9518004|ALIMENTOS|10|ALIMENTOS|10|Para Empezar|1008|Para Empezar|1008|OT1|1|Order Type Master 1|1|35093.00|0.00|35093.00|0.00|0.00|0.00|35093.00|0.00|35093.00|1|35093.00|1|0|0.00|0.00|0.00|50|12
FPMI|Restaurante|1|Restaurante|1|COMO ENTRADA| |90000038|COMO ENTRADA| |90000038|ALIMENTOS|10|ALIMENTOS|10|Para Empezar|1008|Para Empezar|1008|OT1|1|Order Type Master 1|1|0.00|0.00|0.00|0.00|0.00|0.00|0.00|0.00|0.00|17|0.00|1|0|0.00|0.00|0.00|70|17
FPMI|Restaurante|1|Restaurante|1|Mod A Punto| |980000005|Mod A Punto| |980000005|ALIMENTOS|10|ALIMENTOS|10|Para Empezar|1008|Para Empezar|1008|OT1|1|Order Type Master 1|1|0.00|0.00|0.00|0.00|0.00|0.00|0.00|0.00|0.00|1|0.00|1|0|0.00|0.00|0.00|75|18
FPMI|Restaurante|1|Restaurante|1|Mod CocaCola Zero 400ml| |980000103|Mod CocaCola Zero 400ml| |980000103|ALIMENTOS|10|ALIMENTOS|10|Para Empezar|1008|Para Empezar|1008|OT1|1|Order Type Master 1|1|0.00|0.00|0.00|0.00|0.00|0.00|0.00|0.00|0.00|1|0.00|1|0|0.00|0.00|0.00|73|18
FPMI|Restaurante|1|Restaurante|1|CHURRASCO 250 gr ARROZ| |9502104|CHURRASCO 250 gr ARROZ| |9502104|ALIMENTOS|10|ALIMENTOS|10|Para Empezar|1008|Para Empezar|1008|OT1|1|Order Type Master 1|1|0.00|-10324.00|-10324.00|0.00|0.00|0.00|0.00|-10324.00|-10324.00|1|0.00|0|0|0.00|0.00|0.00|74|18
FPMI|Restaurante|1|Restaurante|1|Mod A Punto| |980000005|Mod A Punto| |980000005|ALIMENTOS|10|ALIMENTOS|10|Para Empezar|1008|Para Empezar|1008|OT1|1|Order Type Master 1|1|0.00|0.00|0.00|0.00|0.00|0.00|0.00|0.00|0.00|1|0.00|1|0|0.00|0.00|0.00|52|12
FPMI|Restaurante|1|Restaurante|1|MJE ALM| |90000037|MJE ALM| |90000037|ALIMENTOS|10|ALIMENTOS|10|Para Empezar|1008|Para Empezar|1008|OT1|1|Order Type Master 1|1|0.00|0.00|0.00|0.00|0.00|0.00|0.00|0.00|0.00|1|0.00|1|0|0.00|0.00|0.00|57|14
FPMI|Restaurante|1|Restaurante|1|EMPANADA DE CARNE | |9528004|EMPANADA DE CARNE | |9528004|ALIMENTOS|10|ALIMENTOS|10|Para Empezar|1008|Para Empezar|1008|OT1|1|Order Type Master 1|1|18333.00|0.00|18333.00|0.00|0.00|0.00|18333.00|0.00|18333.00|1|18333.00|3|0|0.00|0.00|0.00|57|14
FPMI|Restaurante|1|Restaurante|1|LOMO 220 gr PAPA FRANCESA| |9502511|LOMO 220 gr PAPA FRANCESA| |9502511|ALIMENTOS|10|ALIMENTOS|10|Para Empezar|1008|Para Empezar|1008|OT1|1|Order Type Master 1|1|54444.00|0.00|54444.00|0.00|0.00|0.00|54444.00|0.00|54444.00|1|54444.00|1|0|0.00|0.00|0.00|50|12
FPMI|Restaurante|1|Restaurante|1|Mod 3/4| |980000004|Mod 3/4| |980000004|ALIMENTOS|10|ALIMENTOS|10|Para Empezar|1008|Para Empezar|1008|OT1|1|Order Type Master 1|1|0.00|0.00|0.00|0.00|0.00|0.00|0.00|0.00|0.00|1|0.00|1|0|0.00|0.00|0.00|50|12
FPMI|Restaurante|1|Restaurante|1|CHURRASCO 250 gr CASCO| |9502106|CHURRASCO 250 gr CASCO| |9502106|ALIMENTOS|10|ALIMENTOS|10|Para Empezar|1008|Para Empezar|1008|OT1|1|Order Type Master 1|1|51667.00|0.00|51667.00|0.00|0.00|0.00|51667.00|0.00|51667.00|1|51667.00|1|0|0.00|0.00|0.00|51|12
FPMI|Restaurante|1|Restaurante|1|AREPA DE CHOCOLO| |9506036|AREPA DE CHOCOLO| |9506036|ALIMENTOS|10|ALIMENTOS|10|Para Empezar|1008|Para Empezar|1008|OT1|1|Order Type Master 1|1|20185.00|0.00|20185.00|0.00|0.00|0.00|20185.00|0.00|20185.00|1|20185.00|1|0|0.00|0.00|0.00|61|15
FPMI|Restaurante|1|Restaurante|1|COMO ENTRADA| |90000038|COMO ENTRADA| |90000038|ALIMENTOS|10|ALIMENTOS|10|Para Empezar|1008|Para Empezar|1008|OT1|1|Order Type Master 1|1|0.00|0.00|0.00|0.00|0.00|0.00|0.00|0.00|0.00|1|0.00|1|0|0.00|0.00|0.00|79|19
FPMI|Plataformas|21|Plataformas|21|MJE ALM| |90000037|MJE ALM| |90000037|ALIMENTOS|10|ALIMENTOS|10|Para Empezar|1008|Para Empezar|1008|OT7|7|Order Type Master 7|7|0.00|0.00|0.00|0.00|0.00|0.00|0.00|0.00|0.00|1|0.00|1|0|0.00|0.00|0.00|59|14
FPMI|Plataformas|21|Plataformas|21|BISTEC CHURRASCO 250 gr ENSALADA| |9502346|BISTEC CHURRASCO 250 gr ENSALADA| |9502346|ALIMENTOS|10|ALIMENTOS|10|Para Empezar|1008|Para Empezar|1008|OT7|7|Order Type Master 7|7|58056.00|0.00|58056.00|0.00|0.00|0.00|58056.00|0.00|58056.00|153|58056.00|1|0|0.00|0.00|0.00|73|18
FPMI|Plataformas|21|Plataformas|21|TRES LECHES| |9514016|TRES LECHES| |9514016|ALIMENTOS|10|ALIMENTOS|10|Para Empezar|1008|Para Empezar|1008|OT7|7|Order Type Master 7|7|13056.00|0.00|13056.00|0.00|0.00|0.00|13056.00|0.00|13056.00|153|13056.00|1|0|0.00|0.00|0.00|45|11
FPMI|Plataformas|21|Plataformas|21|MJE ALM| |90000037|MJE ALM| |90000037|ALIMENTOS|10|ALIMENTOS|10|Para Empezar|1008|Para Empezar|1008|OT7|7|Order Type Master 7|7|0.00|0.00|0.00|0.00|0.00|0.00|0.00|0.00|0.00|1|0.00|1|0|0.00|0.00|0.00|77|19
FPMI|Plataformas|21|Plataformas|21|CHURRASCO 250 gr FRANCESA| |9502110|CHURRASCO 250 gr FRANCESA| |9502110|ALIMENTOS|10|ALIMENTOS|10|Para Empezar|1008|Para Empezar|1008|OT7|7|Order Type Master 7|7|54167.00|0.00|54167.00|0.00|0.00|0.00|54167.00|0.00|54167.00|153|54167.00|1|0|0.00|0.00|0.00|56|13
FPMI|Plataformas|21|Plataformas|21|AREPA DE CHOCOLO| |9506036|AREPA DE CHOCOLO| |9506036|ALIMENTOS|10|ALIMENTOS|10|Para Empezar|1008|Para Empezar|1008|OT7|7|Order Type Master 7|7|21111.00|0.00|21111.00|0.00|0.00|0.00|21111.00|0.00|21111.00|153|21111.00|1|0|0.00|0.00|0.00|56|13
FPMI|Restaurante|1|Restaurante|1|CAFE AMERICANO NESPRESSO| |9262158|CAFE AMERICANO NESPRESSO| |9262158|BEBIDAS|20|BEBIDAS|20|Bebidas Sin Alcohol|3000|Bebidas Sin Alcohol|3000|OT1|1|Order Type Master 1|1|13518.00|0.00|13518.00|0.00|0.00|0.00|13518.00|0.00|13518.00|1|13518.00|2|0|0.00|0.00|0.00|84|20
FPMI|Restaurante|1|Restaurante|1|AGUA MANANTIAL CON GAS 300 ML CON LIMON| |9606138|AGUA MANANTIAL CON GAS 300 ML CON LIMON| |9606138|BEBIDAS|20|BEBIDAS|20|Bebidas Sin Alcohol|3000|Bebidas Sin Alcohol|3000|OT1|1|Order Type Master 1|1|20556.00|0.00|20556.00|0.00|0.00|0.00|20556.00|0.00|20556.00|1|20556.00|3|0|0.00|0.00|0.00|62|15
FPMI|Restaurante|1|Restaurante|1|JUGO DE MANDARINA| |9604044|JUGO DE MANDARINA| |9604044|BEBIDAS|20|BEBIDAS|20|Bebidas Sin Alcohol|3000|Bebidas Sin Alcohol|3000|OT1|1|Order Type Master 1|1|14074.00|0.00|14074.00|0.00|0.00|0.00|14074.00|0.00|14074.00|1|14074.00|1|0|0.00|0.00|0.00|83|20
FPMI|Restaurante|1|Restaurante|1|AGUA MANANTIAL CON GAS 300 ML CON LIMON| |9606138|AGUA MANANTIAL CON GAS 300 ML CON LIMON| |9606138|BEBIDAS|20|BEBIDAS|20|Bebidas Sin Alcohol|3000|Bebidas Sin Alcohol|3000|OT1|1|Order Type Master 1|1|6852.00|0.00|6852.00|0.00|0.00|0.00|6852.00|0.00|6852.00|1|6852.00|1|0|0.00|0.00|0.00|74|18
FPMI|Restaurante|1|Restaurante|1|JUGO DE MARACUYA EN AGUA| |9604116|JUGO DE MARACUYA EN AGUA| |9604116|BEBIDAS|20|BEBIDAS|20|Bebidas Sin Alcohol|3000|Bebidas Sin Alcohol|3000|OT1|1|Order Type Master 1|1|0.00|-2017.00|-2017.00|0.00|0.00|0.00|0.00|-2017.00|-2017.00|1|0.00|0|0|0.00|0.00|0.00|74|18
FPMI|Restaurante|1|Restaurante|1|AROMATICA| |9602088|AROMATICA| |9602088|BEBIDAS|20|BEBIDAS|20|Bebidas Sin Alcohol|3000|Bebidas Sin Alcohol|3000|OT1|1|Order Type Master 1|1|4537.00|0.00|4537.00|0.00|0.00|0.00|4537.00|0.00|4537.00|1|4537.00|1|0|0.00|0.00|0.00|51|12
FPMI|Restaurante|1|Restaurante|1|REFAJO| |9608024|REFAJO| |9608024|BEBIDAS|20|BEBIDAS|20|Bebidas Sin Alcohol|3000|Bebidas Sin Alcohol|3000|OT1|1|Order Type Master 1|1|12870.00|0.00|12870.00|0.00|0.00|0.00|12870.00|0.00|12870.00|1|12870.00|1|0|0.00|0.00|0.00|84|20
FPMI|Restaurante|1|Restaurante|1|CHULETA DE CERDO 300 gr ENSALADA| |9502381|CHULETA DE CERDO 300 gr ENSALADA| |9502381|ALIMENTOS|10|ALIMENTOS|10|Para Empezar|1008|Para Empezar|1008|OT1|1|Order Type Master 1|1|35000.00|0.00|35000.00|0.00|0.00|0.00|35000.00|0.00|35000.00|1|35000.00|1|0|0.00|0.00|0.00|56|13
FPMI|Restaurante|1|Restaurante|1|PECHUGA A LA PARRILLA 230 gr CASCO| |9506084|PECHUGA A LA PARRILLA 230 gr CASCO| |9506084|ALIMENTOS|10|ALIMENTOS|10|Para Empezar|1008|Para Empezar|1008|OT1|1|Order Type Master 1|1|24815.00|0.00|24815.00|0.00|0.00|0.00|24815.00|0.00|24815.00|1|24815.00|1|0|0.00|0.00|0.00|62|15
FPMI|Restaurante|1|Restaurante|1|PUNTA DE ANCA 250 gr ENSALADA| |9502234|PUNTA DE ANCA 250 gr ENSALADA| |9502234|ALIMENTOS|10|ALIMENTOS|10|Para Empezar|1008|Para Empezar|1008|OT1|1|Order Type Master 1|1|54444.00|0.00|54444.00|0.00|0.00|0.00|54444.00|0.00|54444.00|1|54444.00|1|0|0.00|0.00|0.00|61|15
FPMI|Restaurante|1|Restaurante|1|PICADA INDIVIDUAL  ENSALADA| |9502579|PICADA INDIVIDUAL  ENSALADA| |9502579|ALIMENTOS|10|ALIMENTOS|10|Para Empezar|1008|Para Empezar|1008|OT1|1|Order Type Master 1|1|38704.00|0.00|38704.00|0.00|0.00|0.00|38704.00|0.00|38704.00|1|38704.00|1|0|0.00|0.00|0.00|49|12
FPMI|Restaurante|1|Restaurante|1|Mod BienAsado| |980000006|Mod BienAsado| |980000006|ALIMENTOS|10|ALIMENTOS|10|Para Empezar|1008|Para Empezar|1008|OT1|1|Order Type Master 1|1|0.00|0.00|0.00|0.00|0.00|0.00|0.00|0.00|0.00|1|0.00|1|0|0.00|0.00|0.00|49|12
FPMI|Restaurante|1|Restaurante|1|CANASTA DE 4 EMPANADAS CAMPESINAS| |9528043|CANASTA DE 4 EMPANADAS CAMPESINAS| |9528043|ALIMENTOS|10|ALIMENTOS|10|Para Empezar|1008|Para Empezar|1008|OT1|1|Order Type Master 1|1|17870.00|0.00|17870.00|0.00|0.00|0.00|17870.00|0.00|17870.00|1|17870.00|1|0|0.00|0.00|0.00|81|20
FPMI|Restaurante|1|Restaurante|1|CHORIPAN 100 gr| |9502076|CHORIPAN 100 gr| |9502076|ALIMENTOS|10|ALIMENTOS|10|Para Empezar|1008|Para Empezar|1008|OT1|1|Order Type Master 1|1|23056.00|0.00|23056.00|0.00|0.00|0.00|23056.00|0.00|23056.00|1|23056.00|1|0|0.00|0.00|0.00|81|20
FPMI|Restaurante|1|Restaurante|1|AREPA DE HUEVO| |9528012|AREPA DE HUEVO| |9528012|ALIMENTOS|10|ALIMENTOS|10|Para Empezar|1008|Para Empezar|1008|OT1|1|Order Type Master 1|1|7778.00|-1557.00|6221.00|0.00|0.00|0.00|7778.00|-1557.00|6221.00|1|7778.00|1|0|0.00|0.00|0.00|76|18
FPMI|Restaurante|1|Restaurante|1|Mod 3/4| |980000004|Mod 3/4| |980000004|ALIMENTOS|10|ALIMENTOS|10|Para Empezar|1008|Para Empezar|1008|OT1|1|Order Type Master 1|1|0.00|0.00|0.00|0.00|0.00|0.00|0.00|0.00|0.00|1|0.00|2|0|0.00|0.00|0.00|79|19
FPMI|Restaurante|1|Restaurante|1|TORTA MILKYWAY| |9514163|TORTA MILKYWAY| |9514163|ALIMENTOS|10|ALIMENTOS|10|Para Empezar|1008|Para Empezar|1008|OT1|1|Order Type Master 1|1|12870.00|0.00|12870.00|0.00|0.00|0.00|12870.00|0.00|12870.00|1|12870.00|1|0|0.00|0.00|0.00|57|14
FPMI|Restaurante|1|Restaurante|1|PATACON GRATINADO| |9524040|PATACON GRATINADO| |9524040|ALIMENTOS|10|ALIMENTOS|10|Para Empezar|1008|Para Empezar|1008|OT1|1|Order Type Master 1|1|12593.00|0.00|12593.00|0.00|0.00|0.00|12593.00|0.00|12593.00|1|12593.00|1|0|0.00|0.00|0.00|70|17
FPMI|Restaurante|1|Restaurante|1|CHICHARRON 90 gr| |9528024|CHICHARRON 90 gr| |9528024|ALIMENTOS|10|ALIMENTOS|10|Para Empezar|1008|Para Empezar|1008|OT1|1|Order Type Master 1|1|26667.00|0.00|26667.00|0.00|0.00|0.00|26667.00|0.00|26667.00|1|26667.00|1|0|0.00|0.00|0.00|70|17
FPMI|Restaurante|1|Restaurante|1|COMO ENTRADA| |90000038|COMO ENTRADA| |90000038|ALIMENTOS|10|ALIMENTOS|10|Para Empezar|1008|Para Empezar|1008|OT1|1|Order Type Master 1|1|0.00|0.00|0.00|0.00|0.00|0.00|0.00|0.00|0.00|41|0.00|1|0|0.00|0.00|0.00|70|17
FPMI|Restaurante|1|Restaurante|1|EMPANADA DE CARNE | |9528004|EMPANADA DE CARNE | |9528004|ALIMENTOS|10|ALIMENTOS|10|Para Empezar|1008|Para Empezar|1008|OT1|1|Order Type Master 1|1|6111.00|0.00|6111.00|0.00|0.00|0.00|6111.00|0.00|6111.00|1|6111.00|1|0|0.00|0.00|0.00|73|18
FPMI|Restaurante|1|Restaurante|1|PAPA FRANCESA| |9500452|PAPA FRANCESA| |9500452|ALIMENTOS|10|ALIMENTOS|10|Para Empezar|1008|Para Empezar|1008|OT1|1|Order Type Master 1|1|0.00|-1443.00|-1443.00|0.00|0.00|0.00|0.00|-1443.00|-1443.00|1|0.00|0|0|0.00|0.00|0.00|74|18
FPMI|Restaurante|1|Restaurante|1|COMBO HAMBURGUESA CAMPESINA 125 gr LIMONADA| |9508033|COMBO HAMBURGUESA CAMPESINA 125 gr LIMONADA| |9508033|ALIMENTOS|10|ALIMENTOS|10|Para Empezar|1008|Para Empezar|1008|OT1|1|Order Type Master 1|1|29259.00|-5900.00|23359.00|0.00|0.00|0.00|29259.00|-5900.00|23359.00|1|29259.00|1|0|0.00|0.00|0.00|75|18
FPMI|Restaurante|1|Restaurante|1|MJE ALM| |90000037|MJE ALM| |90000037|ALIMENTOS|10|ALIMENTOS|10|Para Empezar|1008|Para Empezar|1008|OT1|1|Order Type Master 1|1|0.00|0.00|0.00|0.00|0.00|0.00|0.00|0.00|0.00|1|0.00|2|0|0.00|0.00|0.00|54|13
FPMI|Restaurante|1|Restaurante|1|PICADA INDIVIDUAL  ENSALADA| |9502579|PICADA INDIVIDUAL  ENSALADA| |9502579|ALIMENTOS|10|ALIMENTOS|10|Para Empezar|1008|Para Empezar|1008|OT1|1|Order Type Master 1|1|38704.00|0.00|38704.00|0.00|0.00|0.00|38704.00|0.00|38704.00|1|38704.00|1|0|0.00|0.00|0.00|50|12
FPMI|Restaurante|1|Restaurante|1|SALSA BABY| |9500376|SALSA BABY| |9500376|ALIMENTOS|10|ALIMENTOS|10|Para Empezar|1008|Para Empezar|1008|OT1|1|Order Type Master 1|1|0.00|0.00|0.00|0.00|0.00|0.00|0.00|0.00|0.00|1|0.00|2|0|0.00|0.00|0.00|53|13
FPMI|Restaurante|1|Restaurante|1|SALMON A LA PLANCHA 200 gr ENSALADA| |9504162|SALMON A LA PLANCHA 200 gr ENSALADA| |9504162|ALIMENTOS|10|ALIMENTOS|10|Para Empezar|1008|Para Empezar|1008|OT1|1|Order Type Master 1|1|0.00|-10000.00|-10000.00|0.00|0.00|0.00|0.00|-10000.00|-10000.00|1|0.00|0|0|0.00|0.00|0.00|60|14
FPMI|Plataformas|21|Plataformas|21|BANDEJA PAISA| |9520036|BANDEJA PAISA| |9520036|ALIMENTOS|10|ALIMENTOS|10|Para Empezar|1008|Para Empezar|1008|OT7|7|Order Type Master 7|7|44537.00|0.00|44537.00|0.00|0.00|0.00|44537.00|0.00|44537.00|153|44537.00|1|0|0.00|0.00|0.00|61|15
FPMI|Plataformas|21|Plataformas|21|MJE ALM| |90000037|MJE ALM| |90000037|ALIMENTOS|10|ALIMENTOS|10|Para Empezar|1008|Para Empezar|1008|OT7|7|Order Type Master 7|7|0.00|0.00|0.00|0.00|0.00|0.00|0.00|0.00|0.00|1|0.00|2|0|0.00|0.00|0.00|73|18
FPMI|Plataformas|21|Plataformas|21|PECHUGA A LA PARRILLA 230 gr ENSALADA | |9506091|PECHUGA A LA PARRILLA 230 gr ENSALADA | |9506091|ALIMENTOS|10|ALIMENTOS|10|Para Empezar|1008|Para Empezar|1008|OT7|7|Order Type Master 7|7|23333.00|0.00|23333.00|0.00|0.00|0.00|23333.00|0.00|23333.00|185|23333.00|1|0|0.00|0.00|0.00|50|12
FPMI|Plataformas|21|Plataformas|21|MJE ALM| |90000037|MJE ALM| |90000037|ALIMENTOS|10|ALIMENTOS|10|Para Empezar|1008|Para Empezar|1008|OT7|7|Order Type Master 7|7|0.00|0.00|0.00|0.00|0.00|0.00|0.00|0.00|0.00|1|0.00|1|0|0.00|0.00|0.00|50|12
FPMI|Plataformas|21|Plataformas|21|PECHUGA A LA PARRILLA 230 gr ENSALADA | |9506091|PECHUGA A LA PARRILLA 230 gr ENSALADA | |9506091|ALIMENTOS|10|ALIMENTOS|10|Para Empezar|1008|Para Empezar|1008|OT7|7|Order Type Master 7|7|23333.00|0.00|23333.00|0.00|0.00|0.00|23333.00|0.00|23333.00|185|23333.00|1|0|0.00|0.00|0.00|83|20
FPMI|Plataformas|21|Plataformas|21|MJE ALM| |90000037|MJE ALM| |90000037|ALIMENTOS|10|ALIMENTOS|10|Para Empezar|1008|Para Empezar|1008|OT7|7|Order Type Master 7|7|0.00|0.00|0.00|0.00|0.00|0.00|0.00|0.00|0.00|1|0.00|1|0|0.00|0.00|0.00|83|20
FPMI|Restaurante|1|Restaurante|1|CAFE AMERICANO NESPRESSO| |9262158|CAFE AMERICANO NESPRESSO| |9262158|BEBIDAS|20|BEBIDAS|20|Bebidas Sin Alcohol|3000|Bebidas Sin Alcohol|3000|OT1|1|Order Type Master 1|1|6759.00|0.00|6759.00|0.00|0.00|0.00|6759.00|0.00|6759.00|1|6759.00|1|0|0.00|0.00|0.00|86|21
FPMI|Restaurante|1|Restaurante|1|JUGO DE MORA EN AGUA| |9604108|JUGO DE MORA EN AGUA| |9604108|BEBIDAS|20|BEBIDAS|20|Bebidas Sin Alcohol|3000|Bebidas Sin Alcohol|3000|OT1|1|Order Type Master 1|1|10093.00|0.00|10093.00|0.00|0.00|0.00|10093.00|0.00|10093.00|1|10093.00|1|0|0.00|0.00|0.00|74|18
FPMI|Restaurante|1|Restaurante|1|CAFE AMERICANO NESPRESSO| |9262158|CAFE AMERICANO NESPRESSO| |9262158|BEBIDAS|20|BEBIDAS|20|Bebidas Sin Alcohol|3000|Bebidas Sin Alcohol|3000|OT1|1|Order Type Master 1|1|6759.00|0.00|6759.00|0.00|0.00|0.00|6759.00|0.00|6759.00|1|6759.00|1|0|0.00|0.00|0.00|73|18
FPMI|Restaurante|1|Restaurante|1|AGUA MANANTIAL SIN GAS 500 ML| |9606135|AGUA MANANTIAL SIN GAS 500 ML| |9606135|BEBIDAS|20|BEBIDAS|20|Bebidas Sin Alcohol|3000|Bebidas Sin Alcohol|3000|OT1|1|Order Type Master 1|1|8148.00|0.00|8148.00|0.00|0.00|0.00|8148.00|0.00|8148.00|1|8148.00|1|0|0.00|0.00|0.00|50|12
FPMI|Restaurante|1|Restaurante|1|LIMONADA NATURAL| |9604060|LIMONADA NATURAL| |9604060|BEBIDAS|20|BEBIDAS|20|Bebidas Sin Alcohol|3000|Bebidas Sin Alcohol|3000|OT1|1|Order Type Master 1|1|8519.00|0.00|8519.00|0.00|0.00|0.00|8519.00|0.00|8519.00|1|8519.00|1|0|0.00|0.00|0.00|50|12
FPMI|Restaurante|1|Restaurante|1|CERVEZA CLUB COLOMBIA| |9608004|CERVEZA CLUB COLOMBIA| |9608004|BEBIDAS|20|BEBIDAS|20|Bebidas Sin Alcohol|3000|Bebidas Sin Alcohol|3000|OT1|1|Order Type Master 1|1|11296.00|0.00|11296.00|0.00|0.00|0.00|11296.00|0.00|11296.00|1|11296.00|1|0|0.00|0.00|0.00|50|12
FPMI|Restaurante|1|Restaurante|1|LOMO 220 gr PAPA CASCO| |9502512|LOMO 220 gr PAPA CASCO| |9502512|ALIMENTOS|10|ALIMENTOS|10|Para Empezar|1008|Para Empezar|1008|OT1|1|Order Type Master 1|1|54444.00|0.00|54444.00|0.00|0.00|0.00|54444.00|0.00|54444.00|1|54444.00|1|0|0.00|0.00|0.00|84|20
FPMI|Restaurante|1|Restaurante|1|AREPA DE CHOCOLO| |9506036|AREPA DE CHOCOLO| |9506036|ALIMENTOS|10|ALIMENTOS|10|Para Empezar|1008|Para Empezar|1008|OT1|1|Order Type Master 1|1|20185.00|0.00|20185.00|0.00|0.00|0.00|20185.00|0.00|20185.00|1|20185.00|1|0|0.00|0.00|0.00|83|20
FPMI|Restaurante|1|Restaurante|1|SALSA CHIMICHURRI| |9500388|SALSA CHIMICHURRI| |9500388|ALIMENTOS|10|ALIMENTOS|10|Para Empezar|1008|Para Empezar|1008|OT1|1|Order Type Master 1|1|0.00|0.00|0.00|0.00|0.00|0.00|0.00|0.00|0.00|1|0.00|2|0|0.00|0.00|0.00|52|12
FPMI|Restaurante|1|Restaurante|1|CHORIPAN 100 gr| |9502076|CHORIPAN 100 gr| |9502076|ALIMENTOS|10|ALIMENTOS|10|Para Empezar|1008|Para Empezar|1008|OT1|1|Order Type Master 1|1|46112.00|0.00|46112.00|0.00|0.00|0.00|46112.00|0.00|46112.00|1|46112.00|2|0|0.00|0.00|0.00|75|18
FPMI|Restaurante|1|Restaurante|1|EMPANADA CACHACA| |9528008|EMPANADA CACHACA| |9528008|ALIMENTOS|10|ALIMENTOS|10|Para Empezar|1008|Para Empezar|1008|OT1|1|Order Type Master 1|1|6111.00|-1219.00|4892.00|0.00|0.00|0.00|6111.00|-1219.00|4892.00|1|6111.00|1|0|0.00|0.00|0.00|76|18
FPMI|Restaurante|1|Restaurante|1|MJE ALM| |90000037|MJE ALM| |90000037|ALIMENTOS|10|ALIMENTOS|10|Para Empezar|1008|Para Empezar|1008|OT1|1|Order Type Master 1|1|0.00|0.00|0.00|0.00|0.00|0.00|0.00|0.00|0.00|1|0.00|1|0|0.00|0.00|0.00|71|17
FPMI|Restaurante|1|Restaurante|1|BANDEJA PAISA| |9520036|BANDEJA PAISA| |9520036|ALIMENTOS|10|ALIMENTOS|10|Para Empezar|1008|Para Empezar|1008|OT1|1|Order Type Master 1|1|42500.00|0.00|42500.00|0.00|0.00|0.00|42500.00|0.00|42500.00|1|42500.00|1|0|0.00|0.00|0.00|65|16
FPMI|Restaurante|1|Restaurante|1|PUNTA DE ANCA 250 gr FRANCESA| |9502236|PUNTA DE ANCA 250 gr FRANCESA| |9502236|ALIMENTOS|10|ALIMENTOS|10|Para Empezar|1008|Para Empezar|1008|OT1|1|Order Type Master 1|1|54444.00|0.00|54444.00|0.00|0.00|0.00|54444.00|0.00|54444.00|1|54444.00|1|0|0.00|0.00|0.00|71|17
FPMI|Restaurante|1|Restaurante|1|TORTA DE CHOCOLATE | |9514022|TORTA DE CHOCOLATE | |9514022|ALIMENTOS|10|ALIMENTOS|10|Para Empezar|1008|Para Empezar|1008|OT1|1|Order Type Master 1|1|13519.00|0.00|13519.00|0.00|0.00|0.00|13519.00|0.00|13519.00|1|13519.00|1|0|0.00|0.00|0.00|53|13
FPMI|Restaurante|1|Restaurante|1|COMO ENTRADA| |90000038|COMO ENTRADA| |90000038|ALIMENTOS|10|ALIMENTOS|10|Para Empezar|1008|Para Empezar|1008|OT1|1|Order Type Master 1|1|0.00|0.00|0.00|0.00|0.00|0.00|0.00|0.00|0.00|9|0.00|1|0|0.00|0.00|0.00|57|14
FPMI|Restaurante|1|Restaurante|1|COSTILLAS DE CERDO 410 gr  CRIOLLA| |9502361|COSTILLAS DE CERDO 410 gr  CRIOLLA| |9502361|ALIMENTOS|10|ALIMENTOS|10|Para Empezar|1008|Para Empezar|1008|OT1|1|Order Type Master 1|1|51667.00|0.00|51667.00|0.00|0.00|0.00|51667.00|0.00|51667.00|1|51667.00|1|0|0.00|0.00|0.00|84|20
FPMI|Domicilios|20|Domicilios|20|COMBO HAMBURGUESA MILAGROSA 180 gr BOT| |9508039|COMBO HAMBURGUESA MILAGROSA 180 gr BOT| |9508039|ALIMENTOS|10|ALIMENTOS|10|Para Empezar|1008|Para Empezar|1008|OT2|2|Order Type Master 2|2|33796.00|-6800.00|26996.00|0.00|0.00|0.00|33796.00|-6800.00|26996.00|73|33796.00|1|0|0.00|0.00|0.00|74|18
FPMI|Plataformas|21|Plataformas|21|MJE ALM| |90000037|MJE ALM| |90000037|ALIMENTOS|10|ALIMENTOS|10|Para Empezar|1008|Para Empezar|1008|OT7|7|Order Type Master 7|7|0.00|0.00|0.00|0.00|0.00|0.00|0.00|0.00|0.00|1|0.00|1|0|0.00|0.00|0.00|61|15
FPMI|Plataformas|21|Plataformas|21|ENSALADA FRESCA ACOMPANAMIENTO| |9500164|ENSALADA FRESCA ACOMPANAMIENTO| |9500164|ALIMENTOS|10|ALIMENTOS|10|Para Empezar|1008|Para Empezar|1008|OT7|7|Order Type Master 7|7|7500.00|0.00|7500.00|0.00|0.00|0.00|7500.00|0.00|7500.00|153|7500.00|1|0|0.00|0.00|0.00|50|12
FPMI|Plataformas|21|Plataformas|21|PATACON CARNE DESMECHADA| |9524028|PATACON CARNE DESMECHADA| |9524028|ALIMENTOS|10|ALIMENTOS|10|Para Empezar|1008|Para Empezar|1008|OT7|7|Order Type Master 7|7|25833.00|0.00|25833.00|0.00|0.00|0.00|25833.00|0.00|25833.00|153|25833.00|1|0|0.00|0.00|0.00|77|19
FPMI|Plataformas|21|Plataformas|21|MJE ALM| |90000037|MJE ALM| |90000037|ALIMENTOS|10|ALIMENTOS|10|Para Empezar|1008|Para Empezar|1008|OT7|7|Order Type Master 7|7|0.00|0.00|0.00|0.00|0.00|0.00|0.00|0.00|0.00|1|0.00|5|0|0.00|0.00|0.00|56|13
FPMI|Restaurante|1|Restaurante|1|LIMONADA HIERBABUENA| |9604066|LIMONADA HIERBABUENA| |9604066|BEBIDAS|20|BEBIDAS|20|Bebidas Sin Alcohol|3000|Bebidas Sin Alcohol|3000|OT1|1|Order Type Master 1|1|17038.00|0.00|17038.00|0.00|0.00|0.00|17038.00|0.00|17038.00|1|17038.00|2|0|0.00|0.00|0.00|56|13
FPMI|Restaurante|1|Restaurante|1|ADICION DE HELADO| |9604336|ADICION DE HELADO| |9604336|BEBIDAS|20|BEBIDAS|20|Bebidas Sin Alcohol|3000|Bebidas Sin Alcohol|3000|OT1|1|Order Type Master 1|1|5370.00|0.00|5370.00|0.00|0.00|0.00|5370.00|0.00|5370.00|1|5370.00|1|0|0.00|0.00|0.00|82|20
FPMI|Restaurante|1|Restaurante|1|JUGO DE MANDARINA| |9604044|JUGO DE MANDARINA| |9604044|BEBIDAS|20|BEBIDAS|20|Bebidas Sin Alcohol|3000|Bebidas Sin Alcohol|3000|OT1|1|Order Type Master 1|1|14074.00|0.00|14074.00|0.00|0.00|0.00|14074.00|0.00|14074.00|1|14074.00|1|0|0.00|0.00|0.00|81|20
FPMI|Restaurante|1|Restaurante|1|LIMONADA DE PANELA| |9604067|LIMONADA DE PANELA| |9604067|BEBIDAS|20|BEBIDAS|20|Bebidas Sin Alcohol|3000|Bebidas Sin Alcohol|3000|OT1|1|Order Type Master 1|1|9074.00|-1816.00|7258.00|0.00|0.00|0.00|9074.00|-1816.00|7258.00|1|9074.00|1|0|0.00|0.00|0.00|76|18
FPMI|Restaurante|1|Restaurante|1|CAPUCCINO NESPRESSO| |9262152|CAPUCCINO NESPRESSO| |9262152|BEBIDAS|20|BEBIDAS|20|Bebidas Sin Alcohol|3000|Bebidas Sin Alcohol|3000|OT1|1|Order Type Master 1|1|8241.00|0.00|8241.00|0.00|0.00|0.00|8241.00|0.00|8241.00|1|8241.00|1|0|0.00|0.00|0.00|73|18
FPMI|Restaurante|1|Restaurante|1|JUGO DE MANGO EN LECHE| |9604152|JUGO DE MANGO EN LECHE| |9604152|BEBIDAS|20|BEBIDAS|20|Bebidas Sin Alcohol|3000|Bebidas Sin Alcohol|3000|OT1|1|Order Type Master 1|1|12870.00|0.00|12870.00|0.00|0.00|0.00|12870.00|0.00|12870.00|1|12870.00|1|0|0.00|0.00|0.00|65|16
FPMI|Restaurante|1|Restaurante|1|AGUA MANANTIAL SIN GAS 500 ML CON LIMON| |9606137|AGUA MANANTIAL SIN GAS 500 ML CON LIMON| |9606137|BEBIDAS|20|BEBIDAS|20|Bebidas Sin Alcohol|3000|Bebidas Sin Alcohol|3000|OT1|1|Order Type Master 1|1|17038.00|0.00|17038.00|0.00|0.00|0.00|17038.00|0.00|17038.00|1|17038.00|2|0|0.00|0.00|0.00|52|12
FPMI|Restaurante|1|Restaurante|1|PATACON GRATINADO| |9524040|PATACON GRATINADO| |9524040|ALIMENTOS|10|ALIMENTOS|10|Para Empezar|1008|Para Empezar|1008|OT1|1|Order Type Master 1|1|12593.00|0.00|12593.00|0.00|0.00|0.00|12593.00|0.00|12593.00|1|12593.00|1|0|0.00|0.00|0.00|50|12
FPMI|Restaurante|1|Restaurante|1|CHICHARRON 90 gr| |9528024|CHICHARRON 90 gr| |9528024|ALIMENTOS|10|ALIMENTOS|10|Para Empezar|1008|Para Empezar|1008|OT1|1|Order Type Master 1|1|53334.00|0.00|53334.00|0.00|0.00|0.00|53334.00|0.00|53334.00|1|53334.00|2|0|0.00|0.00|0.00|50|12
FPMI|Restaurante|1|Restaurante|1|SALMON A LA PLANCHA 200 gr ENSALADA| |9504162|SALMON A LA PLANCHA 200 gr ENSALADA| |9504162|ALIMENTOS|10|ALIMENTOS|10|Para Empezar|1008|Para Empezar|1008|OT1|1|Order Type Master 1|1|49815.00|0.00|49815.00|0.00|0.00|0.00|49815.00|0.00|49815.00|1|49815.00|1|0|0.00|0.00|0.00|61|15
FPMI|Restaurante|1|Restaurante|1|AREPA DE MAIZ CON CARNE DESMECHADA| |9524076|AREPA DE MAIZ CON CARNE DESMECHADA| |9524076|ALIMENTOS|10|ALIMENTOS|10|Para Empezar|1008|Para Empezar|1008|OT1|1|Order Type Master 1|1|20185.00|-4025.00|16160.00|0.00|0.00|0.00|20185.00|-4025.00|16160.00|1|20185.00|1|0|0.00|0.00|0.00|76|18
FPMI|Restaurante|1|Restaurante|1|PAPA FRANCESA| |9500452|PAPA FRANCESA| |9500452|ALIMENTOS|10|ALIMENTOS|10|Para Empezar|1008|Para Empezar|1008|OT1|1|Order Type Master 1|1|7222.00|0.00|7222.00|0.00|0.00|0.00|7222.00|0.00|7222.00|1|7222.00|1|0|0.00|0.00|0.00|71|17
FPMI|Restaurante|1|Restaurante|1|AJI CASERO| |9500480|AJI CASERO| |9500480|ALIMENTOS|10|ALIMENTOS|10|Para Empezar|1008|Para Empezar|1008|OT1|1|Order Type Master 1|1|0.00|0.00|0.00|0.00|0.00|0.00|0.00|0.00|0.00|1|0.00|1|0|0.00|0.00|0.00|52|12
FPMI|Restaurante|1|Restaurante|1|COSTILLAS DE CERDO 410 gr  FRANCESA| |9502180|COSTILLAS DE CERDO 410 gr  FRANCESA| |9502180|ALIMENTOS|10|ALIMENTOS|10|Para Empezar|1008|Para Empezar|1008|OT1|1|Order Type Master 1|1|51667.00|0.00|51667.00|0.00|0.00|0.00|51667.00|0.00|51667.00|1|51667.00|1|0|0.00|0.00|0.00|79|19
FPMI|Restaurante|1|Restaurante|1|LOMO 220 gr PAPA FRANCESA| |9502511|LOMO 220 gr PAPA FRANCESA| |9502511|ALIMENTOS|10|ALIMENTOS|10|Para Empezar|1008|Para Empezar|1008|OT1|1|Order Type Master 1|1|54444.00|0.00|54444.00|0.00|0.00|0.00|54444.00|0.00|54444.00|1|54444.00|1|0|0.00|0.00|0.00|79|19
FPMI|Restaurante|1|Restaurante|1|LOMO 220 gr PAPA CRIOLLA| |9502513|LOMO 220 gr PAPA CRIOLLA| |9502513|ALIMENTOS|10|ALIMENTOS|10|Para Empezar|1008|Para Empezar|1008|OT1|1|Order Type Master 1|1|54444.00|-10873.00|43571.00|0.00|0.00|0.00|54444.00|-10873.00|43571.00|1|54444.00|1|0|0.00|0.00|0.00|75|18
FPMI|Restaurante|1|Restaurante|1|HOGAO| |9500200|HOGAO| |9500200|ALIMENTOS|10|ALIMENTOS|10|Para Empezar|1008|Para Empezar|1008|OT1|1|Order Type Master 1|1|0.00|0.00|0.00|0.00|0.00|0.00|0.00|0.00|0.00|1|0.00|1|0|0.00|0.00|0.00|55|13
FPMI|Restaurante|1|Restaurante|1|Mod BienAsado| |980000006|Mod BienAsado| |980000006|ALIMENTOS|10|ALIMENTOS|10|Para Empezar|1008|Para Empezar|1008|OT1|1|Order Type Master 1|1|0.00|0.00|0.00|0.00|0.00|0.00|0.00|0.00|0.00|1|0.00|1|0|0.00|0.00|0.00|51|12
FPMI|Domicilios|20|Domicilios|20|PINCHO DE POLLO PERSONAL| |9540235|PINCHO DE POLLO PERSONAL| |9540235|ALIMENTOS|10|ALIMENTOS|10|Para Empezar|1008|Para Empezar|1008|OT2|2|Order Type Master 2|2|27780.00|0.00|27780.00|0.00|0.00|0.00|27780.00|0.00|27780.00|73|27780.00|6|0|0.00|0.00|0.00|49|12
FPMI|Plataformas|21|Plataformas|21|PECHUGA A LA PARRILLA 230 gr CRIOLLA| |9506118|PECHUGA A LA PARRILLA 230 gr CRIOLLA| |9506118|ALIMENTOS|10|ALIMENTOS|10|Para Empezar|1008|Para Empezar|1008|OT7|7|Order Type Master 7|7|52038.00|0.00|52038.00|0.00|0.00|0.00|52038.00|0.00|52038.00|153|52038.00|2|0|0.00|0.00|0.00|59|14
FPMI|Plataformas|21|Plataformas|21|CALENTADO PAISA| |9518008|CALENTADO PAISA| |9518008|ALIMENTOS|10|ALIMENTOS|10|Para Empezar|1008|Para Empezar|1008|OT7|7|Order Type Master 7|7|36759.00|0.00|36759.00|0.00|0.00|0.00|36759.00|0.00|36759.00|153|36759.00|1|0|0.00|0.00|0.00|45|11
FPMI|Plataformas|21|Plataformas|21|MJE ALM| |90000037|MJE ALM| |90000037|ALIMENTOS|10|ALIMENTOS|10|Para Empezar|1008|Para Empezar|1008|OT7|7|Order Type Master 7|7|0.00|0.00|0.00|0.00|0.00|0.00|0.00|0.00|0.00|1|0.00|1|0|0.00|0.00|0.00|45|11
FPMI|Plataformas|21|Plataformas|21|COSTILLAS DE CERDO 410 gr  CRIOLLA| |9502361|COSTILLAS DE CERDO 410 gr  CRIOLLA| |9502361|ALIMENTOS|10|ALIMENTOS|10|Para Empezar|1008|Para Empezar|1008|OT7|7|Order Type Master 7|7|54167.00|0.00|54167.00|0.00|0.00|0.00|54167.00|0.00|54167.00|153|54167.00|1|0|0.00|0.00|0.00|77|19
FPMI|Plataformas|21|Plataformas|21|CHURRASCO 250 gr CHIPS| |9502429|CHURRASCO 250 gr CHIPS| |9502429|ALIMENTOS|10|ALIMENTOS|10|Para Empezar|1008|Para Empezar|1008|OT7|7|Order Type Master 7|7|54167.00|0.00|54167.00|0.00|0.00|0.00|54167.00|0.00|54167.00|153|54167.00|1|0|0.00|0.00|0.00|56|13
FPMI|Restaurante|1|Restaurante|1|CAPUCCINO NESPRESSO| |9262152|CAPUCCINO NESPRESSO| |9262152|BEBIDAS|20|BEBIDAS|20|Bebidas Sin Alcohol|3000|Bebidas Sin Alcohol|3000|OT1|1|Order Type Master 1|1|8241.00|0.00|8241.00|0.00|0.00|0.00|8241.00|0.00|8241.00|1|8241.00|1|0|0.00|0.00|0.00|83|20
FPMI|Restaurante|1|Restaurante|1|CAFE AMERICANO NESPRESSO| |9262158|CAFE AMERICANO NESPRESSO| |9262158|BEBIDAS|20|BEBIDAS|20|Bebidas Sin Alcohol|3000|Bebidas Sin Alcohol|3000|OT1|1|Order Type Master 1|1|6759.00|0.00|6759.00|0.00|0.00|0.00|6759.00|0.00|6759.00|1|6759.00|1|0|0.00|0.00|0.00|82|20
FPMI|Restaurante|1|Restaurante|1|JUGO DE MORA EN LECHE| |9604104|JUGO DE MORA EN LECHE| |9604104|BEBIDAS|20|BEBIDAS|20|Bebidas Sin Alcohol|3000|Bebidas Sin Alcohol|3000|OT1|1|Order Type Master 1|1|12870.00|0.00|12870.00|0.00|0.00|0.00|12870.00|0.00|12870.00|1|12870.00|1|0|0.00|0.00|0.00|51|12
FPMI|Restaurante|1|Restaurante|1|AJIACO  POLLO| |9520008|AJIACO  POLLO| |9520008|ALIMENTOS|10|ALIMENTOS|10|Para Empezar|1008|Para Empezar|1008|OT1|1|Order Type Master 1|1|34074.00|0.00|34074.00|0.00|0.00|0.00|34074.00|0.00|34074.00|1|34074.00|1|0|0.00|0.00|0.00|62|15
FPMI|Restaurante|1|Restaurante|1|Mensaje Bebidas 2024| |980000095|Mensaje Bebidas 2024| |980000095|ALIMENTOS|10|ALIMENTOS|10|Para Empezar|1008|Para Empezar|1008|OT1|1|Order Type Master 1|1|0.00|0.00|0.00|0.00|0.00|0.00|0.00|0.00|0.00|1|0.00|2|0|0.00|0.00|0.00|56|13
FPMI|Restaurante|1|Restaurante|1|Mensaje Bebidas 2024| |980000095|Mensaje Bebidas 2024| |980000095|ALIMENTOS|10|ALIMENTOS|10|Para Empezar|1008|Para Empezar|1008|OT1|1|Order Type Master 1|1|0.00|0.00|0.00|0.00|0.00|0.00|0.00|0.00|0.00|1|0.00|1|0|0.00|0.00|0.00|82|20
FPMI|Restaurante|1|Restaurante|1|AJI CASERO| |9500480|AJI CASERO| |9500480|ALIMENTOS|10|ALIMENTOS|10|Para Empezar|1008|Para Empezar|1008|OT1|1|Order Type Master 1|1|0.00|0.00|0.00|0.00|0.00|0.00|0.00|0.00|0.00|1|0.00|1|0|0.00|0.00|0.00|85|21
FPMI|Restaurante|1|Restaurante|1|AJI CASERO| |9500480|AJI CASERO| |9500480|ALIMENTOS|10|ALIMENTOS|10|Para Empezar|1008|Para Empezar|1008|OT1|1|Order Type Master 1|1|0.00|0.00|0.00|0.00|0.00|0.00|0.00|0.00|0.00|1|0.00|1|0|0.00|0.00|0.00|51|12
FPMI|Restaurante|1|Restaurante|1|PATACON CARNE DESMECHADA| |9524028|PATACON CARNE DESMECHADA| |9524028|ALIMENTOS|10|ALIMENTOS|10|Para Empezar|1008|Para Empezar|1008|OT1|1|Order Type Master 1|1|24630.00|-4930.00|19700.00|0.00|0.00|0.00|24630.00|-4930.00|19700.00|1|24630.00|1|0|0.00|0.00|0.00|76|18
FPMI|Restaurante|1|Restaurante|1|Mensaje Bebidas 2024| |980000095|Mensaje Bebidas 2024| |980000095|ALIMENTOS|10|ALIMENTOS|10|Para Empezar|1008|Para Empezar|1008|OT1|1|Order Type Master 1|1|0.00|0.00|0.00|0.00|0.00|0.00|0.00|0.00|0.00|1|0.00|1|0|0.00|0.00|0.00|57|14
FPMI|Restaurante|1|Restaurante|1|EMPANADA DE QUESO| |9528030|EMPANADA DE QUESO| |9528030|ALIMENTOS|10|ALIMENTOS|10|Para Empezar|1008|Para Empezar|1008|OT1|1|Order Type Master 1|1|6111.00|0.00|6111.00|0.00|0.00|0.00|6111.00|0.00|6111.00|1|6111.00|1|0|0.00|0.00|0.00|51|12
FPMI|Restaurante|1|Restaurante|1|Mod CocaCola Original 400ml| |980000102|Mod CocaCola Original 400ml| |980000102|ALIMENTOS|10|ALIMENTOS|10|Para Empezar|1008|Para Empezar|1008|OT1|1|Order Type Master 1|1|0.00|0.00|0.00|0.00|0.00|0.00|0.00|0.00|0.00|1|0.00|2|0|0.00|0.00|0.00|79|19
FPMI|Restaurante|1|Restaurante|1|COMBO HAMBURGUESA CAMPESINA 125 gr LIMONADA| |9508033|COMBO HAMBURGUESA CAMPESINA 125 gr LIMONADA| |9508033|ALIMENTOS|10|ALIMENTOS|10|Para Empezar|1008|Para Empezar|1008|OT1|1|Order Type Master 1|1|29259.00|0.00|29259.00|0.00|0.00|0.00|29259.00|0.00|29259.00|1|29259.00|1|0|0.00|0.00|0.00|73|18
FPMI|Restaurante|1|Restaurante|1|AJIACO  POLLO| |9520008|AJIACO  POLLO| |9520008|ALIMENTOS|10|ALIMENTOS|10|Para Empezar|1008|Para Empezar|1008|OT1|1|Order Type Master 1|1|34074.00|0.00|34074.00|0.00|0.00|0.00|34074.00|0.00|34074.00|1|34074.00|1|0|0.00|0.00|0.00|52|12
FPMI|Restaurante|1|Restaurante|1|CAZUELA DE FRIJOLES| |9520032|CAZUELA DE FRIJOLES| |9520032|ALIMENTOS|10|ALIMENTOS|10|Para Empezar|1008|Para Empezar|1008|OT1|1|Order Type Master 1|1|36852.00|0.00|36852.00|0.00|0.00|0.00|36852.00|0.00|36852.00|1|36852.00|1|0|0.00|0.00|0.00|50|12
FPMI|Restaurante|1|Restaurante|1|MJE ALM| |90000037|MJE ALM| |90000037|ALIMENTOS|10|ALIMENTOS|10|Para Empezar|1008|Para Empezar|1008|OT1|1|Order Type Master 1|1|0.00|0.00|0.00|0.00|0.00|0.00|0.00|0.00|0.00|1|0.00|1|0|0.00|0.00|0.00|79|19
FPMI|Restaurante|1|Restaurante|1|AREPA DE CHOCOLO| |9506036|AREPA DE CHOCOLO| |9506036|ALIMENTOS|10|ALIMENTOS|10|Para Empezar|1008|Para Empezar|1008|OT1|1|Order Type Master 1|1|60555.00|0.00|60555.00|0.00|0.00|0.00|60555.00|0.00|60555.00|1|60555.00|3|0|0.00|0.00|0.00|84|20
FPMI|Domicilios|20|Domicilios|20|MJE ALM| |90000037|MJE ALM| |90000037|ALIMENTOS|10|ALIMENTOS|10|Para Empezar|1008|Para Empezar|1008|OT2|2|Order Type Master 2|2|0.00|0.00|0.00|0.00|0.00|0.00|0.00|0.00|0.00|1|0.00|1|0|0.00|0.00|0.00|49|12
FPMI|Domicilios|20|Domicilios|20|MJE ALM| |90000037|MJE ALM| |90000037|ALIMENTOS|10|ALIMENTOS|10|Para Empezar|1008|Para Empezar|1008|OT2|2|Order Type Master 2|2|0.00|0.00|0.00|0.00|0.00|0.00|0.00|0.00|0.00|1|0.00|1|0|0.00|0.00|0.00|74|18
FPMI|Plataformas|21|Plataformas|21|AREPA DE CHOCOLO| |9506036|AREPA DE CHOCOLO| |9506036|ALIMENTOS|10|ALIMENTOS|10|Para Empezar|1008|Para Empezar|1008|OT7|7|Order Type Master 7|7|84444.00|0.00|84444.00|0.00|0.00|0.00|84444.00|0.00|84444.00|153|84444.00|4|0|0.00|0.00|0.00|63|15
FPMI|Plataformas|21|Plataformas|21|CHICHARRON 90 gr| |9528024|CHICHARRON 90 gr| |9528024|ALIMENTOS|10|ALIMENTOS|10|Para Empezar|1008|Para Empezar|1008|OT7|7|Order Type Master 7|7|27963.00|0.00|27963.00|0.00|0.00|0.00|27963.00|0.00|27963.00|153|27963.00|1|0|0.00|0.00|0.00|60|14
FPMI|Plataformas|21|Plataformas|21|CHURRASCO 250 gr FRANCESA| |9502110|CHURRASCO 250 gr FRANCESA| |9502110|ALIMENTOS|10|ALIMENTOS|10|Para Empezar|1008|Para Empezar|1008|OT7|7|Order Type Master 7|7|54167.00|0.00|54167.00|0.00|0.00|0.00|54167.00|0.00|54167.00|153|54167.00|1|0|0.00|0.00|0.00|74|18
FPMI|Plataformas|21|Plataformas|21|SOPA DE VERDURAS| |9520050|SOPA DE VERDURAS| |9520050|ALIMENTOS|10|ALIMENTOS|10|Para Empezar|1008|Para Empezar|1008|OT7|7|Order Type Master 7|7|13796.00|0.00|13796.00|0.00|0.00|0.00|13796.00|0.00|13796.00|153|13796.00|1|0|0.00|0.00|0.00|83|20
FPMI|Restaurante|1|Restaurante|1|JUGO DE FRESA EN AGUA| |9604148|JUGO DE FRESA EN AGUA| |9604148|BEBIDAS|20|BEBIDAS|20|Bebidas Sin Alcohol|3000|Bebidas Sin Alcohol|3000|OT1|1|Order Type Master 1|1|10093.00|0.00|10093.00|0.00|0.00|0.00|10093.00|0.00|10093.00|1|10093.00|1|0|0.00|0.00|0.00|56|13
FPMI|Restaurante|1|Restaurante|1|JUGO DE LULO EN LECHE| |9604212|JUGO DE LULO EN LECHE| |9604212|BEBIDAS|20|BEBIDAS|20|Bebidas Sin Alcohol|3000|Bebidas Sin Alcohol|3000|OT1|1|Order Type Master 1|1|12870.00|-2566.00|10304.00|0.00|0.00|0.00|12870.00|-2566.00|10304.00|1|12870.00|1|0|0.00|0.00|0.00|76|18
FPMI|Restaurante|1|Restaurante|1|JUGO DE MARACUYA EN LECHE| |9604112|JUGO DE MARACUYA EN LECHE| |9604112|BEBIDAS|20|BEBIDAS|20|Bebidas Sin Alcohol|3000|Bebidas Sin Alcohol|3000|OT1|1|Order Type Master 1|1|12870.00|-2576.00|10294.00|0.00|0.00|0.00|12870.00|-2576.00|10294.00|1|12870.00|1|0|0.00|0.00|0.00|76|18
FPMI|Restaurante|1|Restaurante|1|JUGO DE MARACUYA EN AGUA| |9604116|JUGO DE MARACUYA EN AGUA| |9604116|BEBIDAS|20|BEBIDAS|20|Bebidas Sin Alcohol|3000|Bebidas Sin Alcohol|3000|OT1|1|Order Type Master 1|1|10093.00|0.00|10093.00|0.00|0.00|0.00|10093.00|0.00|10093.00|1|10093.00|1|0|0.00|0.00|0.00|71|17
FPMI|Restaurante|1|Restaurante|1|JUGO DE MANGO EN AGUA| |9604156|JUGO DE MANGO EN AGUA| |9604156|BEBIDAS|20|BEBIDAS|20|Bebidas Sin Alcohol|3000|Bebidas Sin Alcohol|3000|OT1|1|Order Type Master 1|1|10093.00|0.00|10093.00|0.00|0.00|0.00|10093.00|0.00|10093.00|1|10093.00|1|0|0.00|0.00|0.00|71|17
FPMI|Restaurante|1|Restaurante|1|LIMONADA NATURAL| |9604060|LIMONADA NATURAL| |9604060|BEBIDAS|20|BEBIDAS|20|Bebidas Sin Alcohol|3000|Bebidas Sin Alcohol|3000|OT1|1|Order Type Master 1|1|8519.00|0.00|8519.00|0.00|0.00|0.00|8519.00|0.00|8519.00|1|8519.00|1|0|0.00|0.00|0.00|59|14
FPMI|Restaurante|1|Restaurante|1|AGUA MANANTIAL CON GAS 300 ML| |9606136|AGUA MANANTIAL CON GAS 300 ML| |9606136|BEBIDAS|20|BEBIDAS|20|Bebidas Sin Alcohol|3000|Bebidas Sin Alcohol|3000|OT1|1|Order Type Master 1|1|6389.00|0.00|6389.00|0.00|0.00|0.00|6389.00|0.00|6389.00|1|6389.00|1|0|0.00|0.00|0.00|73|18
FPMI|Restaurante|1|Restaurante|1|LIMONADA NATURAL| |9604060|LIMONADA NATURAL| |9604060|BEBIDAS|20|BEBIDAS|20|Bebidas Sin Alcohol|3000|Bebidas Sin Alcohol|3000|OT1|1|Order Type Master 1|1|8519.00|0.00|8519.00|0.00|0.00|0.00|8519.00|0.00|8519.00|1|8519.00|1|0|0.00|0.00|0.00|65|16
FPMI|Restaurante|1|Restaurante|1|SODA CON LIMON| |9606141|SODA CON LIMON| |9606141|BEBIDAS|20|BEBIDAS|20|Bebidas Sin Alcohol|3000|Bebidas Sin Alcohol|3000|OT1|1|Order Type Master 1|1|7222.00|0.00|7222.00|0.00|0.00|0.00|7222.00|0.00|7222.00|1|7222.00|1|0|0.00|0.00|0.00|65|16
FPMI|Restaurante|1|Restaurante|1|CAFE AMERICANO NESPRESSO| |9262158|CAFE AMERICANO NESPRESSO| |9262158|BEBIDAS|20|BEBIDAS|20|Bebidas Sin Alcohol|3000|Bebidas Sin Alcohol|3000|OT1|1|Order Type Master 1|1|13518.00|0.00|13518.00|0.00|0.00|0.00|13518.00|0.00|13518.00|1|13518.00|2|0|0.00|0.00|0.00|53|13
FPMI|Restaurante|1|Restaurante|1|LIMONADA HIERBABUENA| |9604066|LIMONADA HIERBABUENA| |9604066|BEBIDAS|20|BEBIDAS|20|Bebidas Sin Alcohol|3000|Bebidas Sin Alcohol|3000|OT1|1|Order Type Master 1|1|8519.00|0.00|8519.00|0.00|0.00|0.00|8519.00|0.00|8519.00|1|8519.00|1|0|0.00|0.00|0.00|50|12
FPMI|Restaurante|1|Restaurante|1|JUGO DE MARACUYA EN AGUA| |9604116|JUGO DE MARACUYA EN AGUA| |9604116|BEBIDAS|20|BEBIDAS|20|Bebidas Sin Alcohol|3000|Bebidas Sin Alcohol|3000|OT1|1|Order Type Master 1|1|20186.00|0.00|20186.00|0.00|0.00|0.00|20186.00|0.00|20186.00|1|20186.00|2|0|0.00|0.00|0.00|51|12
FPMI|Restaurante|1|Restaurante|1|MJE ALM| |90000037|MJE ALM| |90000037|ALIMENTOS|10|ALIMENTOS|10|Para Empezar|1008|Para Empezar|1008|OT1|1|Order Type Master 1|1|0.00|0.00|0.00|0.00|0.00|0.00|0.00|0.00|0.00|1|0.00|1|0|0.00|0.00|0.00|62|15
FPMI|Restaurante|1|Restaurante|1|PORCION DE ARROZ BLANCO| |9500064|PORCION DE ARROZ BLANCO| |9500064|ALIMENTOS|10|ALIMENTOS|10|Para Empezar|1008|Para Empezar|1008|OT1|1|Order Type Master 1|1|3426.00|0.00|3426.00|0.00|0.00|0.00|3426.00|0.00|3426.00|1|3426.00|1|0|0.00|0.00|0.00|56|13
FPMI|Restaurante|1|Restaurante|1|CHUNCHULLO x 200 gr| |9502072|CHUNCHULLO x 200 gr| |9502072|ALIMENTOS|10|ALIMENTOS|10|Para Empezar|1008|Para Empezar|1008|OT1|1|Order Type Master 1|1|23056.00|0.00|23056.00|0.00|0.00|0.00|23056.00|0.00|23056.00|1|23056.00|1|0|0.00|0.00|0.00|83|20
FPMI|Restaurante|1|Restaurante|1|AREPA DE HUEVO| |9528012|AREPA DE HUEVO| |9528012|ALIMENTOS|10|ALIMENTOS|10|Para Empezar|1008|Para Empezar|1008|OT1|1|Order Type Master 1|1|7778.00|0.00|7778.00|0.00|0.00|0.00|7778.00|0.00|7778.00|1|7778.00|1|0|0.00|0.00|0.00|83|20
FPMI|Restaurante|1|Restaurante|1|MJE ALM| |90000037|MJE ALM| |90000037|ALIMENTOS|10|ALIMENTOS|10|Para Empezar|1008|Para Empezar|1008|OT1|1|Order Type Master 1|1|0.00|0.00|0.00|0.00|0.00|0.00|0.00|0.00|0.00|1|0.00|2|0|0.00|0.00|0.00|51|12
FPMI|Restaurante|1|Restaurante|1|Mensaje Bebidas 2024| |980000095|Mensaje Bebidas 2024| |980000095|ALIMENTOS|10|ALIMENTOS|10|Para Empezar|1008|Para Empezar|1008|OT1|1|Order Type Master 1|1|0.00|0.00|0.00|0.00|0.00|0.00|0.00|0.00|0.00|1|0.00|1|0|0.00|0.00|0.00|72|17
FPMI|Restaurante|1|Restaurante|1|Mensaje Bebidas 2024| |980000095|Mensaje Bebidas 2024| |980000095|ALIMENTOS|10|ALIMENTOS|10|Para Empezar|1008|Para Empezar|1008|OT1|1|Order Type Master 1|1|0.00|0.00|0.00|0.00|0.00|0.00|0.00|0.00|0.00|1|0.00|1|0|0.00|0.00|0.00|59|14
FPMI|Restaurante|1|Restaurante|1|CHURRASCO 250 gr CASCO| |9502106|CHURRASCO 250 gr CASCO| |9502106|ALIMENTOS|10|ALIMENTOS|10|Para Empezar|1008|Para Empezar|1008|OT1|1|Order Type Master 1|1|51667.00|0.00|51667.00|0.00|0.00|0.00|51667.00|0.00|51667.00|1|51667.00|1|0|0.00|0.00|0.00|79|19
FPMI|Restaurante|1|Restaurante|1|AREPA DE CHOCOLO| |9506036|AREPA DE CHOCOLO| |9506036|ALIMENTOS|10|ALIMENTOS|10|Para Empezar|1008|Para Empezar|1008|OT1|1|Order Type Master 1|1|60555.00|0.00|60555.00|0.00|0.00|0.00|60555.00|0.00|60555.00|1|60555.00|3|0|0.00|0.00|0.00|74|18
FPMI|Restaurante|1|Restaurante|1|PATACON GRATINADO| |9524040|PATACON GRATINADO| |9524040|ALIMENTOS|10|ALIMENTOS|10|Para Empezar|1008|Para Empezar|1008|OT1|1|Order Type Master 1|1|12593.00|0.00|12593.00|0.00|0.00|0.00|12593.00|0.00|12593.00|1|12593.00|1|0|0.00|0.00|0.00|55|13
FPMI|Restaurante|1|Restaurante|1|ENTRECOT 180 gr  FRANCESA| |9502504|ENTRECOT 180 gr  FRANCESA| |9502504|ALIMENTOS|10|ALIMENTOS|10|Para Empezar|1008|Para Empezar|1008|OT1|1|Order Type Master 1|1|36852.00|0.00|36852.00|0.00|0.00|0.00|36852.00|0.00|36852.00|1|36852.00|1|0|0.00|0.00|0.00|52|12
FPMI|Restaurante|1|Restaurante|1|SALMON A LA PLANCHA 200 gr ENSALADA| |9504162|SALMON A LA PLANCHA 200 gr ENSALADA| |9504162|ALIMENTOS|10|ALIMENTOS|10|Para Empezar|1008|Para Empezar|1008|OT1|1|Order Type Master 1|1|49815.00|0.00|49815.00|0.00|0.00|0.00|49815.00|0.00|49815.00|1|49815.00|1|0|0.00|0.00|0.00|54|13
FPMI|Restaurante|1|Restaurante|1|CAZUELA DE FRIJOLES| |9520032|CAZUELA DE FRIJOLES| |9520032|ALIMENTOS|10|ALIMENTOS|10|Para Empezar|1008|Para Empezar|1008|OT1|1|Order Type Master 1|1|36852.00|0.00|36852.00|0.00|0.00|0.00|36852.00|0.00|36852.00|1|36852.00|1|0|0.00|0.00|0.00|57|14
FPMI|Restaurante|1|Restaurante|1|Mod 1/4| |980000003|Mod 1/4| |980000003|ALIMENTOS|10|ALIMENTOS|10|Para Empezar|1008|Para Empezar|1008|OT1|1|Order Type Master 1|1|0.00|0.00|0.00|0.00|0.00|0.00|0.00|0.00|0.00|1|0.00|1|0|0.00|0.00|0.00|50|12
FPMI|Restaurante|1|Restaurante|1|PUNTA DE ANCA 250 gr ENSALADA| |9502234|PUNTA DE ANCA 250 gr ENSALADA| |9502234|ALIMENTOS|10|ALIMENTOS|10|Para Empezar|1008|Para Empezar|1008|OT1|1|Order Type Master 1|1|54444.00|0.00|54444.00|0.00|0.00|0.00|54444.00|0.00|54444.00|1|54444.00|1|0|0.00|0.00|0.00|51|12
FPMI|Domicilios|20|Domicilios|20|Mod CocaCola Original 400ml| |980000102|Mod CocaCola Original 400ml| |980000102|ALIMENTOS|10|ALIMENTOS|10|Para Empezar|1008|Para Empezar|1008|OT2|2|Order Type Master 2|2|0.00|0.00|0.00|0.00|0.00|0.00|0.00|0.00|0.00|1|0.00|1|0|0.00|0.00|0.00|74|18
FPMI|Plataformas|21|Plataformas|21|MJE ALM| |90000037|MJE ALM| |90000037|ALIMENTOS|10|ALIMENTOS|10|Para Empezar|1008|Para Empezar|1008|OT7|7|Order Type Master 7|7|0.00|0.00|0.00|0.00|0.00|0.00|0.00|0.00|0.00|1|0.00|2|0|0.00|0.00|0.00|74|18
FPMI|Plataformas|21|Plataformas|21|CUBIERTOS Y SERVILLETAS| |980000100|CUBIERTOS Y SERVILLETAS| |980000100|ALIMENTOS|10|ALIMENTOS|10|Para Empezar|1008|Para Empezar|1008|OT7|7|Order Type Master 7|7|0.00|0.00|0.00|0.00|0.00|0.00|0.00|0.00|0.00|153|0.00|1|0|0.00|0.00|0.00|74|18
FPMI|Plataformas|21|Plataformas|21|CHUNCHULLO x 200 gr| |9502072|CHUNCHULLO x 200 gr| |9502072|ALIMENTOS|10|ALIMENTOS|10|Para Empezar|1008|Para Empezar|1008|OT7|7|Order Type Master 7|7|24167.00|0.00|24167.00|0.00|0.00|0.00|24167.00|0.00|24167.00|153|24167.00|1|0|0.00|0.00|0.00|73|18
FPMI|Restaurante|1|Restaurante|1|AGUA MANANTIAL SIN GAS 500 ML| |9606135|AGUA MANANTIAL SIN GAS 500 ML| |9606135|BEBIDAS|20|BEBIDAS|20|Bebidas Sin Alcohol|3000|Bebidas Sin Alcohol|3000|OT1|1|Order Type Master 1|1|8148.00|0.00|8148.00|0.00|0.00|0.00|8148.00|0.00|8148.00|1|8148.00|1|0|0.00|0.00|0.00|86|21
FPMI|Restaurante|1|Restaurante|1|LIMONADA NATURAL| |9604060|LIMONADA NATURAL| |9604060|BEBIDAS|20|BEBIDAS|20|Bebidas Sin Alcohol|3000|Bebidas Sin Alcohol|3000|OT1|1|Order Type Master 1|1|8519.00|0.00|8519.00|0.00|0.00|0.00|8519.00|0.00|8519.00|1|8519.00|1|0|0.00|0.00|0.00|61|15
FPMI|Restaurante|1|Restaurante|1|AGUA MANANTIAL SIN GAS 500 ML| |9606135|AGUA MANANTIAL SIN GAS 500 ML| |9606135|BEBIDAS|20|BEBIDAS|20|Bebidas Sin Alcohol|3000|Bebidas Sin Alcohol|3000|OT1|1|Order Type Master 1|1|8148.00|0.00|8148.00|0.00|0.00|0.00|8148.00|0.00|8148.00|1|8148.00|1|0|0.00|0.00|0.00|61|15
FPMI|Restaurante|1|Restaurante|1|JUGO DE MARACUYA EN AGUA| |9604116|JUGO DE MARACUYA EN AGUA| |9604116|BEBIDAS|20|BEBIDAS|20|Bebidas Sin Alcohol|3000|Bebidas Sin Alcohol|3000|OT1|1|Order Type Master 1|1|10093.00|0.00|10093.00|0.00|0.00|0.00|10093.00|0.00|10093.00|1|10093.00|1|0|0.00|0.00|0.00|81|20
FPMI|Restaurante|1|Restaurante|1|CAPUCCINO NESPRESSO| |9262152|CAPUCCINO NESPRESSO| |9262152|BEBIDAS|20|BEBIDAS|20|Bebidas Sin Alcohol|3000|Bebidas Sin Alcohol|3000|OT1|1|Order Type Master 1|1|8241.00|0.00|8241.00|0.00|0.00|0.00|8241.00|0.00|8241.00|1|8241.00|1|0|0.00|0.00|0.00|57|14
FPMI|Restaurante|1|Restaurante|1|JUGO DE MANDARINA| |9604044|JUGO DE MANDARINA| |9604044|BEBIDAS|20|BEBIDAS|20|Bebidas Sin Alcohol|3000|Bebidas Sin Alcohol|3000|OT1|1|Order Type Master 1|1|14074.00|0.00|14074.00|0.00|0.00|0.00|14074.00|0.00|14074.00|1|14074.00|1|0|0.00|0.00|0.00|51|12
FPMI|Restaurante|1|Restaurante|1|GASEOSA 400 ml| |9606131|GASEOSA 400 ml| |9606131|BEBIDAS|20|BEBIDAS|20|Bebidas Sin Alcohol|3000|Bebidas Sin Alcohol|3000|OT1|1|Order Type Master 1|1|7593.00|0.00|7593.00|0.00|0.00|0.00|7593.00|0.00|7593.00|1|7593.00|1|0|0.00|0.00|0.00|73|18
FPMI|Restaurante|1|Restaurante|1|JUGO DE MANGO EN AGUA| |9604156|JUGO DE MANGO EN AGUA| |9604156|BEBIDAS|20|BEBIDAS|20|Bebidas Sin Alcohol|3000|Bebidas Sin Alcohol|3000|OT1|1|Order Type Master 1|1|0.00|-2016.00|-2016.00|0.00|0.00|0.00|0.00|-2016.00|-2016.00|1|0.00|0|0|0.00|0.00|0.00|74|18
FPMI|Restaurante|1|Restaurante|1|GASEOSA 400 ml| |9606131|GASEOSA 400 ml| |9606131|BEBIDAS|20|BEBIDAS|20|Bebidas Sin Alcohol|3000|Bebidas Sin Alcohol|3000|OT1|1|Order Type Master 1|1|15186.00|0.00|15186.00|0.00|0.00|0.00|15186.00|0.00|15186.00|1|15186.00|2|0|0.00|0.00|0.00|79|19
FPMI|Domicilios|20|Domicilios|20|AGUA MANANTIAL SIN GAS 500 ML| |9606135|AGUA MANANTIAL SIN GAS 500 ML| |9606135|BEBIDAS|20|BEBIDAS|20|Bebidas Sin Alcohol|3000|Bebidas Sin Alcohol|3000|OT2|2|Order Type Master 2|2|8148.00|0.00|8148.00|0.00|0.00|0.00|8148.00|0.00|8148.00|73|8148.00|1|0|0.00|0.00|0.00|76|18
FPMI|Restaurante|1|Restaurante|1|PATACON CON HOGAO| |9524044|PATACON CON HOGAO| |9524044|ALIMENTOS|10|ALIMENTOS|10|Para Empezar|1008|Para Empezar|1008|OT1|1|Order Type Master 1|1|10000.00|0.00|10000.00|0.00|0.00|0.00|10000.00|0.00|10000.00|1|10000.00|1|0|0.00|0.00|0.00|84|20
FPMI|Restaurante|1|Restaurante|1|MADURITOS| |9500252|MADURITOS| |9500252|ALIMENTOS|10|ALIMENTOS|10|Para Empezar|1008|Para Empezar|1008|OT1|1|Order Type Master 1|1|3426.00|0.00|3426.00|0.00|0.00|0.00|3426.00|0.00|3426.00|1|3426.00|1|0|0.00|0.00|0.00|56|13
FPMI|Restaurante|1|Restaurante|1|BANDEJA PAISA| |9520036|BANDEJA PAISA| |9520036|ALIMENTOS|10|ALIMENTOS|10|Para Empezar|1008|Para Empezar|1008|OT1|1|Order Type Master 1|1|42500.00|0.00|42500.00|0.00|0.00|0.00|42500.00|0.00|42500.00|1|42500.00|1|0|0.00|0.00|0.00|56|13
FPMI|Restaurante|1|Restaurante|1|GUACAMOLE| |9500192|GUACAMOLE| |9500192|ALIMENTOS|10|ALIMENTOS|10|Para Empezar|1008|Para Empezar|1008|OT1|1|Order Type Master 1|1|5463.00|-1090.00|4373.00|0.00|0.00|0.00|5463.00|-1090.00|4373.00|1|5463.00|1|0|0.00|0.00|0.00|76|18
FPMI|Restaurante|1|Restaurante|1|MJE ALM| |90000037|MJE ALM| |90000037|ALIMENTOS|10|ALIMENTOS|10|Para Empezar|1008|Para Empezar|1008|OT1|1|Order Type Master 1|1|0.00|0.00|0.00|0.00|0.00|0.00|0.00|0.00|0.00|1|0.00|1|0|0.00|0.00|0.00|76|18
FPMI|Restaurante|1|Restaurante|1|Mensaje Bebidas 2024| |980000095|Mensaje Bebidas 2024| |980000095|ALIMENTOS|10|ALIMENTOS|10|Para Empezar|1008|Para Empezar|1008|OT1|1|Order Type Master 1|1|0.00|0.00|0.00|0.00|0.00|0.00|0.00|0.00|0.00|1|0.00|1|0|0.00|0.00|0.00|81|20
FPMI|Restaurante|1|Restaurante|1|Mod 1/2| |980000002|Mod 1/2| |980000002|ALIMENTOS|10|ALIMENTOS|10|Para Empezar|1008|Para Empezar|1008|OT1|1|Order Type Master 1|1|0.00|0.00|0.00|0.00|0.00|0.00|0.00|0.00|0.00|1|0.00|2|0|0.00|0.00|0.00|71|17
FPMI|Restaurante|1|Restaurante|1|Mod 3/4| |980000004|Mod 3/4| |980000004|ALIMENTOS|10|ALIMENTOS|10|Para Empezar|1008|Para Empezar|1008|OT1|1|Order Type Master 1|1|0.00|0.00|0.00|0.00|0.00|0.00|0.00|0.00|0.00|1|0.00|1|0|0.00|0.00|0.00|59|14
FPMI|Restaurante|1|Restaurante|1|AREPA DE CHOCOLO| |9506036|AREPA DE CHOCOLO| |9506036|ALIMENTOS|10|ALIMENTOS|10|Para Empezar|1008|Para Empezar|1008|OT1|1|Order Type Master 1|1|20185.00|0.00|20185.00|0.00|0.00|0.00|20185.00|0.00|20185.00|1|20185.00|1|0|0.00|0.00|0.00|60|14
FPMI|Restaurante|1|Restaurante|1|COMO ENTRADA| |90000038|COMO ENTRADA| |90000038|ALIMENTOS|10|ALIMENTOS|10|Para Empezar|1008|Para Empezar|1008|OT1|1|Order Type Master 1|1|0.00|0.00|0.00|0.00|0.00|0.00|0.00|0.00|0.00|1|0.00|1|0|0.00|0.00|0.00|60|14
FPMI|Restaurante|1|Restaurante|1|Mensaje Bebidas 2024| |980000095|Mensaje Bebidas 2024| |980000095|ALIMENTOS|10|ALIMENTOS|10|Para Empezar|1008|Para Empezar|1008|OT1|1|Order Type Master 1|1|0.00|0.00|0.00|0.00|0.00|0.00|0.00|0.00|0.00|1|0.00|1|0|0.00|0.00|0.00|73|18
FPMI|Restaurante|1|Restaurante|1|CANASTA DE 4 EMPANADAS CACHACAS| |9528040|CANASTA DE 4 EMPANADAS CACHACAS| |9528040|ALIMENTOS|10|ALIMENTOS|10|Para Empezar|1008|Para Empezar|1008|OT1|1|Order Type Master 1|1|22500.00|0.00|22500.00|0.00|0.00|0.00|22500.00|0.00|22500.00|1|22500.00|1|0|0.00|0.00|0.00|74|18
FPMI|Restaurante|1|Restaurante|1|MJE ALM| |90000037|MJE ALM| |90000037|ALIMENTOS|10|ALIMENTOS|10|Para Empezar|1008|Para Empezar|1008|OT1|1|Order Type Master 1|1|0.00|0.00|0.00|0.00|0.00|0.00|0.00|0.00|0.00|1|0.00|2|0|0.00|0.00|0.00|74|18
FPMI|Restaurante|1|Restaurante|1|PATACON GRATINADO| |9524040|PATACON GRATINADO| |9524040|ALIMENTOS|10|ALIMENTOS|10|Para Empezar|1008|Para Empezar|1008|OT1|1|Order Type Master 1|1|12593.00|0.00|12593.00|0.00|0.00|0.00|12593.00|0.00|12593.00|1|12593.00|1|0|0.00|0.00|0.00|71|17
FPMI|Restaurante|1|Restaurante|1|COMO ENTRADA| |90000038|COMO ENTRADA| |90000038|ALIMENTOS|10|ALIMENTOS|10|Para Empezar|1008|Para Empezar|1008|OT1|1|Order Type Master 1|1|0.00|0.00|0.00|0.00|0.00|0.00|0.00|0.00|0.00|17|0.00|1|0|0.00|0.00|0.00|71|17
FPMI|Restaurante|1|Restaurante|1|Mod CocaCola Zero 400ml| |980000103|Mod CocaCola Zero 400ml| |980000103|ALIMENTOS|10|ALIMENTOS|10|Para Empezar|1008|Para Empezar|1008|OT1|1|Order Type Master 1|1|0.00|0.00|0.00|0.00|0.00|0.00|0.00|0.00|0.00|1|0.00|1|0|0.00|0.00|0.00|70|17
FPMI|Restaurante|1|Restaurante|1|EMPANADA CACHACA| |9528008|EMPANADA CACHACA| |9528008|ALIMENTOS|10|ALIMENTOS|10|Para Empezar|1008|Para Empezar|1008|OT1|1|Order Type Master 1|1|6111.00|0.00|6111.00|0.00|0.00|0.00|6111.00|0.00|6111.00|1|6111.00|1|0|0.00|0.00|0.00|73|18
FPMI|Restaurante|1|Restaurante|1|CALENTADO ANDRES| |9518004|CALENTADO ANDRES| |9518004|ALIMENTOS|10|ALIMENTOS|10|Para Empezar|1008|Para Empezar|1008|OT1|1|Order Type Master 1|1|0.00|-7000.00|-7000.00|0.00|0.00|0.00|0.00|-7000.00|-7000.00|1|0.00|0|0|0.00|0.00|0.00|86|21
FPMI|Restaurante|1|Restaurante|1|HAMBURGUESA CAMPESINA 125 gr| |9508008|HAMBURGUESA CAMPESINA 125 gr| |9508008|ALIMENTOS|10|ALIMENTOS|10|Para Empezar|1008|Para Empezar|1008|OT1|1|Order Type Master 1|1|18333.00|0.00|18333.00|0.00|0.00|0.00|18333.00|0.00|18333.00|1|18333.00|1|0|0.00|0.00|0.00|73|18
FPMI|Restaurante|1|Restaurante|1|CUCHUCO CON ESPINAZO| |9520020|CUCHUCO CON ESPINAZO| |9520020|ALIMENTOS|10|ALIMENTOS|10|Para Empezar|1008|Para Empezar|1008|OT1|1|Order Type Master 1|1|34167.00|0.00|34167.00|0.00|0.00|0.00|34167.00|0.00|34167.00|1|34167.00|1|0|0.00|0.00|0.00|63|15
FPMI|Restaurante|1|Restaurante|1|BISTEC ENTRECOT 180 gr  ARROZ | |9502522|BISTEC ENTRECOT 180 gr  ARROZ | |9502522|ALIMENTOS|10|ALIMENTOS|10|Para Empezar|1008|Para Empezar|1008|OT1|1|Order Type Master 1|1|38704.00|0.00|38704.00|0.00|0.00|0.00|38704.00|0.00|38704.00|1|38704.00|1|0|0.00|0.00|0.00|52|12
FPMI|Restaurante|1|Restaurante|1|TRES LECHES| |9514016|TRES LECHES| |9514016|ALIMENTOS|10|ALIMENTOS|10|Para Empezar|1008|Para Empezar|1008|OT1|1|Order Type Master 1|1|12500.00|0.00|12500.00|0.00|0.00|0.00|12500.00|0.00|12500.00|1|12500.00|1|0|0.00|0.00|0.00|53|13
FPMI|Restaurante|1|Restaurante|1|SOPA DE VERDURAS| |9520050|SOPA DE VERDURAS| |9520050|ALIMENTOS|10|ALIMENTOS|10|Para Empezar|1008|Para Empezar|1008|OT1|1|Order Type Master 1|1|13148.00|0.00|13148.00|0.00|0.00|0.00|13148.00|0.00|13148.00|1|13148.00|1|0|0.00|0.00|0.00|51|12
FPMI|Plataformas|21|Plataformas|21|MJE ALM| |90000037|MJE ALM| |90000037|ALIMENTOS|10|ALIMENTOS|10|Para Empezar|1008|Para Empezar|1008|OT7|7|Order Type Master 7|7|0.00|0.00|0.00|0.00|0.00|0.00|0.00|0.00|0.00|1|0.00|1|0|0.00|0.00|0.00|60|14
FPMI|Plataformas|21|Plataformas|21|AJIACO  POLLO| |9520008|AJIACO  POLLO| |9520008|ALIMENTOS|10|ALIMENTOS|10|Para Empezar|1008|Para Empezar|1008|OT7|7|Order Type Master 7|7|107223.00|0.00|107223.00|0.00|0.00|0.00|107223.00|0.00|107223.00|153|107223.00|3|0|0.00|0.00|0.00|45|11
FPMI|Plataformas|21|Plataformas|21|PUNTA DE ANCA 250 gr FRANCESA| |9502236|PUNTA DE ANCA 250 gr FRANCESA| |9502236|ALIMENTOS|10|ALIMENTOS|10|Para Empezar|1008|Para Empezar|1008|OT7|7|Order Type Master 7|7|57130.00|0.00|57130.00|0.00|0.00|0.00|57130.00|0.00|57130.00|153|57130.00|1|0|0.00|0.00|0.00|56|13
