FPID|Expr1|Expres Calle 93|20250105|20250105|20250106|123255|2.00|2.00|Simphony|19.7.2
FPSUM|Plataformas|21|Plataformas|21|44537.00|0.00|0|0|0.00|0|3563.00|1|0|0|0|0|0.00|0.00|0.00|0|0|0|0.00|0|0.00|0|0.00|0|48100.00|1|48100.00|1|0.00|0|0.00|0|0.00|0.00|17|72|44537.00|0.00|0.00|0.00|44537.00|4660.50|4660.50|0.00|0.17|0.00|27962.94|4660.50|4660.50
FPSUM|Plataformas|21|Plataformas|21|31296.00|0.00|0|0|0.00|0|2504.00|1|0|0|0|0|0.00|0.00|0.00|0|0|0|0.00|0|0.00|0|0.00|0|33800.00|1|33800.00|1|0.00|0|0.00|0|0.00|0.00|13|54|31296.00|0.00|0.00|0.00|31296.00|0.00|0.00|0.00|0.00|0.00|0.00|0.00|0.00
FPSUM|Restaurante|1|Restaurante|1|50648.00|5065.00|0|0|0.00|0|4052.00|1|0|0|0|0|0.00|0.00|0.00|0|0|0|0.00|0|0.00|0|0.00|0|59765.00|1|0.00|0|0.00|0|0.00|0|0.00|0.00|13|55|50648.00|0.00|0.00|0.00|50648.00|57901.67|57901.67|0.00|0.50|0.00|115803.33|57901.67|57901.67
FPSUM|Restaurante|1|Restaurante|1|213704.00|21370.00|0|0|0.00|0|17096.00|1|0|0|0|0|0.00|0.00|0.00|0|0|0|0.00|0|0.00|0|0.00|0|252170.00|1|0.00|0|0.00|0|0.00|0|0.00|0.00|17|72|213704.00|0.00|0.00|0.00|213704.00|11913.67|11913.67|0.00|0.17|0.00|71481.86|11913.67|11913.67
FPSUM|Restaurante|1|Restaurante|1|0.00|0.00|0|0|0.00|0|0.00|0|0|0|0|0|0.00|0.00|0.00|0|0|0|0.00|0|0.00|0|0.00|0|0.00|0|331601.00|2|0.00|0|0.00|0|0.00|0.00|18|76|0.00|0.00|0.00|0.00|0.00|0.00|0.00|0.00|0.00|0.00|0.00|0.00|0.00
FPSUM|Restaurante|1|Restaurante|1|0.00|0.00|0|0|0.00|0|0.00|0|0|0|0|0|0.00|0.00|0.00|0|0|0|0.00|0|0.00|0|0.00|0|0.00|0|175907.00|1|0.00|0|0.00|0|0.00|0.00|16|65|0.00|0.00|0.00|0.00|0.00|0.00|0.00|0.00|0.00|0.00|0.00|0.00|0.00
FPSUM|Restaurante|1|Restaurante|1|70278.00|7028.00|0|0|0.00|0|5622.00|1|0|0|0|0|0.00|0.00|0.00|0|0|0|0.00|0|0.00|0|0.00|0|82928.00|1|0.00|0|0.00|0|0.00|0|0.00|0.00|15|61|70278.00|0.00|0.00|0.00|70278.00|46882.83|46882.83|0.00|0.50|0.00|93765.67|46882.83|46882.83
FPSUM|Plataformas|21|Plataformas|21|154443.00|0.00|0|0|0.00|0|12357.00|1|0|0|0|0|0.00|0.00|0.00|0|0|0|0.00|0|0.00|0|0.00|0|166800.00|1|166800.00|1|0.00|0|0.00|0|0.00|0.00|12|52|154443.00|0.00|0.00|0.00|154443.00|14336.33|14336.33|0.00|0.50|0.00|28672.67|14336.33|14336.33
FPSUM|Restaurante|1|Restaurante|1|106483.00|10648.00|0|0|0.00|0|8517.00|1|0|0|0|0|0.00|0.00|0.00|0|0|0|0.00|0|0.00|0|0.00|0|125648.00|1|0.00|0|0.00|0|0.00|0|0.00|0.00|13|53|106483.00|0.00|0.00|0.00|106483.00|66805.50|66805.50|0.00|0.33|0.00|200416.70|66805.50|66805.50
FPSUM|Plataformas|21|Plataformas|21|99445.00|0.00|0|0|0.00|0|7955.00|1|0|0|0|0|0.00|0.00|0.00|0|0|0|0.00|0|0.00|0|0.00|0|107400.00|1|107400.00|1|0.00|0|0.00|0|0.00|0.00|15|64|99445.00|0.00|0.00|0.00|99445.00|6358.00|6358.00|0.00|0.17|0.00|38147.92|6358.00|6358.00
FPSUM|Restaurante|1|Restaurante|1|191018.00|19101.00|0|0|0.00|0|15282.00|1|0|0|0|0|0.00|0.00|0.00|0|0|0|0.00|0|0.00|0|0.00|0|225401.00|1|0.00|0|0.00|0|0.00|0|0.00|0.00|14|59|191018.00|0.00|0.00|0.00|191018.00|64969.50|64969.50|0.00|0.33|0.00|194908.69|64969.50|64969.50
FPSUM|Restaurante|1|Restaurante|1|67314.00|6731.00|0|0|0.00|0|5386.00|1|0|0|0|0|0.00|0.00|0.00|0|0|0|0.00|0|0.00|0|0.00|0|79431.00|1|0.00|0|0.00|0|0.00|0|0.00|0.00|18|74|67314.00|0.00|0.00|0.00|67314.00|7222.33|7222.33|0.00|0.17|0.00|43333.91|7222.33|7222.33
FPSUM|Restaurante|1|Restaurante|1|0.00|0.00|0|0|0.00|0|0.00|0|0|0|0|0|0.00|0.00|0.00|0|0|0|0.00|0|0.00|0|0.00|0|0.00|0|185413.00|2|0.00|0|0.00|0|0.00|0.00|14|57|0.00|0.00|0.00|0.00|0.00|62870.50|62870.50|0.00|0.50|0.00|125741.00|62870.50|62870.50
FPSUM|Restaurante|1|Restaurante|1|0.00|0.00|0|0|0.00|0|0.00|0|0|0|0|0|0.00|0.00|0.00|0|0|0|0.00|0|0.00|0|0.00|0|0.00|0|103468.00|1|0.00|0|0.00|0|0.00|0.00|12|52|0.00|0.00|0.00|0.00|0.00|146236.00|146236.00|0.00|1.00|0.00|146236.00|146236.00|146236.00
FPSUM|Plataformas|21|Plataformas|21|90556.00|0.00|0|0|0.00|0|7244.00|1|0|0|0|0|0.00|0.00|0.00|0|0|0|0.00|0|0.00|0|0.00|0|97800.00|1|97800.00|1|0.00|0|0.00|0|0.00|0.00|12|51|90556.00|0.00|0.00|0.00|90556.00|14305.50|14305.50|0.00|0.33|0.00|42916.54|14305.50|14305.50
FPSUM|Restaurante|1|Restaurante|1|0.00|0.00|0|0|0.00|0|0.00|0|0|0|0|0|0.00|0.00|0.00|0|0|0|0.00|0|0.00|0|0.00|0|-1.00|0|322750.00|2|0.00|0|0.00|0|0.00|0.00|15|63|0.00|0.00|0.00|0.00|0.00|68997.17|68997.17|0.00|0.67|0.00|103495.70|68997.17|68997.17
FPSUM|Plataformas|21|Plataformas|21|99629.00|0.00|0|0|0.00|0|7971.00|2|0|0|0|0|0.00|0.00|0.00|0|0|0|0.00|0|0.00|0|0.00|1|107600.00|2|107600.00|2|0.00|0|0.00|0|0.00|0.00|13|56|99629.00|0.00|0.00|0.00|99629.00|21913.83|21913.83|0.00|0.33|0.00|65741.57|21913.83|21913.83
FPSUM|Plataformas|21|Plataformas|21|0.00|0.00|0|0|0.00|0|0.00|0|0|0|0|0|0.00|0.00|0.00|0|0|0|0.00|0|0.00|0|0.00|1|0.00|0|0.00|0|0.00|0|0.00|0|0.00|0.00|14|60|0.00|0.00|0.00|0.00|0.00|24475.50|24475.50|0.00|0.17|0.00|146852.71|24475.50|24475.50
FPSUM|Restaurante|1|Restaurante|1|66390.00|6639.00|0|0|0.00|0|5310.00|1|0|0|0|0|0.00|0.00|0.00|0|0|0|0.00|0|0.00|0|0.00|0|78340.00|1|19340.00|1|0.00|0|0.00|0|0.00|0.00|11|48|66390.00|0.00|0.00|0.00|66390.00|12222.17|12222.17|0.00|0.17|0.00|73332.85|12222.17|12222.17
FPSUM|Restaurante|1|Restaurante|1|0.00|0.00|0|0|0.00|0|0.00|0|0|0|0|0|0.00|0.00|0.00|0|0|0|0.00|0|0.00|0|0.00|0|-5.00|0|-5.00|0|0.00|0|0.00|0|0.00|0.00|14|58|0.00|0.00|0.00|0.00|0.00|26481.50|26481.50|0.00|0.33|0.00|79444.58|26481.50|26481.50
FPSUM|Domicilios|20|Domicilios|20|50002.00|0.00|0|0|0.00|0|4998.00|1|0|0|0|0|0.00|0.00|0.00|0|0|0|0.00|0|0.00|0|0.00|0|55000.00|1|55000.00|1|0.00|0|0.00|0|0.00|0.00|11|46|62502.00|-12500.00|0.00|0.00|50002.00|10417.00|8333.67|-2083.33|0.17|0.00|50001.90|10417.00|8333.67
FPSUM|Plataformas|21|Plataformas|21|134445.00|0.00|0|0|0.00|0|10755.00|1|0|0|0|0|0.00|0.00|0.00|0|0|0|0.00|0|0.00|0|0.00|0|145200.00|1|145200.00|1|0.00|0|0.00|0|0.00|0.00|14|57|134445.00|0.00|0.00|0.00|134445.00|42469.33|42469.33|0.00|0.50|0.00|84938.67|42469.33|42469.33
FPSUM|Restaurante|1|Restaurante|1|0.00|0.00|0|0|0.00|0|0.00|0|0|0|0|0|0.00|0.00|0.00|0|0|0|0.00|0|0.00|0|0.00|0|0.00|0|0.00|0|0.00|0|0.00|0|0.00|0.00|17|69|0.00|0.00|0.00|0.00|0.00|17191.50|17191.50|0.00|0.17|0.00|103148.79|17191.50|17191.50
FPSUM|Domicilios|20|Domicilios|20|-3700.00|0.00|0|0|0.00|0|0.00|0|0|0|0|0|0.00|0.00|0.00|0|0|0|0.00|0|0.00|0|0.00|0|-3700.00|0|16100.00|1|0.00|0|0.00|0|0.00|0.00|13|54|0.00|-3700.00|0.00|0.00|-3700.00|10926.00|10926.00|0.00|0.50|0.00|21852.00|10926.00|10926.00
FPSUM|Plataformas|21|Plataformas|21|63333.00|0.00|0|0|0.00|0|5067.00|1|0|0|0|0|0.00|0.00|0.00|0|0|0|0.00|0|0.00|0|0.00|0|68400.00|1|68400.00|1|0.00|0|0.00|0|0.00|0.00|16|66|63333.00|0.00|0.00|0.00|63333.00|20262.33|20262.33|0.00|0.33|0.00|60787.06|20262.33|20262.33
FPSUM|Plataformas|21|Plataformas|21|304908.00|0.00|0|0|0.00|0|24392.00|2|0|0|0|0|0.00|0.00|0.00|0|0|0|0.00|0|0.00|0|0.00|0|329300.00|2|329300.00|2|0.00|0|0.00|0|0.00|0.00|13|55|304908.00|0.00|0.00|0.00|304908.00|39166.83|39166.83|0.00|0.67|0.00|58750.22|39166.83|39166.83
FPSUM|Plataformas|21|Plataformas|21|77038.00|0.00|0|0|0.00|0|6162.00|1|0|0|0|0|0.00|0.00|0.00|0|0|0|12000.00|1|0.00|0|0.00|0|83200.00|1|83200.00|1|0.00|0|0.00|0|0.00|0.00|15|62|77038.00|0.00|0.00|0.00|77038.00|20694.33|20694.33|0.00|0.33|0.00|62083.06|20694.33|20694.33
FPSUM|Restaurante|1|Restaurante|1|161296.00|16129.00|0|0|0.00|0|12904.00|1|0|0|0|0|0.00|0.00|0.00|0|0|0|0.00|0|0.00|0|0.00|0|190329.00|1|0.00|0|0.00|0|0.00|0|0.00|0.00|15|62|161296.00|0.00|0.00|0.00|161296.00|43024.83|43024.83|0.00|0.50|0.00|86049.67|43024.83|43024.83
FPSUM|Plataformas|21|Plataformas|21|53889.00|0.00|0|0|0.00|0|4311.00|1|0|0|0|0|0.00|0.00|0.00|0|0|0|0.00|0|0.00|0|0.00|0|58200.00|1|58200.00|1|0.00|0|0.00|0|0.00|0.00|15|63|53889.00|0.00|0.00|0.00|53889.00|1713.00|1713.00|0.00|0.17|0.00|10277.98|1713.00|1713.00
FPSUM|Plataformas|21|Plataformas|21|335743.00|0.00|0|0|0.00|0|26857.00|2|0|0|0|0|0.00|0.00|0.00|0|0|0|0.00|0|0.00|0|0.00|0|362600.00|2|362600.00|2|0.00|0|0.00|0|0.00|0.00|14|58|335743.00|0.00|0.00|0.00|335743.00|5324.00|5324.00|0.00|0.17|0.00|31943.94|5324.00|5324.00
FPSUM|Restaurante|1|Restaurante|1|37686.00|3768.00|0|0|0.00|0|3014.00|1|0|0|0|0|0.00|0.00|0.00|0|0|0|0.00|0|0.00|0|0.00|0|44468.00|1|0.00|0|0.00|0|0.00|0|0.00|0.00|11|47|37686.00|0.00|0.00|0.00|37686.00|0.00|0.00|0.00|0.00|0.00|0.00|0.00|0.00
FPSUM|Domicilios|20|Domicilios|20|4911.00|0.00|0|0|0.00|0|489.00|1|0|0|0|0|0.00|0.00|0.00|0|0|0|0.00|0|0.00|0|0.00|0|5400.00|1|5400.00|1|0.00|0|0.00|0|0.00|0.00|17|69|6111.00|-1200.00|0.00|0.00|4911.00|0.00|0.00|0.00|0.00|0.00|0.00|0.00|0.00
FPSUM|Plataformas|21|Plataformas|21|57130.00|0.00|0|0|0.00|0|4570.00|1|0|0|0|0|0.00|0.00|0.00|0|0|0|0.00|0|0.00|0|0.00|0|61700.00|1|61700.00|1|0.00|0|0.00|0|0.00|0.00|18|74|57130.00|0.00|0.00|0.00|57130.00|0.00|0.00|0.00|0.00|0.00|0.00|0.00|0.00
FPSUM|Plataformas|21|Plataformas|21|100093.00|0.00|0|0|0.00|0|8007.00|2|0|0|0|0|0.00|0.00|0.00|0|0|0|0.00|0|0.00|0|0.00|0|108100.00|2|108100.00|2|0.00|0|0.00|0|0.00|0.00|15|61|100093.00|0.00|0.00|0.00|100093.00|0.00|0.00|0.00|0.00|0.00|0.00|0.00|0.00
FPSUM|Plataformas|21|Plataformas|21|0.00|0.00|0|0|0.00|0|0.00|0|0|0|0|0|0.00|0.00|0.00|0|0|0|0.00|0|0.00|0|0.00|0|0.00|0|232800.00|1|0.00|0|0.00|0|0.00|0.00|12|49|0.00|0.00|0.00|0.00|0.00|0.00|0.00|0.00|0.00|0.00|0.00|0.00|0.00
FPSUM|Plataformas|21|Plataformas|21|66389.00|0.00|0|0|0.00|0|5311.00|1|0|0|0|0|0.00|0.00|0.00|0|0|0|0.00|0|0.00|0|0.00|0|71700.00|1|71700.00|1|0.00|0|0.00|0|0.00|0.00|17|69|66389.00|0.00|0.00|0.00|66389.00|0.00|0.00|0.00|0.00|0.00|0.00|0.00|0.00
FPSUM|Domicilios|20|Domicilios|20|18333.00|0.00|0|0|0.00|0|1467.00|1|0|0|0|0|0.00|0.00|0.00|0|0|0|0.00|0|0.00|0|0.00|0|19800.00|1|0.00|0|0.00|0|0.00|0|0.00|0.00|13|53|18333.00|0.00|0.00|0.00|18333.00|0.00|0.00|0.00|0.00|0.00|0.00|0.00|0.00
FPSUM|Plataformas|21|Plataformas|21|215556.00|0.00|0|0|0.00|0|17244.00|1|0|0|0|0|0.00|0.00|0.00|0|0|0|0.00|0|0.00|0|0.00|0|232800.00|1|0.00|0|0.00|0|0.00|0|0.00|0.00|11|48|215556.00|0.00|0.00|0.00|215556.00|0.00|0.00|0.00|0.00|0.00|0.00|0.00|0.00
FPSUM|Domicilios|20|Domicilios|20|4630.00|0.00|0|0|0.00|0|370.00|1|0|0|0|0|0.00|0.00|0.00|0|0|0|0.00|0|0.00|0|0.00|0|5000.00|1|5000.00|1|0.00|0|0.00|0|0.00|0.00|14|60|4630.00|0.00|0.00|0.00|4630.00|0.00|0.00|0.00|0.00|0.00|0.00|0.00|0.00
FPOT|Restaurante|1|Restaurante|1|OT1|1|Order Type Master 1|1|0.00|0.00|0.00|0|0.00|0|0.00|0|0|0|0|0|0.00|0.00|0.00|0|0|0|0.00|0|0.00|0|0.00|0|-1.00|0|322750.00|2|0.00|0|0.00|0|0.00|0.00|15|63|0.00|0.00|0.00|0.00|0.00|68997.17|68997.17|0.00|0.67|0.00|103495.70|68997.17|68997.17
FPOT|Restaurante|1|Restaurante|1|OT1|1|Order Type Master 1|1|67314.00|6731.00|0.00|0|0.00|0|5386.00|1|0|0|0|0|0.00|0.00|0.00|0|0|0|0.00|0|0.00|0|0.00|0|79431.00|1|0.00|0|0.00|0|0.00|0|0.00|0.00|18|74|67314.00|0.00|0.00|0.00|67314.00|7222.33|7222.33|0.00|0.17|0.00|43333.91|7222.33|7222.33
FPOT|Plataformas|21|Plataformas|21|OT7|7|Order Type Master 7|7|0.00|0.00|0.00|0|0.00|0|0.00|0|0|0|0|0|0.00|0.00|0.00|0|0|0|0.00|0|0.00|0|0.00|0|0.00|0|232800.00|1|0.00|0|0.00|0|0.00|0.00|12|49|0.00|0.00|0.00|0.00|0.00|0.00|0.00|0.00|0.00|0.00|0.00|0.00|0.00
FPOT|Plataformas|21|Plataformas|21|OT7|7|Order Type Master 7|7|99445.00|0.00|0.00|0|0.00|0|7955.00|1|0|0|0|0|0.00|0.00|0.00|0|0|0|0.00|0|0.00|0|0.00|0|107400.00|1|107400.00|1|0.00|0|0.00|0|0.00|0.00|15|64|99445.00|0.00|0.00|0.00|99445.00|6358.00|6358.00|0.00|0.17|0.00|38147.92|6358.00|6358.00
FPOT|Restaurante|1|Restaurante|1|OT1|1|Order Type Master 1|1|0.00|0.00|0.00|0|0.00|0|0.00|0|0|0|0|0|0.00|0.00|0.00|0|0|0|0.00|0|0.00|0|0.00|0|0.00|0|175907.00|1|0.00|0|0.00|0|0.00|0.00|16|65|0.00|0.00|0.00|0.00|0.00|0.00|0.00|0.00|0.00|0.00|0.00|0.00|0.00
FPOT|Domicilios|20|Domicilios|20|OT2|2|Order Type Master 2|2|50002.00|0.00|0.00|0|0.00|0|4998.00|1|0|0|0|0|0.00|0.00|0.00|0|0|0|0.00|0|0.00|0|0.00|0|55000.00|1|55000.00|1|0.00|0|0.00|0|0.00|0.00|11|46|62502.00|-12500.00|0.00|0.00|50002.00|10417.00|8333.67|-2083.33|0.17|0.00|50001.90|10417.00|8333.67
FPOT|Plataformas|21|Plataformas|21|OT7|7|Order Type Master 7|7|57130.00|0.00|0.00|0|0.00|0|4570.00|1|0|0|0|0|0.00|0.00|0.00|0|0|0|0.00|0|0.00|0|0.00|0|61700.00|1|61700.00|1|0.00|0|0.00|0|0.00|0.00|18|74|57130.00|0.00|0.00|0.00|57130.00|0.00|0.00|0.00|0.00|0.00|0.00|0.00|0.00
FPOT|Plataformas|21|Plataformas|21|OT7|7|Order Type Master 7|7|215556.00|0.00|0.00|0|0.00|0|17244.00|1|0|0|0|0|0.00|0.00|0.00|0|0|0|0.00|0|0.00|0|0.00|0|232800.00|1|0.00|0|0.00|0|0.00|0|0.00|0.00|11|48|215556.00|0.00|0.00|0.00|215556.00|0.00|0.00|0.00|0.00|0.00|0.00|0.00|0.00
FPOT|Restaurante|1|Restaurante|1|OT1|1|Order Type Master 1|1|0.00|0.00|0.00|0|0.00|0|0.00|0|0|0|0|0|0.00|0.00|0.00|0|0|0|0.00|0|0.00|0|0.00|0|0.00|0|185413.00|2|0.00|0|0.00|0|0.00|0.00|14|57|0.00|0.00|0.00|0.00|0.00|62870.50|62870.50|0.00|0.50|0.00|125741.00|62870.50|62870.50
FPOT|Domicilios|20|Domicilios|20|OT2|2|Order Type Master 2|2|-3700.00|0.00|0.00|0|0.00|0|0.00|0|0|0|0|0|0.00|0.00|0.00|0|0|0|0.00|0|0.00|0|0.00|0|-3700.00|0|16100.00|1|0.00|0|0.00|0|0.00|0.00|13|54|0.00|-3700.00|0.00|0.00|-3700.00|10926.00|10926.00|0.00|0.50|0.00|21852.00|10926.00|10926.00
FPOT|Plataformas|21|Plataformas|21|OT7|7|Order Type Master 7|7|99629.00|0.00|0.00|0|0.00|0|7971.00|2|0|0|0|0|0.00|0.00|0.00|0|0|0|0.00|0|0.00|0|0.00|1|107600.00|2|107600.00|2|0.00|0|0.00|0|0.00|0.00|13|56|99629.00|0.00|0.00|0.00|99629.00|21913.83|21913.83|0.00|0.33|0.00|65741.57|21913.83|21913.83
FPOT|Restaurante|1|Restaurante|1|OT1|1|Order Type Master 1|1|161296.00|16129.00|0.00|0|0.00|0|12904.00|1|0|0|0|0|0.00|0.00|0.00|0|0|0|0.00|0|0.00|0|0.00|0|190329.00|1|0.00|0|0.00|0|0.00|0|0.00|0.00|15|62|161296.00|0.00|0.00|0.00|161296.00|43024.83|43024.83|0.00|0.50|0.00|86049.67|43024.83|43024.83
FPOT|Restaurante|1|Restaurante|1|OT1|1|Order Type Master 1|1|0.00|0.00|0.00|0|0.00|0|0.00|0|0|0|0|0|0.00|0.00|0.00|0|0|0|0.00|0|0.00|0|0.00|0|0.00|0|0.00|0|0.00|0|0.00|0|0.00|0.00|17|69|0.00|0.00|0.00|0.00|0.00|17191.50|17191.50|0.00|0.17|0.00|103148.79|17191.50|17191.50
FPOT|Restaurante|1|Restaurante|1|OT1|1|Order Type Master 1|1|106483.00|10648.00|0.00|0|0.00|0|8517.00|1|0|0|0|0|0.00|0.00|0.00|0|0|0|0.00|0|0.00|0|0.00|0|125648.00|1|0.00|0|0.00|0|0.00|0|0.00|0.00|13|53|106483.00|0.00|0.00|0.00|106483.00|66805.50|66805.50|0.00|0.33|0.00|200416.70|66805.50|66805.50
FPOT|Plataformas|21|Plataformas|21|OT7|7|Order Type Master 7|7|31296.00|0.00|0.00|0|0.00|0|2504.00|1|0|0|0|0|0.00|0.00|0.00|0|0|0|0.00|0|0.00|0|0.00|0|33800.00|1|33800.00|1|0.00|0|0.00|0|0.00|0.00|13|54|31296.00|0.00|0.00|0.00|31296.00|0.00|0.00|0.00|0.00|0.00|0.00|0.00|0.00
FPOT|Restaurante|1|Restaurante|1|OT1|1|Order Type Master 1|1|50648.00|5065.00|0.00|0|0.00|0|4052.00|1|0|0|0|0|0.00|0.00|0.00|0|0|0|0.00|0|0.00|0|0.00|0|59765.00|1|0.00|0|0.00|0|0.00|0|0.00|0.00|13|55|50648.00|0.00|0.00|0.00|50648.00|57901.67|57901.67|0.00|0.50|0.00|115803.33|57901.67|57901.67
FPOT|Restaurante|1|Restaurante|1|OT1|1|Order Type Master 1|1|37686.00|3768.00|0.00|0|0.00|0|3014.00|1|0|0|0|0|0.00|0.00|0.00|0|0|0|0.00|0|0.00|0|0.00|0|44468.00|1|0.00|0|0.00|0|0.00|0|0.00|0.00|11|47|37686.00|0.00|0.00|0.00|37686.00|0.00|0.00|0.00|0.00|0.00|0.00|0.00|0.00
FPOT|Restaurante|1|Restaurante|1|OT1|1|Order Type Master 1|1|70278.00|7028.00|0.00|0|0.00|0|5622.00|1|0|0|0|0|0.00|0.00|0.00|0|0|0|0.00|0|0.00|0|0.00|0|82928.00|1|0.00|0|0.00|0|0.00|0|0.00|0.00|15|61|70278.00|0.00|0.00|0.00|70278.00|46882.83|46882.83|0.00|0.50|0.00|93765.67|46882.83|46882.83
FPOT|Restaurante|1|Restaurante|1|OT1|1|Order Type Master 1|1|0.00|0.00|0.00|0|0.00|0|0.00|0|0|0|0|0|0.00|0.00|0.00|0|0|0|0.00|0|0.00|0|0.00|0|-5.00|0|-5.00|0|0.00|0|0.00|0|0.00|0.00|14|58|0.00|0.00|0.00|0.00|0.00|26481.50|26481.50|0.00|0.33|0.00|79444.58|26481.50|26481.50
FPOT|Domicilios|20|Domicilios|20|OT2|2|Order Type Master 2|2|4630.00|0.00|0.00|0|0.00|0|370.00|1|0|0|0|0|0.00|0.00|0.00|0|0|0|0.00|0|0.00|0|0.00|0|5000.00|1|5000.00|1|0.00|0|0.00|0|0.00|0.00|14|60|4630.00|0.00|0.00|0.00|4630.00|0.00|0.00|0.00|0.00|0.00|0.00|0.00|0.00
FPOT|Domicilios|20|Domicilios|20|OT2|2|Order Type Master 2|2|4911.00|0.00|0.00|0|0.00|0|489.00|1|0|0|0|0|0.00|0.00|0.00|0|0|0|0.00|0|0.00|0|0.00|0|5400.00|1|5400.00|1|0.00|0|0.00|0|0.00|0.00|17|69|6111.00|-1200.00|0.00|0.00|4911.00|0.00|0.00|0.00|0.00|0.00|0.00|0.00|0.00
FPOT|Plataformas|21|Plataformas|21|OT7|7|Order Type Master 7|7|154443.00|0.00|0.00|0|0.00|0|12357.00|1|0|0|0|0|0.00|0.00|0.00|0|0|0|0.00|0|0.00|0|0.00|0|166800.00|1|166800.00|1|0.00|0|0.00|0|0.00|0.00|12|52|154443.00|0.00|0.00|0.00|154443.00|14336.33|14336.33|0.00|0.50|0.00|28672.67|14336.33|14336.33
FPOT|Plataformas|21|Plataformas|21|OT7|7|Order Type Master 7|7|77038.00|0.00|0.00|0|0.00|0|6162.00|1|0|0|0|0|0.00|0.00|0.00|0|0|0|12000.00|1|0.00|0|0.00|0|83200.00|1|83200.00|1|0.00|0|0.00|0|0.00|0.00|15|62|77038.00|0.00|0.00|0.00|77038.00|20694.33|20694.33|0.00|0.33|0.00|62083.06|20694.33|20694.33
FPOT|Plataformas|21|Plataformas|21|OT7|7|Order Type Master 7|7|90556.00|0.00|0.00|0|0.00|0|7244.00|1|0|0|0|0|0.00|0.00|0.00|0|0|0|0.00|0|0.00|0|0.00|0|97800.00|1|97800.00|1|0.00|0|0.00|0|0.00|0.00|12|51|90556.00|0.00|0.00|0.00|90556.00|14305.50|14305.50|0.00|0.33|0.00|42916.54|14305.50|14305.50
FPOT|Plataformas|21|Plataformas|21|OT7|7|Order Type Master 7|7|100093.00|0.00|0.00|0|0.00|0|8007.00|2|0|0|0|0|0.00|0.00|0.00|0|0|0|0.00|0|0.00|0|0.00|0|108100.00|2|108100.00|2|0.00|0|0.00|0|0.00|0.00|15|61|100093.00|0.00|0.00|0.00|100093.00|0.00|0.00|0.00|0.00|0.00|0.00|0.00|0.00
FPOT|Plataformas|21|Plataformas|21|OT7|7|Order Type Master 7|7|44537.00|0.00|0.00|0|0.00|0|3563.00|1|0|0|0|0|0.00|0.00|0.00|0|0|0|0.00|0|0.00|0|0.00|0|48100.00|1|48100.00|1|0.00|0|0.00|0|0.00|0.00|17|72|44537.00|0.00|0.00|0.00|44537.00|4660.50|4660.50|0.00|0.17|0.00|27962.94|4660.50|4660.50
FPOT|Plataformas|21|Plataformas|21|OT7|7|Order Type Master 7|7|304908.00|0.00|0.00|0|0.00|0|24392.00|2|0|0|0|0|0.00|0.00|0.00|0|0|0|0.00|0|0.00|0|0.00|0|329300.00|2|329300.00|2|0.00|0|0.00|0|0.00|0.00|13|55|304908.00|0.00|0.00|0.00|304908.00|39166.83|39166.83|0.00|0.67|0.00|58750.22|39166.83|39166.83
FPOT|Restaurante|1|Restaurante|1|OT1|1|Order Type Master 1|1|213704.00|21370.00|0.00|0|0.00|0|17096.00|1|0|0|0|0|0.00|0.00|0.00|0|0|0|0.00|0|0.00|0|0.00|0|252170.00|1|0.00|0|0.00|0|0.00|0|0.00|0.00|17|72|213704.00|0.00|0.00|0.00|213704.00|11913.67|11913.67|0.00|0.17|0.00|71481.86|11913.67|11913.67
FPOT|Restaurante|1|Restaurante|1|OT1|1|Order Type Master 1|1|0.00|0.00|0.00|0|0.00|0|0.00|0|0|0|0|0|0.00|0.00|0.00|0|0|0|0.00|0|0.00|0|0.00|0|0.00|0|331601.00|2|0.00|0|0.00|0|0.00|0.00|18|76|0.00|0.00|0.00|0.00|0.00|0.00|0.00|0.00|0.00|0.00|0.00|0.00|0.00
FPOT|Plataformas|21|Plataformas|21|OT7|7|Order Type Master 7|7|53889.00|0.00|0.00|0|0.00|0|4311.00|1|0|0|0|0|0.00|0.00|0.00|0|0|0|0.00|0|0.00|0|0.00|0|58200.00|1|58200.00|1|0.00|0|0.00|0|0.00|0.00|15|63|53889.00|0.00|0.00|0.00|53889.00|1713.00|1713.00|0.00|0.17|0.00|10277.98|1713.00|1713.00
FPOT|Plataformas|21|Plataformas|21|OT7|7|Order Type Master 7|7|335743.00|0.00|0.00|0|0.00|0|26857.00|2|0|0|0|0|0.00|0.00|0.00|0|0|0|0.00|0|0.00|0|0.00|0|362600.00|2|362600.00|2|0.00|0|0.00|0|0.00|0.00|14|58|335743.00|0.00|0.00|0.00|335743.00|5324.00|5324.00|0.00|0.17|0.00|31943.94|5324.00|5324.00
FPOT|Plataformas|21|Plataformas|21|OT7|7|Order Type Master 7|7|0.00|0.00|0.00|0|0.00|0|0.00|0|0|0|0|0|0.00|0.00|0.00|0|0|0|0.00|0|0.00|0|0.00|1|0.00|0|0.00|0|0.00|0|0.00|0|0.00|0.00|14|60|0.00|0.00|0.00|0.00|0.00|24475.50|24475.50|0.00|0.17|0.00|146852.71|24475.50|24475.50
FPOT|Restaurante|1|Restaurante|1|OT1|1|Order Type Master 1|1|191018.00|19101.00|0.00|0|0.00|0|15282.00|1|0|0|0|0|0.00|0.00|0.00|0|0|0|0.00|0|0.00|0|0.00|0|225401.00|1|0.00|0|0.00|0|0.00|0|0.00|0.00|14|59|191018.00|0.00|0.00|0.00|191018.00|64969.50|64969.50|0.00|0.33|0.00|194908.69|64969.50|64969.50
FPOT|Restaurante|1|Restaurante|1|OT1|1|Order Type Master 1|1|0.00|0.00|0.00|0|0.00|0|0.00|0|0|0|0|0|0.00|0.00|0.00|0|0|0|0.00|0|0.00|0|0.00|0|0.00|0|103468.00|1|0.00|0|0.00|0|0.00|0.00|12|52|0.00|0.00|0.00|0.00|0.00|146236.00|146236.00|0.00|1.00|0.00|146236.00|146236.00|146236.00
FPOT|Restaurante|1|Restaurante|1|OT1|1|Order Type Master 1|1|66390.00|6639.00|0.00|0|0.00|0|5310.00|1|0|0|0|0|0.00|0.00|0.00|0|0|0|0.00|0|0.00|0|0.00|0|78340.00|1|19340.00|1|0.00|0|0.00|0|0.00|0.00|11|48|66390.00|0.00|0.00|0.00|66390.00|12222.17|12222.17|0.00|0.17|0.00|73332.85|12222.17|12222.17
FPOT|Domicilios|20|Domicilios|20|OT2|2|Order Type Master 2|2|18333.00|0.00|0.00|0|0.00|0|1467.00|1|0|0|0|0|0.00|0.00|0.00|0|0|0|0.00|0|0.00|0|0.00|0|19800.00|1|0.00|0|0.00|0|0.00|0|0.00|0.00|13|53|18333.00|0.00|0.00|0.00|18333.00|0.00|0.00|0.00|0.00|0.00|0.00|0.00|0.00
FPOT|Plataformas|21|Plataformas|21|OT7|7|Order Type Master 7|7|134445.00|0.00|0.00|0|0.00|0|10755.00|1|0|0|0|0|0.00|0.00|0.00|0|0|0|0.00|0|0.00|0|0.00|0|145200.00|1|145200.00|1|0.00|0|0.00|0|0.00|0.00|14|57|134445.00|0.00|0.00|0.00|134445.00|42469.33|42469.33|0.00|0.50|0.00|84938.67|42469.33|42469.33
FPOT|Plataformas|21|Plataformas|21|OT7|7|Order Type Master 7|7|63333.00|0.00|0.00|0|0.00|0|5067.00|1|0|0|0|0|0.00|0.00|0.00|0|0|0|0.00|0|0.00|0|0.00|0|68400.00|1|68400.00|1|0.00|0|0.00|0|0.00|0.00|16|66|63333.00|0.00|0.00|0.00|63333.00|20262.33|20262.33|0.00|0.33|0.00|60787.06|20262.33|20262.33
FPOT|Plataformas|21|Plataformas|21|OT7|7|Order Type Master 7|7|66389.00|0.00|0.00|0|0.00|0|5311.00|1|0|0|0|0|0.00|0.00|0.00|0|0|0|0.00|0|0.00|0|0.00|0|71700.00|1|71700.00|1|0.00|0|0.00|0|0.00|0.00|17|69|66389.00|0.00|0.00|0.00|66389.00|0.00|0.00|0.00|0.00|0.00|0.00|0.00|0.00
FPMI|Plataformas|21|Plataformas|21|LIMONADA DE PANELA| |9604067|LIMONADA DE PANELA| |9604067|BEBIDAS|20|BEBIDAS|20|Bebidas Sin Alcohol|3000|Bebidas Sin Alcohol|3000|OT7|7|Order Type Master 7|7|19074.00|0.00|19074.00|0.00|0.00|0.00|19074.00|0.00|19074.00|153|19074.00|2|0|0.00|0.00|0.00|51|12
FPMI|Restaurante|1|Restaurante|1|CALENTADO ANDRES| |9518004|CALENTADO ANDRES| |9518004|ALIMENTOS|10|ALIMENTOS|10|Para Empezar|1008|Para Empezar|1008|OT1|1|Order Type Master 1|1|35093.00|0.00|35093.00|0.00|0.00|0.00|35093.00|0.00|35093.00|1|35093.00|1|0|0.00|0.00|0.00|53|13
FPMI|Restaurante|1|Restaurante|1|Mensaje Bebidas 2024| |980000095|Mensaje Bebidas 2024| |980000095|ALIMENTOS|10|ALIMENTOS|10|Para Empezar|1008|Para Empezar|1008|OT1|1|Order Type Master 1|1|0.00|0.00|0.00|0.00|0.00|0.00|0.00|0.00|0.00|1|0.00|1|0|0.00|0.00|0.00|53|13
FPMI|Restaurante|1|Restaurante|1|BANDEJA PAISA| |9520036|BANDEJA PAISA| |9520036|ALIMENTOS|10|ALIMENTOS|10|Para Empezar|1008|Para Empezar|1008|OT1|1|Order Type Master 1|1|42500.00|0.00|42500.00|0.00|0.00|0.00|42500.00|0.00|42500.00|1|42500.00|1|0|0.00|0.00|0.00|61|15
FPMI|Restaurante|1|Restaurante|1|PUNTA DE ANCA 250 gr CRIOLLA| |9502358|PUNTA DE ANCA 250 gr CRIOLLA| |9502358|ALIMENTOS|10|ALIMENTOS|10|Para Empezar|1008|Para Empezar|1008|OT1|1|Order Type Master 1|1|54444.00|0.00|54444.00|0.00|0.00|0.00|54444.00|0.00|54444.00|1|54444.00|1|0|0.00|0.00|0.00|59|14
FPMI|Restaurante|1|Restaurante|1|Mod 3/4| |980000004|Mod 3/4| |980000004|ALIMENTOS|10|ALIMENTOS|10|Para Empezar|1008|Para Empezar|1008|OT1|1|Order Type Master 1|1|0.00|0.00|0.00|0.00|0.00|0.00|0.00|0.00|0.00|1|0.00|1|0|0.00|0.00|0.00|59|14
FPMI|Restaurante|1|Restaurante|1|PUNTA DE ANCA 250 gr FRANCESA| |9502236|PUNTA DE ANCA 250 gr FRANCESA| |9502236|ALIMENTOS|10|ALIMENTOS|10|Para Empezar|1008|Para Empezar|1008|OT1|1|Order Type Master 1|1|54444.00|0.00|54444.00|0.00|0.00|0.00|54444.00|0.00|54444.00|1|54444.00|1|0|0.00|0.00|0.00|62|15
FPMI|Domicilios|20|Domicilios|20|EMPANADA DE CARNE | |9528004|EMPANADA DE CARNE | |9528004|ALIMENTOS|10|ALIMENTOS|10|Para Empezar|1008|Para Empezar|1008|OT2|2|Order Type Master 2|2|12222.00|0.00|12222.00|0.00|0.00|0.00|12222.00|0.00|12222.00|73|12222.00|2|0|0.00|0.00|0.00|53|13
FPMI|Plataformas|21|Plataformas|21|AJIACO  POLLO| |9520008|AJIACO  POLLO| |9520008|ALIMENTOS|10|ALIMENTOS|10|Para Empezar|1008|Para Empezar|1008|OT7|7|Order Type Master 7|7|35741.00|0.00|35741.00|0.00|0.00|0.00|35741.00|0.00|35741.00|153|35741.00|1|0|0.00|0.00|0.00|58|14
FPMI|Plataformas|21|Plataformas|21|COSTILLAS DE CERDO 410 gr  ARROZ| |9502174|COSTILLAS DE CERDO 410 gr  ARROZ| |9502174|ALIMENTOS|10|ALIMENTOS|10|Para Empezar|1008|Para Empezar|1008|OT7|7|Order Type Master 7|7|54167.00|0.00|54167.00|0.00|0.00|0.00|54167.00|0.00|54167.00|153|54167.00|1|0|0.00|0.00|0.00|55|13
FPMI|Plataformas|21|Plataformas|21|CHURRASCO 250 gr FRANCESA| |9502110|CHURRASCO 250 gr FRANCESA| |9502110|ALIMENTOS|10|ALIMENTOS|10|Para Empezar|1008|Para Empezar|1008|OT7|7|Order Type Master 7|7|162501.00|0.00|162501.00|0.00|0.00|0.00|162501.00|0.00|162501.00|153|162501.00|3|0|0.00|0.00|0.00|58|14
FPMI|Plataformas|21|Plataformas|21|TAZA DE FRIJOLES| |9520049|TAZA DE FRIJOLES| |9520049|ALIMENTOS|10|ALIMENTOS|10|Para Empezar|1008|Para Empezar|1008|OT7|7|Order Type Master 7|7|12222.00|0.00|12222.00|0.00|0.00|0.00|12222.00|0.00|12222.00|153|12222.00|1|0|0.00|0.00|0.00|52|12
FPMI|Plataformas|21|Plataformas|21|AREPA DE CHOCOLO| |9506036|AREPA DE CHOCOLO| |9506036|ALIMENTOS|10|ALIMENTOS|10|Para Empezar|1008|Para Empezar|1008|OT7|7|Order Type Master 7|7|21111.00|0.00|21111.00|0.00|0.00|0.00|21111.00|0.00|21111.00|153|21111.00|1|0|0.00|0.00|0.00|52|12
FPMI|Restaurante|1|Restaurante|1|GASEOSA 400 ml| |9606131|GASEOSA 400 ml| |9606131|BEBIDAS|20|BEBIDAS|20|Bebidas Sin Alcohol|3000|Bebidas Sin Alcohol|3000|OT1|1|Order Type Master 1|1|15186.00|0.00|15186.00|0.00|0.00|0.00|15186.00|0.00|15186.00|1|15186.00|2|0|0.00|0.00|0.00|59|14
FPMI|Restaurante|1|Restaurante|1|AGUA MANANTIAL SIN GAS 500 ML| |9606135|AGUA MANANTIAL SIN GAS 500 ML| |9606135|BEBIDAS|20|BEBIDAS|20|Bebidas Sin Alcohol|3000|Bebidas Sin Alcohol|3000|OT1|1|Order Type Master 1|1|8148.00|0.00|8148.00|0.00|0.00|0.00|8148.00|0.00|8148.00|1|8148.00|1|0|0.00|0.00|0.00|55|13
FPMI|Restaurante|1|Restaurante|1|GASEOSA 400 ml| |9606131|GASEOSA 400 ml| |9606131|BEBIDAS|20|BEBIDAS|20|Bebidas Sin Alcohol|3000|Bebidas Sin Alcohol|3000|OT1|1|Order Type Master 1|1|15186.00|0.00|15186.00|0.00|0.00|0.00|15186.00|0.00|15186.00|1|15186.00|2|0|0.00|0.00|0.00|47|11
FPMI|Plataformas|21|Plataformas|21|JUGO DE FRESA EN AGUA| |9604148|JUGO DE FRESA EN AGUA| |9604148|BEBIDAS|20|BEBIDAS|20|Bebidas Sin Alcohol|3000|Bebidas Sin Alcohol|3000|OT7|7|Order Type Master 7|7|10556.00|0.00|10556.00|0.00|0.00|0.00|10556.00|0.00|10556.00|153|10556.00|1|0|0.00|0.00|0.00|61|15
FPMI|Plataformas|21|Plataformas|21|LIMONADA NATURAL| |9604060|LIMONADA NATURAL| |9604060|BEBIDAS|20|BEBIDAS|20|Bebidas Sin Alcohol|3000|Bebidas Sin Alcohol|3000|OT7|7|Order Type Master 7|7|15000.00|0.00|15000.00|0.00|0.00|0.00|15000.00|0.00|15000.00|177|15000.00|3|0|0.00|0.00|0.00|52|12
FPMI|Plataformas|21|Plataformas|21|LIMONADA NATURAL| |9604060|LIMONADA NATURAL| |9604060|BEBIDAS|20|BEBIDAS|20|Bebidas Sin Alcohol|3000|Bebidas Sin Alcohol|3000|OT7|7|Order Type Master 7|7|5000.00|0.00|5000.00|0.00|0.00|0.00|5000.00|0.00|5000.00|177|5000.00|1|0|0.00|0.00|0.00|56|13
FPMI|Restaurante|1|Restaurante|1|BISTEC CHURRASCO 250 gr CASCO| |9502344|BISTEC CHURRASCO 250 gr CASCO| |9502344|ALIMENTOS|10|ALIMENTOS|10|Para Empezar|1008|Para Empezar|1008|OT1|1|Order Type Master 1|1|55370.00|0.00|55370.00|0.00|0.00|0.00|55370.00|0.00|55370.00|1|55370.00|1|0|0.00|0.00|0.00|59|14
FPMI|Restaurante|1|Restaurante|1|Mod 1/4| |980000003|Mod 1/4| |980000003|ALIMENTOS|10|ALIMENTOS|10|Para Empezar|1008|Para Empezar|1008|OT1|1|Order Type Master 1|1|0.00|0.00|0.00|0.00|0.00|0.00|0.00|0.00|0.00|1|0.00|2|0|0.00|0.00|0.00|72|17
FPMI|Restaurante|1|Restaurante|1|Mod 3/4| |980000004|Mod 3/4| |980000004|ALIMENTOS|10|ALIMENTOS|10|Para Empezar|1008|Para Empezar|1008|OT1|1|Order Type Master 1|1|0.00|0.00|0.00|0.00|0.00|0.00|0.00|0.00|0.00|1|0.00|1|0|0.00|0.00|0.00|74|18
FPMI|Restaurante|1|Restaurante|1|BANDEJA PAISA| |9520036|BANDEJA PAISA| |9520036|ALIMENTOS|10|ALIMENTOS|10|Para Empezar|1008|Para Empezar|1008|OT1|1|Order Type Master 1|1|42500.00|0.00|42500.00|0.00|0.00|0.00|42500.00|0.00|42500.00|1|42500.00|1|0|0.00|0.00|0.00|55|13
FPMI|Restaurante|1|Restaurante|1|Mod CocaCola Original 400ml| |980000102|Mod CocaCola Original 400ml| |980000102|ALIMENTOS|10|ALIMENTOS|10|Para Empezar|1008|Para Empezar|1008|OT1|1|Order Type Master 1|1|0.00|0.00|0.00|0.00|0.00|0.00|0.00|0.00|0.00|1|0.00|2|0|0.00|0.00|0.00|47|11
FPMI|Restaurante|1|Restaurante|1|CHICHARRON 90 gr| |9528024|CHICHARRON 90 gr| |9528024|ALIMENTOS|10|ALIMENTOS|10|Para Empezar|1008|Para Empezar|1008|OT1|1|Order Type Master 1|1|26667.00|0.00|26667.00|0.00|0.00|0.00|26667.00|0.00|26667.00|1|26667.00|1|0|0.00|0.00|0.00|62|15
FPMI|Restaurante|1|Restaurante|1|PATACON SOLO SOLITO| |9524048|PATACON SOLO SOLITO| |9524048|ALIMENTOS|10|ALIMENTOS|10|Para Empezar|1008|Para Empezar|1008|OT1|1|Order Type Master 1|1|7315.00|0.00|7315.00|0.00|0.00|0.00|7315.00|0.00|7315.00|1|7315.00|1|0|0.00|0.00|0.00|62|15
FPMI|Restaurante|1|Restaurante|1|CANASTA DE 4 EMPANADAS CACHACAS| |9528040|CANASTA DE 4 EMPANADAS CACHACAS| |9528040|ALIMENTOS|10|ALIMENTOS|10|Para Empezar|1008|Para Empezar|1008|OT1|1|Order Type Master 1|1|22500.00|0.00|22500.00|0.00|0.00|0.00|22500.00|0.00|22500.00|1|22500.00|1|0|0.00|0.00|0.00|47|11
FPMI|Domicilios|20|Domicilios|20|EMPANADA DE CARNE | |9528004|EMPANADA DE CARNE | |9528004|ALIMENTOS|10|ALIMENTOS|10|Para Empezar|1008|Para Empezar|1008|OT2|2|Order Type Master 2|2|6111.00|-1200.00|4911.00|0.00|0.00|0.00|6111.00|-1200.00|4911.00|73|6111.00|1|0|0.00|0.00|0.00|69|17
FPMI|Plataformas|21|Plataformas|21|TRUCHA A LA PLANCHA 350 gr ARROZ| |9504165|TRUCHA A LA PLANCHA 350 gr ARROZ| |9504165|ALIMENTOS|10|ALIMENTOS|10|Para Empezar|1008|Para Empezar|1008|OT7|7|Order Type Master 7|7|37500.00|0.00|37500.00|0.00|0.00|0.00|37500.00|0.00|37500.00|153|37500.00|1|0|0.00|0.00|0.00|58|14
FPMI|Plataformas|21|Plataformas|21|ADICION DE AGUACATE 100 gr| |9500032|ADICION DE AGUACATE 100 gr| |9500032|ALIMENTOS|10|ALIMENTOS|10|Para Empezar|1008|Para Empezar|1008|OT7|7|Order Type Master 7|7|5741.00|0.00|5741.00|0.00|0.00|0.00|5741.00|0.00|5741.00|153|5741.00|1|0|0.00|0.00|0.00|58|14
FPMI|Plataformas|21|Plataformas|21|PECHUGA A LA PARRILLA 230 gr ENSALADA | |9506091|PECHUGA A LA PARRILLA 230 gr ENSALADA | |9506091|ALIMENTOS|10|ALIMENTOS|10|Para Empezar|1008|Para Empezar|1008|OT7|7|Order Type Master 7|7|22963.00|0.00|22963.00|0.00|0.00|0.00|22963.00|0.00|22963.00|177|22963.00|1|0|0.00|0.00|0.00|55|13
FPMI|Plataformas|21|Plataformas|21|BANDEJA PAISA| |9520036|BANDEJA PAISA| |9520036|ALIMENTOS|10|ALIMENTOS|10|Para Empezar|1008|Para Empezar|1008|OT7|7|Order Type Master 7|7|44537.00|0.00|44537.00|0.00|0.00|0.00|44537.00|0.00|44537.00|153|44537.00|1|0|0.00|0.00|0.00|55|13
FPMI|Plataformas|21|Plataformas|21|PECHUGA A LA PARRILLA 230 gr ENSALADA | |9506091|PECHUGA A LA PARRILLA 230 gr ENSALADA | |9506091|ALIMENTOS|10|ALIMENTOS|10|Para Empezar|1008|Para Empezar|1008|OT7|7|Order Type Master 7|7|22963.00|0.00|22963.00|0.00|0.00|0.00|22963.00|0.00|22963.00|177|22963.00|1|0|0.00|0.00|0.00|66|16
FPMI|Plataformas|21|Plataformas|21|ADICION DE AGUACATE 100 gr| |9500032|ADICION DE AGUACATE 100 gr| |9500032|ALIMENTOS|10|ALIMENTOS|10|Para Empezar|1008|Para Empezar|1008|OT7|7|Order Type Master 7|7|5741.00|0.00|5741.00|0.00|0.00|0.00|5741.00|0.00|5741.00|153|5741.00|1|0|0.00|0.00|0.00|57|14
FPMI|Plataformas|21|Plataformas|21|CAZUELA DE FRIJOLES| |9520032|CAZUELA DE FRIJOLES| |9520032|ALIMENTOS|10|ALIMENTOS|10|Para Empezar|1008|Para Empezar|1008|OT7|7|Order Type Master 7|7|38611.00|0.00|38611.00|0.00|0.00|0.00|38611.00|0.00|38611.00|153|38611.00|1|0|0.00|0.00|0.00|61|15
FPMI|Plataformas|21|Plataformas|21|CAZUELA DE FRIJOLES| |9520032|CAZUELA DE FRIJOLES| |9520032|ALIMENTOS|10|ALIMENTOS|10|Para Empezar|1008|Para Empezar|1008|OT7|7|Order Type Master 7|7|35370.00|0.00|35370.00|0.00|0.00|0.00|35370.00|0.00|35370.00|177|35370.00|1|0|0.00|0.00|0.00|56|13
FPMI|Plataformas|21|Plataformas|21|LIMONADA NATURAL| |9604060|LIMONADA NATURAL| |9604060|BEBIDAS|20|BEBIDAS|20|Bebidas Sin Alcohol|3000|Bebidas Sin Alcohol|3000|OT7|7|Order Type Master 7|7|8889.00|0.00|8889.00|0.00|0.00|0.00|8889.00|0.00|8889.00|153|8889.00|1|0|0.00|0.00|0.00|57|14
FPMI|Restaurante|1|Restaurante|1|Mod CocaCola Original 400ml| |980000102|Mod CocaCola Original 400ml| |980000102|ALIMENTOS|10|ALIMENTOS|10|Para Empezar|1008|Para Empezar|1008|OT1|1|Order Type Master 1|1|0.00|0.00|0.00|0.00|0.00|0.00|0.00|0.00|0.00|1|0.00|1|0|0.00|0.00|0.00|61|15
FPMI|Restaurante|1|Restaurante|1|CHULETA DE CERDO 300 gr CASCO| |9502581|CHULETA DE CERDO 300 gr CASCO| |9502581|ALIMENTOS|10|ALIMENTOS|10|Para Empezar|1008|Para Empezar|1008|OT1|1|Order Type Master 1|1|35000.00|0.00|35000.00|0.00|0.00|0.00|35000.00|0.00|35000.00|1|35000.00|1|0|0.00|0.00|0.00|59|14
FPMI|Restaurante|1|Restaurante|1|TAZA DE FRIJOLES| |9520049|TAZA DE FRIJOLES| |9520049|ALIMENTOS|10|ALIMENTOS|10|Para Empezar|1008|Para Empezar|1008|OT1|1|Order Type Master 1|1|23334.00|0.00|23334.00|0.00|0.00|0.00|23334.00|0.00|23334.00|1|23334.00|2|0|0.00|0.00|0.00|48|11
FPMI|Restaurante|1|Restaurante|1|PUNTA DE ANCA 250 gr CRIOLLA| |9502358|PUNTA DE ANCA 250 gr CRIOLLA| |9502358|ALIMENTOS|10|ALIMENTOS|10|Para Empezar|1008|Para Empezar|1008|OT1|1|Order Type Master 1|1|54444.00|0.00|54444.00|0.00|0.00|0.00|54444.00|0.00|54444.00|1|54444.00|1|0|0.00|0.00|0.00|74|18
FPMI|Domicilios|20|Domicilios|20|EMPANADA CACHACA| |9528008|EMPANADA CACHACA| |9528008|ALIMENTOS|10|ALIMENTOS|10|Para Empezar|1008|Para Empezar|1008|OT2|2|Order Type Master 2|2|6111.00|0.00|6111.00|0.00|0.00|0.00|6111.00|0.00|6111.00|73|6111.00|1|0|0.00|0.00|0.00|53|13
FPMI|Plataformas|21|Plataformas|21|MADURITOS| |9500252|MADURITOS| |9500252|ALIMENTOS|10|ALIMENTOS|10|Para Empezar|1008|Para Empezar|1008|OT7|7|Order Type Master 7|7|3519.00|0.00|3519.00|0.00|0.00|0.00|3519.00|0.00|3519.00|153|3519.00|1|0|0.00|0.00|0.00|63|15
FPMI|Plataformas|21|Plataformas|21|AJIACO  POLLO| |9520008|AJIACO  POLLO| |9520008|ALIMENTOS|10|ALIMENTOS|10|Para Empezar|1008|Para Empezar|1008|OT7|7|Order Type Master 7|7|71482.00|0.00|71482.00|0.00|0.00|0.00|71482.00|0.00|71482.00|153|71482.00|2|0|0.00|0.00|0.00|51|12
FPMI|Plataformas|21|Plataformas|21|CHORIZO ANTIOQUENO 100 gr| |9502084|CHORIZO ANTIOQUENO 100 gr| |9502084|ALIMENTOS|10|ALIMENTOS|10|Para Empezar|1008|Para Empezar|1008|OT7|7|Order Type Master 7|7|14167.00|0.00|14167.00|0.00|0.00|0.00|14167.00|0.00|14167.00|153|14167.00|1|0|0.00|0.00|0.00|61|15
FPMI|Plataformas|21|Plataformas|21|HOGAO| |9500200|HOGAO| |9500200|ALIMENTOS|10|ALIMENTOS|10|Para Empezar|1008|Para Empezar|1008|OT7|7|Order Type Master 7|7|3241.00|0.00|3241.00|0.00|0.00|0.00|3241.00|0.00|3241.00|153|3241.00|1|0|0.00|0.00|0.00|58|14
FPMI|Plataformas|21|Plataformas|21|SALMON A LA PLANCHA 200 gr ARROZ BLANCO| |9504092|SALMON A LA PLANCHA 200 gr ARROZ BLANCO| |9504092|ALIMENTOS|10|ALIMENTOS|10|Para Empezar|1008|Para Empezar|1008|OT7|7|Order Type Master 7|7|50370.00|0.00|50370.00|0.00|0.00|0.00|50370.00|0.00|50370.00|153|50370.00|1|0|0.00|0.00|0.00|48|11
FPMI|Plataformas|21|Plataformas|21|MJE ALM| |90000037|MJE ALM| |90000037|ALIMENTOS|10|ALIMENTOS|10|Para Empezar|1008|Para Empezar|1008|OT7|7|Order Type Master 7|7|0.00|0.00|0.00|0.00|0.00|0.00|0.00|0.00|0.00|1|0.00|4|0|0.00|0.00|0.00|48|11
FPMI|Plataformas|21|Plataformas|21|PUNTA DE ANCA 250 gr CHIPS| |9502430|PUNTA DE ANCA 250 gr CHIPS| |9502430|ALIMENTOS|10|ALIMENTOS|10|Para Empezar|1008|Para Empezar|1008|OT7|7|Order Type Master 7|7|57130.00|0.00|57130.00|0.00|0.00|0.00|57130.00|0.00|57130.00|153|57130.00|1|0|0.00|0.00|0.00|48|11
FPMI|Plataformas|21|Plataformas|21|CAZUELA DE FRIJOLES| |9520032|CAZUELA DE FRIJOLES| |9520032|ALIMENTOS|10|ALIMENTOS|10|Para Empezar|1008|Para Empezar|1008|OT7|7|Order Type Master 7|7|35370.00|0.00|35370.00|0.00|0.00|0.00|35370.00|0.00|35370.00|177|35370.00|1|0|0.00|0.00|0.00|66|16
FPMI|Plataformas|21|Plataformas|21|MJE ALM| |90000037|MJE ALM| |90000037|ALIMENTOS|10|ALIMENTOS|10|Para Empezar|1008|Para Empezar|1008|OT7|7|Order Type Master 7|7|0.00|0.00|0.00|0.00|0.00|0.00|0.00|0.00|0.00|1|0.00|1|0|0.00|0.00|0.00|57|14
FPMI|Restaurante|1|Restaurante|1|COMO ENTRADA| |90000038|COMO ENTRADA| |90000038|ALIMENTOS|10|ALIMENTOS|10|Para Empezar|1008|Para Empezar|1008|OT1|1|Order Type Master 1|1|0.00|0.00|0.00|0.00|0.00|0.00|0.00|0.00|0.00|1|0.00|1|0|0.00|0.00|0.00|53|13
FPMI|Restaurante|1|Restaurante|1|Mod BienAsado| |980000006|Mod BienAsado| |980000006|ALIMENTOS|10|ALIMENTOS|10|Para Empezar|1008|Para Empezar|1008|OT1|1|Order Type Master 1|1|0.00|0.00|0.00|0.00|0.00|0.00|0.00|0.00|0.00|1|0.00|1|0|0.00|0.00|0.00|59|14
FPMI|Restaurante|1|Restaurante|1|Mod CocaCola Original 400ml| |980000102|Mod CocaCola Original 400ml| |980000102|ALIMENTOS|10|ALIMENTOS|10|Para Empezar|1008|Para Empezar|1008|OT1|1|Order Type Master 1|1|0.00|0.00|0.00|0.00|0.00|0.00|0.00|0.00|0.00|1|0.00|1|0|0.00|0.00|0.00|59|14
FPMI|Restaurante|1|Restaurante|1|PUNTA DE ANCA 250 gr CASCO| |9502232|PUNTA DE ANCA 250 gr CASCO| |9502232|ALIMENTOS|10|ALIMENTOS|10|Para Empezar|1008|Para Empezar|1008|OT1|1|Order Type Master 1|1|108888.00|0.00|108888.00|0.00|0.00|0.00|108888.00|0.00|108888.00|1|108888.00|2|0|0.00|0.00|0.00|72|17
FPMI|Domicilios|20|Domicilios|20|CHORIZO ANTIOQUENO 100 gr| |9502084|CHORIZO ANTIOQUENO 100 gr| |9502084|ALIMENTOS|10|ALIMENTOS|10|Para Empezar|1008|Para Empezar|1008|OT2|2|Order Type Master 2|2|40557.00|-8111.00|32446.00|0.00|0.00|0.00|40557.00|-8111.00|32446.00|73|40557.00|3|0|0.00|0.00|0.00|46|11
FPMI|Plataformas|21|Plataformas|21|SOPA DE VERDURAS| |9520050|SOPA DE VERDURAS| |9520050|ALIMENTOS|10|ALIMENTOS|10|Para Empezar|1008|Para Empezar|1008|OT7|7|Order Type Master 7|7|13796.00|0.00|13796.00|0.00|0.00|0.00|13796.00|0.00|13796.00|153|13796.00|1|0|0.00|0.00|0.00|61|15
FPMI|Plataformas|21|Plataformas|21|PECHUGA A LA PARRILLA 230 gr ENSALADA | |9506091|PECHUGA A LA PARRILLA 230 gr ENSALADA | |9506091|ALIMENTOS|10|ALIMENTOS|10|Para Empezar|1008|Para Empezar|1008|OT7|7|Order Type Master 7|7|22963.00|0.00|22963.00|0.00|0.00|0.00|22963.00|0.00|22963.00|177|22963.00|1|0|0.00|0.00|0.00|61|15
FPMI|Plataformas|21|Plataformas|21|SOPA DE VERDURAS| |9520050|SOPA DE VERDURAS| |9520050|ALIMENTOS|10|ALIMENTOS|10|Para Empezar|1008|Para Empezar|1008|OT7|7|Order Type Master 7|7|13796.00|0.00|13796.00|0.00|0.00|0.00|13796.00|0.00|13796.00|153|13796.00|1|0|0.00|0.00|0.00|55|13
FPMI|Plataformas|21|Plataformas|21|LOMO 220 gr ARROZ BLANCO| |9502515|LOMO 220 gr ARROZ BLANCO| |9502515|ALIMENTOS|10|ALIMENTOS|10|Para Empezar|1008|Para Empezar|1008|OT7|7|Order Type Master 7|7|57130.00|0.00|57130.00|0.00|0.00|0.00|57130.00|0.00|57130.00|153|57130.00|1|0|0.00|0.00|0.00|55|13
FPMI|Plataformas|21|Plataformas|21|SALMON A LA PLANCHA 200 gr ENSALADA| |9504162|SALMON A LA PLANCHA 200 gr ENSALADA| |9504162|ALIMENTOS|10|ALIMENTOS|10|Para Empezar|1008|Para Empezar|1008|OT7|7|Order Type Master 7|7|50370.00|0.00|50370.00|0.00|0.00|0.00|50370.00|0.00|50370.00|153|50370.00|1|0|0.00|0.00|0.00|48|11
FPMI|Plataformas|21|Plataformas|21|CHICHARRON 90 gr| |9528024|CHICHARRON 90 gr| |9528024|ALIMENTOS|10|ALIMENTOS|10|Para Empezar|1008|Para Empezar|1008|OT7|7|Order Type Master 7|7|27963.00|0.00|27963.00|0.00|0.00|0.00|27963.00|0.00|27963.00|153|27963.00|1|0|0.00|0.00|0.00|64|15
FPMI|Plataformas|21|Plataformas|21|TRUCHA A LA PLANCHA 350 gr ENSALADA| |9504163|TRUCHA A LA PLANCHA 350 gr ENSALADA| |9504163|ALIMENTOS|10|ALIMENTOS|10|Para Empezar|1008|Para Empezar|1008|OT7|7|Order Type Master 7|7|37500.00|0.00|37500.00|0.00|0.00|0.00|37500.00|0.00|37500.00|153|37500.00|1|0|0.00|0.00|0.00|62|15
FPMI|Plataformas|21|Plataformas|21|PICADA INDIVIDUAL  CRIOLLA| |9502576|PICADA INDIVIDUAL  CRIOLLA| |9502576|ALIMENTOS|10|ALIMENTOS|10|Para Empezar|1008|Para Empezar|1008|OT7|7|Order Type Master 7|7|35648.00|0.00|35648.00|0.00|0.00|0.00|35648.00|0.00|35648.00|177|35648.00|1|0|0.00|0.00|0.00|56|13
FPMI|Plataformas|21|Plataformas|21|CAZUELA DE FRIJOLES| |9520032|CAZUELA DE FRIJOLES| |9520032|ALIMENTOS|10|ALIMENTOS|10|Para Empezar|1008|Para Empezar|1008|OT7|7|Order Type Master 7|7|106110.00|0.00|106110.00|0.00|0.00|0.00|106110.00|0.00|106110.00|177|106110.00|3|0|0.00|0.00|0.00|52|12
FPMI|Restaurante|1|Restaurante|1|EMPANADA CACHACA| |9528008|EMPANADA CACHACA| |9528008|ALIMENTOS|10|ALIMENTOS|10|Para Empezar|1008|Para Empezar|1008|OT1|1|Order Type Master 1|1|12222.00|0.00|12222.00|0.00|0.00|0.00|12222.00|0.00|12222.00|1|12222.00|2|0|0.00|0.00|0.00|62|15
FPMI|Restaurante|1|Restaurante|1|Mod 3/4| |980000004|Mod 3/4| |980000004|ALIMENTOS|10|ALIMENTOS|10|Para Empezar|1008|Para Empezar|1008|OT1|1|Order Type Master 1|1|0.00|0.00|0.00|0.00|0.00|0.00|0.00|0.00|0.00|1|0.00|1|0|0.00|0.00|0.00|72|17
FPMI|Restaurante|1|Restaurante|1|Mod 3/4| |980000004|Mod 3/4| |980000004|ALIMENTOS|10|ALIMENTOS|10|Para Empezar|1008|Para Empezar|1008|OT1|1|Order Type Master 1|1|0.00|0.00|0.00|0.00|0.00|0.00|0.00|0.00|0.00|1|0.00|1|0|0.00|0.00|0.00|62|15
FPMI|Domicilios|20|Domicilios|20|PATACON SOLO SOLITO| |9524048|PATACON SOLO SOLITO| |9524048|ALIMENTOS|10|ALIMENTOS|10|Para Empezar|1008|Para Empezar|1008|OT2|2|Order Type Master 2|2|21945.00|-4389.00|17556.00|0.00|0.00|0.00|21945.00|-4389.00|17556.00|73|21945.00|3|0|0.00|0.00|0.00|46|11
FPMI|Domicilios|20|Domicilios|20|EMPANADA DE CARNE | |9528004|EMPANADA DE CARNE | |9528004|ALIMENTOS|10|ALIMENTOS|10|Para Empezar|1008|Para Empezar|1008|OT2|2|Order Type Master 2|2|0.00|-2467.00|-2467.00|0.00|0.00|0.00|0.00|-2467.00|-2467.00|73|0.00|0|0|0.00|0.00|0.00|54|13
FPMI|Plataformas|21|Plataformas|21|TRES LECHES| |9514016|TRES LECHES| |9514016|ALIMENTOS|10|ALIMENTOS|10|Para Empezar|1008|Para Empezar|1008|OT7|7|Order Type Master 7|7|13056.00|0.00|13056.00|0.00|0.00|0.00|13056.00|0.00|13056.00|153|13056.00|1|0|0.00|0.00|0.00|62|15
FPMI|Plataformas|21|Plataformas|21|BANDEJA PAISA| |9520036|BANDEJA PAISA| |9520036|ALIMENTOS|10|ALIMENTOS|10|Para Empezar|1008|Para Empezar|1008|OT7|7|Order Type Master 7|7|44537.00|0.00|44537.00|0.00|0.00|0.00|44537.00|0.00|44537.00|153|44537.00|1|0|0.00|0.00|0.00|57|14
FPMI|Restaurante|1|Restaurante|1|LIMONADA NATURAL| |9604060|LIMONADA NATURAL| |9604060|BEBIDAS|20|BEBIDAS|20|Bebidas Sin Alcohol|3000|Bebidas Sin Alcohol|3000|OT1|1|Order Type Master 1|1|8519.00|0.00|8519.00|0.00|0.00|0.00|8519.00|0.00|8519.00|1|8519.00|1|0|0.00|0.00|0.00|53|13
FPMI|Restaurante|1|Restaurante|1|LIMONADA HIERBABUENA| |9604066|LIMONADA HIERBABUENA| |9604066|BEBIDAS|20|BEBIDAS|20|Bebidas Sin Alcohol|3000|Bebidas Sin Alcohol|3000|OT1|1|Order Type Master 1|1|8519.00|0.00|8519.00|0.00|0.00|0.00|8519.00|0.00|8519.00|1|8519.00|1|0|0.00|0.00|0.00|72|17
FPMI|Restaurante|1|Restaurante|1|LIMONADA NATURAL| |9604060|LIMONADA NATURAL| |9604060|BEBIDAS|20|BEBIDAS|20|Bebidas Sin Alcohol|3000|Bebidas Sin Alcohol|3000|OT1|1|Order Type Master 1|1|17038.00|0.00|17038.00|0.00|0.00|0.00|17038.00|0.00|17038.00|1|17038.00|2|0|0.00|0.00|0.00|72|17
FPMI|Restaurante|1|Restaurante|1|JUGO DE GUANABANA EN LECHE| |9604220|JUGO DE GUANABANA EN LECHE| |9604220|BEBIDAS|20|BEBIDAS|20|Bebidas Sin Alcohol|3000|Bebidas Sin Alcohol|3000|OT1|1|Order Type Master 1|1|12870.00|0.00|12870.00|0.00|0.00|0.00|12870.00|0.00|12870.00|1|12870.00|1|0|0.00|0.00|0.00|74|18
FPMI|Restaurante|1|Restaurante|1|CAFE CON LECHE| |980000138|CAFE CON LECHE| |980000138|BEBIDAS|20|BEBIDAS|20|Bebidas Sin Alcohol|3000|Bebidas Sin Alcohol|3000|OT1|1|Order Type Master 1|1|7315.00|0.00|7315.00|0.00|0.00|0.00|7315.00|0.00|7315.00|1|7315.00|1|0|0.00|0.00|0.00|48|11
FPMI|Restaurante|1|Restaurante|1|AREPA DE CHOCOLO| |9506036|AREPA DE CHOCOLO| |9506036|ALIMENTOS|10|ALIMENTOS|10|Para Empezar|1008|Para Empezar|1008|OT1|1|Order Type Master 1|1|20185.00|0.00|20185.00|0.00|0.00|0.00|20185.00|0.00|20185.00|1|20185.00|1|0|0.00|0.00|0.00|59|14
FPMI|Restaurante|1|Restaurante|1|GUACAMOLE| |9500192|GUACAMOLE| |9500192|ALIMENTOS|10|ALIMENTOS|10|Para Empezar|1008|Para Empezar|1008|OT1|1|Order Type Master 1|1|5463.00|0.00|5463.00|0.00|0.00|0.00|5463.00|0.00|5463.00|1|5463.00|1|0|0.00|0.00|0.00|59|14
FPMI|Plataformas|21|Plataformas|21|CHURRASCO 250 gr CRIOLLA| |9502355|CHURRASCO 250 gr CRIOLLA| |9502355|ALIMENTOS|10|ALIMENTOS|10|Para Empezar|1008|Para Empezar|1008|OT7|7|Order Type Master 7|7|54167.00|0.00|54167.00|0.00|0.00|0.00|54167.00|0.00|54167.00|153|54167.00|1|0|0.00|0.00|0.00|58|14
FPMI|Plataformas|21|Plataformas|21|PECHUGA A LA PARRILLA 230 gr CRIOLLA| |9506118|PECHUGA A LA PARRILLA 230 gr CRIOLLA| |9506118|ALIMENTOS|10|ALIMENTOS|10|Para Empezar|1008|Para Empezar|1008|OT7|7|Order Type Master 7|7|26019.00|0.00|26019.00|0.00|0.00|0.00|26019.00|0.00|26019.00|153|26019.00|1|0|0.00|0.00|0.00|58|14
FPMI|Plataformas|21|Plataformas|21|MJE ALM| |90000037|MJE ALM| |90000037|ALIMENTOS|10|ALIMENTOS|10|Para Empezar|1008|Para Empezar|1008|OT7|7|Order Type Master 7|7|0.00|0.00|0.00|0.00|0.00|0.00|0.00|0.00|0.00|1|0.00|2|0|0.00|0.00|0.00|55|13
FPMI|Plataformas|21|Plataformas|21|PECHUGA A LA PARRILLA 230 gr ENSALADA | |9506091|PECHUGA A LA PARRILLA 230 gr ENSALADA | |9506091|ALIMENTOS|10|ALIMENTOS|10|Para Empezar|1008|Para Empezar|1008|OT7|7|Order Type Master 7|7|22963.00|0.00|22963.00|0.00|0.00|0.00|22963.00|0.00|22963.00|177|22963.00|1|0|0.00|0.00|0.00|62|15
FPMI|Plataformas|21|Plataformas|21|CHURRASCO 250 gr CRIOLLA| |9502355|CHURRASCO 250 gr CRIOLLA| |9502355|ALIMENTOS|10|ALIMENTOS|10|Para Empezar|1008|Para Empezar|1008|OT7|7|Order Type Master 7|7|54167.00|0.00|54167.00|0.00|0.00|0.00|54167.00|0.00|54167.00|153|54167.00|1|0|0.00|0.00|0.00|57|14
FPMI|Plataformas|21|Plataformas|21|LOMO NINOS| |9542013|LOMO NINOS| |9542013|ALIMENTOS|10|ALIMENTOS|10|Para Empezar|1008|Para Empezar|1008|OT7|7|Order Type Master 7|7|31296.00|0.00|31296.00|0.00|0.00|0.00|31296.00|0.00|31296.00|153|31296.00|1|0|0.00|0.00|0.00|54|13
FPMI|Plataformas|21|Plataformas|21|CANASTA DE 4 EMPANADAS CACHACAS| |9528040|CANASTA DE 4 EMPANADAS CACHACAS| |9528040|ALIMENTOS|10|ALIMENTOS|10|Para Empezar|1008|Para Empezar|1008|OT7|7|Order Type Master 7|7|23611.00|0.00|23611.00|0.00|0.00|0.00|23611.00|0.00|23611.00|153|23611.00|1|0|0.00|0.00|0.00|56|13
FPMI|Restaurante|1|Restaurante|1|AGUA DE PANELA| |9602084|AGUA DE PANELA| |9602084|BEBIDAS|20|BEBIDAS|20|Bebidas Sin Alcohol|3000|Bebidas Sin Alcohol|3000|OT1|1|Order Type Master 1|1|5370.00|0.00|5370.00|0.00|0.00|0.00|5370.00|0.00|5370.00|1|5370.00|1|0|0.00|0.00|0.00|59|14
FPMI|Plataformas|21|Plataformas|21|LIMONADA NATURAL| |9604060|LIMONADA NATURAL| |9604060|BEBIDAS|20|BEBIDAS|20|Bebidas Sin Alcohol|3000|Bebidas Sin Alcohol|3000|OT7|7|Order Type Master 7|7|5000.00|0.00|5000.00|0.00|0.00|0.00|5000.00|0.00|5000.00|177|5000.00|1|0|0.00|0.00|0.00|66|16
FPMI|Restaurante|1|Restaurante|1|COMO ENTRADA| |90000038|COMO ENTRADA| |90000038|ALIMENTOS|10|ALIMENTOS|10|Para Empezar|1008|Para Empezar|1008|OT1|1|Order Type Master 1|1|0.00|0.00|0.00|0.00|0.00|0.00|0.00|0.00|0.00|1|0.00|1|0|0.00|0.00|0.00|59|14
FPMI|Restaurante|1|Restaurante|1|LOMO 220 gr PAPA FRANCESA| |9502511|LOMO 220 gr PAPA FRANCESA| |9502511|ALIMENTOS|10|ALIMENTOS|10|Para Empezar|1008|Para Empezar|1008|OT1|1|Order Type Master 1|1|54444.00|0.00|54444.00|0.00|0.00|0.00|54444.00|0.00|54444.00|1|54444.00|1|0|0.00|0.00|0.00|72|17
FPMI|Restaurante|1|Restaurante|1|PECHUGA A LA PARRILLA 230 gr CRIOLLA| |9506118|PECHUGA A LA PARRILLA 230 gr CRIOLLA| |9506118|ALIMENTOS|10|ALIMENTOS|10|Para Empezar|1008|Para Empezar|1008|OT1|1|Order Type Master 1|1|24815.00|0.00|24815.00|0.00|0.00|0.00|24815.00|0.00|24815.00|1|24815.00|1|0|0.00|0.00|0.00|72|17
FPMI|Restaurante|1|Restaurante|1|AREPA DE CHOCOLO| |9506036|AREPA DE CHOCOLO| |9506036|ALIMENTOS|10|ALIMENTOS|10|Para Empezar|1008|Para Empezar|1008|OT1|1|Order Type Master 1|1|20185.00|0.00|20185.00|0.00|0.00|0.00|20185.00|0.00|20185.00|1|20185.00|1|0|0.00|0.00|0.00|61|15
FPMI|Plataformas|21|Plataformas|21|BANDEJA PAISA| |9520036|BANDEJA PAISA| |9520036|ALIMENTOS|10|ALIMENTOS|10|Para Empezar|1008|Para Empezar|1008|OT7|7|Order Type Master 7|7|44537.00|0.00|44537.00|0.00|0.00|0.00|44537.00|0.00|44537.00|153|44537.00|1|0|0.00|0.00|0.00|72|17
FPMI|Plataformas|21|Plataformas|21|SALMON A LA PLANCHA 200 gr ENSALADA| |9504162|SALMON A LA PLANCHA 200 gr ENSALADA| |9504162|ALIMENTOS|10|ALIMENTOS|10|Para Empezar|1008|Para Empezar|1008|OT7|7|Order Type Master 7|7|50370.00|0.00|50370.00|0.00|0.00|0.00|50370.00|0.00|50370.00|153|50370.00|1|0|0.00|0.00|0.00|63|15
FPMI|Plataformas|21|Plataformas|21|AJIACO  POLLO| |9520008|AJIACO  POLLO| |9520008|ALIMENTOS|10|ALIMENTOS|10|Para Empezar|1008|Para Empezar|1008|OT7|7|Order Type Master 7|7|35741.00|0.00|35741.00|0.00|0.00|0.00|35741.00|0.00|35741.00|153|35741.00|1|0|0.00|0.00|0.00|69|17
FPMI|Plataformas|21|Plataformas|21|Mod CocaCola Original 400ml| |980000102|Mod CocaCola Original 400ml| |980000102|ALIMENTOS|10|ALIMENTOS|10|Para Empezar|1008|Para Empezar|1008|OT7|7|Order Type Master 7|7|0.00|0.00|0.00|0.00|0.00|0.00|0.00|0.00|0.00|1|0.00|1|0|0.00|0.00|0.00|69|17
FPMI|Plataformas|21|Plataformas|21|PORCION DE ARROZ BLANCO| |9500064|PORCION DE ARROZ BLANCO| |9500064|ALIMENTOS|10|ALIMENTOS|10|Para Empezar|1008|Para Empezar|1008|OT7|7|Order Type Master 7|7|3611.00|0.00|3611.00|0.00|0.00|0.00|3611.00|0.00|3611.00|153|3611.00|1|0|0.00|0.00|0.00|55|13
FPMI|Plataformas|21|Plataformas|21|CANASTA DE 4 EMPANADAS DE CARNE| |9528034|CANASTA DE 4 EMPANADAS DE CARNE| |9528034|ALIMENTOS|10|ALIMENTOS|10|Para Empezar|1008|Para Empezar|1008|OT7|7|Order Type Master 7|7|23611.00|0.00|23611.00|0.00|0.00|0.00|23611.00|0.00|23611.00|153|23611.00|1|0|0.00|0.00|0.00|55|13
FPMI|Plataformas|21|Plataformas|21|CHICHARRON 90 gr| |9528024|CHICHARRON 90 gr| |9528024|ALIMENTOS|10|ALIMENTOS|10|Para Empezar|1008|Para Empezar|1008|OT7|7|Order Type Master 7|7|27963.00|0.00|27963.00|0.00|0.00|0.00|27963.00|0.00|27963.00|153|27963.00|1|0|0.00|0.00|0.00|55|13
FPMI|Plataformas|21|Plataformas|21|CHURRASCO 250 gr FRANCESA| |9502110|CHURRASCO 250 gr FRANCESA| |9502110|ALIMENTOS|10|ALIMENTOS|10|Para Empezar|1008|Para Empezar|1008|OT7|7|Order Type Master 7|7|54167.00|0.00|54167.00|0.00|0.00|0.00|54167.00|0.00|54167.00|153|54167.00|1|0|0.00|0.00|0.00|48|11
FPMI|Plataformas|21|Plataformas|21|AJIACO  POLLO| |9520008|AJIACO  POLLO| |9520008|ALIMENTOS|10|ALIMENTOS|10|Para Empezar|1008|Para Empezar|1008|OT7|7|Order Type Master 7|7|71482.00|0.00|71482.00|0.00|0.00|0.00|71482.00|0.00|71482.00|153|71482.00|2|0|0.00|0.00|0.00|64|15
FPMI|Plataformas|21|Plataformas|21|AREPA DE CHOCOLO| |9506036|AREPA DE CHOCOLO| |9506036|ALIMENTOS|10|ALIMENTOS|10|Para Empezar|1008|Para Empezar|1008|OT7|7|Order Type Master 7|7|21111.00|0.00|21111.00|0.00|0.00|0.00|21111.00|0.00|21111.00|153|21111.00|1|0|0.00|0.00|0.00|57|14
FPMI|Plataformas|21|Plataformas|21|PUNTA DE ANCA 250 gr ENSALADA| |9502234|PUNTA DE ANCA 250 gr ENSALADA| |9502234|ALIMENTOS|10|ALIMENTOS|10|Para Empezar|1008|Para Empezar|1008|OT7|7|Order Type Master 7|7|57130.00|0.00|57130.00|0.00|0.00|0.00|57130.00|0.00|57130.00|153|57130.00|1|0|0.00|0.00|0.00|74|18
FPMI|Plataformas|21|Plataformas|21|MJE ALM| |90000037|MJE ALM| |90000037|ALIMENTOS|10|ALIMENTOS|10|Para Empezar|1008|Para Empezar|1008|OT7|7|Order Type Master 7|7|0.00|0.00|0.00|0.00|0.00|0.00|0.00|0.00|0.00|1|0.00|1|0|0.00|0.00|0.00|74|18
FPMI|Restaurante|1|Restaurante|1|JUGO DE MANDARINA| |9604044|JUGO DE MANDARINA| |9604044|BEBIDAS|20|BEBIDAS|20|Bebidas Sin Alcohol|3000|Bebidas Sin Alcohol|3000|OT1|1|Order Type Master 1|1|14074.00|0.00|14074.00|0.00|0.00|0.00|14074.00|0.00|14074.00|1|14074.00|1|0|0.00|0.00|0.00|53|13
FPMI|Restaurante|1|Restaurante|1|GASEOSA 400 ml| |9606131|GASEOSA 400 ml| |9606131|BEBIDAS|20|BEBIDAS|20|Bebidas Sin Alcohol|3000|Bebidas Sin Alcohol|3000|OT1|1|Order Type Master 1|1|7593.00|0.00|7593.00|0.00|0.00|0.00|7593.00|0.00|7593.00|1|7593.00|1|0|0.00|0.00|0.00|61|15
FPMI|Restaurante|1|Restaurante|1|TINTO COLADO AEX| |9602121|TINTO COLADO AEX| |9602121|BEBIDAS|20|BEBIDAS|20|Bebidas Sin Alcohol|3000|Bebidas Sin Alcohol|3000|OT1|1|Order Type Master 1|1|9074.00|0.00|9074.00|0.00|0.00|0.00|9074.00|0.00|9074.00|1|9074.00|2|0|0.00|0.00|0.00|48|11
FPMI|Restaurante|1|Restaurante|1|LIMONADA DE PANELA| |9604067|LIMONADA DE PANELA| |9604067|BEBIDAS|20|BEBIDAS|20|Bebidas Sin Alcohol|3000|Bebidas Sin Alcohol|3000|OT1|1|Order Type Master 1|1|18148.00|0.00|18148.00|0.00|0.00|0.00|18148.00|0.00|18148.00|1|18148.00|2|0|0.00|0.00|0.00|62|15
FPMI|Restaurante|1|Restaurante|1|AREPA DE CHOCOLO SIN QUESO| |9506038|AREPA DE CHOCOLO SIN QUESO| |9506038|ALIMENTOS|10|ALIMENTOS|10|Para Empezar|1008|Para Empezar|1008|OT1|1|Order Type Master 1|1|14630.00|0.00|14630.00|0.00|0.00|0.00|14630.00|0.00|14630.00|1|14630.00|1|0|0.00|0.00|0.00|53|13
FPMI|Restaurante|1|Restaurante|1|CUCHUCO CON ESPINAZO| |9520020|CUCHUCO CON ESPINAZO| |9520020|ALIMENTOS|10|ALIMENTOS|10|Para Empezar|1008|Para Empezar|1008|OT1|1|Order Type Master 1|1|34167.00|0.00|34167.00|0.00|0.00|0.00|34167.00|0.00|34167.00|1|34167.00|1|0|0.00|0.00|0.00|53|13
FPMI|Restaurante|1|Restaurante|1|Mod CocaCola Zero 400ml| |980000103|Mod CocaCola Zero 400ml| |980000103|ALIMENTOS|10|ALIMENTOS|10|Para Empezar|1008|Para Empezar|1008|OT1|1|Order Type Master 1|1|0.00|0.00|0.00|0.00|0.00|0.00|0.00|0.00|0.00|1|0.00|1|0|0.00|0.00|0.00|59|14
FPMI|Restaurante|1|Restaurante|1|CHICHARRON 90 gr| |9528024|CHICHARRON 90 gr| |9528024|ALIMENTOS|10|ALIMENTOS|10|Para Empezar|1008|Para Empezar|1008|OT1|1|Order Type Master 1|1|26667.00|0.00|26667.00|0.00|0.00|0.00|26667.00|0.00|26667.00|1|26667.00|1|0|0.00|0.00|0.00|48|11
FPMI|Restaurante|1|Restaurante|1|BANDEJA PAISA| |9520036|BANDEJA PAISA| |9520036|ALIMENTOS|10|ALIMENTOS|10|Para Empezar|1008|Para Empezar|1008|OT1|1|Order Type Master 1|1|42500.00|0.00|42500.00|0.00|0.00|0.00|42500.00|0.00|42500.00|1|42500.00|1|0|0.00|0.00|0.00|62|15
FPMI|Domicilios|20|Domicilios|20|AJIACO CON POLLO PERSONAL | |9540230|AJIACO CON POLLO PERSONAL | |9540230|ALIMENTOS|10|ALIMENTOS|10|Para Empezar|1008|Para Empezar|1008|OT2|2|Order Type Master 2|2|4630.00|0.00|4630.00|0.00|0.00|0.00|4630.00|0.00|4630.00|73|4630.00|1|0|0.00|0.00|0.00|60|14
FPMI|Domicilios|20|Domicilios|20|EMPANADA CACHACA| |9528008|EMPANADA CACHACA| |9528008|ALIMENTOS|10|ALIMENTOS|10|Para Empezar|1008|Para Empezar|1008|OT2|2|Order Type Master 2|2|0.00|-1233.00|-1233.00|0.00|0.00|0.00|0.00|-1233.00|-1233.00|73|0.00|0|0|0.00|0.00|0.00|54|13
FPMI|Plataformas|21|Plataformas|21|COMBO HAMBURGUESA CAMPESINA 125 gr BOT| |9508022|COMBO HAMBURGUESA CAMPESINA 125 gr BOT| |9508022|ALIMENTOS|10|ALIMENTOS|10|Para Empezar|1008|Para Empezar|1008|OT7|7|Order Type Master 7|7|30648.00|0.00|30648.00|0.00|0.00|0.00|30648.00|0.00|30648.00|153|30648.00|1|0|0.00|0.00|0.00|69|17
FPMI|Plataformas|21|Plataformas|21|LOMO 220 gr ENSALADA| |9502516|LOMO 220 gr ENSALADA| |9502516|ALIMENTOS|10|ALIMENTOS|10|Para Empezar|1008|Para Empezar|1008|OT7|7|Order Type Master 7|7|57130.00|0.00|57130.00|0.00|0.00|0.00|57130.00|0.00|57130.00|153|57130.00|1|0|0.00|0.00|0.00|55|13
FPMI|Plataformas|21|Plataformas|21|MJE ALM| |90000037|MJE ALM| |90000037|ALIMENTOS|10|ALIMENTOS|10|Para Empezar|1008|Para Empezar|1008|OT7|7|Order Type Master 7|7|0.00|0.00|0.00|0.00|0.00|0.00|0.00|0.00|0.00|1|0.00|2|0|0.00|0.00|0.00|58|14
FPMI|Plataformas|21|Plataformas|21|PORCION DE ARROZ BLANCO| |9500064|PORCION DE ARROZ BLANCO| |9500064|ALIMENTOS|10|ALIMENTOS|10|Para Empezar|1008|Para Empezar|1008|OT7|7|Order Type Master 7|7|10833.00|0.00|10833.00|0.00|0.00|0.00|10833.00|0.00|10833.00|153|10833.00|3|0|0.00|0.00|0.00|58|14
FPMI|Plataformas|21|Plataformas|21|MADURITOS| |9500252|MADURITOS| |9500252|ALIMENTOS|10|ALIMENTOS|10|Para Empezar|1008|Para Empezar|1008|OT7|7|Order Type Master 7|7|3519.00|0.00|3519.00|0.00|0.00|0.00|3519.00|0.00|3519.00|153|3519.00|1|0|0.00|0.00|0.00|48|11
FPMI|Plataformas|21|Plataformas|21|MADURITOS| |9500252|MADURITOS| |9500252|ALIMENTOS|10|ALIMENTOS|10|Para Empezar|1008|Para Empezar|1008|OT7|7|Order Type Master 7|7|3519.00|0.00|3519.00|0.00|0.00|0.00|3519.00|0.00|3519.00|153|3519.00|1|0|0.00|0.00|0.00|62|15
