FPID|Expr|Expres Cafam|20241221|20241221|20241222|122906|2.00|2.00|Simphony|19.7.2
FPSUM|Restaurante|1|Restaurante|1|780467.00|78043.00|0|0|0.00|0|62433.00|5|0|0|0|0|0.00|0.00|0.00|0|0|0|0.00|0|0.00|0|0.00|0|920943.00|5|186505.00|1|0.00|0|0.00|0|0.00|0.00|13|54|780467.00|0.00|0.00|0.00|780467.00|37207.00|37207.00|0.00|0.17|0.00|223241.55|37207.00|37207.00
FPSUM|Restaurante|1|Restaurante|1|8419.00|1352.00|0|0|0.00|0|1081.00|0|0|0|0|0|0.00|0.00|0.00|0|0|0|0.00|0|0.00|0|0.00|0|10852.00|0|114539.00|1|0.00|0|0.00|0|0.00|0.00|15|63|13519.00|-5100.00|0.00|0.00|8419.00|24799.33|24799.33|0.00|0.33|0.00|74398.07|24799.33|24799.33
FPSUM|Restaurante|1|Restaurante|1|50926.00|5093.00|0|0|0.00|0|4074.00|1|0|0|0|0|0.00|0.00|0.00|0|0|0|0.00|0|0.00|0|0.00|0|60088.00|1|80518.00|2|0.00|0|0.00|0|0.00|0.00|19|80|50926.00|0.00|0.00|0.00|50926.00|11744.00|11744.00|0.00|0.00|0.00|0.00|11744.00|11744.00
FPSUM|Restaurante|1|Restaurante|1|479540.00|47953.00|0|0|0.00|0|38360.00|3|0|0|0|0|0.00|0.00|0.00|0|0|0|0.00|0|0.00|0|0.00|0|565853.00|3|0.00|0|0.00|0|0.00|0|0.00|0.00|12|52|479540.00|0.00|0.00|0.00|479540.00|19151.33|19151.33|0.00|0.17|0.00|114907.77|19151.33|19151.33
FPSUM|Restaurante|1|Restaurante|1|151204.00|15120.00|0|0|0.00|0|12096.00|1|0|0|0|0|0.00|0.00|0.00|0|0|0|0.00|0|0.00|0|0.00|0|178420.00|1|0.00|0|0.00|0|0.00|0|0.00|0.00|12|51|151204.00|0.00|0.00|0.00|151204.00|12160.67|12160.67|0.00|0.17|0.00|72963.85|12160.67|12160.67
FPSUM|Restaurante|1|Restaurante|1|206576.00|6139.00|0|0|0.00|0|16524.00|1|0|0|0|0|0.00|0.00|0.00|0|0|0|0.00|0|0.00|0|0.00|0|229239.00|1|224759.00|1|0.00|0|0.00|0|0.00|-14518.00|17|72|206576.00|0.00|0.00|0.00|206576.00|13827.17|12260.50|-1566.67|0.17|0.00|73562.85|13827.17|12260.50
FPSUM|Restaurante|1|Restaurante|1|73397.00|8130.00|0|0|0.00|0|6503.00|2|0|0|0|0|0.00|0.00|0.00|0|0|0|0.00|0|0.00|0|0.00|0|88030.00|2|282073.00|2|0.00|0|0.00|0|0.00|0.00|14|57|81297.00|-7900.00|0.00|0.00|73397.00|61281.00|61281.00|0.00|0.67|0.00|91921.45|61281.00|61281.00
FPSUM|Restaurante|1|Restaurante|1|206760.00|15212.00|0|0|0.00|0|16540.00|1|0|0|0|0|0.00|0.00|0.00|0|0|0|0.00|0|0.00|0|0.00|0|238512.00|1|59000.00|1|0.00|0|0.00|0|0.00|-5463.00|14|60|206760.00|0.00|0.00|0.00|206760.00|0.00|0.00|0.00|0.00|0.00|0.00|0.00|0.00
FPSUM|Restaurante|1|Restaurante|1|30185.00|-9147.00|0|0|0.00|0|2415.00|2|0|0|0|0|0.00|0.00|0.00|0|0|0|0.00|0|0.00|0|0.00|0|23456.00|2|252790.00|2|0.00|0|0.00|0|0.00|-12166.00|15|61|30185.00|0.00|0.00|0.00|30185.00|14120.50|14120.50|0.00|0.17|0.00|84722.83|14120.50|14120.50
FPSUM|Restaurante|1|Restaurante|1|97871.00|9787.00|0|0|0.00|0|7829.00|1|0|0|0|0|0.00|0.00|0.00|0|0|0|0.00|0|0.00|0|0.00|0|115487.00|1|0.00|0|0.00|0|0.00|0|0.00|0.00|16|66|97871.00|0.00|0.00|0.00|97871.00|0.00|0.00|0.00|0.00|0.00|0.00|0.00|0.00
FPSUM|Restaurante|1|Restaurante|1|128240.00|12824.00|0|0|0.00|0|10260.00|1|0|0|0|0|0.00|0.00|0.00|0|0|0|0.00|0|0.00|0|0.00|0|151324.00|1|0.00|0|0.00|0|0.00|0|0.00|0.00|20|81|128240.00|0.00|0.00|0.00|128240.00|0.00|0.00|0.00|0.00|0.00|0.00|0.00|0.00
FPSUM|Restaurante|1|Restaurante|1|337873.00|33786.00|0|0|0.00|0|27027.00|3|0|0|0|0|0.00|0.00|0.00|0|0|0|0.00|0|0.00|0|0.00|0|398686.00|3|0.00|0|0.00|0|0.00|0|0.00|0.00|17|69|337873.00|0.00|0.00|0.00|337873.00|0.00|0.00|0.00|0.00|0.00|0.00|0.00|0.00
FPSUM|Restaurante|1|Restaurante|1|345002.00|34499.00|0|0|0.00|0|27598.00|2|0|0|0|0|0.00|0.00|0.00|0|0|0|0.00|0|0.00|0|0.00|0|407099.00|2|63479.00|1|0.00|0|0.00|0|0.00|0.00|15|62|345002.00|0.00|0.00|0.00|345002.00|45956.83|45956.83|0.00|0.67|0.00|68935.22|45956.83|45956.83
FPSUM|Restaurante|1|Restaurante|1|123704.00|12370.00|0|0|0.00|0|9896.00|1|0|0|0|0|0.00|0.00|0.00|0|0|0|0.00|0|0.00|0|0.00|0|145965.00|1|497669.00|3|0.00|0|0.00|0|0.00|0.00|13|55|123704.00|0.00|0.00|0.00|123704.00|7098.83|7098.83|0.00|0.17|0.00|42592.91|7098.83|7098.83
FPSUM|Restaurante|1|Restaurante|1|115278.00|11527.00|0|0|0.00|0|9222.00|1|0|0|0|0|0.00|0.00|0.00|0|0|0|0.00|0|0.00|0|0.00|0|136023.00|1|5350.00|1|0.00|0|0.00|0|0.00|0.00|17|71|115278.00|0.00|0.00|0.00|115278.00|21188.17|21188.17|0.00|0.00|0.00|0.00|21188.17|21188.17
FPSUM|Plataformas|21|Plataformas|21|49167.00|0.00|0|0|0.00|0|3933.00|1|0|0|0|0|0.00|0.00|0.00|0|0|0|0.00|0|0.00|0|0.00|0|53100.00|1|53100.00|1|0.00|0|0.00|0|0.00|0.00|13|53|49167.00|0.00|0.00|0.00|49167.00|38966.00|38966.00|0.00|0.33|0.00|116898.12|38966.00|38966.00
FPSUM|Restaurante|1|Restaurante|1|0.00|0.00|0|0|0.00|0|0.00|0|0|0|0|0|0.00|0.00|0.00|0|0|0|0.00|0|0.00|0|0.00|0|0.00|0|119748.00|1|0.00|0|0.00|0|0.00|0.00|20|82|0.00|0.00|0.00|0.00|0.00|0.00|0.00|0.00|0.00|0.00|0.00|0.00|0.00
FPSUM|Restaurante|1|Restaurante|1|157591.00|15759.00|0|0|0.00|0|12609.00|1|0|0|0|0|0.00|0.00|0.00|0|0|0|0.00|0|0.00|0|0.00|0|185959.00|1|0.00|0|0.00|0|0.00|0|0.00|0.00|12|50|157591.00|0.00|0.00|0.00|157591.00|0.00|0.00|0.00|0.00|0.00|0.00|0.00|0.00
FPSUM|Restaurante|1|Restaurante|1|0.00|0.00|0|0|0.00|0|0.00|0|0|0|0|0|0.00|0.00|0.00|0|0|0|0.00|0|0.00|0|0.00|0|0.00|0|0.00|0|0.00|0|0.00|0|0.00|0.00|17|70|0.00|0.00|0.00|0.00|0.00|7407.50|7407.50|0.00|0.17|0.00|44444.91|7407.50|7407.50
FPSUM|Restaurante|1|Restaurante|1|0.00|0.00|0|0|0.00|0|0.00|0|0|0|0|0|0.00|0.00|0.00|0|0|0|0.00|0|0.00|0|0.00|0|0.00|0|98989.00|1|0.00|0|0.00|0|0.00|0.00|16|68|0.00|0.00|0.00|0.00|0.00|31172.83|31172.83|0.00|0.17|0.00|187036.63|31172.83|31172.83
FPSUM|Restaurante|1|Restaurante|1|161575.00|16156.00|0|0|0.00|0|12925.00|3|0|0|0|0|0.00|0.00|0.00|0|0|0|0.00|0|0.00|0|0.00|0|190656.00|3|0.00|0|0.00|0|0.00|0|0.00|0.00|19|79|161575.00|0.00|0.00|0.00|161575.00|8194.50|8194.50|0.00|0.17|0.00|49166.90|8194.50|8194.50
FPSUM|Restaurante|1|Restaurante|1|0.00|0.00|0|0|0.00|0|0.00|0|0|0|0|0|0.00|0.00|0.00|0|0|0|0.00|0|0.00|0|0.00|0|0.00|0|303521.00|2|0.00|0|0.00|0|0.00|0.00|15|64|0.00|0.00|0.00|0.00|0.00|29043.33|29043.33|0.00|0.33|0.00|87130.09|29043.33|29043.33
FPSUM|Restaurante|1|Restaurante|1|-10200.00|14518.00|0|0|0.00|0|0.00|0|0|0|0|0|0.00|0.00|0.00|0|0|0|0.00|0|0.00|0|0.00|0|4313.00|0|409882.00|3|0.00|0|0.00|0|0.00|0.00|18|73|0.00|-10200.00|0.00|0.00|-10200.00|9552.50|9552.50|0.00|0.17|0.00|57314.89|9552.50|9552.50
FPSUM|Domicilios|20|Domicilios|20|60833.00|0.00|0|0|0.00|0|4867.00|1|0|0|0|0|0.00|0.00|0.00|0|0|0|0.00|0|0.00|0|0.00|0|65700.00|1|0.00|0|0.00|0|0.00|0|0.00|0.00|16|65|60833.00|0.00|0.00|0.00|60833.00|0.00|0.00|0.00|0.00|0.00|0.00|0.00|0.00
FPSUM|Restaurante|1|Restaurante|1|83889.00|8389.00|0|0|0.00|0|6711.00|1|0|0|0|0|0.00|0.00|0.00|0|0|0|0.00|0|0.00|0|0.00|1|98989.00|1|301555.00|2|0.00|0|0.00|0|0.00|0.00|16|65|83889.00|0.00|0.00|0.00|83889.00|0.00|0.00|0.00|0.00|0.00|0.00|0.00|0.00
FPSUM|Restaurante|1|Restaurante|1|0.00|0.00|0|0|0.00|0|0.00|0|0|0|0|0|0.00|0.00|0.00|0|0|0|0.00|0|0.00|0|0.00|0|0.00|0|124337.00|1|0.00|0|0.00|0|0.00|0.00|19|78|0.00|0.00|0.00|0.00|0.00|0.00|0.00|0.00|0.00|0.00|0.00|0.00|0.00
FPSUM|Restaurante|1|Restaurante|1|161578.00|16777.00|0|0|0.00|0|13422.00|2|0|0|0|0|0.00|0.00|0.00|0|0|0|0.00|0|0.00|0|23818.00|2|191777.00|2|139770.00|1|0.00|0|0.00|0|0.00|0.00|14|59|167778.00|-6200.00|0.00|0.00|161578.00|1790.17|1790.17|0.00|0.00|0.00|0.00|1790.17|1790.17
FPSUM|Restaurante|1|Restaurante|1|105371.00|10537.00|0|0|0.00|0|8429.00|1|0|0|0|0|0.00|0.00|0.00|0|0|0|0.00|0|0.00|0|0.00|0|124337.00|1|0.00|0|0.00|0|0.00|0|0.00|0.00|18|76|105371.00|0.00|0.00|0.00|105371.00|0.00|0.00|0.00|0.00|0.00|0.00|0.00|0.00
FPSUM|Restaurante|1|Restaurante|1|0.00|0.00|0|0|0.00|0|0.00|0|0|0|0|0|0.00|0.00|0.00|0|0|0|0.00|0|0.00|0|0.00|0|0.00|0|243757.00|1|0.00|0|0.00|0|0.00|0.00|18|74|0.00|0.00|0.00|0.00|0.00|22592.67|22592.67|0.00|0.33|0.00|67778.07|22592.67|22592.67
FPSUM|Restaurante|1|Restaurante|1|82592.00|8259.00|0|0|0.00|0|6608.00|1|0|0|0|0|0.00|0.00|0.00|0|0|0|0.00|0|0.00|0|0.00|0|97459.00|1|299479.00|2|0.00|0|0.00|0|0.00|0.00|13|56|82592.00|0.00|0.00|0.00|82592.00|64599.33|64599.33|0.00|0.33|0.00|193798.19|64599.33|64599.33
FPSUM|Restaurante|1|Restaurante|1|0.00|-2667.00|0|0|0.00|0|0.00|0|0|0|0|0|0.00|0.00|0.00|0|0|0|0.00|0|0.00|0|0.00|0|-2667.00|0|28800.00|1|0.00|0|0.00|0|0.00|-2667.00|19|77|0.00|0.00|0.00|0.00|0.00|2453.67|2453.67|0.00|0.17|0.00|14721.97|2453.67|2453.67
FPSUM|Restaurante|1|Restaurante|1|129261.00|12925.00|0|0|0.00|0|10339.00|1|0|0|0|0|0.00|0.00|0.00|0|0|0|37900.00|1|0.00|0|0.00|0|152521.00|1|511656.00|3|0.00|0|0.00|0|0.00|0.00|14|58|129261.00|0.00|0.00|0.00|129261.00|3086.50|3086.50|0.00|0.00|0.00|0.00|3086.50|3086.50
FPSUM|Domicilios|20|Domicilios|20|23150.00|0.00|0|0|0.00|0|1850.00|1|0|0|0|0|0.00|0.00|0.00|0|0|0|5000.00|1|0.00|0|0.00|0|25000.00|1|25000.00|1|0.00|0|0.00|0|0.00|0.00|20|83|23150.00|0.00|0.00|0.00|23150.00|0.00|0.00|0.00|0.00|0.00|0.00|0.00|0.00
FPSUM|Plataformas|21|Plataformas|21|0.00|0.00|0|0|0.00|0|0.00|0|0|0|0|0|0.00|0.00|0.00|0|0|0|0.00|0|0.00|0|0.00|0|0.00|0|0.00|0|0.00|0|0.00|0|0.00|0.00|20|82|0.00|0.00|0.00|0.00|0.00|0.00|0.00|0.00|0.00|0.00|0.00|0.00|0.00
FPSUM|Plataformas|21|Plataformas|21|75093.00|0.00|0|0|0.00|0|6007.00|1|0|0|0|0|0.00|0.00|0.00|0|0|0|0.00|0|0.00|0|0.00|0|81100.00|1|0.00|0|0.00|0|0.00|0|0.00|0.00|14|58|75093.00|0.00|0.00|0.00|75093.00|0.00|0.00|0.00|0.00|0.00|0.00|0.00|0.00
FPSUM|Domicilios|20|Domicilios|20|-12200.00|0.00|0|0|0.00|0|0.00|0|0|0|0|0|0.00|0.00|0.00|0|0|0|0.00|0|0.00|0|0.00|0|-12200.00|0|53500.00|1|0.00|0|0.00|0|0.00|0.00|16|66|0.00|-12200.00|0.00|0.00|-12200.00|0.00|0.00|0.00|0.00|0.00|0.00|0.00|0.00
FPSUM|Restaurante|1|Restaurante|1|34908.00|3490.00|-73103|8|0.00|0|2792.00|1|0|0|0|0|0.00|0.00|0.00|0|0|0|0.00|0|0.00|0|0.00|0|41190.00|1|204533.00|1|0.00|0|0.00|0|0.00|-1149.00|13|53|34908.00|0.00|0.00|0.00|34908.00|0.00|0.00|0.00|0.00|0.00|0.00|0.00|0.00
FPSUM|Plataformas|21|Plataformas|21|38611.00|0.00|0|0|0.00|0|3089.00|1|0|0|0|0|0.00|0.00|0.00|0|0|0|0.00|0|0.00|0|0.00|0|41700.00|1|41700.00|1|0.00|0|0.00|0|0.00|0.00|16|65|38611.00|0.00|0.00|0.00|38611.00|0.00|0.00|0.00|0.00|0.00|0.00|0.00|0.00
FPSUM|Plataformas|21|Plataformas|21|89444.00|0.00|0|0|0.00|0|7156.00|1|0|0|0|0|0.00|0.00|0.00|0|0|0|0.00|0|0.00|0|0.00|0|96600.00|1|96600.00|1|0.00|0|0.00|0|0.00|0.00|19|79|89444.00|0.00|0.00|0.00|89444.00|0.00|0.00|0.00|0.00|0.00|0.00|0.00|0.00
FPSUM|Plataformas|21|Plataformas|21|77871.00|0.00|0|0|0.00|0|6229.00|1|0|0|0|0|0.00|0.00|0.00|0|0|0|0.00|0|0.00|0|0.00|0|84100.00|1|81100.00|1|0.00|0|0.00|0|0.00|0.00|15|61|77871.00|0.00|0.00|0.00|77871.00|0.00|0.00|0.00|0.00|0.00|0.00|0.00|0.00
FPSUM|Plataformas|21|Plataformas|21|0.00|0.00|0|0|0.00|0|0.00|0|0|0|0|0|0.00|0.00|0.00|0|0|0|0.00|0|0.00|0|0.00|0|0.00|0|84100.00|1|0.00|0|0.00|0|0.00|0.00|15|62|0.00|0.00|0.00|0.00|0.00|0.00|0.00|0.00|0.00|0.00|0.00|0.00|0.00
FPSUM|Restaurante|1|Restaurante|1|0.00|0.00|0|0|0.00|0|0.00|0|0|0|0|0|0.00|0.00|0.00|0|0|0|0.00|0|0.00|0|0.00|0|1.00|0|201803.00|2|0.00|0|0.00|0|0.00|0.00|20|83|0.00|0.00|0.00|0.00|0.00|0.00|0.00|0.00|0.00|0.00|0.00|0.00|0.00
FPOT|Restaurante|1|Restaurante|1|OT1|1|Order Type Master 1|1|97871.00|9787.00|0.00|0|0.00|0|7829.00|1|0|0|0|0|0.00|0.00|0.00|0|0|0|0.00|0|0.00|0|0.00|0|115487.00|1|0.00|0|0.00|0|0.00|0|0.00|0.00|16|66|97871.00|0.00|0.00|0.00|97871.00|0.00|0.00|0.00|0.00|0.00|0.00|0.00|0.00
FPOT|Restaurante|1|Restaurante|1|OT1|1|Order Type Master 1|1|0.00|0.00|0.00|0|0.00|0|0.00|0|0|0|0|0|0.00|0.00|0.00|0|0|0|0.00|0|0.00|0|0.00|0|0.00|0|303521.00|2|0.00|0|0.00|0|0.00|0.00|15|64|0.00|0.00|0.00|0.00|0.00|29043.33|29043.33|0.00|0.33|0.00|87130.09|29043.33|29043.33
FPOT|Restaurante|1|Restaurante|1|OT1|1|Order Type Master 1|1|206576.00|6139.00|0.00|0|0.00|0|16524.00|1|0|0|0|0|0.00|0.00|0.00|0|0|0|0.00|0|0.00|0|0.00|0|229239.00|1|224759.00|1|0.00|0|0.00|0|0.00|-14518.00|17|72|206576.00|0.00|0.00|0.00|206576.00|13827.17|12260.50|-1566.67|0.17|0.00|73562.85|13827.17|12260.50
FPOT|Restaurante|1|Restaurante|1|OT1|1|Order Type Master 1|1|0.00|0.00|0.00|0|0.00|0|0.00|0|0|0|0|0|0.00|0.00|0.00|0|0|0|0.00|0|0.00|0|0.00|0|0.00|0|98989.00|1|0.00|0|0.00|0|0.00|0.00|16|68|0.00|0.00|0.00|0.00|0.00|31172.83|31172.83|0.00|0.17|0.00|187036.63|31172.83|31172.83
FPOT|Restaurante|1|Restaurante|1|OT1|1|Order Type Master 1|1|780467.00|78043.00|0.00|0|0.00|0|62433.00|5|0|0|0|0|0.00|0.00|0.00|0|0|0|0.00|0|0.00|0|0.00|0|920943.00|5|186505.00|1|0.00|0|0.00|0|0.00|0.00|13|54|780467.00|0.00|0.00|0.00|780467.00|37207.00|37207.00|0.00|0.17|0.00|223241.55|37207.00|37207.00
FPOT|Plataformas|21|Plataformas|21|OT7|7|Order Type Master 7|7|77871.00|0.00|0.00|0|0.00|0|6229.00|1|0|0|0|0|0.00|0.00|0.00|0|0|0|0.00|0|0.00|0|0.00|0|84100.00|1|81100.00|1|0.00|0|0.00|0|0.00|0.00|15|61|77871.00|0.00|0.00|0.00|77871.00|0.00|0.00|0.00|0.00|0.00|0.00|0.00|0.00
FPOT|Restaurante|1|Restaurante|1|OT1|1|Order Type Master 1|1|345002.00|34499.00|0.00|0|0.00|0|27598.00|2|0|0|0|0|0.00|0.00|0.00|0|0|0|0.00|0|0.00|0|0.00|0|407099.00|2|63479.00|1|0.00|0|0.00|0|0.00|0.00|15|62|345002.00|0.00|0.00|0.00|345002.00|45956.83|45956.83|0.00|0.67|0.00|68935.22|45956.83|45956.83
FPOT|Restaurante|1|Restaurante|1|OT1|1|Order Type Master 1|1|115278.00|11527.00|0.00|0|0.00|0|9222.00|1|0|0|0|0|0.00|0.00|0.00|0|0|0|0.00|0|0.00|0|0.00|0|136023.00|1|5350.00|1|0.00|0|0.00|0|0.00|0.00|17|71|115278.00|0.00|0.00|0.00|115278.00|21188.17|21188.17|0.00|0.00|0.00|0.00|21188.17|21188.17
FPOT|Restaurante|1|Restaurante|1|OT1|1|Order Type Master 1|1|8419.00|1352.00|0.00|0|0.00|0|1081.00|0|0|0|0|0|0.00|0.00|0.00|0|0|0|0.00|0|0.00|0|0.00|0|10852.00|0|114539.00|1|0.00|0|0.00|0|0.00|0.00|15|63|13519.00|-5100.00|0.00|0.00|8419.00|24799.33|24799.33|0.00|0.33|0.00|74398.07|24799.33|24799.33
FPOT|Restaurante|1|Restaurante|1|OT1|1|Order Type Master 1|1|479540.00|47953.00|0.00|0|0.00|0|38360.00|3|0|0|0|0|0.00|0.00|0.00|0|0|0|0.00|0|0.00|0|0.00|0|565853.00|3|0.00|0|0.00|0|0.00|0|0.00|0.00|12|52|479540.00|0.00|0.00|0.00|479540.00|19151.33|19151.33|0.00|0.17|0.00|114907.77|19151.33|19151.33
FPOT|Restaurante|1|Restaurante|1|OT1|1|Order Type Master 1|1|82592.00|8259.00|0.00|0|0.00|0|6608.00|1|0|0|0|0|0.00|0.00|0.00|0|0|0|0.00|0|0.00|0|0.00|0|97459.00|1|299479.00|2|0.00|0|0.00|0|0.00|0.00|13|56|82592.00|0.00|0.00|0.00|82592.00|64599.33|64599.33|0.00|0.33|0.00|193798.19|64599.33|64599.33
FPOT|Restaurante|1|Restaurante|1|OT1|1|Order Type Master 1|1|50926.00|5093.00|0.00|0|0.00|0|4074.00|1|0|0|0|0|0.00|0.00|0.00|0|0|0|0.00|0|0.00|0|0.00|0|60088.00|1|80518.00|2|0.00|0|0.00|0|0.00|0.00|19|80|50926.00|0.00|0.00|0.00|50926.00|11744.00|11744.00|0.00|0.00|0.00|0.00|11744.00|11744.00
FPOT|Domicilios|20|Domicilios|20|OT2|2|Order Type Master 2|2|60833.00|0.00|0.00|0|0.00|0|4867.00|1|0|0|0|0|0.00|0.00|0.00|0|0|0|0.00|0|0.00|0|0.00|0|65700.00|1|0.00|0|0.00|0|0.00|0|0.00|0.00|16|65|60833.00|0.00|0.00|0.00|60833.00|0.00|0.00|0.00|0.00|0.00|0.00|0.00|0.00
FPOT|Plataformas|21|Plataformas|21|OT7|7|Order Type Master 7|7|38611.00|0.00|0.00|0|0.00|0|3089.00|1|0|0|0|0|0.00|0.00|0.00|0|0|0|0.00|0|0.00|0|0.00|0|41700.00|1|41700.00|1|0.00|0|0.00|0|0.00|0.00|16|65|38611.00|0.00|0.00|0.00|38611.00|0.00|0.00|0.00|0.00|0.00|0.00|0.00|0.00
FPOT|Restaurante|1|Restaurante|1|OT1|1|Order Type Master 1|1|30185.00|-9147.00|0.00|0|0.00|0|2415.00|2|0|0|0|0|0.00|0.00|0.00|0|0|0|0.00|0|0.00|0|0.00|0|23456.00|2|252790.00|2|0.00|0|0.00|0|0.00|-12166.00|15|61|30185.00|0.00|0.00|0.00|30185.00|14120.50|14120.50|0.00|0.17|0.00|84722.83|14120.50|14120.50
FPOT|Restaurante|1|Restaurante|1|OT1|1|Order Type Master 1|1|161575.00|16156.00|0.00|0|0.00|0|12925.00|3|0|0|0|0|0.00|0.00|0.00|0|0|0|0.00|0|0.00|0|0.00|0|190656.00|3|0.00|0|0.00|0|0.00|0|0.00|0.00|19|79|161575.00|0.00|0.00|0.00|161575.00|8194.50|8194.50|0.00|0.17|0.00|49166.90|8194.50|8194.50
FPOT|Restaurante|1|Restaurante|1|OT1|1|Order Type Master 1|1|128240.00|12824.00|0.00|0|0.00|0|10260.00|1|0|0|0|0|0.00|0.00|0.00|0|0|0|0.00|0|0.00|0|0.00|0|151324.00|1|0.00|0|0.00|0|0.00|0|0.00|0.00|20|81|128240.00|0.00|0.00|0.00|128240.00|0.00|0.00|0.00|0.00|0.00|0.00|0.00|0.00
FPOT|Restaurante|1|Restaurante|1|OT1|1|Order Type Master 1|1|0.00|0.00|0.00|0|0.00|0|0.00|0|0|0|0|0|0.00|0.00|0.00|0|0|0|0.00|0|0.00|0|0.00|0|0.00|0|124337.00|1|0.00|0|0.00|0|0.00|0.00|19|78|0.00|0.00|0.00|0.00|0.00|0.00|0.00|0.00|0.00|0.00|0.00|0.00|0.00
FPOT|Restaurante|1|Restaurante|1|OT1|1|Order Type Master 1|1|337873.00|33786.00|0.00|0|0.00|0|27027.00|3|0|0|0|0|0.00|0.00|0.00|0|0|0|0.00|0|0.00|0|0.00|0|398686.00|3|0.00|0|0.00|0|0.00|0|0.00|0.00|17|69|337873.00|0.00|0.00|0.00|337873.00|0.00|0.00|0.00|0.00|0.00|0.00|0.00|0.00
FPOT|Restaurante|1|Restaurante|1|OT1|1|Order Type Master 1|1|-10200.00|14518.00|0.00|0|0.00|0|0.00|0|0|0|0|0|0.00|0.00|0.00|0|0|0|0.00|0|0.00|0|0.00|0|4313.00|0|409882.00|3|0.00|0|0.00|0|0.00|0.00|18|73|0.00|-10200.00|0.00|0.00|-10200.00|9552.50|9552.50|0.00|0.17|0.00|57314.89|9552.50|9552.50
FPOT|Domicilios|20|Domicilios|20|OT2|2|Order Type Master 2|2|-12200.00|0.00|0.00|0|0.00|0|0.00|0|0|0|0|0|0.00|0.00|0.00|0|0|0|0.00|0|0.00|0|0.00|0|-12200.00|0|53500.00|1|0.00|0|0.00|0|0.00|0.00|16|66|0.00|-12200.00|0.00|0.00|-12200.00|0.00|0.00|0.00|0.00|0.00|0.00|0.00|0.00
FPOT|Domicilios|20|Domicilios|20|OT2|2|Order Type Master 2|2|23150.00|0.00|0.00|0|0.00|0|1850.00|1|0|0|0|0|0.00|0.00|0.00|0|0|0|5000.00|1|0.00|0|0.00|0|25000.00|1|25000.00|1|0.00|0|0.00|0|0.00|0.00|20|83|23150.00|0.00|0.00|0.00|23150.00|0.00|0.00|0.00|0.00|0.00|0.00|0.00|0.00
FPOT|Restaurante|1|Restaurante|1|OT1|1|Order Type Master 1|1|123704.00|12370.00|0.00|0|0.00|0|9896.00|1|0|0|0|0|0.00|0.00|0.00|0|0|0|0.00|0|0.00|0|0.00|0|145965.00|1|497669.00|3|0.00|0|0.00|0|0.00|0.00|13|55|123704.00|0.00|0.00|0.00|123704.00|7098.83|7098.83|0.00|0.17|0.00|42592.91|7098.83|7098.83
FPOT|Restaurante|1|Restaurante|1|OT1|1|Order Type Master 1|1|151204.00|15120.00|0.00|0|0.00|0|12096.00|1|0|0|0|0|0.00|0.00|0.00|0|0|0|0.00|0|0.00|0|0.00|0|178420.00|1|0.00|0|0.00|0|0.00|0|0.00|0.00|12|51|151204.00|0.00|0.00|0.00|151204.00|12160.67|12160.67|0.00|0.17|0.00|72963.85|12160.67|12160.67
FPOT|Restaurante|1|Restaurante|1|OT1|1|Order Type Master 1|1|206760.00|15212.00|0.00|0|0.00|0|16540.00|1|0|0|0|0|0.00|0.00|0.00|0|0|0|0.00|0|0.00|0|0.00|0|238512.00|1|59000.00|1|0.00|0|0.00|0|0.00|-5463.00|14|60|206760.00|0.00|0.00|0.00|206760.00|0.00|0.00|0.00|0.00|0.00|0.00|0.00|0.00
FPOT|Restaurante|1|Restaurante|1|OT1|1|Order Type Master 1|1|83889.00|8389.00|0.00|0|0.00|0|6711.00|1|0|0|0|0|0.00|0.00|0.00|0|0|0|0.00|0|0.00|0|0.00|1|98989.00|1|301555.00|2|0.00|0|0.00|0|0.00|0.00|16|65|83889.00|0.00|0.00|0.00|83889.00|0.00|0.00|0.00|0.00|0.00|0.00|0.00|0.00
FPOT|Plataformas|21|Plataformas|21|OT7|7|Order Type Master 7|7|89444.00|0.00|0.00|0|0.00|0|7156.00|1|0|0|0|0|0.00|0.00|0.00|0|0|0|0.00|0|0.00|0|0.00|0|96600.00|1|96600.00|1|0.00|0|0.00|0|0.00|0.00|19|79|89444.00|0.00|0.00|0.00|89444.00|0.00|0.00|0.00|0.00|0.00|0.00|0.00|0.00
FPOT|Plataformas|21|Plataformas|21|OT7|7|Order Type Master 7|7|49167.00|0.00|0.00|0|0.00|0|3933.00|1|0|0|0|0|0.00|0.00|0.00|0|0|0|0.00|0|0.00|0|0.00|0|53100.00|1|53100.00|1|0.00|0|0.00|0|0.00|0.00|13|53|49167.00|0.00|0.00|0.00|49167.00|38966.00|38966.00|0.00|0.33|0.00|116898.12|38966.00|38966.00
FPOT|Plataformas|21|Plataformas|21|OT7|7|Order Type Master 7|7|75093.00|0.00|0.00|0|0.00|0|6007.00|1|0|0|0|0|0.00|0.00|0.00|0|0|0|0.00|0|0.00|0|0.00|0|81100.00|1|0.00|0|0.00|0|0.00|0|0.00|0.00|14|58|75093.00|0.00|0.00|0.00|75093.00|0.00|0.00|0.00|0.00|0.00|0.00|0.00|0.00
FPOT|Restaurante|1|Restaurante|1|OT1|1|Order Type Master 1|1|0.00|0.00|0.00|0|0.00|0|0.00|0|0|0|0|0|0.00|0.00|0.00|0|0|0|0.00|0|0.00|0|0.00|0|0.00|0|243757.00|1|0.00|0|0.00|0|0.00|0.00|18|74|0.00|0.00|0.00|0.00|0.00|22592.67|22592.67|0.00|0.33|0.00|67778.07|22592.67|22592.67
FPOT|Restaurante|1|Restaurante|1|OT1|1|Order Type Master 1|1|0.00|0.00|0.00|0|0.00|0|0.00|0|0|0|0|0|0.00|0.00|0.00|0|0|0|0.00|0|0.00|0|0.00|0|0.00|0|119748.00|1|0.00|0|0.00|0|0.00|0.00|20|82|0.00|0.00|0.00|0.00|0.00|0.00|0.00|0.00|0.00|0.00|0.00|0.00|0.00
FPOT|Restaurante|1|Restaurante|1|OT1|1|Order Type Master 1|1|0.00|-2667.00|0.00|0|0.00|0|0.00|0|0|0|0|0|0.00|0.00|0.00|0|0|0|0.00|0|0.00|0|0.00|0|-2667.00|0|28800.00|1|0.00|0|0.00|0|0.00|-2667.00|19|77|0.00|0.00|0.00|0.00|0.00|2453.67|2453.67|0.00|0.17|0.00|14721.97|2453.67|2453.67
FPOT|Restaurante|1|Restaurante|1|OT1|1|Order Type Master 1|1|0.00|0.00|0.00|0|0.00|0|0.00|0|0|0|0|0|0.00|0.00|0.00|0|0|0|0.00|0|0.00|0|0.00|0|1.00|0|201803.00|2|0.00|0|0.00|0|0.00|0.00|20|83|0.00|0.00|0.00|0.00|0.00|0.00|0.00|0.00|0.00|0.00|0.00|0.00|0.00
FPOT|Restaurante|1|Restaurante|1|OT1|1|Order Type Master 1|1|105371.00|10537.00|0.00|0|0.00|0|8429.00|1|0|0|0|0|0.00|0.00|0.00|0|0|0|0.00|0|0.00|0|0.00|0|124337.00|1|0.00|0|0.00|0|0.00|0|0.00|0.00|18|76|105371.00|0.00|0.00|0.00|105371.00|0.00|0.00|0.00|0.00|0.00|0.00|0.00|0.00
FPOT|Restaurante|1|Restaurante|1|OT1|1|Order Type Master 1|1|129261.00|12925.00|0.00|0|0.00|0|10339.00|1|0|0|0|0|0.00|0.00|0.00|0|0|0|37900.00|1|0.00|0|0.00|0|152521.00|1|511656.00|3|0.00|0|0.00|0|0.00|0.00|14|58|129261.00|0.00|0.00|0.00|129261.00|3086.50|3086.50|0.00|0.00|0.00|0.00|3086.50|3086.50
FPOT|Restaurante|1|Restaurante|1|OT1|1|Order Type Master 1|1|73397.00|8130.00|0.00|0|0.00|0|6503.00|2|0|0|0|0|0.00|0.00|0.00|0|0|0|0.00|0|0.00|0|0.00|0|88030.00|2|282073.00|2|0.00|0|0.00|0|0.00|0.00|14|57|81297.00|-7900.00|0.00|0.00|73397.00|61281.00|61281.00|0.00|0.67|0.00|91921.45|61281.00|61281.00
FPOT|Restaurante|1|Restaurante|1|OT1|1|Order Type Master 1|1|34908.00|3490.00|-73103.00|8|0.00|0|2792.00|1|0|0|0|0|0.00|0.00|0.00|0|0|0|0.00|0|0.00|0|0.00|0|41190.00|1|204533.00|1|0.00|0|0.00|0|0.00|-1149.00|13|53|34908.00|0.00|0.00|0.00|34908.00|0.00|0.00|0.00|0.00|0.00|0.00|0.00|0.00
FPOT|Plataformas|21|Plataformas|21|OT7|7|Order Type Master 7|7|0.00|0.00|0.00|0|0.00|0|0.00|0|0|0|0|0|0.00|0.00|0.00|0|0|0|0.00|0|0.00|0|0.00|0|0.00|0|0.00|0|0.00|0|0.00|0|0.00|0.00|20|82|0.00|0.00|0.00|0.00|0.00|0.00|0.00|0.00|0.00|0.00|0.00|0.00|0.00
FPOT|Restaurante|1|Restaurante|1|OT1|1|Order Type Master 1|1|161578.00|16777.00|0.00|0|0.00|0|13422.00|2|0|0|0|0|0.00|0.00|0.00|0|0|0|0.00|0|0.00|0|23818.00|2|191777.00|2|139770.00|1|0.00|0|0.00|0|0.00|0.00|14|59|167778.00|-6200.00|0.00|0.00|161578.00|1790.17|1790.17|0.00|0.00|0.00|0.00|1790.17|1790.17
FPOT|Restaurante|1|Restaurante|1|OT1|1|Order Type Master 1|1|0.00|0.00|0.00|0|0.00|0|0.00|0|0|0|0|0|0.00|0.00|0.00|0|0|0|0.00|0|0.00|0|0.00|0|0.00|0|0.00|0|0.00|0|0.00|0|0.00|0.00|17|70|0.00|0.00|0.00|0.00|0.00|7407.50|7407.50|0.00|0.17|0.00|44444.91|7407.50|7407.50
FPOT|Restaurante|1|Restaurante|1|OT1|1|Order Type Master 1|1|157591.00|15759.00|0.00|0|0.00|0|12609.00|1|0|0|0|0|0.00|0.00|0.00|0|0|0|0.00|0|0.00|0|0.00|0|185959.00|1|0.00|0|0.00|0|0.00|0|0.00|0.00|12|50|157591.00|0.00|0.00|0.00|157591.00|0.00|0.00|0.00|0.00|0.00|0.00|0.00|0.00
FPOT|Plataformas|21|Plataformas|21|OT7|7|Order Type Master 7|7|0.00|0.00|0.00|0|0.00|0|0.00|0|0|0|0|0|0.00|0.00|0.00|0|0|0|0.00|0|0.00|0|0.00|0|0.00|0|84100.00|1|0.00|0|0.00|0|0.00|0.00|15|62|0.00|0.00|0.00|0.00|0.00|0.00|0.00|0.00|0.00|0.00|0.00|0.00|0.00
FPMI|Restaurante|1|Restaurante|1|JUGO DE NARANJA| |9604048|JUGO DE NARANJA| |9604048|Major Group 20|20|Major Group 20|20|Family Group 3000|3000|Family Group 3000|3000|OT1|1|Order Type Master 1|1|0.00|-1162.00|-1162.00|0.00|0.00|0.00|0.00|-1162.00|-1162.00|1|0.00|0|0|0.00|0.00|0.00|73|18
FPMI|Restaurante|1|Restaurante|1|GASEOSA 400 ml| |9606131|GASEOSA 400 ml| |9606131|Major Group 20|20|Major Group 20|20|Family Group 3000|3000|Family Group 3000|3000|OT1|1|Order Type Master 1|1|7593.00|0.00|7593.00|0.00|0.00|0.00|7593.00|0.00|7593.00|1|7593.00|1|0|0.00|0.00|0.00|61|15
FPMI|Restaurante|1|Restaurante|1|GASEOSA 400 ml| |9606131|GASEOSA 400 ml| |9606131|Major Group 20|20|Major Group 20|20|Family Group 3000|3000|Family Group 3000|3000|OT1|1|Order Type Master 1|1|7593.00|0.00|7593.00|0.00|0.00|0.00|7593.00|0.00|7593.00|1|7593.00|1|0|0.00|0.00|0.00|58|14
FPMI|Restaurante|1|Restaurante|1|AGUA MANANTIAL SIN GAS 500 ML| |9606135|AGUA MANANTIAL SIN GAS 500 ML| |9606135|Major Group 20|20|Major Group 20|20|Family Group 3000|3000|Family Group 3000|3000|OT1|1|Order Type Master 1|1|16296.00|0.00|16296.00|0.00|0.00|0.00|16296.00|0.00|16296.00|1|16296.00|2|0|0.00|0.00|0.00|52|12
FPMI|Restaurante|1|Restaurante|1|CERVEZA CLUB COLOMBIA| |9608004|CERVEZA CLUB COLOMBIA| |9608004|Major Group 20|20|Major Group 20|20|Family Group 3000|3000|Family Group 3000|3000|OT1|1|Order Type Master 1|1|0.00|-561.00|-561.00|0.00|0.00|0.00|0.00|-561.00|-561.00|1|0.00|0|0|0.00|0.00|0.00|57|14
FPMI|Restaurante|1|Restaurante|1|MJE ALM| |90000037|MJE ALM| |90000037|Major Group 10|10|Major Group 10|10|Family Group 1008|1008|Family Group 1008|1008|OT1|1|Order Type Master 1|1|0.00|0.00|0.00|0.00|0.00|0.00|0.00|0.00|0.00|1|0.00|1|0|0.00|0.00|0.00|69|17
FPMI|Restaurante|1|Restaurante|1|Mod A Punto| |980000005|Mod A Punto| |980000005|Major Group 10|10|Major Group 10|10|Family Group 1008|1008|Family Group 1008|1008|OT1|1|Order Type Master 1|1|0.00|0.00|0.00|0.00|0.00|0.00|0.00|0.00|0.00|1|0.00|1|0|0.00|0.00|0.00|69|17
FPMI|Restaurante|1|Restaurante|1|CHICHARRON 90 gr| |9528024|CHICHARRON 90 gr| |9528024|Major Group 10|10|Major Group 10|10|Family Group 1008|1008|Family Group 1008|1008|OT1|1|Order Type Master 1|1|26667.00|0.00|26667.00|0.00|0.00|0.00|26667.00|0.00|26667.00|1|26667.00|1|0|0.00|0.00|0.00|58|14
FPMI|Restaurante|1|Restaurante|1|LOMO 220 gr PAPA FRANCESA| |9502511|LOMO 220 gr PAPA FRANCESA| |9502511|Major Group 10|10|Major Group 10|10|Family Group 1008|1008|Family Group 1008|1008|OT1|1|Order Type Master 1|1|54444.00|0.00|54444.00|0.00|0.00|0.00|54444.00|0.00|54444.00|1|54444.00|1|0|0.00|0.00|0.00|50|12
FPMI|Restaurante|1|Restaurante|1|ADICION DE AGUACATE 100 gr| |9500032|ADICION DE AGUACATE 100 gr| |9500032|Major Group 10|10|Major Group 10|10|Family Group 1008|1008|Family Group 1008|1008|OT1|1|Order Type Master 1|1|5648.00|0.00|5648.00|0.00|0.00|0.00|5648.00|0.00|5648.00|1|5648.00|1|0|0.00|0.00|0.00|52|12
FPMI|Restaurante|1|Restaurante|1|MADURITOS| |9500252|MADURITOS| |9500252|Major Group 10|10|Major Group 10|10|Family Group 1008|1008|Family Group 1008|1008|OT1|1|Order Type Master 1|1|3426.00|0.00|3426.00|0.00|0.00|0.00|3426.00|0.00|3426.00|1|3426.00|1|0|0.00|0.00|0.00|52|12
FPMI|Restaurante|1|Restaurante|1|SALSA BABY| |9500376|SALSA BABY| |9500376|Major Group 10|10|Major Group 10|10|Family Group 1008|1008|Family Group 1008|1008|OT1|1|Order Type Master 1|1|0.00|0.00|0.00|0.00|0.00|0.00|0.00|0.00|0.00|1|0.00|1|0|0.00|0.00|0.00|53|13
FPMI|Restaurante|1|Restaurante|1|LONGANIZA 100 gr| |9502092|LONGANIZA 100 gr| |9502092|Major Group 10|10|Major Group 10|10|Family Group 1008|1008|Family Group 1008|1008|OT1|1|Order Type Master 1|1|12593.00|0.00|12593.00|0.00|0.00|0.00|12593.00|0.00|12593.00|1|12593.00|1|0|0.00|0.00|0.00|81|20
FPMI|Restaurante|1|Restaurante|1|TORTA MILKYWAY| |9514163|TORTA MILKYWAY| |9514163|Major Group 10|10|Major Group 10|10|Family Group 1008|1008|Family Group 1008|1008|OT1|1|Order Type Master 1|1|12870.00|0.00|12870.00|0.00|0.00|0.00|12870.00|0.00|12870.00|1|12870.00|1|0|0.00|0.00|0.00|81|20
FPMI|Restaurante|1|Restaurante|1|TRUCHA A LA PLANCHA 350 gr ARROZ| |9504165|TRUCHA A LA PLANCHA 350 gr ARROZ| |9504165|Major Group 10|10|Major Group 10|10|Family Group 1008|1008|Family Group 1008|1008|OT1|1|Order Type Master 1|1|35741.00|0.00|35741.00|0.00|0.00|0.00|35741.00|0.00|35741.00|1|35741.00|1|0|0.00|0.00|0.00|76|18
FPMI|Restaurante|1|Restaurante|1|CHULETA DE CERDO 300 gr ARROZ| |9502582|CHULETA DE CERDO 300 gr ARROZ| |9502582|Major Group 10|10|Major Group 10|10|Family Group 1008|1008|Family Group 1008|1008|OT1|1|Order Type Master 1|1|35000.00|0.00|35000.00|0.00|0.00|0.00|35000.00|0.00|35000.00|1|35000.00|1|0|0.00|0.00|0.00|62|15
FPMI|Restaurante|1|Restaurante|1|AJI CASERO| |9500480|AJI CASERO| |9500480|Major Group 10|10|Major Group 10|10|Family Group 1008|1008|Family Group 1008|1008|OT1|1|Order Type Master 1|1|0.00|0.00|0.00|0.00|0.00|0.00|0.00|0.00|0.00|1|0.00|1|0|0.00|0.00|0.00|56|13
FPMI|Restaurante|1|Restaurante|1|COMO ENTRADA| |90000038|COMO ENTRADA| |90000038|Major Group 10|10|Major Group 10|10|Family Group 1008|1008|Family Group 1008|1008|OT1|1|Order Type Master 1|1|0.00|0.00|0.00|0.00|0.00|0.00|0.00|0.00|0.00|1|0.00|1|0|0.00|0.00|0.00|54|13
FPMI|Restaurante|1|Restaurante|1|CALENTADO ANDRES| |9518004|CALENTADO ANDRES| |9518004|Major Group 10|10|Major Group 10|10|Family Group 1008|1008|Family Group 1008|1008|OT1|1|Order Type Master 1|1|105279.00|0.00|105279.00|0.00|0.00|0.00|105279.00|0.00|105279.00|1|105279.00|3|0|0.00|0.00|0.00|54|13
FPMI|Restaurante|1|Restaurante|1|BANDEJA PAISA| |9520036|BANDEJA PAISA| |9520036|Major Group 10|10|Major Group 10|10|Family Group 1008|1008|Family Group 1008|1008|OT1|1|Order Type Master 1|1|42500.00|0.00|42500.00|0.00|0.00|0.00|42500.00|0.00|42500.00|1|42500.00|1|0|0.00|0.00|0.00|54|13
FPMI|Restaurante|1|Restaurante|1|CHURRASCO 250 gr ENSALADA| |9502108|CHURRASCO 250 gr ENSALADA| |9502108|Major Group 10|10|Major Group 10|10|Family Group 1008|1008|Family Group 1008|1008|OT1|1|Order Type Master 1|1|49815.00|0.00|49815.00|0.00|0.00|0.00|49815.00|0.00|49815.00|1|49815.00|1|0|0.00|0.00|0.00|54|13
FPMI|Restaurante|1|Restaurante|1|Mod 3/4| |980000004|Mod 3/4| |980000004|Major Group 10|10|Major Group 10|10|Family Group 1008|1008|Family Group 1008|1008|OT1|1|Order Type Master 1|1|0.00|0.00|0.00|0.00|0.00|0.00|0.00|0.00|0.00|1|0.00|2|0|0.00|0.00|0.00|71|17
FPMI|Restaurante|1|Restaurante|1|CANASTA DE 4 EMPANADAS DE CARNE| |9528034|CANASTA DE 4 EMPANADAS DE CARNE| |9528034|Major Group 10|10|Major Group 10|10|Family Group 1008|1008|Family Group 1008|1008|OT1|1|Order Type Master 1|1|22500.00|0.00|22500.00|0.00|0.00|0.00|22500.00|0.00|22500.00|1|22500.00|1|0|0.00|0.00|0.00|51|12
FPMI|Restaurante|1|Restaurante|1|Mod BienAsado| |980000006|Mod BienAsado| |980000006|Major Group 10|10|Major Group 10|10|Family Group 1008|1008|Family Group 1008|1008|OT1|1|Order Type Master 1|1|0.00|0.00|0.00|0.00|0.00|0.00|0.00|0.00|0.00|1|0.00|1|0|0.00|0.00|0.00|56|13
FPMI|Restaurante|1|Restaurante|1|ADICION DE AGUACATE 100 gr| |9500032|ADICION DE AGUACATE 100 gr| |9500032|Major Group 10|10|Major Group 10|10|Family Group 1008|1008|Family Group 1008|1008|OT1|1|Order Type Master 1|1|5648.00|0.00|5648.00|0.00|0.00|0.00|5648.00|0.00|5648.00|1|5648.00|1|0|0.00|0.00|0.00|60|14
FPMI|Restaurante|1|Restaurante|1|BANDEJA PAISA| |9520036|BANDEJA PAISA| |9520036|Major Group 10|10|Major Group 10|10|Family Group 1008|1008|Family Group 1008|1008|OT1|1|Order Type Master 1|1|85000.00|0.00|85000.00|0.00|0.00|0.00|85000.00|0.00|85000.00|1|85000.00|2|0|0.00|0.00|0.00|52|12
FPMI|Restaurante|1|Restaurante|1|HUEVO FRITO| |9500212|HUEVO FRITO| |9500212|Major Group 10|10|Major Group 10|10|Family Group 1008|1008|Family Group 1008|1008|OT1|1|Order Type Master 1|1|5926.00|0.00|5926.00|0.00|0.00|0.00|5926.00|0.00|5926.00|1|5926.00|2|0|0.00|0.00|0.00|72|17
FPMI|Domicilios|20|Domicilios|20|LOMO 220 gr ARROZ BLANCO| |9502515|LOMO 220 gr ARROZ BLANCO| |9502515|Major Group 10|10|Major Group 10|10|Family Group 1008|1008|Family Group 1008|1008|OT2|2|Order Type Master 2|2|54444.00|0.00|54444.00|0.00|0.00|0.00|54444.00|0.00|54444.00|73|54444.00|1|0|0.00|0.00|0.00|65|16
FPMI|Plataformas|21|Plataformas|21|MADURITOS| |9500252|MADURITOS| |9500252|Major Group 10|10|Major Group 10|10|Family Group 1008|1008|Family Group 1008|1008|OT7|7|Order Type Master 7|7|3519.00|0.00|3519.00|0.00|0.00|0.00|3519.00|0.00|3519.00|153|3519.00|1|0|0.00|0.00|0.00|61|15
FPMI|Plataformas|21|Plataformas|21|PATACON CON HOGAO| |9524044|PATACON CON HOGAO| |9524044|Major Group 10|10|Major Group 10|10|Family Group 1008|1008|Family Group 1008|1008|OT7|7|Order Type Master 7|7|10463.00|0.00|10463.00|0.00|0.00|0.00|10463.00|0.00|10463.00|153|10463.00|1|0|0.00|0.00|0.00|58|14
FPMI|Plataformas|21|Plataformas|21|MJE ALM| |90000037|MJE ALM| |90000037|Major Group 10|10|Major Group 10|10|Family Group 1008|1008|Family Group 1008|1008|OT7|7|Order Type Master 7|7|0.00|0.00|0.00|0.00|0.00|0.00|0.00|0.00|0.00|1|0.00|1|0|0.00|0.00|0.00|53|13
FPMI|Plataformas|21|Plataformas|21|AREPA DE CHOCOLO| |9506036|AREPA DE CHOCOLO| |9506036|Major Group 10|10|Major Group 10|10|Family Group 1008|1008|Family Group 1008|1008|OT7|7|Order Type Master 7|7|42222.00|0.00|42222.00|0.00|0.00|0.00|42222.00|0.00|42222.00|153|42222.00|2|0|0.00|0.00|0.00|79|19
FPMI|Restaurante|1|Restaurante|1|LIMONADA NATURAL| |9604060|LIMONADA NATURAL| |9604060|Major Group 20|20|Major Group 20|20|Family Group 3000|3000|Family Group 3000|3000|OT1|1|Order Type Master 1|1|8519.00|0.00|8519.00|0.00|0.00|0.00|8519.00|0.00|8519.00|1|8519.00|1|0|0.00|0.00|0.00|51|12
FPMI|Restaurante|1|Restaurante|1|LIMONADA DE PANELA| |9604067|LIMONADA DE PANELA| |9604067|Major Group 20|20|Major Group 20|20|Family Group 3000|3000|Family Group 3000|3000|OT1|1|Order Type Master 1|1|9074.00|0.00|9074.00|0.00|0.00|0.00|9074.00|0.00|9074.00|1|9074.00|1|0|0.00|0.00|0.00|54|13
FPMI|Restaurante|1|Restaurante|1|FUZE TE DURAZNO | |9606108|FUZE TE DURAZNO | |9606108|Major Group 20|20|Major Group 20|20|Family Group 3000|3000|Family Group 3000|3000|OT1|1|Order Type Master 1|1|6389.00|0.00|6389.00|0.00|0.00|0.00|6389.00|0.00|6389.00|1|6389.00|1|0|0.00|0.00|0.00|54|13
FPMI|Restaurante|1|Restaurante|1|LIMONADA NATURAL| |9604060|LIMONADA NATURAL| |9604060|Major Group 20|20|Major Group 20|20|Family Group 3000|3000|Family Group 3000|3000|OT1|1|Order Type Master 1|1|8519.00|0.00|8519.00|0.00|0.00|0.00|8519.00|0.00|8519.00|1|8519.00|1|0|0.00|0.00|0.00|71|17
FPMI|Restaurante|1|Restaurante|1|TINTO COLADO AEX| |9602121|TINTO COLADO AEX| |9602121|Major Group 20|20|Major Group 20|20|Family Group 3000|3000|Family Group 3000|3000|OT1|1|Order Type Master 1|1|4537.00|0.00|4537.00|0.00|0.00|0.00|4537.00|0.00|4537.00|1|4537.00|1|0|0.00|0.00|0.00|71|17
FPMI|Restaurante|1|Restaurante|1|JUGO DE MANGO EN AGUA| |9604156|JUGO DE MANGO EN AGUA| |9604156|Major Group 20|20|Major Group 20|20|Family Group 3000|3000|Family Group 3000|3000|OT1|1|Order Type Master 1|1|10093.00|0.00|10093.00|0.00|0.00|0.00|10093.00|0.00|10093.00|1|10093.00|1|0|0.00|0.00|0.00|58|14
FPMI|Restaurante|1|Restaurante|1|LIMONADA NATURAL| |9604060|LIMONADA NATURAL| |9604060|Major Group 20|20|Major Group 20|20|Family Group 3000|3000|Family Group 3000|3000|OT1|1|Order Type Master 1|1|8519.00|0.00|8519.00|0.00|0.00|0.00|8519.00|0.00|8519.00|1|8519.00|1|0|0.00|0.00|0.00|52|12
FPMI|Restaurante|1|Restaurante|1|LIMONADA DE PANELA| |9604067|LIMONADA DE PANELA| |9604067|Major Group 20|20|Major Group 20|20|Family Group 3000|3000|Family Group 3000|3000|OT1|1|Order Type Master 1|1|9074.00|0.00|9074.00|0.00|0.00|0.00|9074.00|0.00|9074.00|1|9074.00|1|0|0.00|0.00|0.00|72|17
FPMI|Restaurante|1|Restaurante|1|SOPA DE VERDURAS| |9520050|SOPA DE VERDURAS| |9520050|Major Group 10|10|Major Group 10|10|Family Group 1008|1008|Family Group 1008|1008|OT1|1|Order Type Master 1|1|0.00|-1323.00|-1323.00|0.00|0.00|0.00|0.00|-1323.00|-1323.00|1|0.00|0|0|0.00|0.00|0.00|63|15
FPMI|Restaurante|1|Restaurante|1|CANASTA DE 4 EMPANADAS CACHACAS| |9528040|CANASTA DE 4 EMPANADAS CACHACAS| |9528040|Major Group 10|10|Major Group 10|10|Family Group 1008|1008|Family Group 1008|1008|OT1|1|Order Type Master 1|1|22500.00|0.00|22500.00|0.00|0.00|0.00|22500.00|0.00|22500.00|1|22500.00|1|0|0.00|0.00|0.00|69|17
FPMI|Restaurante|1|Restaurante|1|PUNTA DE ANCA 250 gr CRIOLLA| |9502358|PUNTA DE ANCA 250 gr CRIOLLA| |9502358|Major Group 10|10|Major Group 10|10|Family Group 1008|1008|Family Group 1008|1008|OT1|1|Order Type Master 1|1|52593.00|0.00|52593.00|0.00|0.00|0.00|52593.00|0.00|52593.00|1|52593.00|1|0|0.00|0.00|0.00|69|17
FPMI|Restaurante|1|Restaurante|1|CAZUELA DE FRIJOLES| |9520032|CAZUELA DE FRIJOLES| |9520032|Major Group 10|10|Major Group 10|10|Family Group 1008|1008|Family Group 1008|1008|OT1|1|Order Type Master 1|1|73704.00|0.00|73704.00|0.00|0.00|0.00|73704.00|0.00|73704.00|1|73704.00|2|0|0.00|0.00|0.00|55|13
FPMI|Restaurante|1|Restaurante|1|TRUCHA A LA PLANCHA 350 gr ENSALADA| |9504163|TRUCHA A LA PLANCHA 350 gr ENSALADA| |9504163|Major Group 10|10|Major Group 10|10|Family Group 1008|1008|Family Group 1008|1008|OT1|1|Order Type Master 1|1|35741.00|0.00|35741.00|0.00|0.00|0.00|35741.00|0.00|35741.00|1|35741.00|1|0|0.00|0.00|0.00|55|13
FPMI|Restaurante|1|Restaurante|1|HAMBURGUESA CAMPESINA 125 gr| |9508008|HAMBURGUESA CAMPESINA 125 gr| |9508008|Major Group 10|10|Major Group 10|10|Family Group 1008|1008|Family Group 1008|1008|OT1|1|Order Type Master 1|1|54999.00|0.00|54999.00|0.00|0.00|0.00|54999.00|0.00|54999.00|1|54999.00|3|0|0.00|0.00|0.00|50|12
FPMI|Restaurante|1|Restaurante|1|PECHUGA A LA PARRILLA 230 gr CRIOLLA| |9506118|PECHUGA A LA PARRILLA 230 gr CRIOLLA| |9506118|Major Group 10|10|Major Group 10|10|Family Group 1008|1008|Family Group 1008|1008|OT1|1|Order Type Master 1|1|24815.00|0.00|24815.00|0.00|0.00|0.00|24815.00|0.00|24815.00|1|24815.00|1|0|0.00|0.00|0.00|52|12
FPMI|Restaurante|1|Restaurante|1|Mod 3/4| |980000004|Mod 3/4| |980000004|Major Group 10|10|Major Group 10|10|Family Group 1008|1008|Family Group 1008|1008|OT1|1|Order Type Master 1|1|0.00|0.00|0.00|0.00|0.00|0.00|0.00|0.00|0.00|1|0.00|2|0|0.00|0.00|0.00|59|14
FPMI|Restaurante|1|Restaurante|1|PUNTA DE ANCA 250 gr CHIPS| |9502430|PUNTA DE ANCA 250 gr CHIPS| |9502430|Major Group 10|10|Major Group 10|10|Family Group 1008|1008|Family Group 1008|1008|OT1|1|Order Type Master 1|1|52593.00|0.00|52593.00|0.00|0.00|0.00|52593.00|0.00|52593.00|1|52593.00|1|0|0.00|0.00|0.00|59|14
FPMI|Restaurante|1|Restaurante|1|HAMBURGUESA MILAGROSA 180 gr| |9508038|HAMBURGUESA MILAGROSA 180 gr| |9508038|Major Group 10|10|Major Group 10|10|Family Group 1008|1008|Family Group 1008|1008|OT1|1|Order Type Master 1|1|47778.00|0.00|47778.00|0.00|0.00|0.00|47778.00|0.00|47778.00|1|47778.00|2|0|0.00|0.00|0.00|81|20
FPMI|Restaurante|1|Restaurante|1|EMPANADA CACHACA| |9528008|EMPANADA CACHACA| |9528008|Major Group 10|10|Major Group 10|10|Family Group 1008|1008|Family Group 1008|1008|OT1|1|Order Type Master 1|1|18333.00|0.00|18333.00|0.00|0.00|0.00|18333.00|0.00|18333.00|1|18333.00|3|0|0.00|0.00|0.00|81|20
FPMI|Restaurante|1|Restaurante|1|CUCHUCO CON ESPINAZO| |9520020|CUCHUCO CON ESPINAZO| |9520020|Major Group 10|10|Major Group 10|10|Family Group 1008|1008|Family Group 1008|1008|OT1|1|Order Type Master 1|1|34167.00|0.00|34167.00|0.00|0.00|0.00|34167.00|0.00|34167.00|1|34167.00|1|0|0.00|0.00|0.00|65|16
FPMI|Restaurante|1|Restaurante|1|CAZUELA DE FRIJOLES| |9520032|CAZUELA DE FRIJOLES| |9520032|Major Group 10|10|Major Group 10|10|Family Group 1008|1008|Family Group 1008|1008|OT1|1|Order Type Master 1|1|36852.00|0.00|36852.00|0.00|0.00|0.00|36852.00|0.00|36852.00|1|36852.00|1|0|0.00|0.00|0.00|65|16
FPMI|Restaurante|1|Restaurante|1|AREPA DE CHOCOLO| |9506036|AREPA DE CHOCOLO| |9506036|Major Group 10|10|Major Group 10|10|Family Group 1008|1008|Family Group 1008|1008|OT1|1|Order Type Master 1|1|-20185.00|0.00|-20185.00|0.00|0.00|0.00|-20185.00|0.00|-20185.00|1|-20185.00|-1|0|0.00|0.00|0.00|53|13
FPMI|Restaurante|1|Restaurante|1|PUNTA DE ANCA 250 gr FRANCESA| |9502236|PUNTA DE ANCA 250 gr FRANCESA| |9502236|Major Group 10|10|Major Group 10|10|Family Group 1008|1008|Family Group 1008|1008|OT1|1|Order Type Master 1|1|52593.00|0.00|52593.00|0.00|0.00|0.00|52593.00|0.00|52593.00|1|52593.00|1|0|0.00|0.00|0.00|62|15
FPMI|Restaurante|1|Restaurante|1|COMO ENTRADA| |90000038|COMO ENTRADA| |90000038|Major Group 10|10|Major Group 10|10|Family Group 1008|1008|Family Group 1008|1008|OT1|1|Order Type Master 1|1|0.00|0.00|0.00|0.00|0.00|0.00|0.00|0.00|0.00|41|0.00|1|0|0.00|0.00|0.00|54|13
FPMI|Restaurante|1|Restaurante|1|COSTILLAS DE CERDO 410 gr  CRIOLLA| |9502361|COSTILLAS DE CERDO 410 gr  CRIOLLA| |9502361|Major Group 10|10|Major Group 10|10|Family Group 1008|1008|Family Group 1008|1008|OT1|1|Order Type Master 1|1|51667.00|0.00|51667.00|0.00|0.00|0.00|51667.00|0.00|51667.00|1|51667.00|1|0|0.00|0.00|0.00|60|14
FPMI|Restaurante|1|Restaurante|1|CHULETA DE CERDO 300 gr ENSALADA| |9502381|CHULETA DE CERDO 300 gr ENSALADA| |9502381|Major Group 10|10|Major Group 10|10|Family Group 1008|1008|Family Group 1008|1008|OT1|1|Order Type Master 1|1|35000.00|0.00|35000.00|0.00|0.00|0.00|35000.00|0.00|35000.00|1|35000.00|1|0|0.00|0.00|0.00|60|14
FPMI|Restaurante|1|Restaurante|1|BANDEJA PAISA| |9520036|BANDEJA PAISA| |9520036|Major Group 10|10|Major Group 10|10|Family Group 1008|1008|Family Group 1008|1008|OT1|1|Order Type Master 1|1|42500.00|0.00|42500.00|0.00|0.00|0.00|42500.00|0.00|42500.00|1|42500.00|1|0|0.00|0.00|0.00|72|17
FPMI|Restaurante|1|Restaurante|1|Mod CocaCola Zero 400ml| |980000103|Mod CocaCola Zero 400ml| |980000103|Major Group 10|10|Major Group 10|10|Family Group 1008|1008|Family Group 1008|1008|OT1|1|Order Type Master 1|1|0.00|0.00|0.00|0.00|0.00|0.00|0.00|0.00|0.00|1|0.00|1|0|0.00|0.00|0.00|57|14
FPMI|Plataformas|21|Plataformas|21|PUNTA DE ANCA 250 gr ARROZ| |9502230|PUNTA DE ANCA 250 gr ARROZ| |9502230|Major Group 10|10|Major Group 10|10|Family Group 1008|1008|Family Group 1008|1008|OT7|7|Order Type Master 7|7|57130.00|0.00|57130.00|0.00|0.00|0.00|57130.00|0.00|57130.00|153|57130.00|1|0|0.00|0.00|0.00|58|14
FPMI|Restaurante|1|Restaurante|1|JUGO DE MANDARINA| |9604044|JUGO DE MANDARINA| |9604044|Major Group 20|20|Major Group 20|20|Family Group 3000|3000|Family Group 3000|3000|OT1|1|Order Type Master 1|1|0.00|-1416.00|-1416.00|0.00|0.00|0.00|0.00|-1416.00|-1416.00|1|0.00|0|0|0.00|0.00|0.00|63|15
FPMI|Restaurante|1|Restaurante|1|JUGO DE LULO EN AGUA| |9604216|JUGO DE LULO EN AGUA| |9604216|Major Group 20|20|Major Group 20|20|Family Group 3000|3000|Family Group 3000|3000|OT1|1|Order Type Master 1|1|10093.00|0.00|10093.00|0.00|0.00|0.00|10093.00|0.00|10093.00|1|10093.00|1|0|0.00|0.00|0.00|54|13
FPMI|Restaurante|1|Restaurante|1|GASEOSA 400 ml| |9606131|GASEOSA 400 ml| |9606131|Major Group 20|20|Major Group 20|20|Family Group 3000|3000|Family Group 3000|3000|OT1|1|Order Type Master 1|1|15186.00|0.00|15186.00|0.00|0.00|0.00|15186.00|0.00|15186.00|1|15186.00|2|0|0.00|0.00|0.00|62|15
FPMI|Restaurante|1|Restaurante|1|CERVEZA ANDINA | |9608103|CERVEZA ANDINA | |9608103|Major Group 20|20|Major Group 20|20|Family Group 3000|3000|Family Group 3000|3000|OT1|1|Order Type Master 1|1|22592.00|0.00|22592.00|0.00|0.00|0.00|22592.00|0.00|22592.00|1|22592.00|2|0|0.00|0.00|0.00|53|13
FPMI|Restaurante|1|Restaurante|1|JUGO DE FRESA EN LECHE| |9604144|JUGO DE FRESA EN LECHE| |9604144|Major Group 20|20|Major Group 20|20|Family Group 3000|3000|Family Group 3000|3000|OT1|1|Order Type Master 1|1|12870.00|0.00|12870.00|0.00|0.00|0.00|12870.00|0.00|12870.00|1|12870.00|1|0|0.00|0.00|0.00|54|13
FPMI|Restaurante|1|Restaurante|1|CERVEZA ANDINA | |9608103|CERVEZA ANDINA | |9608103|Major Group 20|20|Major Group 20|20|Family Group 3000|3000|Family Group 3000|3000|OT1|1|Order Type Master 1|1|0.00|-566.00|-566.00|0.00|0.00|0.00|0.00|-566.00|-566.00|1|0.00|0|0|0.00|0.00|0.00|59|14
FPMI|Domicilios|20|Domicilios|20|AGUA MANANTIAL CON GAS 300 ML| |9606136|AGUA MANANTIAL CON GAS 300 ML| |9606136|Major Group 20|20|Major Group 20|20|Family Group 3000|3000|Family Group 3000|3000|OT2|2|Order Type Master 2|2|0.00|-1281.00|-1281.00|0.00|0.00|0.00|0.00|-1281.00|-1281.00|73|0.00|0|0|0.00|0.00|0.00|66|16
FPMI|Restaurante|1|Restaurante|1|BANDEJA PAISA| |9520036|BANDEJA PAISA| |9520036|Major Group 10|10|Major Group 10|10|Family Group 1008|1008|Family Group 1008|1008|OT1|1|Order Type Master 1|1|42500.00|0.00|42500.00|0.00|0.00|0.00|42500.00|0.00|42500.00|1|42500.00|1|0|0.00|0.00|0.00|69|17
FPMI|Restaurante|1|Restaurante|1|HUEVO FRITO| |9500212|HUEVO FRITO| |9500212|Major Group 10|10|Major Group 10|10|Family Group 1008|1008|Family Group 1008|1008|OT1|1|Order Type Master 1|1|2963.00|0.00|2963.00|0.00|0.00|0.00|2963.00|0.00|2963.00|1|2963.00|1|0|0.00|0.00|0.00|55|13
FPMI|Restaurante|1|Restaurante|1|Mod 3/4| |980000004|Mod 3/4| |980000004|Major Group 10|10|Major Group 10|10|Family Group 1008|1008|Family Group 1008|1008|OT1|1|Order Type Master 1|1|0.00|0.00|0.00|0.00|0.00|0.00|0.00|0.00|0.00|1|0.00|4|0|0.00|0.00|0.00|54|13
FPMI|Restaurante|1|Restaurante|1|CALENTADO PAISA| |9518008|CALENTADO PAISA| |9518008|Major Group 10|10|Major Group 10|10|Family Group 1008|1008|Family Group 1008|1008|OT1|1|Order Type Master 1|1|35093.00|0.00|35093.00|0.00|0.00|0.00|35093.00|0.00|35093.00|1|35093.00|1|0|0.00|0.00|0.00|51|12
FPMI|Restaurante|1|Restaurante|1|PUNTA DE ANCA 250 gr ENSALADA| |9502234|PUNTA DE ANCA 250 gr ENSALADA| |9502234|Major Group 10|10|Major Group 10|10|Family Group 1008|1008|Family Group 1008|1008|OT1|1|Order Type Master 1|1|52593.00|0.00|52593.00|0.00|0.00|0.00|52593.00|0.00|52593.00|1|52593.00|1|0|0.00|0.00|0.00|52|12
FPMI|Restaurante|1|Restaurante|1|CHICHARRON 90 gr| |9528024|CHICHARRON 90 gr| |9528024|Major Group 10|10|Major Group 10|10|Family Group 1008|1008|Family Group 1008|1008|OT1|1|Order Type Master 1|1|26667.00|0.00|26667.00|0.00|0.00|0.00|26667.00|0.00|26667.00|1|26667.00|1|0|0.00|0.00|0.00|53|13
FPMI|Restaurante|1|Restaurante|1|CHURRASCO 250 gr FRANCESA| |9502110|CHURRASCO 250 gr FRANCESA| |9502110|Major Group 10|10|Major Group 10|10|Family Group 1008|1008|Family Group 1008|1008|OT1|1|Order Type Master 1|1|49815.00|0.00|49815.00|0.00|0.00|0.00|49815.00|0.00|49815.00|1|49815.00|1|0|0.00|0.00|0.00|62|15
FPMI|Restaurante|1|Restaurante|1|Mod CocaCola Original 400ml| |980000102|Mod CocaCola Original 400ml| |980000102|Major Group 10|10|Major Group 10|10|Family Group 1008|1008|Family Group 1008|1008|OT1|1|Order Type Master 1|1|0.00|0.00|0.00|0.00|0.00|0.00|0.00|0.00|0.00|1|0.00|2|0|0.00|0.00|0.00|62|15
FPMI|Restaurante|1|Restaurante|1|Mod 3/4| |980000004|Mod 3/4| |980000004|Major Group 10|10|Major Group 10|10|Family Group 1008|1008|Family Group 1008|1008|OT1|1|Order Type Master 1|1|0.00|0.00|0.00|0.00|0.00|0.00|0.00|0.00|0.00|1|0.00|0|0|0.00|0.00|0.00|53|13
FPMI|Restaurante|1|Restaurante|1|Mod CocaCola Original 400ml| |980000102|Mod CocaCola Original 400ml| |980000102|Major Group 10|10|Major Group 10|10|Family Group 1008|1008|Family Group 1008|1008|OT1|1|Order Type Master 1|1|0.00|0.00|0.00|0.00|0.00|0.00|0.00|0.00|0.00|1|0.00|3|0|0.00|0.00|0.00|54|13
FPMI|Restaurante|1|Restaurante|1|CHICHARRON 90 gr| |9528024|CHICHARRON 90 gr| |9528024|Major Group 10|10|Major Group 10|10|Family Group 1008|1008|Family Group 1008|1008|OT1|1|Order Type Master 1|1|26667.00|0.00|26667.00|0.00|0.00|0.00|26667.00|0.00|26667.00|1|26667.00|1|0|0.00|0.00|0.00|54|13
FPMI|Restaurante|1|Restaurante|1|PECHUGA A LA PARRILLA 230 gr CHIPS| |9506119|PECHUGA A LA PARRILLA 230 gr CHIPS| |9506119|Major Group 10|10|Major Group 10|10|Family Group 1008|1008|Family Group 1008|1008|OT1|1|Order Type Master 1|1|24815.00|0.00|24815.00|0.00|0.00|0.00|24815.00|0.00|24815.00|1|24815.00|1|0|0.00|0.00|0.00|54|13
FPMI|Restaurante|1|Restaurante|1|HAMBURGUESA CAMPESINA 125 gr| |9508008|HAMBURGUESA CAMPESINA 125 gr| |9508008|Major Group 10|10|Major Group 10|10|Family Group 1008|1008|Family Group 1008|1008|OT1|1|Order Type Master 1|1|36666.00|0.00|36666.00|0.00|0.00|0.00|36666.00|0.00|36666.00|1|36666.00|2|0|0.00|0.00|0.00|54|13
FPMI|Restaurante|1|Restaurante|1|AREPA DE CHOCOLO| |9506036|AREPA DE CHOCOLO| |9506036|Major Group 10|10|Major Group 10|10|Family Group 1008|1008|Family Group 1008|1008|OT1|1|Order Type Master 1|1|20185.00|0.00|20185.00|0.00|0.00|0.00|20185.00|0.00|20185.00|1|20185.00|1|0|0.00|0.00|0.00|51|12
FPMI|Restaurante|1|Restaurante|1|MJE ALM| |90000037|MJE ALM| |90000037|Major Group 10|10|Major Group 10|10|Family Group 1008|1008|Family Group 1008|1008|OT1|1|Order Type Master 1|1|0.00|0.00|0.00|0.00|0.00|0.00|0.00|0.00|0.00|1|0.00|2|0|0.00|0.00|0.00|63|15
FPMI|Restaurante|1|Restaurante|1|ENTRECOT 180 gr  CRIOLLA| |9502506|ENTRECOT 180 gr  CRIOLLA| |9502506|Major Group 10|10|Major Group 10|10|Family Group 1008|1008|Family Group 1008|1008|OT1|1|Order Type Master 1|1|35093.00|0.00|35093.00|0.00|0.00|0.00|35093.00|0.00|35093.00|1|35093.00|1|0|0.00|0.00|0.00|58|14
FPMI|Restaurante|1|Restaurante|1|MJE ALM| |90000037|MJE ALM| |90000037|Major Group 10|10|Major Group 10|10|Family Group 1008|1008|Family Group 1008|1008|OT1|1|Order Type Master 1|1|0.00|0.00|0.00|0.00|0.00|0.00|0.00|0.00|0.00|1|0.00|1|0|0.00|0.00|0.00|60|14
FPMI|Restaurante|1|Restaurante|1|MJE ALM| |90000037|MJE ALM| |90000037|Major Group 10|10|Major Group 10|10|Family Group 1008|1008|Family Group 1008|1008|OT1|1|Order Type Master 1|1|0.00|0.00|0.00|0.00|0.00|0.00|0.00|0.00|0.00|1|0.00|2|0|0.00|0.00|0.00|52|12
FPMI|Restaurante|1|Restaurante|1|PORCION DE ARROZ BLANCO| |9500064|PORCION DE ARROZ BLANCO| |9500064|Major Group 10|10|Major Group 10|10|Family Group 1008|1008|Family Group 1008|1008|OT1|1|Order Type Master 1|1|3426.00|0.00|3426.00|0.00|0.00|0.00|3426.00|0.00|3426.00|1|3426.00|1|0|0.00|0.00|0.00|72|17
FPMI|Restaurante|1|Restaurante|1|Mod CocaCola Zero 400ml| |980000103|Mod CocaCola Zero 400ml| |980000103|Major Group 10|10|Major Group 10|10|Family Group 1008|1008|Family Group 1008|1008|OT1|1|Order Type Master 1|1|0.00|0.00|0.00|0.00|0.00|0.00|0.00|0.00|0.00|1|0.00|1|0|0.00|0.00|0.00|72|17
FPMI|Restaurante|1|Restaurante|1|PAPA FRANCESA| |9500452|PAPA FRANCESA| |9500452|Major Group 10|10|Major Group 10|10|Family Group 1008|1008|Family Group 1008|1008|OT1|1|Order Type Master 1|1|7222.00|0.00|7222.00|0.00|0.00|0.00|7222.00|0.00|7222.00|1|7222.00|1|0|0.00|0.00|0.00|51|12
FPMI|Restaurante|1|Restaurante|1|PECHUGA A LA PARRILLA 230 gr CRIOLLA| |9506118|PECHUGA A LA PARRILLA 230 gr CRIOLLA| |9506118|Major Group 10|10|Major Group 10|10|Family Group 1008|1008|Family Group 1008|1008|OT1|1|Order Type Master 1|1|24815.00|0.00|24815.00|0.00|0.00|0.00|24815.00|0.00|24815.00|1|24815.00|1|0|0.00|0.00|0.00|54|13
FPMI|Restaurante|1|Restaurante|1|BISTEC ENTRECOT 180 gr  CRIOLLA| |9502520|BISTEC ENTRECOT 180 gr  CRIOLLA| |9502520|Major Group 10|10|Major Group 10|10|Family Group 1008|1008|Family Group 1008|1008|OT1|1|Order Type Master 1|1|38704.00|0.00|38704.00|0.00|0.00|0.00|38704.00|0.00|38704.00|1|38704.00|1|0|0.00|0.00|0.00|66|16
FPMI|Restaurante|1|Restaurante|1|CHICHARRON 90 gr| |9528024|CHICHARRON 90 gr| |9528024|Major Group 10|10|Major Group 10|10|Family Group 1008|1008|Family Group 1008|1008|OT1|1|Order Type Master 1|1|53334.00|0.00|53334.00|0.00|0.00|0.00|53334.00|0.00|53334.00|1|53334.00|2|0|0.00|0.00|0.00|57|14
FPMI|Domicilios|20|Domicilios|20|LOMO 220 gr ARROZ BLANCO| |9502515|LOMO 220 gr ARROZ BLANCO| |9502515|Major Group 10|10|Major Group 10|10|Family Group 1008|1008|Family Group 1008|1008|OT2|2|Order Type Master 2|2|0.00|-10919.00|-10919.00|0.00|0.00|0.00|0.00|-10919.00|-10919.00|73|0.00|0|0|0.00|0.00|0.00|66|16
FPMI|Plataformas|21|Plataformas|21|PAPA FRANCESA| |9500452|PAPA FRANCESA| |9500452|Major Group 10|10|Major Group 10|10|Family Group 1008|1008|Family Group 1008|1008|OT7|7|Order Type Master 7|7|7500.00|0.00|7500.00|0.00|0.00|0.00|7500.00|0.00|7500.00|153|7500.00|1|0|0.00|0.00|0.00|58|14
FPMI|Restaurante|1|Restaurante|1|CERVEZA ANDINA | |9608103|CERVEZA ANDINA | |9608103|Major Group 20|20|Major Group 20|20|Family Group 3000|3000|Family Group 3000|3000|OT1|1|Order Type Master 1|1|11296.00|0.00|11296.00|0.00|0.00|0.00|11296.00|0.00|11296.00|1|11296.00|1|0|0.00|0.00|0.00|55|13
FPMI|Restaurante|1|Restaurante|1|AGUA MANANTIAL SIN GAS 500 ML| |9606135|AGUA MANANTIAL SIN GAS 500 ML| |9606135|Major Group 20|20|Major Group 20|20|Family Group 3000|3000|Family Group 3000|3000|OT1|1|Order Type Master 1|1|8148.00|0.00|8148.00|0.00|0.00|0.00|8148.00|0.00|8148.00|1|8148.00|1|0|0.00|0.00|0.00|50|12
FPMI|Restaurante|1|Restaurante|1|CERVEZA CORONA| |9608012|CERVEZA CORONA| |9608012|Major Group 20|20|Major Group 20|20|Family Group 3000|3000|Family Group 3000|3000|OT1|1|Order Type Master 1|1|25556.00|0.00|25556.00|0.00|0.00|0.00|25556.00|0.00|25556.00|1|25556.00|2|0|0.00|0.00|0.00|50|12
FPMI|Restaurante|1|Restaurante|1|JUGO DE MORA EN AGUA| |9604108|JUGO DE MORA EN AGUA| |9604108|Major Group 20|20|Major Group 20|20|Family Group 3000|3000|Family Group 3000|3000|OT1|1|Order Type Master 1|1|10093.00|0.00|10093.00|0.00|0.00|0.00|10093.00|0.00|10093.00|1|10093.00|1|0|0.00|0.00|0.00|80|19
FPMI|Restaurante|1|Restaurante|1|JUGO DE MORA EN LECHE| |9604104|JUGO DE MORA EN LECHE| |9604104|Major Group 20|20|Major Group 20|20|Family Group 3000|3000|Family Group 3000|3000|OT1|1|Order Type Master 1|1|12870.00|0.00|12870.00|0.00|0.00|0.00|12870.00|0.00|12870.00|1|12870.00|1|0|0.00|0.00|0.00|62|15
FPMI|Restaurante|1|Restaurante|1|AROMATICA| |9602088|AROMATICA| |9602088|Major Group 20|20|Major Group 20|20|Family Group 3000|3000|Family Group 3000|3000|OT1|1|Order Type Master 1|1|0.00|0.00|0.00|0.00|0.00|0.00|0.00|0.00|0.00|17|0.00|1|0|0.00|0.00|0.00|81|20
FPMI|Restaurante|1|Restaurante|1|JUGO DE MANDARINA| |9604044|JUGO DE MANDARINA| |9604044|Major Group 20|20|Major Group 20|20|Family Group 3000|3000|Family Group 3000|3000|OT1|1|Order Type Master 1|1|28148.00|0.00|28148.00|0.00|0.00|0.00|28148.00|0.00|28148.00|1|28148.00|2|0|0.00|0.00|0.00|56|13
FPMI|Restaurante|1|Restaurante|1|LIMONADA HIERBABUENA| |9604066|LIMONADA HIERBABUENA| |9604066|Major Group 20|20|Major Group 20|20|Family Group 3000|3000|Family Group 3000|3000|OT1|1|Order Type Master 1|1|8519.00|0.00|8519.00|0.00|0.00|0.00|8519.00|0.00|8519.00|1|8519.00|1|0|0.00|0.00|0.00|52|12
FPMI|Restaurante|1|Restaurante|1|CERVEZA CLUB COLOMBIA| |9608004|CERVEZA CLUB COLOMBIA| |9608004|Major Group 20|20|Major Group 20|20|Family Group 3000|3000|Family Group 3000|3000|OT1|1|Order Type Master 1|1|11296.00|0.00|11296.00|0.00|0.00|0.00|11296.00|0.00|11296.00|1|11296.00|1|0|0.00|0.00|0.00|76|18
FPMI|Domicilios|20|Domicilios|20|AGUA MANANTIAL CON GAS 300 ML| |9606136|AGUA MANANTIAL CON GAS 300 ML| |9606136|Major Group 20|20|Major Group 20|20|Family Group 3000|3000|Family Group 3000|3000|OT2|2|Order Type Master 2|2|6389.00|0.00|6389.00|0.00|0.00|0.00|6389.00|0.00|6389.00|73|6389.00|1|0|0.00|0.00|0.00|65|16
FPMI|Restaurante|1|Restaurante|1|PECHUGA A LA PARRILLA 230 gr ENSALADA | |9506091|PECHUGA A LA PARRILLA 230 gr ENSALADA | |9506091|Major Group 10|10|Major Group 10|10|Family Group 1008|1008|Family Group 1008|1008|OT1|1|Order Type Master 1|1|0.00|-1248.00|-1248.00|0.00|0.00|0.00|0.00|-1248.00|-1248.00|1|0.00|0|0|0.00|0.00|0.00|63|15
FPMI|Restaurante|1|Restaurante|1|BISTEC ENTRECOT 180 gr  CRIOLLA| |9502520|BISTEC ENTRECOT 180 gr  CRIOLLA| |9502520|Major Group 10|10|Major Group 10|10|Family Group 1008|1008|Family Group 1008|1008|OT1|1|Order Type Master 1|1|0.00|-3855.00|-3855.00|0.00|0.00|0.00|0.00|-3855.00|-3855.00|1|0.00|0|0|0.00|0.00|0.00|73|18
FPMI|Restaurante|1|Restaurante|1|COSTILLAS DE CERDO 410 gr  ARROZ| |9502174|COSTILLAS DE CERDO 410 gr  ARROZ| |9502174|Major Group 10|10|Major Group 10|10|Family Group 1008|1008|Family Group 1008|1008|OT1|1|Order Type Master 1|1|51667.00|0.00|51667.00|0.00|0.00|0.00|51667.00|0.00|51667.00|1|51667.00|1|0|0.00|0.00|0.00|52|12
FPMI|Restaurante|1|Restaurante|1|BANDEJA PAISA| |9520036|BANDEJA PAISA| |9520036|Major Group 10|10|Major Group 10|10|Family Group 1008|1008|Family Group 1008|1008|OT1|1|Order Type Master 1|1|42500.00|0.00|42500.00|0.00|0.00|0.00|42500.00|0.00|42500.00|1|42500.00|1|0|0.00|0.00|0.00|62|15
FPMI|Restaurante|1|Restaurante|1|PICADA INDIVIDUAL  ENSALADA| |9502579|PICADA INDIVIDUAL  ENSALADA| |9502579|Major Group 10|10|Major Group 10|10|Family Group 1008|1008|Family Group 1008|1008|OT1|1|Order Type Master 1|1|38704.00|0.00|38704.00|0.00|0.00|0.00|38704.00|0.00|38704.00|1|38704.00|1|0|0.00|0.00|0.00|69|17
FPMI|Restaurante|1|Restaurante|1|Mod 1/2| |980000002|Mod 1/2| |980000002|Major Group 10|10|Major Group 10|10|Family Group 1008|1008|Family Group 1008|1008|OT1|1|Order Type Master 1|1|0.00|0.00|0.00|0.00|0.00|0.00|0.00|0.00|0.00|1|0.00|1|0|0.00|0.00|0.00|62|15
FPMI|Restaurante|1|Restaurante|1|PECHUGA A LA PARRILLA 230 gr ENSALADA | |9506091|PECHUGA A LA PARRILLA 230 gr ENSALADA | |9506091|Major Group 10|10|Major Group 10|10|Family Group 1008|1008|Family Group 1008|1008|OT1|1|Order Type Master 1|1|24815.00|0.00|24815.00|0.00|0.00|0.00|24815.00|0.00|24815.00|1|24815.00|1|0|0.00|0.00|0.00|54|13
FPMI|Restaurante|1|Restaurante|1|PAPA FRANCESA| |9500452|PAPA FRANCESA| |9500452|Major Group 10|10|Major Group 10|10|Family Group 1008|1008|Family Group 1008|1008|OT1|1|Order Type Master 1|1|7222.00|0.00|7222.00|0.00|0.00|0.00|7222.00|0.00|7222.00|1|7222.00|1|0|0.00|0.00|0.00|54|13
FPMI|Restaurante|1|Restaurante|1|LOMO 220 gr PAPA FRANCESA| |9502511|LOMO 220 gr PAPA FRANCESA| |9502511|Major Group 10|10|Major Group 10|10|Family Group 1008|1008|Family Group 1008|1008|OT1|1|Order Type Master 1|1|54444.00|0.00|54444.00|0.00|0.00|0.00|54444.00|0.00|54444.00|1|54444.00|1|0|0.00|0.00|0.00|56|13
FPMI|Restaurante|1|Restaurante|1|Mod 3/4| |980000004|Mod 3/4| |980000004|Major Group 10|10|Major Group 10|10|Family Group 1008|1008|Family Group 1008|1008|OT1|1|Order Type Master 1|1|0.00|0.00|0.00|0.00|0.00|0.00|0.00|0.00|0.00|1|0.00|2|0|0.00|0.00|0.00|58|14
FPMI|Restaurante|1|Restaurante|1|CHURRASCO 250 gr FRANCESA| |9502110|CHURRASCO 250 gr FRANCESA| |9502110|Major Group 10|10|Major Group 10|10|Family Group 1008|1008|Family Group 1008|1008|OT1|1|Order Type Master 1|1|49815.00|0.00|49815.00|0.00|0.00|0.00|49815.00|0.00|49815.00|1|49815.00|1|0|0.00|0.00|0.00|58|14
FPMI|Restaurante|1|Restaurante|1|AREPA DE CHOCOLO| |9506036|AREPA DE CHOCOLO| |9506036|Major Group 10|10|Major Group 10|10|Family Group 1008|1008|Family Group 1008|1008|OT1|1|Order Type Master 1|1|40370.00|0.00|40370.00|0.00|0.00|0.00|40370.00|0.00|40370.00|1|40370.00|2|0|0.00|0.00|0.00|52|12
FPMI|Restaurante|1|Restaurante|1|CAZUELA DE FRIJOLES| |9520032|CAZUELA DE FRIJOLES| |9520032|Major Group 10|10|Major Group 10|10|Family Group 1008|1008|Family Group 1008|1008|OT1|1|Order Type Master 1|1|0.00|-3694.00|-3694.00|0.00|0.00|0.00|0.00|-3694.00|-3694.00|1|0.00|0|0|0.00|0.00|0.00|59|14
FPMI|Restaurante|1|Restaurante|1|MORCILLA 100 gr| |9502080|MORCILLA 100 gr| |9502080|Major Group 10|10|Major Group 10|10|Family Group 1008|1008|Family Group 1008|1008|OT1|1|Order Type Master 1|1|21482.00|0.00|21482.00|0.00|0.00|0.00|21482.00|0.00|21482.00|1|21482.00|2|0|0.00|0.00|0.00|69|17
FPMI|Restaurante|1|Restaurante|1|SOPA DE VERDURAS| |9520050|SOPA DE VERDURAS| |9520050|Major Group 10|10|Major Group 10|10|Family Group 1008|1008|Family Group 1008|1008|OT1|1|Order Type Master 1|1|26296.00|0.00|26296.00|0.00|0.00|0.00|26296.00|0.00|26296.00|1|26296.00|2|0|0.00|0.00|0.00|59|14
FPMI|Restaurante|1|Restaurante|1|BANDEJA PAISA| |9520036|BANDEJA PAISA| |9520036|Major Group 10|10|Major Group 10|10|Family Group 1008|1008|Family Group 1008|1008|OT1|1|Order Type Master 1|1|0.00|-2113.00|-2113.00|0.00|0.00|0.00|0.00|-2113.00|-2113.00|1|0.00|0|0|0.00|0.00|0.00|57|14
FPMI|Restaurante|1|Restaurante|1|AREPA DE MAIZ  MANTEQUILLA| |9524096|AREPA DE MAIZ  MANTEQUILLA| |9524096|Major Group 10|10|Major Group 10|10|Family Group 1008|1008|Family Group 1008|1008|OT1|1|Order Type Master 1|1|2685.00|0.00|2685.00|0.00|0.00|0.00|2685.00|0.00|2685.00|1|2685.00|1|0|0.00|0.00|0.00|66|16
FPMI|Plataformas|21|Plataformas|21|AJIACO  POLLO| |9520008|AJIACO  POLLO| |9520008|Major Group 10|10|Major Group 10|10|Family Group 1008|1008|Family Group 1008|1008|OT7|7|Order Type Master 7|7|35741.00|0.00|35741.00|0.00|0.00|0.00|35741.00|0.00|35741.00|153|35741.00|1|0|0.00|0.00|0.00|61|15
FPMI|Plataformas|21|Plataformas|21|MJE ALM| |90000037|MJE ALM| |90000037|Major Group 10|10|Major Group 10|10|Family Group 1008|1008|Family Group 1008|1008|OT7|7|Order Type Master 7|7|0.00|0.00|0.00|0.00|0.00|0.00|0.00|0.00|0.00|1|0.00|1|0|0.00|0.00|0.00|58|14
FPMI|Plataformas|21|Plataformas|21|ENTRECOT 180 gr  ENSALADA| |9502509|ENTRECOT 180 gr  ENSALADA| |9502509|Major Group 10|10|Major Group 10|10|Family Group 1008|1008|Family Group 1008|1008|OT7|7|Order Type Master 7|7|38611.00|0.00|38611.00|0.00|0.00|0.00|38611.00|0.00|38611.00|153|38611.00|1|0|0.00|0.00|0.00|53|13
FPMI|Plataformas|21|Plataformas|21|Mensaje Bebidas 2024| |980000095|Mensaje Bebidas 2024| |980000095|Major Group 10|10|Major Group 10|10|Family Group 1008|1008|Family Group 1008|1008|OT7|7|Order Type Master 7|7|0.00|0.00|0.00|0.00|0.00|0.00|0.00|0.00|0.00|1|0.00|1|0|0.00|0.00|0.00|53|13
FPMI|Restaurante|1|Restaurante|1|JUGO DE MANDARINA| |9604044|JUGO DE MANDARINA| |9604044|Major Group 20|20|Major Group 20|20|Family Group 3000|3000|Family Group 3000|3000|OT1|1|Order Type Master 1|1|28148.00|0.00|28148.00|0.00|0.00|0.00|28148.00|0.00|28148.00|1|28148.00|2|0|0.00|0.00|0.00|60|14
FPMI|Restaurante|1|Restaurante|1|CERVEZA CORONA| |9608012|CERVEZA CORONA| |9608012|Major Group 20|20|Major Group 20|20|Family Group 3000|3000|Family Group 3000|3000|OT1|1|Order Type Master 1|1|-12778.00|0.00|-12778.00|0.00|0.00|0.00|-12778.00|0.00|-12778.00|1|-12778.00|-1|0|0.00|0.00|0.00|53|13
FPMI|Restaurante|1|Restaurante|1|LIMONADA DE PANELA| |9604067|LIMONADA DE PANELA| |9604067|Major Group 20|20|Major Group 20|20|Family Group 3000|3000|Family Group 3000|3000|OT1|1|Order Type Master 1|1|0.00|-904.00|-904.00|0.00|0.00|0.00|0.00|-904.00|-904.00|1|0.00|0|0|0.00|0.00|0.00|73|18
FPMI|Restaurante|1|Restaurante|1|GASEOSA 400 ml| |9606131|GASEOSA 400 ml| |9606131|Major Group 20|20|Major Group 20|20|Family Group 3000|3000|Family Group 3000|3000|OT1|1|Order Type Master 1|1|15186.00|0.00|15186.00|0.00|0.00|0.00|15186.00|0.00|15186.00|1|15186.00|2|0|0.00|0.00|0.00|54|13
FPMI|Restaurante|1|Restaurante|1|CERVEZA ANDINA | |9608103|CERVEZA ANDINA | |9608103|Major Group 20|20|Major Group 20|20|Family Group 3000|3000|Family Group 3000|3000|OT1|1|Order Type Master 1|1|22592.00|0.00|22592.00|0.00|0.00|0.00|22592.00|0.00|22592.00|1|22592.00|2|0|0.00|0.00|0.00|51|12
FPMI|Restaurante|1|Restaurante|1|JUGO DE LULO EN AGUA| |9604216|JUGO DE LULO EN AGUA| |9604216|Major Group 20|20|Major Group 20|20|Family Group 3000|3000|Family Group 3000|3000|OT1|1|Order Type Master 1|1|10093.00|0.00|10093.00|0.00|0.00|0.00|10093.00|0.00|10093.00|1|10093.00|1|0|0.00|0.00|0.00|60|14
FPMI|Restaurante|1|Restaurante|1|LIMONADA DE PANELA| |9604067|LIMONADA DE PANELA| |9604067|Major Group 20|20|Major Group 20|20|Family Group 3000|3000|Family Group 3000|3000|OT1|1|Order Type Master 1|1|9074.00|0.00|9074.00|0.00|0.00|0.00|9074.00|0.00|9074.00|1|9074.00|1|0|0.00|0.00|0.00|66|16
FPMI|Restaurante|1|Restaurante|1|AGUA MANANTIAL SIN GAS 500 ML| |9606135|AGUA MANANTIAL SIN GAS 500 ML| |9606135|Major Group 20|20|Major Group 20|20|Family Group 3000|3000|Family Group 3000|3000|OT1|1|Order Type Master 1|1|8148.00|0.00|8148.00|0.00|0.00|0.00|8148.00|0.00|8148.00|1|8148.00|1|0|0.00|0.00|0.00|57|14
FPMI|Plataformas|21|Plataformas|21|JUGO DE MARACUYA EN AGUA| |9604116|JUGO DE MARACUYA EN AGUA| |9604116|Major Group 20|20|Major Group 20|20|Family Group 3000|3000|Family Group 3000|3000|OT7|7|Order Type Master 7|7|10556.00|0.00|10556.00|0.00|0.00|0.00|10556.00|0.00|10556.00|153|10556.00|1|0|0.00|0.00|0.00|53|13
FPMI|Restaurante|1|Restaurante|1|PECHUGA A LA PARRILLA 230 gr ENSALADA | |9506091|PECHUGA A LA PARRILLA 230 gr ENSALADA | |9506091|Major Group 10|10|Major Group 10|10|Family Group 1008|1008|Family Group 1008|1008|OT1|1|Order Type Master 1|1|24815.00|0.00|24815.00|0.00|0.00|0.00|24815.00|0.00|24815.00|1|24815.00|1|0|0.00|0.00|0.00|60|14
FPMI|Restaurante|1|Restaurante|1|CANASTA MINI FRITANGUERA| |9502525|CANASTA MINI FRITANGUERA| |9502525|Major Group 10|10|Major Group 10|10|Family Group 1008|1008|Family Group 1008|1008|OT1|1|Order Type Master 1|1|22130.00|0.00|22130.00|0.00|0.00|0.00|22130.00|0.00|22130.00|1|22130.00|1|0|0.00|0.00|0.00|60|14
FPMI|Restaurante|1|Restaurante|1|AJIACO  POLLO| |9520008|AJIACO  POLLO| |9520008|Major Group 10|10|Major Group 10|10|Family Group 1008|1008|Family Group 1008|1008|OT1|1|Order Type Master 1|1|68148.00|0.00|68148.00|0.00|0.00|0.00|68148.00|0.00|68148.00|1|68148.00|2|0|0.00|0.00|0.00|69|17
FPMI|Restaurante|1|Restaurante|1|Mensaje Bebidas 2024| |980000095|Mensaje Bebidas 2024| |980000095|Major Group 10|10|Major Group 10|10|Family Group 1008|1008|Family Group 1008|1008|OT1|1|Order Type Master 1|1|0.00|0.00|0.00|0.00|0.00|0.00|0.00|0.00|0.00|1|0.00|3|0|0.00|0.00|0.00|69|17
FPMI|Restaurante|1|Restaurante|1|Mod CocaCola Original 400ml| |980000102|Mod CocaCola Original 400ml| |980000102|Major Group 10|10|Major Group 10|10|Family Group 1008|1008|Family Group 1008|1008|OT1|1|Order Type Master 1|1|0.00|0.00|0.00|0.00|0.00|0.00|0.00|0.00|0.00|1|0.00|1|0|0.00|0.00|0.00|53|13
FPMI|Restaurante|1|Restaurante|1|PAPA FRANCESA| |9500452|PAPA FRANCESA| |9500452|Major Group 10|10|Major Group 10|10|Family Group 1008|1008|Family Group 1008|1008|OT1|1|Order Type Master 1|1|14444.00|0.00|14444.00|0.00|0.00|0.00|14444.00|0.00|14444.00|1|14444.00|2|0|0.00|0.00|0.00|50|12
FPMI|Restaurante|1|Restaurante|1|AREPA DE MAIZ  MANTEQUILLA| |9524096|AREPA DE MAIZ  MANTEQUILLA| |9524096|Major Group 10|10|Major Group 10|10|Family Group 1008|1008|Family Group 1008|1008|OT1|1|Order Type Master 1|1|0.00|-267.00|-267.00|0.00|0.00|0.00|0.00|-267.00|-267.00|1|0.00|0|0|0.00|0.00|0.00|73|18
FPMI|Restaurante|1|Restaurante|1|TRUCHA A LA PLANCHA 350 gr ARROZ| |9504165|TRUCHA A LA PLANCHA 350 gr ARROZ| |9504165|Major Group 10|10|Major Group 10|10|Family Group 1008|1008|Family Group 1008|1008|OT1|1|Order Type Master 1|1|35741.00|0.00|35741.00|0.00|0.00|0.00|35741.00|0.00|35741.00|1|35741.00|1|0|0.00|0.00|0.00|52|12
FPMI|Restaurante|1|Restaurante|1|EMPANADA CACHACA| |9528008|EMPANADA CACHACA| |9528008|Major Group 10|10|Major Group 10|10|Family Group 1008|1008|Family Group 1008|1008|OT1|1|Order Type Master 1|1|6111.00|0.00|6111.00|0.00|0.00|0.00|6111.00|0.00|6111.00|1|6111.00|1|0|0.00|0.00|0.00|80|19
FPMI|Restaurante|1|Restaurante|1|SALSA CHIMICHURRI| |9500388|SALSA CHIMICHURRI| |9500388|Major Group 10|10|Major Group 10|10|Family Group 1008|1008|Family Group 1008|1008|OT1|1|Order Type Master 1|1|0.00|0.00|0.00|0.00|0.00|0.00|0.00|0.00|0.00|1|0.00|1|0|0.00|0.00|0.00|53|13
FPMI|Restaurante|1|Restaurante|1|MORCILLA 100 gr| |9502080|MORCILLA 100 gr| |9502080|Major Group 10|10|Major Group 10|10|Family Group 1008|1008|Family Group 1008|1008|OT1|1|Order Type Master 1|1|10741.00|0.00|10741.00|0.00|0.00|0.00|10741.00|0.00|10741.00|1|10741.00|1|0|0.00|0.00|0.00|79|19
FPMI|Restaurante|1|Restaurante|1|BISTEC ENTRECOT 180 gr  ENSALADA| |9502523|BISTEC ENTRECOT 180 gr  ENSALADA| |9502523|Major Group 10|10|Major Group 10|10|Family Group 1008|1008|Family Group 1008|1008|OT1|1|Order Type Master 1|1|-38704.00|0.00|-38704.00|0.00|0.00|0.00|-38704.00|0.00|-38704.00|1|-38704.00|-1|0|0.00|0.00|0.00|53|13
FPMI|Restaurante|1|Restaurante|1|Mod BienAsado| |980000006|Mod BienAsado| |980000006|Major Group 10|10|Major Group 10|10|Family Group 1008|1008|Family Group 1008|1008|OT1|1|Order Type Master 1|1|0.00|0.00|0.00|0.00|0.00|0.00|0.00|0.00|0.00|1|0.00|2|0|0.00|0.00|0.00|69|17
FPMI|Restaurante|1|Restaurante|1|MJE ALM| |90000037|MJE ALM| |90000037|Major Group 10|10|Major Group 10|10|Family Group 1008|1008|Family Group 1008|1008|OT1|1|Order Type Master 1|1|0.00|0.00|0.00|0.00|0.00|0.00|0.00|0.00|0.00|1|0.00|-1|0|0.00|0.00|0.00|53|13
FPMI|Restaurante|1|Restaurante|1|AREPA DE CHOCOLO SIN QUESO| |9506038|AREPA DE CHOCOLO SIN QUESO| |9506038|Major Group 10|10|Major Group 10|10|Family Group 1008|1008|Family Group 1008|1008|OT1|1|Order Type Master 1|1|14630.00|0.00|14630.00|0.00|0.00|0.00|14630.00|0.00|14630.00|1|14630.00|1|0|0.00|0.00|0.00|53|13
FPMI|Restaurante|1|Restaurante|1|CAZUELA DE FRIJOLES| |9520032|CAZUELA DE FRIJOLES| |9520032|Major Group 10|10|Major Group 10|10|Family Group 1008|1008|Family Group 1008|1008|OT1|1|Order Type Master 1|1|73704.00|0.00|73704.00|0.00|0.00|0.00|73704.00|0.00|73704.00|1|73704.00|2|0|0.00|0.00|0.00|62|15
FPMI|Restaurante|1|Restaurante|1|HUEVO FRITO| |9500212|HUEVO FRITO| |9500212|Major Group 10|10|Major Group 10|10|Family Group 1008|1008|Family Group 1008|1008|OT1|1|Order Type Master 1|1|2963.00|0.00|2963.00|0.00|0.00|0.00|2963.00|0.00|2963.00|1|2963.00|1|0|0.00|0.00|0.00|62|15
FPMI|Restaurante|1|Restaurante|1|SALSA DE TOMATE| |9500483|SALSA DE TOMATE| |9500483|Major Group 10|10|Major Group 10|10|Family Group 1008|1008|Family Group 1008|1008|OT1|1|Order Type Master 1|1|0.00|0.00|0.00|0.00|0.00|0.00|0.00|0.00|0.00|1|0.00|1|0|0.00|0.00|0.00|56|13
FPMI|Restaurante|1|Restaurante|1|AREPA DE CHOCOLO| |9506036|AREPA DE CHOCOLO| |9506036|Major Group 10|10|Major Group 10|10|Family Group 1008|1008|Family Group 1008|1008|OT1|1|Order Type Master 1|1|20185.00|0.00|20185.00|0.00|0.00|0.00|20185.00|0.00|20185.00|1|20185.00|1|0|0.00|0.00|0.00|54|13
FPMI|Restaurante|1|Restaurante|1|PORCION DE ARROZ BLANCO| |9500064|PORCION DE ARROZ BLANCO| |9500064|Major Group 10|10|Major Group 10|10|Family Group 1008|1008|Family Group 1008|1008|OT1|1|Order Type Master 1|1|3426.00|0.00|3426.00|0.00|0.00|0.00|3426.00|0.00|3426.00|1|3426.00|1|0|0.00|0.00|0.00|71|17
FPMI|Restaurante|1|Restaurante|1|BANDEJA PAISA| |9520036|BANDEJA PAISA| |9520036|Major Group 10|10|Major Group 10|10|Family Group 1008|1008|Family Group 1008|1008|OT1|1|Order Type Master 1|1|42500.00|0.00|42500.00|0.00|0.00|0.00|42500.00|0.00|42500.00|1|42500.00|1|0|0.00|0.00|0.00|59|14
FPMI|Restaurante|1|Restaurante|1|AREPA DE CHOCOLO| |9506036|AREPA DE CHOCOLO| |9506036|Major Group 10|10|Major Group 10|10|Family Group 1008|1008|Family Group 1008|1008|OT1|1|Order Type Master 1|1|20185.00|0.00|20185.00|0.00|0.00|0.00|20185.00|0.00|20185.00|1|20185.00|1|0|0.00|0.00|0.00|60|14
FPMI|Restaurante|1|Restaurante|1|Mensaje Bebidas 2024| |980000095|Mensaje Bebidas 2024| |980000095|Major Group 10|10|Major Group 10|10|Family Group 1008|1008|Family Group 1008|1008|OT1|1|Order Type Master 1|1|0.00|0.00|0.00|0.00|0.00|0.00|0.00|0.00|0.00|1|0.00|1|0|0.00|0.00|0.00|72|17
FPMI|Restaurante|1|Restaurante|1|PATACON CON HOGAO| |9524044|PATACON CON HOGAO| |9524044|Major Group 10|10|Major Group 10|10|Family Group 1008|1008|Family Group 1008|1008|OT1|1|Order Type Master 1|1|20000.00|0.00|20000.00|0.00|0.00|0.00|20000.00|0.00|20000.00|1|20000.00|2|0|0.00|0.00|0.00|54|13
FPMI|Restaurante|1|Restaurante|1|COMO ENTRADA| |90000038|COMO ENTRADA| |90000038|Major Group 10|10|Major Group 10|10|Family Group 1008|1008|Family Group 1008|1008|OT1|1|Order Type Master 1|1|0.00|0.00|0.00|0.00|0.00|0.00|0.00|0.00|0.00|17|0.00|1|0|0.00|0.00|0.00|54|13
FPMI|Restaurante|1|Restaurante|1|TRUCHA A LA PLANCHA 350 gr ENSALADA| |9504163|TRUCHA A LA PLANCHA 350 gr ENSALADA| |9504163|Major Group 10|10|Major Group 10|10|Family Group 1008|1008|Family Group 1008|1008|OT1|1|Order Type Master 1|1|35741.00|0.00|35741.00|0.00|0.00|0.00|35741.00|0.00|35741.00|1|35741.00|1|0|0.00|0.00|0.00|66|16
FPMI|Restaurante|1|Restaurante|1|LIMONADA NATURAL| |9604060|LIMONADA NATURAL| |9604060|Major Group 20|20|Major Group 20|20|Family Group 3000|3000|Family Group 3000|3000|OT1|1|Order Type Master 1|1|25557.00|0.00|25557.00|0.00|0.00|0.00|25557.00|0.00|25557.00|1|25557.00|3|0|0.00|0.00|0.00|69|17
FPMI|Restaurante|1|Restaurante|1|LIMONADA HIERBABUENA| |9604066|LIMONADA HIERBABUENA| |9604066|Major Group 20|20|Major Group 20|20|Family Group 3000|3000|Family Group 3000|3000|OT1|1|Order Type Master 1|1|8519.00|0.00|8519.00|0.00|0.00|0.00|8519.00|0.00|8519.00|1|8519.00|1|0|0.00|0.00|0.00|69|17
FPMI|Restaurante|1|Restaurante|1|TINTO COLADO AEX| |9602121|TINTO COLADO AEX| |9602121|Major Group 20|20|Major Group 20|20|Family Group 3000|3000|Family Group 3000|3000|OT1|1|Order Type Master 1|1|0.00|-452.00|-452.00|0.00|0.00|0.00|0.00|-452.00|-452.00|1|0.00|0|0|0.00|0.00|0.00|73|18
FPMI|Restaurante|1|Restaurante|1|LIMONADA NATURAL| |9604060|LIMONADA NATURAL| |9604060|Major Group 20|20|Major Group 20|20|Family Group 3000|3000|Family Group 3000|3000|OT1|1|Order Type Master 1|1|17038.00|0.00|17038.00|0.00|0.00|0.00|17038.00|0.00|17038.00|1|17038.00|2|0|0.00|0.00|0.00|79|19
FPMI|Restaurante|1|Restaurante|1|AROMATICA| |9602088|AROMATICA| |9602088|Major Group 20|20|Major Group 20|20|Family Group 3000|3000|Family Group 3000|3000|OT1|1|Order Type Master 1|1|0.00|0.00|0.00|0.00|0.00|0.00|0.00|0.00|0.00|17|0.00|1|0|0.00|0.00|0.00|79|19
FPMI|Restaurante|1|Restaurante|1|REFAJO| |9608024|REFAJO| |9608024|Major Group 20|20|Major Group 20|20|Family Group 3000|3000|Family Group 3000|3000|OT1|1|Order Type Master 1|1|12870.00|0.00|12870.00|0.00|0.00|0.00|12870.00|0.00|12870.00|1|12870.00|1|0|0.00|0.00|0.00|62|15
FPMI|Restaurante|1|Restaurante|1|JUGO DE LULO EN AGUA| |9604216|JUGO DE LULO EN AGUA| |9604216|Major Group 20|20|Major Group 20|20|Family Group 3000|3000|Family Group 3000|3000|OT1|1|Order Type Master 1|1|10093.00|0.00|10093.00|0.00|0.00|0.00|10093.00|0.00|10093.00|1|10093.00|1|0|0.00|0.00|0.00|62|15
FPMI|Restaurante|1|Restaurante|1|JUGO DE MARACUYA EN AGUA| |9604116|JUGO DE MARACUYA EN AGUA| |9604116|Major Group 20|20|Major Group 20|20|Family Group 3000|3000|Family Group 3000|3000|OT1|1|Order Type Master 1|1|20186.00|0.00|20186.00|0.00|0.00|0.00|20186.00|0.00|20186.00|1|20186.00|2|0|0.00|0.00|0.00|54|13
FPMI|Restaurante|1|Restaurante|1|CERVEZA CLUB COLOMBIA| |9608004|CERVEZA CLUB COLOMBIA| |9608004|Major Group 20|20|Major Group 20|20|Family Group 3000|3000|Family Group 3000|3000|OT1|1|Order Type Master 1|1|22592.00|0.00|22592.00|0.00|0.00|0.00|22592.00|0.00|22592.00|1|22592.00|2|0|0.00|0.00|0.00|61|15
FPMI|Restaurante|1|Restaurante|1|LIMONADA DE PANELA| |9604067|LIMONADA DE PANELA| |9604067|Major Group 20|20|Major Group 20|20|Family Group 3000|3000|Family Group 3000|3000|OT1|1|Order Type Master 1|1|9074.00|0.00|9074.00|0.00|0.00|0.00|9074.00|0.00|9074.00|1|9074.00|1|0|0.00|0.00|0.00|60|14
FPMI|Restaurante|1|Restaurante|1|LIMONADA NATURAL| |9604060|LIMONADA NATURAL| |9604060|Major Group 20|20|Major Group 20|20|Family Group 3000|3000|Family Group 3000|3000|OT1|1|Order Type Master 1|1|8519.00|0.00|8519.00|0.00|0.00|0.00|8519.00|0.00|8519.00|1|8519.00|1|0|0.00|0.00|0.00|72|17
FPMI|Restaurante|1|Restaurante|1|LIMONADA HIERBABUENA| |9604066|LIMONADA HIERBABUENA| |9604066|Major Group 20|20|Major Group 20|20|Family Group 3000|3000|Family Group 3000|3000|OT1|1|Order Type Master 1|1|8519.00|0.00|8519.00|0.00|0.00|0.00|8519.00|0.00|8519.00|1|8519.00|1|0|0.00|0.00|0.00|72|17
FPMI|Restaurante|1|Restaurante|1|JUGO DE MORA EN AGUA| |9604108|JUGO DE MORA EN AGUA| |9604108|Major Group 20|20|Major Group 20|20|Family Group 3000|3000|Family Group 3000|3000|OT1|1|Order Type Master 1|1|0.00|-502.00|-502.00|0.00|0.00|0.00|0.00|-502.00|-502.00|1|0.00|0|0|0.00|0.00|0.00|57|14
FPMI|Restaurante|1|Restaurante|1|JUGO DE NARANJA| |9604048|JUGO DE NARANJA| |9604048|Major Group 20|20|Major Group 20|20|Family Group 3000|3000|Family Group 3000|3000|OT1|1|Order Type Master 1|1|11667.00|0.00|11667.00|0.00|0.00|0.00|11667.00|0.00|11667.00|1|11667.00|1|0|0.00|0.00|0.00|66|16
FPMI|Restaurante|1|Restaurante|1|GASEOSA 400 ml| |9606131|GASEOSA 400 ml| |9606131|Major Group 20|20|Major Group 20|20|Family Group 3000|3000|Family Group 3000|3000|OT1|1|Order Type Master 1|1|7593.00|0.00|7593.00|0.00|0.00|0.00|7593.00|0.00|7593.00|1|7593.00|1|0|0.00|0.00|0.00|57|14
FPMI|Restaurante|1|Restaurante|1|PUNTA DE ANCA 250 gr FRANCESA| |9502236|PUNTA DE ANCA 250 gr FRANCESA| |9502236|Major Group 10|10|Major Group 10|10|Family Group 1008|1008|Family Group 1008|1008|OT1|1|Order Type Master 1|1|105186.00|0.00|105186.00|0.00|0.00|0.00|105186.00|0.00|105186.00|1|105186.00|2|0|0.00|0.00|0.00|54|13
FPMI|Restaurante|1|Restaurante|1|CALENTADO ANDRES| |9518004|CALENTADO ANDRES| |9518004|Major Group 10|10|Major Group 10|10|Family Group 1008|1008|Family Group 1008|1008|OT1|1|Order Type Master 1|1|35093.00|0.00|35093.00|0.00|0.00|0.00|35093.00|0.00|35093.00|1|35093.00|1|0|0.00|0.00|0.00|51|12
FPMI|Restaurante|1|Restaurante|1|BISTEC ENTRECOT 180 gr  ENSALADA| |9502523|BISTEC ENTRECOT 180 gr  ENSALADA| |9502523|Major Group 10|10|Major Group 10|10|Family Group 1008|1008|Family Group 1008|1008|OT1|1|Order Type Master 1|1|38704.00|0.00|38704.00|0.00|0.00|0.00|38704.00|0.00|38704.00|1|38704.00|1|0|0.00|0.00|0.00|52|12
FPMI|Restaurante|1|Restaurante|1|AREPA DE MAIZ CON CARNE DESMECHADA| |9524076|AREPA DE MAIZ CON CARNE DESMECHADA| |9524076|Major Group 10|10|Major Group 10|10|Family Group 1008|1008|Family Group 1008|1008|OT1|1|Order Type Master 1|1|20185.00|0.00|20185.00|0.00|0.00|0.00|20185.00|0.00|20185.00|1|20185.00|1|0|0.00|0.00|0.00|80|19
FPMI|Restaurante|1|Restaurante|1|AJIACO  POLLO| |9520008|AJIACO  POLLO| |9520008|Major Group 10|10|Major Group 10|10|Family Group 1008|1008|Family Group 1008|1008|OT1|1|Order Type Master 1|1|34074.00|0.00|34074.00|0.00|0.00|0.00|34074.00|0.00|34074.00|1|34074.00|1|0|0.00|0.00|0.00|52|12
FPMI|Restaurante|1|Restaurante|1|Mod CocaCola Original 400ml| |980000102|Mod CocaCola Original 400ml| |980000102|Major Group 10|10|Major Group 10|10|Family Group 1008|1008|Family Group 1008|1008|OT1|1|Order Type Master 1|1|0.00|0.00|0.00|0.00|0.00|0.00|0.00|0.00|0.00|1|0.00|1|0|0.00|0.00|0.00|61|15
FPMI|Restaurante|1|Restaurante|1|TORTA MILKYWAY| |9514163|TORTA MILKYWAY| |9514163|Major Group 10|10|Major Group 10|10|Family Group 1008|1008|Family Group 1008|1008|OT1|1|Order Type Master 1|1|12870.00|0.00|12870.00|0.00|0.00|0.00|12870.00|0.00|12870.00|1|12870.00|1|0|0.00|0.00|0.00|79|19
FPMI|Restaurante|1|Restaurante|1|MJE ALM| |90000037|MJE ALM| |90000037|Major Group 10|10|Major Group 10|10|Family Group 1008|1008|Family Group 1008|1008|OT1|1|Order Type Master 1|1|0.00|0.00|0.00|0.00|0.00|0.00|0.00|0.00|0.00|1|0.00|1|0|0.00|0.00|0.00|76|18
FPMI|Restaurante|1|Restaurante|1|AREPA DE CHOCOLO| |9506036|AREPA DE CHOCOLO| |9506036|Major Group 10|10|Major Group 10|10|Family Group 1008|1008|Family Group 1008|1008|OT1|1|Order Type Master 1|1|20185.00|0.00|20185.00|0.00|0.00|0.00|20185.00|0.00|20185.00|1|20185.00|1|0|0.00|0.00|0.00|76|18
FPMI|Restaurante|1|Restaurante|1|PATACON CARNE DESMECHADA| |9524028|PATACON CARNE DESMECHADA| |9524028|Major Group 10|10|Major Group 10|10|Family Group 1008|1008|Family Group 1008|1008|OT1|1|Order Type Master 1|1|24630.00|0.00|24630.00|0.00|0.00|0.00|24630.00|0.00|24630.00|1|24630.00|1|0|0.00|0.00|0.00|76|18
FPMI|Restaurante|1|Restaurante|1|ENTRECOT 180 gr  ENSALADA| |9502509|ENTRECOT 180 gr  ENSALADA| |9502509|Major Group 10|10|Major Group 10|10|Family Group 1008|1008|Family Group 1008|1008|OT1|1|Order Type Master 1|1|35093.00|0.00|35093.00|0.00|0.00|0.00|35093.00|0.00|35093.00|1|35093.00|1|0|0.00|0.00|0.00|53|13
FPMI|Restaurante|1|Restaurante|1|BISTEC CHURRASCO 250 gr ENSALADA| |9502346|BISTEC CHURRASCO 250 gr ENSALADA| |9502346|Major Group 10|10|Major Group 10|10|Family Group 1008|1008|Family Group 1008|1008|OT1|1|Order Type Master 1|1|53333.00|0.00|53333.00|0.00|0.00|0.00|53333.00|0.00|53333.00|1|53333.00|1|0|0.00|0.00|0.00|69|17
FPMI|Restaurante|1|Restaurante|1|LOMO 220 gr PAPA FRANCESA| |9502511|LOMO 220 gr PAPA FRANCESA| |9502511|Major Group 10|10|Major Group 10|10|Family Group 1008|1008|Family Group 1008|1008|OT1|1|Order Type Master 1|1|54444.00|0.00|54444.00|0.00|0.00|0.00|54444.00|0.00|54444.00|1|54444.00|1|0|0.00|0.00|0.00|71|17
FPMI|Restaurante|1|Restaurante|1|CANASTA DE 4 EMPANADAS CACHACAS| |9528040|CANASTA DE 4 EMPANADAS CACHACAS| |9528040|Major Group 10|10|Major Group 10|10|Family Group 1008|1008|Family Group 1008|1008|OT1|1|Order Type Master 1|1|22500.00|0.00|22500.00|0.00|0.00|0.00|22500.00|0.00|22500.00|1|22500.00|1|0|0.00|0.00|0.00|72|17
FPMI|Restaurante|1|Restaurante|1|CAZUELA DE FRIJOLES| |9520032|CAZUELA DE FRIJOLES| |9520032|Major Group 10|10|Major Group 10|10|Family Group 1008|1008|Family Group 1008|1008|OT1|1|Order Type Master 1|1|73704.00|0.00|73704.00|0.00|0.00|0.00|73704.00|0.00|73704.00|1|73704.00|2|0|0.00|0.00|0.00|72|17
FPMI|Restaurante|1|Restaurante|1|PECHUGA A LA PARRILLA 230 gr FRANCESA | |9506090|PECHUGA A LA PARRILLA 230 gr FRANCESA | |9506090|Major Group 10|10|Major Group 10|10|Family Group 1008|1008|Family Group 1008|1008|OT1|1|Order Type Master 1|1|24815.00|0.00|24815.00|0.00|0.00|0.00|24815.00|0.00|24815.00|1|24815.00|1|0|0.00|0.00|0.00|54|13
FPMI|Restaurante|1|Restaurante|1|Mod BienAsado| |980000006|Mod BienAsado| |980000006|Major Group 10|10|Major Group 10|10|Family Group 1008|1008|Family Group 1008|1008|OT1|1|Order Type Master 1|1|0.00|0.00|0.00|0.00|0.00|0.00|0.00|0.00|0.00|1|0.00|1|0|0.00|0.00|0.00|66|16
FPMI|Domicilios|20|Domicilios|20|CUCHUCO DE TRIGO PERSONAL | |9540232|CUCHUCO DE TRIGO PERSONAL | |9540232|Major Group 10|10|Major Group 10|10|Family Group 1008|1008|Family Group 1008|1008|OT2|2|Order Type Master 2|2|23150.00|0.00|23150.00|0.00|0.00|0.00|23150.00|0.00|23150.00|73|23150.00|5|0|0.00|0.00|0.00|83|20
FPMI|Plataformas|21|Plataformas|21|CAZUELA DE FRIJOLES| |9520032|CAZUELA DE FRIJOLES| |9520032|Major Group 10|10|Major Group 10|10|Family Group 1008|1008|Family Group 1008|1008|OT7|7|Order Type Master 7|7|38611.00|0.00|38611.00|0.00|0.00|0.00|38611.00|0.00|38611.00|153|38611.00|1|0|0.00|0.00|0.00|65|16
FPMI|Restaurante|1|Restaurante|1|GASEOSA 400 ml| |9606131|GASEOSA 400 ml| |9606131|Major Group 20|20|Major Group 20|20|Family Group 3000|3000|Family Group 3000|3000|OT1|1|Order Type Master 1|1|7593.00|0.00|7593.00|0.00|0.00|0.00|7593.00|0.00|7593.00|1|7593.00|1|0|0.00|0.00|0.00|53|13
FPMI|Restaurante|1|Restaurante|1|JUGO DE MANDARINA| |9604044|JUGO DE MANDARINA| |9604044|Major Group 20|20|Major Group 20|20|Family Group 3000|3000|Family Group 3000|3000|OT1|1|Order Type Master 1|1|14074.00|0.00|14074.00|0.00|0.00|0.00|14074.00|0.00|14074.00|1|14074.00|1|0|0.00|0.00|0.00|54|13
FPMI|Restaurante|1|Restaurante|1|CERVEZA CORONA| |9608012|CERVEZA CORONA| |9608012|Major Group 20|20|Major Group 20|20|Family Group 3000|3000|Family Group 3000|3000|OT1|1|Order Type Master 1|1|12778.00|0.00|12778.00|0.00|0.00|0.00|12778.00|0.00|12778.00|1|12778.00|1|0|0.00|0.00|0.00|52|12
FPMI|Restaurante|1|Restaurante|1|JUGO DE PINA - HIERBABUENA AGUA| |9604263|JUGO DE PINA - HIERBABUENA AGUA| |9604263|Major Group 20|20|Major Group 20|20|Family Group 3000|3000|Family Group 3000|3000|OT1|1|Order Type Master 1|1|11019.00|0.00|11019.00|0.00|0.00|0.00|11019.00|0.00|11019.00|1|11019.00|1|0|0.00|0.00|0.00|52|12
FPMI|Restaurante|1|Restaurante|1|CERVEZA CORONA| |9608012|CERVEZA CORONA| |9608012|Major Group 20|20|Major Group 20|20|Family Group 3000|3000|Family Group 3000|3000|OT1|1|Order Type Master 1|1|25556.00|0.00|25556.00|0.00|0.00|0.00|25556.00|0.00|25556.00|1|25556.00|2|0|0.00|0.00|0.00|79|19
FPMI|Restaurante|1|Restaurante|1|REFAJO| |9608024|REFAJO| |9608024|Major Group 20|20|Major Group 20|20|Family Group 3000|3000|Family Group 3000|3000|OT1|1|Order Type Master 1|1|12870.00|0.00|12870.00|0.00|0.00|0.00|12870.00|0.00|12870.00|1|12870.00|1|0|0.00|0.00|0.00|65|16
FPMI|Restaurante|1|Restaurante|1|LIMONADA NATURAL| |9604060|LIMONADA NATURAL| |9604060|Major Group 20|20|Major Group 20|20|Family Group 3000|3000|Family Group 3000|3000|OT1|1|Order Type Master 1|1|8519.00|0.00|8519.00|0.00|0.00|0.00|8519.00|0.00|8519.00|1|8519.00|1|0|0.00|0.00|0.00|54|13
FPMI|Restaurante|1|Restaurante|1|CERVEZA CLUB COLOMBIA| |9608004|CERVEZA CLUB COLOMBIA| |9608004|Major Group 20|20|Major Group 20|20|Family Group 3000|3000|Family Group 3000|3000|OT1|1|Order Type Master 1|1|11296.00|0.00|11296.00|0.00|0.00|0.00|11296.00|0.00|11296.00|1|11296.00|1|0|0.00|0.00|0.00|54|13
FPMI|Restaurante|1|Restaurante|1|GASEOSA 400 ml| |9606131|GASEOSA 400 ml| |9606131|Major Group 20|20|Major Group 20|20|Family Group 3000|3000|Family Group 3000|3000|OT1|1|Order Type Master 1|1|7593.00|0.00|7593.00|0.00|0.00|0.00|7593.00|0.00|7593.00|1|7593.00|1|0|0.00|0.00|0.00|72|17
FPMI|Restaurante|1|Restaurante|1|CERVEZA CLUB COLOMBIA| |9608004|CERVEZA CLUB COLOMBIA| |9608004|Major Group 20|20|Major Group 20|20|Family Group 3000|3000|Family Group 3000|3000|OT1|1|Order Type Master 1|1|11296.00|0.00|11296.00|0.00|0.00|0.00|11296.00|0.00|11296.00|1|11296.00|1|0|0.00|0.00|0.00|59|14
FPMI|Restaurante|1|Restaurante|1|REFAJO| |9608024|REFAJO| |9608024|Major Group 20|20|Major Group 20|20|Family Group 3000|3000|Family Group 3000|3000|OT1|1|Order Type Master 1|1|25740.00|0.00|25740.00|0.00|0.00|0.00|25740.00|0.00|25740.00|1|25740.00|2|0|0.00|0.00|0.00|54|13
FPMI|Restaurante|1|Restaurante|1|JUGO DE MARACUYA EN AGUA| |9604116|JUGO DE MARACUYA EN AGUA| |9604116|Major Group 20|20|Major Group 20|20|Family Group 3000|3000|Family Group 3000|3000|OT1|1|Order Type Master 1|1|0.00|-502.00|-502.00|0.00|0.00|0.00|0.00|-502.00|-502.00|1|0.00|0|0|0.00|0.00|0.00|57|14
FPMI|Restaurante|1|Restaurante|1|CANASTA MINI FRITANGUERA| |9502525|CANASTA MINI FRITANGUERA| |9502525|Major Group 10|10|Major Group 10|10|Family Group 1008|1008|Family Group 1008|1008|OT1|1|Order Type Master 1|1|0.00|-1113.00|-1113.00|0.00|0.00|0.00|0.00|-1113.00|-1113.00|1|0.00|0|0|0.00|0.00|0.00|63|15
FPMI|Restaurante|1|Restaurante|1|ENTRECOT 180 gr  FRANCESA| |9502504|ENTRECOT 180 gr  FRANCESA| |9502504|Major Group 10|10|Major Group 10|10|Family Group 1008|1008|Family Group 1008|1008|OT1|1|Order Type Master 1|1|35093.00|0.00|35093.00|0.00|0.00|0.00|35093.00|0.00|35093.00|1|35093.00|1|0|0.00|0.00|0.00|54|13
FPMI|Restaurante|1|Restaurante|1|Mod 3/4| |980000004|Mod 3/4| |980000004|Major Group 10|10|Major Group 10|10|Family Group 1008|1008|Family Group 1008|1008|OT1|1|Order Type Master 1|1|0.00|0.00|0.00|0.00|0.00|0.00|0.00|0.00|0.00|1|0.00|1|0|0.00|0.00|0.00|50|12
FPMI|Restaurante|1|Restaurante|1|Mod BienAsado| |980000006|Mod BienAsado| |980000006|Major Group 10|10|Major Group 10|10|Family Group 1008|1008|Family Group 1008|1008|OT1|1|Order Type Master 1|1|0.00|0.00|0.00|0.00|0.00|0.00|0.00|0.00|0.00|1|0.00|1|0|0.00|0.00|0.00|62|15
FPMI|Restaurante|1|Restaurante|1|ENTRECOT 180 gr  CHIPS| |9502507|ENTRECOT 180 gr  CHIPS| |9502507|Major Group 10|10|Major Group 10|10|Family Group 1008|1008|Family Group 1008|1008|OT1|1|Order Type Master 1|1|35093.00|0.00|35093.00|0.00|0.00|0.00|35093.00|0.00|35093.00|1|35093.00|1|0|0.00|0.00|0.00|59|14
FPMI|Restaurante|1|Restaurante|1|PATACON CON HOGAO| |9524044|PATACON CON HOGAO| |9524044|Major Group 10|10|Major Group 10|10|Family Group 1008|1008|Family Group 1008|1008|OT1|1|Order Type Master 1|1|10000.00|0.00|10000.00|0.00|0.00|0.00|10000.00|0.00|10000.00|1|10000.00|1|0|0.00|0.00|0.00|79|19
FPMI|Restaurante|1|Restaurante|1|TORTA DE CHOCOLATE | |9514022|TORTA DE CHOCOLATE | |9514022|Major Group 10|10|Major Group 10|10|Family Group 1008|1008|Family Group 1008|1008|OT1|1|Order Type Master 1|1|13519.00|0.00|13519.00|0.00|0.00|0.00|13519.00|0.00|13519.00|1|13519.00|1|0|0.00|0.00|0.00|76|18
FPMI|Restaurante|1|Restaurante|1|CHICHARRON 90 gr| |9528024|CHICHARRON 90 gr| |9528024|Major Group 10|10|Major Group 10|10|Family Group 1008|1008|Family Group 1008|1008|OT1|1|Order Type Master 1|1|26667.00|0.00|26667.00|0.00|0.00|0.00|26667.00|0.00|26667.00|1|26667.00|1|0|0.00|0.00|0.00|62|15
FPMI|Restaurante|1|Restaurante|1|MORCILLA 100 gr| |9502080|MORCILLA 100 gr| |9502080|Major Group 10|10|Major Group 10|10|Family Group 1008|1008|Family Group 1008|1008|OT1|1|Order Type Master 1|1|10741.00|0.00|10741.00|0.00|0.00|0.00|10741.00|0.00|10741.00|1|10741.00|1|0|0.00|0.00|0.00|62|15
FPMI|Restaurante|1|Restaurante|1|Mod CocaCola Original 400ml| |980000102|Mod CocaCola Original 400ml| |980000102|Major Group 10|10|Major Group 10|10|Family Group 1008|1008|Family Group 1008|1008|OT1|1|Order Type Master 1|1|0.00|0.00|0.00|0.00|0.00|0.00|0.00|0.00|0.00|1|0.00|1|0|0.00|0.00|0.00|58|14
FPMI|Restaurante|1|Restaurante|1|MAYONESA| |9500485|MAYONESA| |9500485|Major Group 10|10|Major Group 10|10|Family Group 1008|1008|Family Group 1008|1008|OT1|1|Order Type Master 1|1|0.00|0.00|0.00|0.00|0.00|0.00|0.00|0.00|0.00|1|0.00|1|0|0.00|0.00|0.00|56|13
FPMI|Restaurante|1|Restaurante|1|SALSA BBQ| |9500380|SALSA BBQ| |9500380|Major Group 10|10|Major Group 10|10|Family Group 1008|1008|Family Group 1008|1008|OT1|1|Order Type Master 1|1|0.00|0.00|0.00|0.00|0.00|0.00|0.00|0.00|0.00|1|0.00|1|0|0.00|0.00|0.00|56|13
FPMI|Restaurante|1|Restaurante|1|COMBO HAMBURGUESA CAMPESINA 125 gr BOT| |9508022|COMBO HAMBURGUESA CAMPESINA 125 gr BOT| |9508022|Major Group 10|10|Major Group 10|10|Family Group 1008|1008|Family Group 1008|1008|OT1|1|Order Type Master 1|1|29259.00|0.00|29259.00|0.00|0.00|0.00|29259.00|0.00|29259.00|1|29259.00|1|0|0.00|0.00|0.00|54|13
FPMI|Restaurante|1|Restaurante|1|PICADA INDIVIDUAL  ENSALADA| |9502579|PICADA INDIVIDUAL  ENSALADA| |9502579|Major Group 10|10|Major Group 10|10|Family Group 1008|1008|Family Group 1008|1008|OT1|1|Order Type Master 1|1|38704.00|0.00|38704.00|0.00|0.00|0.00|38704.00|0.00|38704.00|1|38704.00|1|0|0.00|0.00|0.00|71|17
FPMI|Restaurante|1|Restaurante|1|AREPA DE CHOCOLO| |9506036|AREPA DE CHOCOLO| |9506036|Major Group 10|10|Major Group 10|10|Family Group 1008|1008|Family Group 1008|1008|OT1|1|Order Type Master 1|1|40370.00|0.00|40370.00|0.00|0.00|0.00|40370.00|0.00|40370.00|1|40370.00|2|0|0.00|0.00|0.00|79|19
FPMI|Restaurante|1|Restaurante|1|HUEVO FRITO| |9500212|HUEVO FRITO| |9500212|Major Group 10|10|Major Group 10|10|Family Group 1008|1008|Family Group 1008|1008|OT1|1|Order Type Master 1|1|0.00|-149.00|-149.00|0.00|0.00|0.00|0.00|-149.00|-149.00|1|0.00|0|0|0.00|0.00|0.00|59|14
FPMI|Restaurante|1|Restaurante|1|CHURRASCO 250 gr ENSALADA| |9502108|CHURRASCO 250 gr ENSALADA| |9502108|Major Group 10|10|Major Group 10|10|Family Group 1008|1008|Family Group 1008|1008|OT1|1|Order Type Master 1|1|0.00|-2477.00|-2477.00|0.00|0.00|0.00|0.00|-2477.00|-2477.00|1|0.00|0|0|0.00|0.00|0.00|57|14
FPMI|Restaurante|1|Restaurante|1|MJE ALM| |90000037|MJE ALM| |90000037|Major Group 10|10|Major Group 10|10|Family Group 1008|1008|Family Group 1008|1008|OT1|1|Order Type Master 1|1|0.00|0.00|0.00|0.00|0.00|0.00|0.00|0.00|0.00|1|0.00|1|0|0.00|0.00|0.00|66|16
FPMI|Plataformas|21|Plataformas|21|CANASTA DE 4 EMPANADAS DE CARNE| |9528034|CANASTA DE 4 EMPANADAS DE CARNE| |9528034|Major Group 10|10|Major Group 10|10|Family Group 1008|1008|Family Group 1008|1008|OT7|7|Order Type Master 7|7|47222.00|0.00|47222.00|0.00|0.00|0.00|47222.00|0.00|47222.00|153|47222.00|2|0|0.00|0.00|0.00|79|19
FPMI|Restaurante|1|Restaurante|1|JUGO DE NARANJA| |9604048|JUGO DE NARANJA| |9604048|Major Group 20|20|Major Group 20|20|Family Group 3000|3000|Family Group 3000|3000|OT1|1|Order Type Master 1|1|11667.00|0.00|11667.00|0.00|0.00|0.00|11667.00|0.00|11667.00|1|11667.00|1|0|0.00|0.00|0.00|52|12
FPMI|Restaurante|1|Restaurante|1|FUZE TE DURAZNO | |9606108|FUZE TE DURAZNO | |9606108|Major Group 20|20|Major Group 20|20|Family Group 3000|3000|Family Group 3000|3000|OT1|1|Order Type Master 1|1|6389.00|0.00|6389.00|0.00|0.00|0.00|6389.00|0.00|6389.00|1|6389.00|1|0|0.00|0.00|0.00|80|19
FPMI|Restaurante|1|Restaurante|1|AROMATICA| |9602088|AROMATICA| |9602088|Major Group 20|20|Major Group 20|20|Family Group 3000|3000|Family Group 3000|3000|OT1|1|Order Type Master 1|1|4537.00|0.00|4537.00|0.00|0.00|0.00|4537.00|0.00|4537.00|1|4537.00|1|0|0.00|0.00|0.00|69|17
FPMI|Restaurante|1|Restaurante|1|JUGO DE MANDARINA| |9604044|JUGO DE MANDARINA| |9604044|Major Group 20|20|Major Group 20|20|Family Group 3000|3000|Family Group 3000|3000|OT1|1|Order Type Master 1|1|14074.00|0.00|14074.00|0.00|0.00|0.00|14074.00|0.00|14074.00|1|14074.00|1|0|0.00|0.00|0.00|81|20
FPMI|Restaurante|1|Restaurante|1|CERVEZA CLUB COLOMBIA| |9608004|CERVEZA CLUB COLOMBIA| |9608004|Major Group 20|20|Major Group 20|20|Family Group 3000|3000|Family Group 3000|3000|OT1|1|Order Type Master 1|1|22592.00|0.00|22592.00|0.00|0.00|0.00|22592.00|0.00|22592.00|1|22592.00|2|0|0.00|0.00|0.00|81|20
FPMI|Restaurante|1|Restaurante|1|AROMATICA| |9602088|AROMATICA| |9602088|Major Group 20|20|Major Group 20|20|Family Group 3000|3000|Family Group 3000|3000|OT1|1|Order Type Master 1|1|0.00|0.00|0.00|0.00|0.00|0.00|0.00|0.00|0.00|17|0.00|1|0|0.00|0.00|0.00|76|18
FPMI|Restaurante|1|Restaurante|1|AGUA MANANTIAL SIN GAS 500 ML| |9606135|AGUA MANANTIAL SIN GAS 500 ML| |9606135|Major Group 20|20|Major Group 20|20|Family Group 3000|3000|Family Group 3000|3000|OT1|1|Order Type Master 1|1|8148.00|0.00|8148.00|0.00|0.00|0.00|8148.00|0.00|8148.00|1|8148.00|1|0|0.00|0.00|0.00|80|19
FPMI|Restaurante|1|Restaurante|1|JUGO DE MORA EN AGUA| |9604108|JUGO DE MORA EN AGUA| |9604108|Major Group 20|20|Major Group 20|20|Family Group 3000|3000|Family Group 3000|3000|OT1|1|Order Type Master 1|1|10093.00|0.00|10093.00|0.00|0.00|0.00|10093.00|0.00|10093.00|1|10093.00|1|0|0.00|0.00|0.00|54|13
FPMI|Restaurante|1|Restaurante|1|AROMATICA| |9602088|AROMATICA| |9602088|Major Group 20|20|Major Group 20|20|Family Group 3000|3000|Family Group 3000|3000|OT1|1|Order Type Master 1|1|0.00|0.00|0.00|0.00|0.00|0.00|0.00|0.00|0.00|17|0.00|1|0|0.00|0.00|0.00|63|15
FPMI|Restaurante|1|Restaurante|1|MJE ALM| |90000037|MJE ALM| |90000037|Major Group 10|10|Major Group 10|10|Family Group 1008|1008|Family Group 1008|1008|OT1|1|Order Type Master 1|1|0.00|0.00|0.00|0.00|0.00|0.00|0.00|0.00|0.00|1|0.00|1|0|0.00|0.00|0.00|50|12
FPMI|Restaurante|1|Restaurante|1|TRUCHA A LA PLANCHA 350 gr ENSALADA| |9504163|TRUCHA A LA PLANCHA 350 gr ENSALADA| |9504163|Major Group 10|10|Major Group 10|10|Family Group 1008|1008|Family Group 1008|1008|OT1|1|Order Type Master 1|1|0.00|-3560.00|-3560.00|0.00|0.00|0.00|0.00|-3560.00|-3560.00|1|0.00|0|0|0.00|0.00|0.00|73|18
FPMI|Restaurante|1|Restaurante|1|PICADA INDIVIDUAL FRANCESA| |9502584|PICADA INDIVIDUAL FRANCESA| |9502584|Major Group 10|10|Major Group 10|10|Family Group 1008|1008|Family Group 1008|1008|OT1|1|Order Type Master 1|1|38704.00|0.00|38704.00|0.00|0.00|0.00|38704.00|0.00|38704.00|1|38704.00|1|0|0.00|0.00|0.00|52|12
FPMI|Restaurante|1|Restaurante|1|Mod 3/4| |980000004|Mod 3/4| |980000004|Major Group 10|10|Major Group 10|10|Family Group 1008|1008|Family Group 1008|1008|OT1|1|Order Type Master 1|1|0.00|0.00|0.00|0.00|0.00|0.00|0.00|0.00|0.00|1|0.00|3|0|0.00|0.00|0.00|52|12
FPMI|Restaurante|1|Restaurante|1|CHULETA DE CERDO 300 gr FRANCESA| |9502583|CHULETA DE CERDO 300 gr FRANCESA| |9502583|Major Group 10|10|Major Group 10|10|Family Group 1008|1008|Family Group 1008|1008|OT1|1|Order Type Master 1|1|35000.00|0.00|35000.00|0.00|0.00|0.00|35000.00|0.00|35000.00|1|35000.00|1|0|0.00|0.00|0.00|54|13
FPMI|Restaurante|1|Restaurante|1|PECHUGA A LA PARRILLA 230 gr CASCO| |9506084|PECHUGA A LA PARRILLA 230 gr CASCO| |9506084|Major Group 10|10|Major Group 10|10|Family Group 1008|1008|Family Group 1008|1008|OT1|1|Order Type Master 1|1|24815.00|0.00|24815.00|0.00|0.00|0.00|24815.00|0.00|24815.00|1|24815.00|1|0|0.00|0.00|0.00|54|13
FPMI|Restaurante|1|Restaurante|1|ADICION DE AGUACATE 100 gr| |9500032|ADICION DE AGUACATE 100 gr| |9500032|Major Group 10|10|Major Group 10|10|Family Group 1008|1008|Family Group 1008|1008|OT1|1|Order Type Master 1|1|5648.00|0.00|5648.00|0.00|0.00|0.00|5648.00|0.00|5648.00|1|5648.00|1|0|0.00|0.00|0.00|71|17
FPMI|Restaurante|1|Restaurante|1|TORTA DE CHOCOLATE | |9514022|TORTA DE CHOCOLATE | |9514022|Major Group 10|10|Major Group 10|10|Family Group 1008|1008|Family Group 1008|1008|OT1|1|Order Type Master 1|1|13519.00|0.00|13519.00|0.00|0.00|0.00|13519.00|0.00|13519.00|1|13519.00|1|0|0.00|0.00|0.00|63|15
FPMI|Restaurante|1|Restaurante|1|CANASTA DE 4 EMPANADAS CACHACAS| |9528040|CANASTA DE 4 EMPANADAS CACHACAS| |9528040|Major Group 10|10|Major Group 10|10|Family Group 1008|1008|Family Group 1008|1008|OT1|1|Order Type Master 1|1|45000.00|0.00|45000.00|0.00|0.00|0.00|45000.00|0.00|45000.00|1|45000.00|2|0|0.00|0.00|0.00|79|19
FPMI|Restaurante|1|Restaurante|1|PECHUGA A LA PARRILLA 230 gr ENSALADA | |9506091|PECHUGA A LA PARRILLA 230 gr ENSALADA | |9506091|Major Group 10|10|Major Group 10|10|Family Group 1008|1008|Family Group 1008|1008|OT1|1|Order Type Master 1|1|24815.00|0.00|24815.00|0.00|0.00|0.00|24815.00|0.00|24815.00|1|24815.00|1|0|0.00|0.00|0.00|72|17
FPMI|Restaurante|1|Restaurante|1|TRUCHA A LA PLANCHA 350 gr ENSALADA| |9504163|TRUCHA A LA PLANCHA 350 gr ENSALADA| |9504163|Major Group 10|10|Major Group 10|10|Family Group 1008|1008|Family Group 1008|1008|OT1|1|Order Type Master 1|1|0.00|-1791.00|-1791.00|0.00|0.00|0.00|0.00|-1791.00|-1791.00|1|0.00|0|0|0.00|0.00|0.00|59|14
FPMI|Restaurante|1|Restaurante|1|MJE ALM| |90000037|MJE ALM| |90000037|Major Group 10|10|Major Group 10|10|Family Group 1008|1008|Family Group 1008|1008|OT1|1|Order Type Master 1|1|0.00|0.00|0.00|0.00|0.00|0.00|0.00|0.00|0.00|1|0.00|1|0|0.00|0.00|0.00|59|14
FPMI|Restaurante|1|Restaurante|1|CALENTADO ANDRES| |9518004|CALENTADO ANDRES| |9518004|Major Group 10|10|Major Group 10|10|Family Group 1008|1008|Family Group 1008|1008|OT1|1|Order Type Master 1|1|0.00|-1745.00|-1745.00|0.00|0.00|0.00|0.00|-1745.00|-1745.00|1|0.00|0|0|0.00|0.00|0.00|57|14
FPMI|Restaurante|1|Restaurante|1|EMPANADA CACHACA| |9528008|EMPANADA CACHACA| |9528008|Major Group 10|10|Major Group 10|10|Family Group 1008|1008|Family Group 1008|1008|OT1|1|Order Type Master 1|1|12222.00|0.00|12222.00|0.00|0.00|0.00|12222.00|0.00|12222.00|1|12222.00|2|0|0.00|0.00|0.00|57|14
FPMI|Plataformas|21|Plataformas|21|CAZUELA DE FRIJOLES| |9520032|CAZUELA DE FRIJOLES| |9520032|Major Group 10|10|Major Group 10|10|Family Group 1008|1008|Family Group 1008|1008|OT7|7|Order Type Master 7|7|38611.00|0.00|38611.00|0.00|0.00|0.00|38611.00|0.00|38611.00|153|38611.00|1|0|0.00|0.00|0.00|61|15
