FPID|Expr12|Expres Palatino|20250120|20250120|20250121|122924|2.00|2.00|Simphony|19.7.2
FPSUM|Restaurante|1|Restaurante|1|243056.00|24305.00|0|0|0.00|0|19444.00|1|0|0|0|0|0.00|0.00|0.00|0|0|0|0.00|0|0.00|0|0.00|0|286805.00|1|0.00|0|0.00|0|0.00|0|0.00|0.00|12|51|243056.00|0.00|0.00|0.00|243056.00|121142.67|121142.67|0.00|1.00|0.00|121142.67|121142.67|121142.67
FPSUM|Restaurante|1|Restaurante|1|0.00|0.00|0|0|0.00|0|0.00|0|0|0|0|0|0.00|0.00|0.00|0|0|0|0.00|0|0.00|0|0.00|0|0.00|0|0.00|0|0.00|0|0.00|0|0.00|0.00|19|79|0.00|0.00|0.00|0.00|0.00|7716.00|7716.00|0.00|0.33|0.00|23148.02|7716.00|7716.00
FPSUM|Restaurante|1|Restaurante|1|18333.00|1833.00|0|0|0.00|0|1467.00|0|0|0|0|0|0.00|0.00|0.00|0|0|0|0.00|0|0.00|0|0.00|0|21633.00|0|0.00|0|0.00|0|0.00|0|0.00|0.00|11|48|18333.00|0.00|0.00|0.00|18333.00|27685.50|27685.50|0.00|0.50|0.00|55371.00|27685.50|27685.50
FPSUM|Restaurante|1|Restaurante|1|0.00|0.00|0|0|0.00|0|0.00|0|0|0|0|0|0.00|0.00|0.00|0|0|0|0.00|0|0.00|0|0.00|0|1.00|0|84240.00|1|0.00|0|0.00|0|0.00|0.00|14|59|0.00|0.00|0.00|0.00|0.00|122670.17|122670.17|0.00|0.83|0.00|147204.26|122670.17|122670.17
FPSUM|Domicilios|20|Domicilios|20|22130.00|0.00|0|0|0.00|0|1770.00|1|0|0|0|0|0.00|0.00|0.00|0|0|0|0.00|0|0.00|0|0.00|1|23900.00|1|23900.00|1|0.00|0|0.00|0|0.00|0.00|14|57|22130.00|0.00|0.00|0.00|22130.00|63796.33|63796.33|0.00|1.00|0.00|63796.33|63796.33|63796.33
FPSUM|Plataformas|21|Plataformas|21|92407.00|0.00|0|0|0.00|0|7393.00|2|0|0|0|0|0.00|0.00|0.00|0|0|0|25700.00|2|0.00|0|0.00|0|99800.00|2|38600.00|1|0.00|0|0.00|0|0.00|0.00|20|83|92407.00|0.00|0.00|0.00|92407.00|11743.83|11743.83|0.00|0.33|0.00|35231.54|11743.83|11743.83
FPSUM|Restaurante|1|Restaurante|1|0.00|0.00|0|0|0.00|0|0.00|0|0|0|0|0|0.00|0.00|0.00|0|0|0|0.00|0|0.00|0|0.00|0|0.00|0|0.00|0|0.00|0|0.00|0|0.00|0.00|19|80|0.00|0.00|0.00|0.00|0.00|49274.67|49274.67|0.00|0.67|0.00|73911.96|49274.67|49274.67
FPSUM|Domicilios|20|Domicilios|20|116298.00|0.00|0|0|0.00|0|9302.00|1|0|0|0|0|0.00|0.00|0.00|0|0|0|0.00|0|0.00|0|0.00|0|125600.00|1|125600.00|1|0.00|0|0.00|0|0.00|0.00|12|52|116298.00|0.00|0.00|0.00|116298.00|26543.33|26543.33|0.00|0.67|0.00|39814.98|26543.33|26543.33
FPSUM|Restaurante|1|Restaurante|1|0.00|0.00|0|0|0.00|0|0.00|0|0|0|0|0|0.00|0.00|0.00|0|0|0|0.00|0|0.00|0|0.00|0|0.00|0|237201.00|2|0.00|0|0.00|0|0.00|0.00|15|63|0.00|0.00|0.00|0.00|0.00|31682.17|31682.17|0.00|0.17|0.00|190092.62|31682.17|31682.17
FPSUM|Restaurante|1|Restaurante|1|230093.00|14407.00|-36852|2|0.00|0|18407.00|3|0|0|0|0|0.00|0.00|0.00|0|0|0|0.00|0|0.00|0|0.00|0|262904.00|3|307918.00|3|0.00|0|0.00|0|0.00|-8602.00|13|56|230093.00|0.00|0.00|0.00|230093.00|67531.33|67531.33|0.00|0.83|0.00|81037.63|67531.33|67531.33
FPSUM|Domicilios|20|Domicilios|20|20185.00|0.00|0|0|0.00|0|1615.00|1|0|0|0|0|0.00|0.00|0.00|0|0|0|0.00|0|0.00|0|0.00|0|21800.00|1|21800.00|1|0.00|0|0.00|0|0.00|0.00|18|74|20185.00|0.00|0.00|0.00|20185.00|19398.17|19398.17|0.00|0.67|0.00|29097.24|19398.17|19398.17
FPSUM|Plataformas|21|Plataformas|21|26019.00|0.00|0|0|0.00|0|2081.00|1|0|0|0|0|0.00|0.00|0.00|0|0|0|0.00|0|0.00|0|0.00|0|28100.00|1|28100.00|1|0.00|0|0.00|0|0.00|0.00|12|49|26019.00|0.00|0.00|0.00|26019.00|64459.83|64459.83|0.00|1.33|0.00|48344.89|64459.83|64459.83
FPSUM|Restaurante|1|Restaurante|1|89908.00|8991.00|0|0|0.00|0|7192.00|1|0|0|0|0|0.00|0.00|0.00|0|0|0|0.00|0|0.00|0|0.00|0|106091.00|1|0.00|0|0.00|0|0.00|0|0.00|0.00|14|57|89908.00|0.00|0.00|0.00|89908.00|143441.83|143441.83|0.00|1.33|0.00|107581.40|143441.83|143441.83
FPSUM|Domicilios|20|Domicilios|20|0.00|0.00|0|0|0.00|0|0.00|0|0|0|0|0|0.00|0.00|0.00|0|0|0|0.00|0|0.00|0|0.00|1|0.00|0|0.00|0|0.00|0|0.00|0|0.00|0.00|13|55|0.00|0.00|0.00|0.00|0.00|97669.83|97669.83|0.00|1.00|0.00|97669.83|97669.83|97669.83
FPSUM|Plataformas|21|Plataformas|21|43056.00|0.00|0|0|0.00|0|3444.00|1|0|0|0|0|0.00|0.00|0.00|0|0|0|0.00|0|0.00|0|0.00|0|46500.00|1|46500.00|1|0.00|0|0.00|0|0.00|0.00|19|79|43056.00|0.00|0.00|0.00|43056.00|14274.67|14274.67|0.00|0.33|0.00|42824.04|14274.67|14274.67
FPSUM|Domicilios|20|Domicilios|20|8148.00|0.00|0|0|0.00|0|652.00|1|0|0|0|0|0.00|0.00|0.00|0|0|0|0.00|0|0.00|0|0.00|0|8800.00|1|8800.00|1|0.00|0|0.00|0|0.00|0.00|18|76|8148.00|0.00|0.00|0.00|8148.00|20648.17|20648.17|0.00|0.67|0.00|30972.23|20648.17|20648.17
FPSUM|Domicilios|20|Domicilios|20|24815.00|0.00|0|0|0.00|0|1985.00|1|0|0|0|0|0.00|0.00|0.00|0|0|0|0.00|0|0.00|0|0.00|0|26800.00|1|26800.00|1|0.00|0|0.00|0|0.00|0.00|16|67|24815.00|0.00|0.00|0.00|24815.00|12747.00|12747.00|0.00|0.33|0.00|38241.04|12747.00|12747.00
FPSUM|Domicilios|20|Domicilios|20|0.00|0.00|0|0|0.00|0|0.00|0|0|0|0|0|0.00|0.00|0.00|0|0|0|0.00|0|0.00|0|0.00|0|0.00|0|17800.00|1|0.00|0|0.00|0|0.00|0.00|19|80|0.00|0.00|0.00|0.00|0.00|3364.17|3364.17|0.00|0.17|0.00|20184.96|3364.17|3364.17
FPSUM|Restaurante|1|Restaurante|1|312133.00|26628.00|0|0|0.00|0|24967.00|3|0|0|0|0|0.00|0.00|0.00|0|0|0|0.00|0|0.00|0|0.00|1|363728.00|3|0.00|0|0.00|0|0.00|0|0.00|0.00|12|52|312133.00|0.00|0.00|0.00|312133.00|230603.50|230603.50|0.00|1.50|0.00|153735.67|230603.50|230603.50
FPSUM|Restaurante|1|Restaurante|1|217686.00|21767.00|0|0|0.00|0|17414.00|3|0|0|0|0|0.00|0.00|0.00|0|0|0|0.00|0|0.00|0|0.00|0|256868.00|3|233487.00|3|0.00|0|0.00|0|0.00|0.00|14|58|217686.00|0.00|0.00|0.00|217686.00|76605.17|76605.17|0.00|0.83|0.00|91926.24|76605.17|76605.17
FPSUM|Restaurante|1|Restaurante|1|13241.00|1323.00|0|0|0.00|0|1059.00|1|0|0|0|0|0.00|0.00|0.00|0|0|0|0.00|0|0.00|0|0.00|0|15623.00|1|0.00|0|0.00|0|0.00|0|0.00|0.00|15|62|13241.00|0.00|0.00|0.00|13241.00|92577.67|92577.67|0.00|1.00|0.00|92577.67|92577.67|92577.67
FPSUM|Domicilios|20|Domicilios|20|203983.00|0.00|0|0|0.00|0|16317.00|2|0|0|0|0|0.00|0.00|0.00|0|0|0|58800.00|1|0.00|0|0.00|0|220300.00|2|220300.00|2|0.00|0|0.00|0|0.00|0.00|14|60|203983.00|0.00|0.00|0.00|203983.00|74522.00|74522.00|0.00|1.50|0.00|49681.33|74522.00|74522.00
FPSUM|Restaurante|1|Restaurante|1|0.00|0.00|0|0|0.00|0|0.00|0|0|0|0|0|0.00|0.00|0.00|0|0|0|0.00|0|0.00|0|0.00|0|0.00|0|412568.00|3|0.00|0|0.00|0|0.00|0.00|13|54|0.00|0.00|0.00|0.00|0.00|183488.67|183488.67|0.00|1.83|0.00|100084.75|183488.67|183488.67
FPSUM|Restaurante|1|Restaurante|1|183058.00|18305.00|0|0|0.00|0|14642.00|2|0|0|0|0|0.00|0.00|0.00|0|0|0|0.00|0|0.00|0|0.00|0|216004.00|2|115486.00|2|0.00|0|0.00|0|0.00|0.00|13|53|183058.00|0.00|0.00|0.00|183058.00|109661.17|109661.17|0.00|1.33|0.00|82245.90|109661.17|109661.17
FPSUM|Plataformas|21|Plataformas|21|109908.00|0.00|0|0|0.00|0|8792.00|1|0|0|0|0|0.00|0.00|0.00|0|0|0|54400.00|1|0.00|0|0.00|0|118700.00|1|118700.00|1|0.00|0|0.00|0|0.00|0.00|11|46|109908.00|0.00|0.00|0.00|109908.00|9336.33|9336.33|0.00|0.33|0.00|28009.03|9336.33|9336.33
FPSUM|Restaurante|1|Restaurante|1|0.00|0.00|0|0|0.00|0|0.00|0|0|0|0|0|0.00|0.00|0.00|0|0|0|0.00|0|0.00|0|0.00|0|-1.00|0|343837.00|4|0.00|0|0.00|0|0.00|0.00|14|60|0.00|0.00|0.00|0.00|0.00|59167.33|59167.33|0.00|0.50|0.00|118334.67|59167.33|59167.33
FPSUM|Restaurante|1|Restaurante|1|123797.00|12380.00|-8352|2|0.00|0|9903.00|1|0|0|0|0|0.00|0.00|0.00|0|0|0|0.00|0|0.00|0|0.00|0|146076.00|1|-4.00|1|0.00|0|0.00|0|0.00|-607.00|15|64|123797.00|0.00|0.00|0.00|123797.00|55401.33|55401.33|0.00|0.50|0.00|110802.67|55401.33|55401.33
FPSUM|Plataformas|21|Plataformas|21|89074.00|0.00|0|0|0.00|0|7126.00|1|0|0|0|0|0.00|0.00|0.00|0|0|0|0.00|0|0.00|0|0.00|0|96200.00|1|96200.00|1|0.00|0|0.00|0|0.00|0.00|12|50|89074.00|0.00|0.00|0.00|89074.00|74537.50|74537.50|0.00|0.50|0.00|149075.00|74537.50|74537.50
FPSUM|Restaurante|1|Restaurante|1|65927.00|6593.00|0|0|0.00|0|5273.00|2|0|0|0|0|0.00|0.00|0.00|0|0|0|0.00|0|0.00|0|49604.00|1|77793.00|2|37148.00|1|0.00|0|0.00|0|0.00|0.00|12|50|65927.00|0.00|0.00|0.00|65927.00|79197.83|79197.83|0.00|1.17|0.00|67883.84|79197.83|79197.83
FPSUM|Domicilios|20|Domicilios|20|65464.00|0.00|0|0|0.00|0|5236.00|2|0|0|0|0|0.00|0.00|0.00|0|0|0|0.00|0|0.00|0|0.00|0|70700.00|2|24500.00|1|0.00|0|0.00|0|0.00|0.00|13|54|65464.00|0.00|0.00|0.00|65464.00|134044.17|134044.17|0.00|0.83|0.00|160853.06|134044.17|134044.17
FPSUM|Restaurante|1|Restaurante|1|0.00|0.00|0|0|0.00|0|0.00|0|0|0|0|0|0.00|0.00|0.00|0|0|0|0.00|0|0.00|0|0.00|0|0.00|0|52117.00|1|0.00|0|0.00|0|0.00|0.00|12|49|0.00|0.00|0.00|0.00|0.00|34475.33|34475.33|0.00|0.67|0.00|51712.97|34475.33|34475.33
FPSUM|Domicilios|20|Domicilios|20|73519.00|0.00|0|0|0.00|0|5881.00|1|0|0|0|0|0.00|0.00|0.00|0|0|0|0.00|0|0.00|0|0.00|0|79400.00|1|79400.00|1|0.00|0|0.00|0|0.00|0.00|12|51|73519.00|0.00|0.00|0.00|73519.00|19737.83|19737.83|0.00|0.50|0.00|39475.67|19737.83|19737.83
FPSUM|Restaurante|1|Restaurante|1|195371.00|19537.00|0|0|0.00|0|15629.00|2|0|0|0|0|0.00|0.00|0.00|0|0|0|0.00|0|0.00|0|0.00|0|230537.00|2|124555.00|1|0.00|0|0.00|0|0.00|0.00|15|61|195371.00|0.00|0.00|0.00|195371.00|133102.33|133102.33|0.00|1.33|0.00|99826.77|133102.33|133102.33
FPSUM|Domicilios|20|Domicilios|20|69259.00|0.00|0|0|0.00|0|5541.00|1|0|0|0|0|0.00|0.00|0.00|0|0|0|24300.00|1|0.00|0|0.00|0|74800.00|1|74800.00|1|0.00|0|0.00|0|0.00|0.00|19|78|69259.00|0.00|0.00|0.00|69259.00|32901.50|32901.50|0.00|1.33|0.00|24676.13|32901.50|32901.50
FPSUM|Restaurante|1|Restaurante|1|0.00|0.00|0|0|0.00|0|0.00|0|0|0|0|0|0.00|0.00|0.00|0|0|0|0.00|0|0.00|0|0.00|0|0.00|0|74296.00|1|0.00|0|0.00|0|0.00|0.00|18|75|0.00|0.00|0.00|0.00|0.00|31605.00|31605.00|0.00|0.50|0.00|63210.00|31605.00|31605.00
FPSUM|Plataformas|21|Plataformas|21|113796.00|0.00|0|0|0.00|0|9104.00|2|0|0|0|0|0.00|0.00|0.00|0|0|0|13900.00|1|0.00|0|0.00|0|122900.00|2|122900.00|2|0.00|0|0.00|0|0.00|0.00|20|81|113796.00|0.00|0.00|0.00|113796.00|34413.67|34413.67|0.00|0.50|0.00|68827.33|34413.67|34413.67
FPSUM|Restaurante|1|Restaurante|1|57315.00|5732.00|0|0|0.00|0|4585.00|2|0|0|0|0|0.00|0.00|0.00|0|0|0|0.00|0|0.00|0|0.00|0|67632.00|2|0.00|0|0.00|0|0.00|0|0.00|0.00|11|47|57315.00|0.00|0.00|0.00|57315.00|6898.17|6898.17|0.00|0.17|0.00|41388.92|6898.17|6898.17
FPSUM|Restaurante|1|Restaurante|1|145648.00|14564.00|0|0|0.00|0|11652.00|2|0|0|0|0|0.00|0.00|0.00|0|0|0|0.00|0|0.00|0|0.00|0|171864.00|2|207592.00|1|0.00|0|0.00|0|0.00|0.00|18|73|145648.00|0.00|0.00|0.00|145648.00|48086.50|48086.50|0.00|0.33|0.00|144259.64|48086.50|48086.50
FPSUM|Plataformas|21|Plataformas|21|147779.00|0.00|0|0|0.00|0|11821.00|2|0|0|0|0|0.00|0.00|0.00|0|0|0|0.00|0|0.00|0|0.00|0|159600.00|2|159600.00|2|0.00|0|0.00|0|0.00|0.00|12|51|147779.00|0.00|0.00|0.00|147779.00|112855.17|112855.17|0.00|1.17|0.00|96732.97|112855.17|112855.17
FPSUM|Restaurante|1|Restaurante|1|0.00|0.00|0|0|0.00|0|0.00|0|0|0|0|0|0.00|0.00|0.00|0|0|0|0.00|0|0.00|0|0.00|0|0.00|0|155039.00|2|0.00|0|0.00|0|0.00|0.00|16|67|0.00|0.00|0.00|0.00|0.00|15802.50|15802.50|0.00|0.17|0.00|94814.81|15802.50|15802.50
FPSUM|Domicilios|20|Domicilios|20|163612.00|0.00|0|0|0.00|0|13088.00|1|0|0|0|0|0.00|0.00|0.00|0|0|0|0.00|0|0.00|0|0.00|0|176700.00|1|222900.00|2|0.00|0|0.00|0|0.00|0.00|13|56|163612.00|0.00|0.00|0.00|163612.00|58595.83|58595.83|0.00|1.00|0.00|58595.83|58595.83|58595.83
FPSUM|Domicilios|20|Domicilios|20|16185.00|0.00|0|0|0.00|0|1615.00|1|0|0|0|0|0.00|0.00|0.00|0|0|0|0.00|0|0.00|0|0.00|0|17800.00|1|0.00|0|0.00|0|0.00|0|0.00|0.00|19|79|20185.00|-4000.00|0.00|0.00|16185.00|18611.50|18611.50|0.00|0.67|0.00|27917.24|18611.50|18611.50
FPSUM|Restaurante|1|Restaurante|1|141019.00|14101.00|-13750|2|0.00|0|11281.00|2|0|0|0|0|0.00|0.00|0.00|0|0|0|0.00|0|0.00|0|65337.00|1|166401.00|2|114503.00|1|0.00|0|0.00|0|0.00|-1000.00|13|55|141019.00|0.00|0.00|0.00|141019.00|141235.33|141235.33|0.00|1.67|0.00|84741.18|141235.33|141235.33
FPSUM|Plataformas|21|Plataformas|21|54167.00|0.00|0|0|0.00|0|4333.00|1|0|0|0|0|0.00|0.00|0.00|0|0|0|0.00|0|0.00|0|0.00|0|58500.00|1|58500.00|1|0.00|0|0.00|0|0.00|0.00|11|47|54167.00|0.00|0.00|0.00|54167.00|9552.50|9552.50|0.00|0.33|0.00|28657.53|9552.50|9552.50
FPSUM|Restaurante|1|Restaurante|1|175928.00|17592.00|0|0|0.00|0|14072.00|1|0|0|0|0|0.00|0.00|0.00|0|0|0|11600.00|1|0.00|0|0.00|0|207592.00|1|0.00|0|0.00|0|0.00|0|0.00|0.00|17|70|175928.00|0.00|0.00|0.00|175928.00|9074.17|9074.17|0.00|0.17|0.00|54444.89|9074.17|9074.17
FPSUM|Restaurante|1|Restaurante|1|0.00|0.00|0|0|0.00|0|0.00|0|0|0|0|0|0.00|0.00|0.00|0|0|0|0.00|0|0.00|0|0.00|0|0.00|0|97568.00|1|0.00|0|0.00|0|0.00|0.00|18|76|0.00|0.00|0.00|0.00|0.00|47361.50|47361.50|0.00|0.50|0.00|94723.00|47361.50|47361.50
FPSUM|Plataformas|21|Plataformas|21|0.00|0.00|0|0|0.00|0|0.00|0|0|0|0|0|0.00|0.00|0.00|0|0|0|0.00|0|0.00|0|0.00|0|0.00|0|61200.00|1|0.00|0|0.00|0|0.00|0.00|20|84|0.00|0.00|0.00|0.00|0.00|0.00|0.00|0.00|0.00|0.00|0.00|0.00|0.00
FPOT|Restaurante|1|Restaurante|1|OT1|1|Order Type Master 1|1|195371.00|19537.00|0.00|0|0.00|0|15629.00|2|0|0|0|0|0.00|0.00|0.00|0|0|0|0.00|0|0.00|0|0.00|0|230537.00|2|124555.00|1|0.00|0|0.00|0|0.00|0.00|15|61|195371.00|0.00|0.00|0.00|195371.00|133102.33|133102.33|0.00|1.33|0.00|99826.77|133102.33|133102.33
FPOT|Restaurante|1|Restaurante|1|OT1|1|Order Type Master 1|1|217686.00|21767.00|0.00|0|0.00|0|17414.00|3|0|0|0|0|0.00|0.00|0.00|0|0|0|0.00|0|0.00|0|0.00|0|256868.00|3|233487.00|3|0.00|0|0.00|0|0.00|0.00|14|58|217686.00|0.00|0.00|0.00|217686.00|76605.17|76605.17|0.00|0.83|0.00|91926.24|76605.17|76605.17
FPOT|Domicilios|20|Domicilios|20|OT2|2|Order Type Master 2|2|24815.00|0.00|0.00|0|0.00|0|1985.00|1|0|0|0|0|0.00|0.00|0.00|0|0|0|0.00|0|0.00|0|0.00|0|26800.00|1|26800.00|1|0.00|0|0.00|0|0.00|0.00|16|67|24815.00|0.00|0.00|0.00|24815.00|12747.00|12747.00|0.00|0.33|0.00|38241.04|12747.00|12747.00
FPOT|Domicilios|20|Domicilios|20|OT2|2|Order Type Master 2|2|16185.00|0.00|0.00|0|0.00|0|1615.00|1|0|0|0|0|0.00|0.00|0.00|0|0|0|0.00|0|0.00|0|0.00|0|17800.00|1|0.00|0|0.00|0|0.00|0|0.00|0.00|19|79|20185.00|-4000.00|0.00|0.00|16185.00|18611.50|18611.50|0.00|0.67|0.00|27917.24|18611.50|18611.50
FPOT|Domicilios|20|Domicilios|20|OT2|2|Order Type Master 2|2|69259.00|0.00|0.00|0|0.00|0|5541.00|1|0|0|0|0|0.00|0.00|0.00|0|0|0|24300.00|1|0.00|0|0.00|0|74800.00|1|74800.00|1|0.00|0|0.00|0|0.00|0.00|19|78|69259.00|0.00|0.00|0.00|69259.00|32901.50|32901.50|0.00|1.33|0.00|24676.13|32901.50|32901.50
FPOT|Plataformas|21|Plataformas|21|OT7|7|Order Type Master 7|7|26019.00|0.00|0.00|0|0.00|0|2081.00|1|0|0|0|0|0.00|0.00|0.00|0|0|0|0.00|0|0.00|0|0.00|0|28100.00|1|28100.00|1|0.00|0|0.00|0|0.00|0.00|12|49|26019.00|0.00|0.00|0.00|26019.00|64459.83|64459.83|0.00|1.33|0.00|48344.89|64459.83|64459.83
FPOT|Plataformas|21|Plataformas|21|OT7|7|Order Type Master 7|7|113796.00|0.00|0.00|0|0.00|0|9104.00|2|0|0|0|0|0.00|0.00|0.00|0|0|0|13900.00|1|0.00|0|0.00|0|122900.00|2|122900.00|2|0.00|0|0.00|0|0.00|0.00|20|81|113796.00|0.00|0.00|0.00|113796.00|34413.67|34413.67|0.00|0.50|0.00|68827.33|34413.67|34413.67
FPOT|Restaurante|1|Restaurante|1|OT1|1|Order Type Master 1|1|123797.00|12380.00|-8352.00|2|0.00|0|9903.00|1|0|0|0|0|0.00|0.00|0.00|0|0|0|0.00|0|0.00|0|0.00|0|146076.00|1|-4.00|1|0.00|0|0.00|0|0.00|-607.00|15|64|123797.00|0.00|0.00|0.00|123797.00|55401.33|55401.33|0.00|0.50|0.00|110802.67|55401.33|55401.33
FPOT|Domicilios|20|Domicilios|20|OT2|2|Order Type Master 2|2|65464.00|0.00|0.00|0|0.00|0|5236.00|2|0|0|0|0|0.00|0.00|0.00|0|0|0|0.00|0|0.00|0|0.00|0|70700.00|2|24500.00|1|0.00|0|0.00|0|0.00|0.00|13|54|65464.00|0.00|0.00|0.00|65464.00|134044.17|134044.17|0.00|0.83|0.00|160853.06|134044.17|134044.17
FPOT|Domicilios|20|Domicilios|20|OT2|2|Order Type Master 2|2|22130.00|0.00|0.00|0|0.00|0|1770.00|1|0|0|0|0|0.00|0.00|0.00|0|0|0|0.00|0|0.00|0|0.00|1|23900.00|1|23900.00|1|0.00|0|0.00|0|0.00|0.00|14|57|22130.00|0.00|0.00|0.00|22130.00|63796.33|63796.33|0.00|1.00|0.00|63796.33|63796.33|63796.33
FPOT|Restaurante|1|Restaurante|1|OT1|1|Order Type Master 1|1|243056.00|24305.00|0.00|0|0.00|0|19444.00|1|0|0|0|0|0.00|0.00|0.00|0|0|0|0.00|0|0.00|0|0.00|0|286805.00|1|0.00|0|0.00|0|0.00|0|0.00|0.00|12|51|243056.00|0.00|0.00|0.00|243056.00|121142.67|121142.67|0.00|1.00|0.00|121142.67|121142.67|121142.67
FPOT|Restaurante|1|Restaurante|1|OT1|1|Order Type Master 1|1|141019.00|14101.00|-13750.00|2|0.00|0|11281.00|2|0|0|0|0|0.00|0.00|0.00|0|0|0|0.00|0|0.00|0|65337.00|1|166401.00|2|114503.00|1|0.00|0|0.00|0|0.00|-1000.00|13|55|141019.00|0.00|0.00|0.00|141019.00|141235.33|141235.33|0.00|1.67|0.00|84741.18|141235.33|141235.33
FPOT|Restaurante|1|Restaurante|1|OT1|1|Order Type Master 1|1|230093.00|14407.00|-36852.00|2|0.00|0|18407.00|3|0|0|0|0|0.00|0.00|0.00|0|0|0|0.00|0|0.00|0|0.00|0|262904.00|3|307918.00|3|0.00|0|0.00|0|0.00|-8602.00|13|56|230093.00|0.00|0.00|0.00|230093.00|67531.33|67531.33|0.00|0.83|0.00|81037.63|67531.33|67531.33
FPOT|Domicilios|20|Domicilios|20|OT2|2|Order Type Master 2|2|116298.00|0.00|0.00|0|0.00|0|9302.00|1|0|0|0|0|0.00|0.00|0.00|0|0|0|0.00|0|0.00|0|0.00|0|125600.00|1|125600.00|1|0.00|0|0.00|0|0.00|0.00|12|52|116298.00|0.00|0.00|0.00|116298.00|26543.33|26543.33|0.00|0.67|0.00|39814.98|26543.33|26543.33
FPOT|Domicilios|20|Domicilios|20|OT2|2|Order Type Master 2|2|163612.00|0.00|0.00|0|0.00|0|13088.00|1|0|0|0|0|0.00|0.00|0.00|0|0|0|0.00|0|0.00|0|0.00|0|176700.00|1|222900.00|2|0.00|0|0.00|0|0.00|0.00|13|56|163612.00|0.00|0.00|0.00|163612.00|58595.83|58595.83|0.00|1.00|0.00|58595.83|58595.83|58595.83
FPOT|Plataformas|21|Plataformas|21|OT7|7|Order Type Master 7|7|0.00|0.00|0.00|0|0.00|0|0.00|0|0|0|0|0|0.00|0.00|0.00|0|0|0|0.00|0|0.00|0|0.00|0|0.00|0|61200.00|1|0.00|0|0.00|0|0.00|0.00|20|84|0.00|0.00|0.00|0.00|0.00|0.00|0.00|0.00|0.00|0.00|0.00|0.00|0.00
FPOT|Plataformas|21|Plataformas|21|OT7|7|Order Type Master 7|7|147779.00|0.00|0.00|0|0.00|0|11821.00|2|0|0|0|0|0.00|0.00|0.00|0|0|0|0.00|0|0.00|0|0.00|0|159600.00|2|159600.00|2|0.00|0|0.00|0|0.00|0.00|12|51|147779.00|0.00|0.00|0.00|147779.00|112855.17|112855.17|0.00|1.17|0.00|96732.97|112855.17|112855.17
FPOT|Restaurante|1|Restaurante|1|OT1|1|Order Type Master 1|1|175928.00|17592.00|0.00|0|0.00|0|14072.00|1|0|0|0|0|0.00|0.00|0.00|0|0|0|11600.00|1|0.00|0|0.00|0|207592.00|1|0.00|0|0.00|0|0.00|0|0.00|0.00|17|70|175928.00|0.00|0.00|0.00|175928.00|9074.17|9074.17|0.00|0.17|0.00|54444.89|9074.17|9074.17
FPOT|Restaurante|1|Restaurante|1|OT1|1|Order Type Master 1|1|65927.00|6593.00|0.00|0|0.00|0|5273.00|2|0|0|0|0|0.00|0.00|0.00|0|0|0|0.00|0|0.00|0|49604.00|1|77793.00|2|37148.00|1|0.00|0|0.00|0|0.00|0.00|12|50|65927.00|0.00|0.00|0.00|65927.00|79197.83|79197.83|0.00|1.17|0.00|67883.84|79197.83|79197.83
FPOT|Restaurante|1|Restaurante|1|OT1|1|Order Type Master 1|1|18333.00|1833.00|0.00|0|0.00|0|1467.00|0|0|0|0|0|0.00|0.00|0.00|0|0|0|0.00|0|0.00|0|0.00|0|21633.00|0|0.00|0|0.00|0|0.00|0|0.00|0.00|11|48|18333.00|0.00|0.00|0.00|18333.00|27685.50|27685.50|0.00|0.50|0.00|55371.00|27685.50|27685.50
FPOT|Restaurante|1|Restaurante|1|OT1|1|Order Type Master 1|1|0.00|0.00|0.00|0|0.00|0|0.00|0|0|0|0|0|0.00|0.00|0.00|0|0|0|0.00|0|0.00|0|0.00|0|0.00|0|412568.00|3|0.00|0|0.00|0|0.00|0.00|13|54|0.00|0.00|0.00|0.00|0.00|183488.67|183488.67|0.00|1.83|0.00|100084.75|183488.67|183488.67
FPOT|Restaurante|1|Restaurante|1|OT1|1|Order Type Master 1|1|0.00|0.00|0.00|0|0.00|0|0.00|0|0|0|0|0|0.00|0.00|0.00|0|0|0|0.00|0|0.00|0|0.00|0|0.00|0|237201.00|2|0.00|0|0.00|0|0.00|0.00|15|63|0.00|0.00|0.00|0.00|0.00|31682.17|31682.17|0.00|0.17|0.00|190092.62|31682.17|31682.17
FPOT|Restaurante|1|Restaurante|1|OT1|1|Order Type Master 1|1|13241.00|1323.00|0.00|0|0.00|0|1059.00|1|0|0|0|0|0.00|0.00|0.00|0|0|0|0.00|0|0.00|0|0.00|0|15623.00|1|0.00|0|0.00|0|0.00|0|0.00|0.00|15|62|13241.00|0.00|0.00|0.00|13241.00|92577.67|92577.67|0.00|1.00|0.00|92577.67|92577.67|92577.67
FPOT|Domicilios|20|Domicilios|20|OT2|2|Order Type Master 2|2|20185.00|0.00|0.00|0|0.00|0|1615.00|1|0|0|0|0|0.00|0.00|0.00|0|0|0|0.00|0|0.00|0|0.00|0|21800.00|1|21800.00|1|0.00|0|0.00|0|0.00|0.00|18|74|20185.00|0.00|0.00|0.00|20185.00|19398.17|19398.17|0.00|0.67|0.00|29097.24|19398.17|19398.17
FPOT|Plataformas|21|Plataformas|21|OT7|7|Order Type Master 7|7|89074.00|0.00|0.00|0|0.00|0|7126.00|1|0|0|0|0|0.00|0.00|0.00|0|0|0|0.00|0|0.00|0|0.00|0|96200.00|1|96200.00|1|0.00|0|0.00|0|0.00|0.00|12|50|89074.00|0.00|0.00|0.00|89074.00|74537.50|74537.50|0.00|0.50|0.00|149075.00|74537.50|74537.50
FPOT|Plataformas|21|Plataformas|21|OT7|7|Order Type Master 7|7|43056.00|0.00|0.00|0|0.00|0|3444.00|1|0|0|0|0|0.00|0.00|0.00|0|0|0|0.00|0|0.00|0|0.00|0|46500.00|1|46500.00|1|0.00|0|0.00|0|0.00|0.00|19|79|43056.00|0.00|0.00|0.00|43056.00|14274.67|14274.67|0.00|0.33|0.00|42824.04|14274.67|14274.67
FPOT|Restaurante|1|Restaurante|1|OT1|1|Order Type Master 1|1|0.00|0.00|0.00|0|0.00|0|0.00|0|0|0|0|0|0.00|0.00|0.00|0|0|0|0.00|0|0.00|0|0.00|0|0.00|0|0.00|0|0.00|0|0.00|0|0.00|0.00|19|80|0.00|0.00|0.00|0.00|0.00|49274.67|49274.67|0.00|0.67|0.00|73911.96|49274.67|49274.67
FPOT|Restaurante|1|Restaurante|1|OT1|1|Order Type Master 1|1|0.00|0.00|0.00|0|0.00|0|0.00|0|0|0|0|0|0.00|0.00|0.00|0|0|0|0.00|0|0.00|0|0.00|0|0.00|0|97568.00|1|0.00|0|0.00|0|0.00|0.00|18|76|0.00|0.00|0.00|0.00|0.00|47361.50|47361.50|0.00|0.50|0.00|94723.00|47361.50|47361.50
FPOT|Restaurante|1|Restaurante|1|OT1|1|Order Type Master 1|1|57315.00|5732.00|0.00|0|0.00|0|4585.00|2|0|0|0|0|0.00|0.00|0.00|0|0|0|0.00|0|0.00|0|0.00|0|67632.00|2|0.00|0|0.00|0|0.00|0|0.00|0.00|11|47|57315.00|0.00|0.00|0.00|57315.00|6898.17|6898.17|0.00|0.17|0.00|41388.92|6898.17|6898.17
FPOT|Restaurante|1|Restaurante|1|OT1|1|Order Type Master 1|1|312133.00|26628.00|0.00|0|0.00|0|24967.00|3|0|0|0|0|0.00|0.00|0.00|0|0|0|0.00|0|0.00|0|0.00|1|363728.00|3|0.00|0|0.00|0|0.00|0|0.00|0.00|12|52|312133.00|0.00|0.00|0.00|312133.00|230603.50|230603.50|0.00|1.50|0.00|153735.67|230603.50|230603.50
FPOT|Plataformas|21|Plataformas|21|OT7|7|Order Type Master 7|7|92407.00|0.00|0.00|0|0.00|0|7393.00|2|0|0|0|0|0.00|0.00|0.00|0|0|0|25700.00|2|0.00|0|0.00|0|99800.00|2|38600.00|1|0.00|0|0.00|0|0.00|0.00|20|83|92407.00|0.00|0.00|0.00|92407.00|11743.83|11743.83|0.00|0.33|0.00|35231.54|11743.83|11743.83
FPOT|Restaurante|1|Restaurante|1|OT1|1|Order Type Master 1|1|145648.00|14564.00|0.00|0|0.00|0|11652.00|2|0|0|0|0|0.00|0.00|0.00|0|0|0|0.00|0|0.00|0|0.00|0|171864.00|2|207592.00|1|0.00|0|0.00|0|0.00|0.00|18|73|145648.00|0.00|0.00|0.00|145648.00|48086.50|48086.50|0.00|0.33|0.00|144259.64|48086.50|48086.50
FPOT|Restaurante|1|Restaurante|1|OT1|1|Order Type Master 1|1|0.00|0.00|0.00|0|0.00|0|0.00|0|0|0|0|0|0.00|0.00|0.00|0|0|0|0.00|0|0.00|0|0.00|0|0.00|0|155039.00|2|0.00|0|0.00|0|0.00|0.00|16|67|0.00|0.00|0.00|0.00|0.00|15802.50|15802.50|0.00|0.17|0.00|94814.81|15802.50|15802.50
FPOT|Restaurante|1|Restaurante|1|OT1|1|Order Type Master 1|1|0.00|0.00|0.00|0|0.00|0|0.00|0|0|0|0|0|0.00|0.00|0.00|0|0|0|0.00|0|0.00|0|0.00|0|0.00|0|0.00|0|0.00|0|0.00|0|0.00|0.00|19|79|0.00|0.00|0.00|0.00|0.00|7716.00|7716.00|0.00|0.33|0.00|23148.02|7716.00|7716.00
FPOT|Domicilios|20|Domicilios|20|OT2|2|Order Type Master 2|2|8148.00|0.00|0.00|0|0.00|0|652.00|1|0|0|0|0|0.00|0.00|0.00|0|0|0|0.00|0|0.00|0|0.00|0|8800.00|1|8800.00|1|0.00|0|0.00|0|0.00|0.00|18|76|8148.00|0.00|0.00|0.00|8148.00|20648.17|20648.17|0.00|0.67|0.00|30972.23|20648.17|20648.17
FPOT|Domicilios|20|Domicilios|20|OT2|2|Order Type Master 2|2|0.00|0.00|0.00|0|0.00|0|0.00|0|0|0|0|0|0.00|0.00|0.00|0|0|0|0.00|0|0.00|0|0.00|1|0.00|0|0.00|0|0.00|0|0.00|0|0.00|0.00|13|55|0.00|0.00|0.00|0.00|0.00|97669.83|97669.83|0.00|1.00|0.00|97669.83|97669.83|97669.83
FPOT|Restaurante|1|Restaurante|1|OT1|1|Order Type Master 1|1|0.00|0.00|0.00|0|0.00|0|0.00|0|0|0|0|0|0.00|0.00|0.00|0|0|0|0.00|0|0.00|0|0.00|0|0.00|0|74296.00|1|0.00|0|0.00|0|0.00|0.00|18|75|0.00|0.00|0.00|0.00|0.00|31605.00|31605.00|0.00|0.50|0.00|63210.00|31605.00|31605.00
FPOT|Restaurante|1|Restaurante|1|OT1|1|Order Type Master 1|1|183058.00|18305.00|0.00|0|0.00|0|14642.00|2|0|0|0|0|0.00|0.00|0.00|0|0|0|0.00|0|0.00|0|0.00|0|216004.00|2|115486.00|2|0.00|0|0.00|0|0.00|0.00|13|53|183058.00|0.00|0.00|0.00|183058.00|109661.17|109661.17|0.00|1.33|0.00|82245.90|109661.17|109661.17
FPOT|Restaurante|1|Restaurante|1|OT1|1|Order Type Master 1|1|0.00|0.00|0.00|0|0.00|0|0.00|0|0|0|0|0|0.00|0.00|0.00|0|0|0|0.00|0|0.00|0|0.00|0|-1.00|0|343837.00|4|0.00|0|0.00|0|0.00|0.00|14|60|0.00|0.00|0.00|0.00|0.00|59167.33|59167.33|0.00|0.50|0.00|118334.67|59167.33|59167.33
FPOT|Restaurante|1|Restaurante|1|OT1|1|Order Type Master 1|1|0.00|0.00|0.00|0|0.00|0|0.00|0|0|0|0|0|0.00|0.00|0.00|0|0|0|0.00|0|0.00|0|0.00|0|1.00|0|84240.00|1|0.00|0|0.00|0|0.00|0.00|14|59|0.00|0.00|0.00|0.00|0.00|122670.17|122670.17|0.00|0.83|0.00|147204.26|122670.17|122670.17
FPOT|Restaurante|1|Restaurante|1|OT1|1|Order Type Master 1|1|89908.00|8991.00|0.00|0|0.00|0|7192.00|1|0|0|0|0|0.00|0.00|0.00|0|0|0|0.00|0|0.00|0|0.00|0|106091.00|1|0.00|0|0.00|0|0.00|0|0.00|0.00|14|57|89908.00|0.00|0.00|0.00|89908.00|143441.83|143441.83|0.00|1.33|0.00|107581.40|143441.83|143441.83
FPOT|Restaurante|1|Restaurante|1|OT1|1|Order Type Master 1|1|0.00|0.00|0.00|0|0.00|0|0.00|0|0|0|0|0|0.00|0.00|0.00|0|0|0|0.00|0|0.00|0|0.00|0|0.00|0|52117.00|1|0.00|0|0.00|0|0.00|0.00|12|49|0.00|0.00|0.00|0.00|0.00|34475.33|34475.33|0.00|0.67|0.00|51712.97|34475.33|34475.33
FPOT|Domicilios|20|Domicilios|20|OT2|2|Order Type Master 2|2|73519.00|0.00|0.00|0|0.00|0|5881.00|1|0|0|0|0|0.00|0.00|0.00|0|0|0|0.00|0|0.00|0|0.00|0|79400.00|1|79400.00|1|0.00|0|0.00|0|0.00|0.00|12|51|73519.00|0.00|0.00|0.00|73519.00|19737.83|19737.83|0.00|0.50|0.00|39475.67|19737.83|19737.83
FPOT|Domicilios|20|Domicilios|20|OT2|2|Order Type Master 2|2|203983.00|0.00|0.00|0|0.00|0|16317.00|2|0|0|0|0|0.00|0.00|0.00|0|0|0|58800.00|1|0.00|0|0.00|0|220300.00|2|220300.00|2|0.00|0|0.00|0|0.00|0.00|14|60|203983.00|0.00|0.00|0.00|203983.00|74522.00|74522.00|0.00|1.50|0.00|49681.33|74522.00|74522.00
FPOT|Domicilios|20|Domicilios|20|OT2|2|Order Type Master 2|2|0.00|0.00|0.00|0|0.00|0|0.00|0|0|0|0|0|0.00|0.00|0.00|0|0|0|0.00|0|0.00|0|0.00|0|0.00|0|17800.00|1|0.00|0|0.00|0|0.00|0.00|19|80|0.00|0.00|0.00|0.00|0.00|3364.17|3364.17|0.00|0.17|0.00|20184.96|3364.17|3364.17
FPOT|Plataformas|21|Plataformas|21|OT7|7|Order Type Master 7|7|54167.00|0.00|0.00|0|0.00|0|4333.00|1|0|0|0|0|0.00|0.00|0.00|0|0|0|0.00|0|0.00|0|0.00|0|58500.00|1|58500.00|1|0.00|0|0.00|0|0.00|0.00|11|47|54167.00|0.00|0.00|0.00|54167.00|9552.50|9552.50|0.00|0.33|0.00|28657.53|9552.50|9552.50
FPOT|Plataformas|21|Plataformas|21|OT7|7|Order Type Master 7|7|109908.00|0.00|0.00|0|0.00|0|8792.00|1|0|0|0|0|0.00|0.00|0.00|0|0|0|54400.00|1|0.00|0|0.00|0|118700.00|1|118700.00|1|0.00|0|0.00|0|0.00|0.00|11|46|109908.00|0.00|0.00|0.00|109908.00|9336.33|9336.33|0.00|0.33|0.00|28009.03|9336.33|9336.33
FPMI|Restaurante|1|Restaurante|1|LIMONADA HIERBABUENA| |9604066|LIMONADA HIERBABUENA| |9604066|Major Group 20|20|Major Group 20|20|Family Group 3000|3000|Family Group 3000|3000|OT1|1|Order Type Master 1|1|8519.00|0.00|8519.00|0.00|0.00|0.00|8519.00|0.00|8519.00|1|8519.00|1|0|0.00|0.00|0.00|70|17
FPMI|Restaurante|1|Restaurante|1|JUGO DE MANDARINA| |9604044|JUGO DE MANDARINA| |9604044|Major Group 20|20|Major Group 20|20|Family Group 3000|3000|Family Group 3000|3000|OT1|1|Order Type Master 1|1|14074.00|0.00|14074.00|0.00|0.00|0.00|14074.00|0.00|14074.00|1|14074.00|1|0|0.00|0.00|0.00|70|17
FPMI|Restaurante|1|Restaurante|1|LIMONADA NATURAL| |9604060|LIMONADA NATURAL| |9604060|Major Group 20|20|Major Group 20|20|Family Group 3000|3000|Family Group 3000|3000|OT1|1|Order Type Master 1|1|8519.00|0.00|8519.00|0.00|0.00|0.00|8519.00|0.00|8519.00|1|8519.00|1|0|0.00|0.00|0.00|64|15
FPMI|Domicilios|20|Domicilios|20|AGUA MANANTIAL SIN GAS 500 ML| |9606135|AGUA MANANTIAL SIN GAS 500 ML| |9606135|Major Group 20|20|Major Group 20|20|Family Group 3000|3000|Family Group 3000|3000|OT2|2|Order Type Master 2|2|8148.00|0.00|8148.00|0.00|0.00|0.00|8148.00|0.00|8148.00|73|8148.00|1|0|0.00|0.00|0.00|60|14
FPMI|Restaurante|1|Restaurante|1|CHICHARRON 90 gr| |9528024|CHICHARRON 90 gr| |9528024|Major Group 10|10|Major Group 10|10|Family Group 1008|1008|Family Group 1008|1008|OT1|1|Order Type Master 1|1|26667.00|0.00|26667.00|0.00|0.00|0.00|26667.00|0.00|26667.00|1|26667.00|1|0|0.00|0.00|0.00|70|17
FPMI|Restaurante|1|Restaurante|1|PECHUGA A LA PARRILLA 230 gr ENSALADA | |9506091|PECHUGA A LA PARRILLA 230 gr ENSALADA | |9506091|Major Group 10|10|Major Group 10|10|Family Group 1008|1008|Family Group 1008|1008|OT1|1|Order Type Master 1|1|24815.00|0.00|24815.00|0.00|0.00|0.00|24815.00|0.00|24815.00|1|24815.00|1|0|0.00|0.00|0.00|52|12
FPMI|Restaurante|1|Restaurante|1|ENTRECOT 180 gr  ARROZ| |9502508|ENTRECOT 180 gr  ARROZ| |9502508|Major Group 10|10|Major Group 10|10|Family Group 1008|1008|Family Group 1008|1008|OT1|1|Order Type Master 1|1|-36852.00|0.00|-36852.00|0.00|0.00|0.00|-36852.00|0.00|-36852.00|1|-36852.00|-1|0|0.00|0.00|0.00|56|13
FPMI|Restaurante|1|Restaurante|1|MADURITOS| |9500252|MADURITOS| |9500252|Major Group 10|10|Major Group 10|10|Family Group 1008|1008|Family Group 1008|1008|OT1|1|Order Type Master 1|1|3426.00|0.00|3426.00|0.00|0.00|0.00|3426.00|0.00|3426.00|1|3426.00|1|0|0.00|0.00|0.00|73|18
FPMI|Restaurante|1|Restaurante|1|Mod 3/4| |980000004|Mod 3/4| |980000004|Major Group 10|10|Major Group 10|10|Family Group 1008|1008|Family Group 1008|1008|OT1|1|Order Type Master 1|1|0.00|0.00|0.00|0.00|0.00|0.00|0.00|0.00|0.00|1|0.00|1|0|0.00|0.00|0.00|73|18
FPMI|Restaurante|1|Restaurante|1|Mod 3/4| |980000004|Mod 3/4| |980000004|Major Group 10|10|Major Group 10|10|Family Group 1008|1008|Family Group 1008|1008|OT1|1|Order Type Master 1|1|0.00|0.00|0.00|0.00|0.00|0.00|0.00|0.00|0.00|1|0.00|1|0|0.00|0.00|0.00|55|13
FPMI|Restaurante|1|Restaurante|1|MJE ALM| |90000037|MJE ALM| |90000037|Major Group 10|10|Major Group 10|10|Family Group 1008|1008|Family Group 1008|1008|OT1|1|Order Type Master 1|1|0.00|0.00|0.00|0.00|0.00|0.00|0.00|0.00|0.00|1|0.00|1|0|0.00|0.00|0.00|61|15
FPMI|Restaurante|1|Restaurante|1|Mod BienAsado| |980000006|Mod BienAsado| |980000006|Major Group 10|10|Major Group 10|10|Family Group 1008|1008|Family Group 1008|1008|OT1|1|Order Type Master 1|1|0.00|0.00|0.00|0.00|0.00|0.00|0.00|0.00|0.00|1|0.00|2|0|0.00|0.00|0.00|51|12
FPMI|Restaurante|1|Restaurante|1|MJE ALM| |90000037|MJE ALM| |90000037|Major Group 10|10|Major Group 10|10|Family Group 1008|1008|Family Group 1008|1008|OT1|1|Order Type Master 1|1|0.00|0.00|0.00|0.00|0.00|0.00|0.00|0.00|0.00|1|0.00|1|0|0.00|0.00|0.00|48|11
FPMI|Restaurante|1|Restaurante|1|MJE ALM| |90000037|MJE ALM| |90000037|Major Group 10|10|Major Group 10|10|Family Group 1008|1008|Family Group 1008|1008|OT1|1|Order Type Master 1|1|0.00|0.00|0.00|0.00|0.00|0.00|0.00|0.00|0.00|1|0.00|1|0|0.00|0.00|0.00|56|13
FPMI|Restaurante|1|Restaurante|1|PECHUGA A LA PARRILLA 230 gr CHIPS| |9506119|PECHUGA A LA PARRILLA 230 gr CHIPS| |9506119|Major Group 10|10|Major Group 10|10|Family Group 1008|1008|Family Group 1008|1008|OT1|1|Order Type Master 1|1|24815.00|0.00|24815.00|0.00|0.00|0.00|24815.00|0.00|24815.00|1|24815.00|1|0|0.00|0.00|0.00|50|12
FPMI|Domicilios|20|Domicilios|20|PATACON CARNE DESMECHADA| |9524028|PATACON CARNE DESMECHADA| |9524028|Major Group 10|10|Major Group 10|10|Family Group 1008|1008|Family Group 1008|1008|OT2|2|Order Type Master 2|2|24630.00|0.00|24630.00|0.00|0.00|0.00|24630.00|0.00|24630.00|73|24630.00|1|0|0.00|0.00|0.00|78|19
FPMI|Domicilios|20|Domicilios|20|LOMO 220 gr ENSALADA| |9502516|LOMO 220 gr ENSALADA| |9502516|Major Group 10|10|Major Group 10|10|Family Group 1008|1008|Family Group 1008|1008|OT2|2|Order Type Master 2|2|54444.00|0.00|54444.00|0.00|0.00|0.00|54444.00|0.00|54444.00|73|54444.00|1|0|0.00|0.00|0.00|60|14
FPMI|Domicilios|20|Domicilios|20|AREPA DE CHOCOLO| |9506036|AREPA DE CHOCOLO| |9506036|Major Group 10|10|Major Group 10|10|Family Group 1008|1008|Family Group 1008|1008|OT2|2|Order Type Master 2|2|20185.00|0.00|20185.00|0.00|0.00|0.00|20185.00|0.00|20185.00|73|20185.00|1|0|0.00|0.00|0.00|51|12
FPMI|Plataformas|21|Plataformas|21|Mod 1/2| |980000002|Mod 1/2| |980000002|Major Group 10|10|Major Group 10|10|Family Group 1008|1008|Family Group 1008|1008|OT7|7|Order Type Master 7|7|0.00|0.00|0.00|0.00|0.00|0.00|0.00|0.00|0.00|1|0.00|1|0|0.00|0.00|0.00|47|11
FPMI|Plataformas|21|Plataformas|21|PECHUGA A LA PARRILLA 230 gr FRANCESA | |9506090|PECHUGA A LA PARRILLA 230 gr FRANCESA | |9506090|Major Group 10|10|Major Group 10|10|Family Group 1008|1008|Family Group 1008|1008|OT7|7|Order Type Master 7|7|26019.00|0.00|26019.00|0.00|0.00|0.00|26019.00|0.00|26019.00|153|26019.00|1|0|0.00|0.00|0.00|46|11
FPMI|Restaurante|1|Restaurante|1|GASEOSA 400 ml| |9606131|GASEOSA 400 ml| |9606131|Major Group 20|20|Major Group 20|20|Family Group 3000|3000|Family Group 3000|3000|OT1|1|Order Type Master 1|1|7593.00|0.00|7593.00|0.00|0.00|0.00|7593.00|0.00|7593.00|1|7593.00|1|0|0.00|0.00|0.00|55|13
FPMI|Restaurante|1|Restaurante|1|AGUA MANANTIAL SIN GAS 500 ML CON LIMON| |9606137|AGUA MANANTIAL SIN GAS 500 ML CON LIMON| |9606137|Major Group 20|20|Major Group 20|20|Family Group 3000|3000|Family Group 3000|3000|OT1|1|Order Type Master 1|1|8519.00|0.00|8519.00|0.00|0.00|0.00|8519.00|0.00|8519.00|1|8519.00|1|0|0.00|0.00|0.00|56|13
FPMI|Restaurante|1|Restaurante|1|AGUA MANANTIAL SIN GAS 500 ML| |9606135|AGUA MANANTIAL SIN GAS 500 ML| |9606135|Major Group 20|20|Major Group 20|20|Family Group 3000|3000|Family Group 3000|3000|OT1|1|Order Type Master 1|1|8148.00|0.00|8148.00|0.00|0.00|0.00|8148.00|0.00|8148.00|1|8148.00|1|0|0.00|0.00|0.00|52|12
FPMI|Restaurante|1|Restaurante|1|JUGO DE NARANJA| |9604048|JUGO DE NARANJA| |9604048|Major Group 20|20|Major Group 20|20|Family Group 3000|3000|Family Group 3000|3000|OT1|1|Order Type Master 1|1|11667.00|0.00|11667.00|0.00|0.00|0.00|11667.00|0.00|11667.00|1|11667.00|1|0|0.00|0.00|0.00|56|13
FPMI|Restaurante|1|Restaurante|1|Mod BienAsado| |980000006|Mod BienAsado| |980000006|Major Group 10|10|Major Group 10|10|Family Group 1008|1008|Family Group 1008|1008|OT1|1|Order Type Master 1|1|0.00|0.00|0.00|0.00|0.00|0.00|0.00|0.00|0.00|1|0.00|2|0|0.00|0.00|0.00|70|17
FPMI|Restaurante|1|Restaurante|1|Mensaje Bebidas 2024| |980000095|Mensaje Bebidas 2024| |980000095|Major Group 10|10|Major Group 10|10|Family Group 1008|1008|Family Group 1008|1008|OT1|1|Order Type Master 1|1|0.00|0.00|0.00|0.00|0.00|0.00|0.00|0.00|0.00|1|0.00|2|0|0.00|0.00|0.00|61|15
FPMI|Restaurante|1|Restaurante|1|SOPA DE VERDURAS| |9520050|SOPA DE VERDURAS| |9520050|Major Group 10|10|Major Group 10|10|Family Group 1008|1008|Family Group 1008|1008|OT1|1|Order Type Master 1|1|13148.00|0.00|13148.00|0.00|0.00|0.00|13148.00|0.00|13148.00|1|13148.00|1|0|0.00|0.00|0.00|52|12
FPMI|Restaurante|1|Restaurante|1|PORCION DE ARROZ BLANCO| |9500064|PORCION DE ARROZ BLANCO| |9500064|Major Group 10|10|Major Group 10|10|Family Group 1008|1008|Family Group 1008|1008|OT1|1|Order Type Master 1|1|3426.00|0.00|3426.00|0.00|0.00|0.00|3426.00|0.00|3426.00|1|3426.00|1|0|0.00|0.00|0.00|56|13
FPMI|Restaurante|1|Restaurante|1|PUNTA DE ANCA 250 gr CRIOLLA| |9502358|PUNTA DE ANCA 250 gr CRIOLLA| |9502358|Major Group 10|10|Major Group 10|10|Family Group 1008|1008|Family Group 1008|1008|OT1|1|Order Type Master 1|1|54444.00|0.00|54444.00|0.00|0.00|0.00|54444.00|0.00|54444.00|1|54444.00|1|0|0.00|0.00|0.00|73|18
FPMI|Restaurante|1|Restaurante|1|SOPA DE VERDURAS| |9520050|SOPA DE VERDURAS| |9520050|Major Group 10|10|Major Group 10|10|Family Group 1008|1008|Family Group 1008|1008|OT1|1|Order Type Master 1|1|13148.00|0.00|13148.00|0.00|0.00|0.00|13148.00|0.00|13148.00|1|13148.00|1|0|0.00|0.00|0.00|47|11
FPMI|Restaurante|1|Restaurante|1|AREPA DE CHOCOLO| |9506036|AREPA DE CHOCOLO| |9506036|Major Group 10|10|Major Group 10|10|Family Group 1008|1008|Family Group 1008|1008|OT1|1|Order Type Master 1|1|20185.00|0.00|20185.00|0.00|0.00|0.00|20185.00|0.00|20185.00|1|20185.00|1|0|0.00|0.00|0.00|55|13
FPMI|Restaurante|1|Restaurante|1|Mod BienAsado| |980000006|Mod BienAsado| |980000006|Major Group 10|10|Major Group 10|10|Family Group 1008|1008|Family Group 1008|1008|OT1|1|Order Type Master 1|1|0.00|0.00|0.00|0.00|0.00|0.00|0.00|0.00|0.00|1|0.00|1|0|0.00|0.00|0.00|55|13
FPMI|Restaurante|1|Restaurante|1|CALENTADO PAISA| |9518008|CALENTADO PAISA| |9518008|Major Group 10|10|Major Group 10|10|Family Group 1008|1008|Family Group 1008|1008|OT1|1|Order Type Master 1|1|70186.00|0.00|70186.00|0.00|0.00|0.00|70186.00|0.00|70186.00|1|70186.00|2|0|0.00|0.00|0.00|53|13
FPMI|Domicilios|20|Domicilios|20|AREPA DE CHOCOLO| |9506036|AREPA DE CHOCOLO| |9506036|Major Group 10|10|Major Group 10|10|Family Group 1008|1008|Family Group 1008|1008|OT2|2|Order Type Master 2|2|20185.00|-4000.00|16185.00|0.00|0.00|0.00|20185.00|-4000.00|16185.00|73|20185.00|1|0|0.00|0.00|0.00|79|19
FPMI|Domicilios|20|Domicilios|20|CAZUELA DE FRIJOLES| |9520032|CAZUELA DE FRIJOLES| |9520032|Major Group 10|10|Major Group 10|10|Family Group 1008|1008|Family Group 1008|1008|OT2|2|Order Type Master 2|2|36852.00|0.00|36852.00|0.00|0.00|0.00|36852.00|0.00|36852.00|73|36852.00|1|0|0.00|0.00|0.00|54|13
FPMI|Domicilios|20|Domicilios|20|CALENTADO PAISA| |9518008|CALENTADO PAISA| |9518008|Major Group 10|10|Major Group 10|10|Family Group 1008|1008|Family Group 1008|1008|OT2|2|Order Type Master 2|2|35093.00|0.00|35093.00|0.00|0.00|0.00|35093.00|0.00|35093.00|73|35093.00|1|0|0.00|0.00|0.00|51|12
FPMI|Domicilios|20|Domicilios|20|MJE ALM| |90000037|MJE ALM| |90000037|Major Group 10|10|Major Group 10|10|Family Group 1008|1008|Family Group 1008|1008|OT2|2|Order Type Master 2|2|0.00|0.00|0.00|0.00|0.00|0.00|0.00|0.00|0.00|1|0.00|1|0|0.00|0.00|0.00|51|12
FPMI|Domicilios|20|Domicilios|20|BISTEC ENTRECOT 180 gr  CASCO| |9502519|BISTEC ENTRECOT 180 gr  CASCO| |9502519|Major Group 10|10|Major Group 10|10|Family Group 1008|1008|Family Group 1008|1008|OT2|2|Order Type Master 2|2|38704.00|0.00|38704.00|0.00|0.00|0.00|38704.00|0.00|38704.00|73|38704.00|1|0|0.00|0.00|0.00|52|12
FPMI|Domicilios|20|Domicilios|20|Mod CocaCola Original 400ml| |980000102|Mod CocaCola Original 400ml| |980000102|Major Group 10|10|Major Group 10|10|Family Group 1008|1008|Family Group 1008|1008|OT2|2|Order Type Master 2|2|0.00|0.00|0.00|0.00|0.00|0.00|0.00|0.00|0.00|1|0.00|1|0|0.00|0.00|0.00|52|12
FPMI|Domicilios|20|Domicilios|20|ENSALADA FRESCA ACOMPANAMIENTO| |9500164|ENSALADA FRESCA ACOMPANAMIENTO| |9500164|Major Group 10|10|Major Group 10|10|Family Group 1008|1008|Family Group 1008|1008|OT2|2|Order Type Master 2|2|7222.00|0.00|7222.00|0.00|0.00|0.00|7222.00|0.00|7222.00|73|7222.00|1|0|0.00|0.00|0.00|60|14
FPMI|Domicilios|20|Domicilios|20|Mod 1/2| |980000002|Mod 1/2| |980000002|Major Group 10|10|Major Group 10|10|Family Group 1008|1008|Family Group 1008|1008|OT2|2|Order Type Master 2|2|0.00|0.00|0.00|0.00|0.00|0.00|0.00|0.00|0.00|1|0.00|1|0|0.00|0.00|0.00|56|13
FPMI|Plataformas|21|Plataformas|21|PECHUGA A LA PARRILLA 230 gr ENSALADA | |9506091|PECHUGA A LA PARRILLA 230 gr ENSALADA | |9506091|Major Group 10|10|Major Group 10|10|Family Group 1008|1008|Family Group 1008|1008|OT7|7|Order Type Master 7|7|26019.00|0.00|26019.00|0.00|0.00|0.00|26019.00|0.00|26019.00|153|26019.00|1|0|0.00|0.00|0.00|79|19
FPMI|Plataformas|21|Plataformas|21|PECHUGA A LA PARRILLA 230 gr CRIOLLA| |9506118|PECHUGA A LA PARRILLA 230 gr CRIOLLA| |9506118|Major Group 10|10|Major Group 10|10|Family Group 1008|1008|Family Group 1008|1008|OT7|7|Order Type Master 7|7|26019.00|0.00|26019.00|0.00|0.00|0.00|26019.00|0.00|26019.00|153|26019.00|1|0|0.00|0.00|0.00|49|12
FPMI|Plataformas|21|Plataformas|21|CHURRASCO 250 gr ENSALADA| |9502108|CHURRASCO 250 gr ENSALADA| |9502108|Major Group 10|10|Major Group 10|10|Family Group 1008|1008|Family Group 1008|1008|OT7|7|Order Type Master 7|7|54167.00|0.00|54167.00|0.00|0.00|0.00|54167.00|0.00|54167.00|153|54167.00|1|0|0.00|0.00|0.00|47|11
FPMI|Plataformas|21|Plataformas|21|Mod Azul| |980000001|Mod Azul| |980000001|Major Group 10|10|Major Group 10|10|Family Group 1008|1008|Family Group 1008|1008|OT7|7|Order Type Master 7|7|0.00|0.00|0.00|0.00|0.00|0.00|0.00|0.00|0.00|1|0.00|1|0|0.00|0.00|0.00|81|20
FPMI|Plataformas|21|Plataformas|21|AREPA DE CHOCOLO| |9506036|AREPA DE CHOCOLO| |9506036|Major Group 10|10|Major Group 10|10|Family Group 1008|1008|Family Group 1008|1008|OT7|7|Order Type Master 7|7|21111.00|0.00|21111.00|0.00|0.00|0.00|21111.00|0.00|21111.00|153|21111.00|1|0|0.00|0.00|0.00|81|20
FPMI|Restaurante|1|Restaurante|1|LIMONADA NATURAL| |9604060|LIMONADA NATURAL| |9604060|Major Group 20|20|Major Group 20|20|Family Group 3000|3000|Family Group 3000|3000|OT1|1|Order Type Master 1|1|34076.00|0.00|34076.00|0.00|0.00|0.00|34076.00|0.00|34076.00|1|34076.00|4|0|0.00|0.00|0.00|52|12
FPMI|Restaurante|1|Restaurante|1|GASEOSA 400 ml| |9606131|GASEOSA 400 ml| |9606131|Major Group 20|20|Major Group 20|20|Family Group 3000|3000|Family Group 3000|3000|OT1|1|Order Type Master 1|1|22779.00|0.00|22779.00|0.00|0.00|0.00|22779.00|0.00|22779.00|1|22779.00|3|0|0.00|0.00|0.00|53|13
FPMI|Restaurante|1|Restaurante|1|LIMONADA DE PANELA| |9604067|LIMONADA DE PANELA| |9604067|Major Group 20|20|Major Group 20|20|Family Group 3000|3000|Family Group 3000|3000|OT1|1|Order Type Master 1|1|9074.00|0.00|9074.00|0.00|0.00|0.00|9074.00|0.00|9074.00|1|9074.00|1|0|0.00|0.00|0.00|52|12
FPMI|Restaurante|1|Restaurante|1|GASEOSA 400 ml| |9606131|GASEOSA 400 ml| |9606131|Major Group 20|20|Major Group 20|20|Family Group 3000|3000|Family Group 3000|3000|OT1|1|Order Type Master 1|1|7593.00|0.00|7593.00|0.00|0.00|0.00|7593.00|0.00|7593.00|1|7593.00|1|0|0.00|0.00|0.00|56|13
FPMI|Domicilios|20|Domicilios|20|GASEOSA 400 ml| |9606131|GASEOSA 400 ml| |9606131|Major Group 20|20|Major Group 20|20|Family Group 3000|3000|Family Group 3000|3000|OT2|2|Order Type Master 2|2|15186.00|0.00|15186.00|0.00|0.00|0.00|15186.00|0.00|15186.00|73|15186.00|2|0|0.00|0.00|0.00|60|14
FPMI|Restaurante|1|Restaurante|1|PECHUGA A LA PARRILLA 230 gr FRANCESA | |9506090|PECHUGA A LA PARRILLA 230 gr FRANCESA | |9506090|Major Group 10|10|Major Group 10|10|Family Group 1008|1008|Family Group 1008|1008|OT1|1|Order Type Master 1|1|24815.00|0.00|24815.00|0.00|0.00|0.00|24815.00|0.00|24815.00|1|24815.00|1|0|0.00|0.00|0.00|58|14
FPMI|Restaurante|1|Restaurante|1|COMO ENTRADA| |90000038|COMO ENTRADA| |90000038|Major Group 10|10|Major Group 10|10|Family Group 1008|1008|Family Group 1008|1008|OT1|1|Order Type Master 1|1|0.00|0.00|0.00|0.00|0.00|0.00|0.00|0.00|0.00|41|0.00|1|0|0.00|0.00|0.00|50|12
FPMI|Restaurante|1|Restaurante|1|TRUCHA A LA PLANCHA 350 gr ARROZ| |9504165|TRUCHA A LA PLANCHA 350 gr ARROZ| |9504165|Major Group 10|10|Major Group 10|10|Family Group 1008|1008|Family Group 1008|1008|OT1|1|Order Type Master 1|1|35741.00|0.00|35741.00|0.00|0.00|0.00|35741.00|0.00|35741.00|1|35741.00|1|0|0.00|0.00|0.00|52|12
FPMI|Restaurante|1|Restaurante|1|CAZUELA DE FRIJOLES| |9520032|CAZUELA DE FRIJOLES| |9520032|Major Group 10|10|Major Group 10|10|Family Group 1008|1008|Family Group 1008|1008|OT1|1|Order Type Master 1|1|73704.00|0.00|73704.00|0.00|0.00|0.00|73704.00|0.00|73704.00|1|73704.00|2|0|0.00|0.00|0.00|52|12
FPMI|Restaurante|1|Restaurante|1|CUCHUCO CON ESPINAZO| |9520020|CUCHUCO CON ESPINAZO| |9520020|Major Group 10|10|Major Group 10|10|Family Group 1008|1008|Family Group 1008|1008|OT1|1|Order Type Master 1|1|34167.00|0.00|34167.00|0.00|0.00|0.00|34167.00|0.00|34167.00|1|34167.00|1|0|0.00|0.00|0.00|52|12
FPMI|Restaurante|1|Restaurante|1|LOMO 220 gr ARROZ BLANCO| |9502515|LOMO 220 gr ARROZ BLANCO| |9502515|Major Group 10|10|Major Group 10|10|Family Group 1008|1008|Family Group 1008|1008|OT1|1|Order Type Master 1|1|54444.00|0.00|54444.00|0.00|0.00|0.00|54444.00|0.00|54444.00|1|54444.00|1|0|0.00|0.00|0.00|51|12
FPMI|Restaurante|1|Restaurante|1|Mod 3/4| |980000004|Mod 3/4| |980000004|Major Group 10|10|Major Group 10|10|Family Group 1008|1008|Family Group 1008|1008|OT1|1|Order Type Master 1|1|0.00|0.00|0.00|0.00|0.00|0.00|0.00|0.00|0.00|1|0.00|2|0|0.00|0.00|0.00|51|12
FPMI|Restaurante|1|Restaurante|1|SALMON A LA PLANCHA 200 gr ENSALADA| |9504162|SALMON A LA PLANCHA 200 gr ENSALADA| |9504162|Major Group 10|10|Major Group 10|10|Family Group 1008|1008|Family Group 1008|1008|OT1|1|Order Type Master 1|1|99630.00|0.00|99630.00|0.00|0.00|0.00|99630.00|0.00|99630.00|1|99630.00|2|0|0.00|0.00|0.00|51|12
FPMI|Restaurante|1|Restaurante|1|PUNTA DE ANCA 250 gr CRIOLLA| |9502358|PUNTA DE ANCA 250 gr CRIOLLA| |9502358|Major Group 10|10|Major Group 10|10|Family Group 1008|1008|Family Group 1008|1008|OT1|1|Order Type Master 1|1|54444.00|0.00|54444.00|0.00|0.00|0.00|54444.00|0.00|54444.00|1|54444.00|1|0|0.00|0.00|0.00|56|13
FPMI|Restaurante|1|Restaurante|1|LOMO 220 gr PAPA FRANCESA| |9502511|LOMO 220 gr PAPA FRANCESA| |9502511|Major Group 10|10|Major Group 10|10|Family Group 1008|1008|Family Group 1008|1008|OT1|1|Order Type Master 1|1|54444.00|0.00|54444.00|0.00|0.00|0.00|54444.00|0.00|54444.00|1|54444.00|1|0|0.00|0.00|0.00|56|13
FPMI|Restaurante|1|Restaurante|1|CHURRASCO 250 gr CRIOLLA| |9502355|CHURRASCO 250 gr CRIOLLA| |9502355|Major Group 10|10|Major Group 10|10|Family Group 1008|1008|Family Group 1008|1008|OT1|1|Order Type Master 1|1|51667.00|0.00|51667.00|0.00|0.00|0.00|51667.00|0.00|51667.00|1|51667.00|1|0|0.00|0.00|0.00|64|15
FPMI|Domicilios|20|Domicilios|20|EMPANADA DE CARNE | |9528004|EMPANADA DE CARNE | |9528004|Major Group 10|10|Major Group 10|10|Family Group 1008|1008|Family Group 1008|1008|OT2|2|Order Type Master 2|2|12222.00|0.00|12222.00|0.00|0.00|0.00|12222.00|0.00|12222.00|73|12222.00|2|0|0.00|0.00|0.00|78|19
FPMI|Domicilios|20|Domicilios|20|AREPA DE CHOCOLO| |9506036|AREPA DE CHOCOLO| |9506036|Major Group 10|10|Major Group 10|10|Family Group 1008|1008|Family Group 1008|1008|OT2|2|Order Type Master 2|2|20185.00|0.00|20185.00|0.00|0.00|0.00|20185.00|0.00|20185.00|73|20185.00|1|0|0.00|0.00|0.00|78|19
FPMI|Domicilios|20|Domicilios|20|HUEVO FRITO UN| |9500212|HUEVO FRITO UN| |9500212|Major Group 10|10|Major Group 10|10|Family Group 1008|1008|Family Group 1008|1008|OT2|2|Order Type Master 2|2|5926.00|0.00|5926.00|0.00|0.00|0.00|5926.00|0.00|5926.00|73|5926.00|2|0|0.00|0.00|0.00|54|13
FPMI|Domicilios|20|Domicilios|20|AJIACO NINOS| |9542004|AJIACO NINOS| |9542004|Major Group 10|10|Major Group 10|10|Family Group 1008|1008|Family Group 1008|1008|OT2|2|Order Type Master 2|2|18426.00|0.00|18426.00|0.00|0.00|0.00|18426.00|0.00|18426.00|81|18426.00|1|0|0.00|0.00|0.00|67|16
FPMI|Domicilios|20|Domicilios|20|Mensaje Bebidas 2024| |980000095|Mensaje Bebidas 2024| |980000095|Major Group 10|10|Major Group 10|10|Family Group 1008|1008|Family Group 1008|1008|OT2|2|Order Type Master 2|2|0.00|0.00|0.00|0.00|0.00|0.00|0.00|0.00|0.00|1|0.00|1|0|0.00|0.00|0.00|51|12
FPMI|Domicilios|20|Domicilios|20|CALENTADO PAISA| |9518008|CALENTADO PAISA| |9518008|Major Group 10|10|Major Group 10|10|Family Group 1008|1008|Family Group 1008|1008|OT2|2|Order Type Master 2|2|35093.00|0.00|35093.00|0.00|0.00|0.00|35093.00|0.00|35093.00|73|35093.00|1|0|0.00|0.00|0.00|60|14
FPMI|Plataformas|21|Plataformas|21|EMPANADA MIXTA 4 UNIDADES| |9528041|EMPANADA MIXTA 4 UNIDADES| |9528041|Major Group 10|10|Major Group 10|10|Family Group 1008|1008|Family Group 1008|1008|OT7|7|Order Type Master 7|7|23611.00|0.00|23611.00|0.00|0.00|0.00|23611.00|0.00|23611.00|153|23611.00|1|0|0.00|0.00|0.00|83|20
FPMI|Restaurante|1|Restaurante|1|JUGO DE MARACUYA EN AGUA| |9604116|JUGO DE MARACUYA EN AGUA| |9604116|Major Group 20|20|Major Group 20|20|Family Group 3000|3000|Family Group 3000|3000|OT1|1|Order Type Master 1|1|10093.00|0.00|10093.00|0.00|0.00|0.00|10093.00|0.00|10093.00|1|10093.00|1|0|0.00|0.00|0.00|61|15
FPMI|Restaurante|1|Restaurante|1|LIMONADA HIERBABUENA| |9604066|LIMONADA HIERBABUENA| |9604066|Major Group 20|20|Major Group 20|20|Family Group 3000|3000|Family Group 3000|3000|OT1|1|Order Type Master 1|1|8519.00|0.00|8519.00|0.00|0.00|0.00|8519.00|0.00|8519.00|1|8519.00|1|0|0.00|0.00|0.00|73|18
FPMI|Restaurante|1|Restaurante|1|AGUA MANANTIAL CON GAS 300 ML CON LIMON| |9606138|AGUA MANANTIAL CON GAS 300 ML CON LIMON| |9606138|Major Group 20|20|Major Group 20|20|Family Group 3000|3000|Family Group 3000|3000|OT1|1|Order Type Master 1|1|6852.00|0.00|6852.00|0.00|0.00|0.00|6852.00|0.00|6852.00|1|6852.00|1|0|0.00|0.00|0.00|50|12
FPMI|Restaurante|1|Restaurante|1|AGUA MANANTIAL SIN GAS 500 ML CON LIMON| |9606137|AGUA MANANTIAL SIN GAS 500 ML CON LIMON| |9606137|Major Group 20|20|Major Group 20|20|Family Group 3000|3000|Family Group 3000|3000|OT1|1|Order Type Master 1|1|8519.00|0.00|8519.00|0.00|0.00|0.00|8519.00|0.00|8519.00|1|8519.00|1|0|0.00|0.00|0.00|51|12
FPMI|Restaurante|1|Restaurante|1|GASEOSA 400 ml| |9606131|GASEOSA 400 ml| |9606131|Major Group 20|20|Major Group 20|20|Family Group 3000|3000|Family Group 3000|3000|OT1|1|Order Type Master 1|1|7593.00|0.00|7593.00|0.00|0.00|0.00|7593.00|0.00|7593.00|1|7593.00|1|0|0.00|0.00|0.00|50|12
FPMI|Domicilios|20|Domicilios|20|AGUA MANANTIAL SIN GAS 500 ML| |9606135|AGUA MANANTIAL SIN GAS 500 ML| |9606135|Major Group 20|20|Major Group 20|20|Family Group 3000|3000|Family Group 3000|3000|OT2|2|Order Type Master 2|2|8148.00|0.00|8148.00|0.00|0.00|0.00|8148.00|0.00|8148.00|73|8148.00|1|0|0.00|0.00|0.00|51|12
FPMI|Domicilios|20|Domicilios|20|JUGO DE MORA EN AGUA| |9604108|JUGO DE MORA EN AGUA| |9604108|Major Group 20|20|Major Group 20|20|Family Group 3000|3000|Family Group 3000|3000|OT2|2|Order Type Master 2|2|20186.00|0.00|20186.00|0.00|0.00|0.00|20186.00|0.00|20186.00|73|20186.00|2|0|0.00|0.00|0.00|52|12
FPMI|Restaurante|1|Restaurante|1|CAZUELA DE FRIJOLES| |9520032|CAZUELA DE FRIJOLES| |9520032|Major Group 10|10|Major Group 10|10|Family Group 1008|1008|Family Group 1008|1008|OT1|1|Order Type Master 1|1|36852.00|0.00|36852.00|0.00|0.00|0.00|36852.00|0.00|36852.00|1|36852.00|1|0|0.00|0.00|0.00|57|14
FPMI|Restaurante|1|Restaurante|1|CHURRASCO 250 gr CASCO| |9502106|CHURRASCO 250 gr CASCO| |9502106|Major Group 10|10|Major Group 10|10|Family Group 1008|1008|Family Group 1008|1008|OT1|1|Order Type Master 1|1|103334.00|0.00|103334.00|0.00|0.00|0.00|103334.00|0.00|103334.00|1|103334.00|2|0|0.00|0.00|0.00|70|17
FPMI|Restaurante|1|Restaurante|1|ENVUELTO AL VAPOR| |9522084|ENVUELTO AL VAPOR| |9522084|Major Group 10|10|Major Group 10|10|Family Group 1008|1008|Family Group 1008|1008|OT1|1|Order Type Master 1|1|10741.00|0.00|10741.00|0.00|0.00|0.00|10741.00|0.00|10741.00|1|10741.00|1|0|0.00|0.00|0.00|70|17
FPMI|Restaurante|1|Restaurante|1|ADICION DE AGUACATE 100 gr| |9500032|ADICION DE AGUACATE 100 gr| |9500032|Major Group 10|10|Major Group 10|10|Family Group 1008|1008|Family Group 1008|1008|OT1|1|Order Type Master 1|1|5648.00|0.00|5648.00|0.00|0.00|0.00|5648.00|0.00|5648.00|1|5648.00|1|0|0.00|0.00|0.00|62|15
FPMI|Restaurante|1|Restaurante|1|Mod 3/4| |980000004|Mod 3/4| |980000004|Major Group 10|10|Major Group 10|10|Family Group 1008|1008|Family Group 1008|1008|OT1|1|Order Type Master 1|1|0.00|0.00|0.00|0.00|0.00|0.00|0.00|0.00|0.00|1|0.00|2|0|0.00|0.00|0.00|56|13
FPMI|Restaurante|1|Restaurante|1|CUAJADA CON MELAO| |9514012|CUAJADA CON MELAO| |9514012|Major Group 10|10|Major Group 10|10|Family Group 1008|1008|Family Group 1008|1008|OT1|1|Order Type Master 1|1|0.00|0.00|0.00|0.00|0.00|0.00|0.00|0.00|0.00|1|0.00|0|0|0.00|0.00|0.00|55|13
FPMI|Restaurante|1|Restaurante|1|CALENTADO ANDRES| |9518004|CALENTADO ANDRES| |9518004|Major Group 10|10|Major Group 10|10|Family Group 1008|1008|Family Group 1008|1008|OT1|1|Order Type Master 1|1|35093.00|0.00|35093.00|0.00|0.00|0.00|35093.00|0.00|35093.00|1|35093.00|1|0|0.00|0.00|0.00|61|15
FPMI|Restaurante|1|Restaurante|1|ENSALADA FRESCA ACOMPANAMIENTO| |9500164|ENSALADA FRESCA ACOMPANAMIENTO| |9500164|Major Group 10|10|Major Group 10|10|Family Group 1008|1008|Family Group 1008|1008|OT1|1|Order Type Master 1|1|14444.00|0.00|14444.00|0.00|0.00|0.00|14444.00|0.00|14444.00|1|14444.00|2|0|0.00|0.00|0.00|61|15
FPMI|Restaurante|1|Restaurante|1|PUNTA DE ANCA 250 gr ENSALADA| |9502234|PUNTA DE ANCA 250 gr ENSALADA| |9502234|Major Group 10|10|Major Group 10|10|Family Group 1008|1008|Family Group 1008|1008|OT1|1|Order Type Master 1|1|54444.00|0.00|54444.00|0.00|0.00|0.00|54444.00|0.00|54444.00|1|54444.00|1|0|0.00|0.00|0.00|61|15
FPMI|Restaurante|1|Restaurante|1|BISTEC CHURRASCO 250 gr CRIOLLA| |9502362|BISTEC CHURRASCO 250 gr CRIOLLA| |9502362|Major Group 10|10|Major Group 10|10|Family Group 1008|1008|Family Group 1008|1008|OT1|1|Order Type Master 1|1|55370.00|0.00|55370.00|0.00|0.00|0.00|55370.00|0.00|55370.00|1|55370.00|1|0|0.00|0.00|0.00|55|13
FPMI|Restaurante|1|Restaurante|1|Mod BienAsado| |980000006|Mod BienAsado| |980000006|Major Group 10|10|Major Group 10|10|Family Group 1008|1008|Family Group 1008|1008|OT1|1|Order Type Master 1|1|0.00|0.00|0.00|0.00|0.00|0.00|0.00|0.00|0.00|1|0.00|1|0|0.00|0.00|0.00|53|13
FPMI|Restaurante|1|Restaurante|1|BANDEJA PAISA| |9520036|BANDEJA PAISA| |9520036|Major Group 10|10|Major Group 10|10|Family Group 1008|1008|Family Group 1008|1008|OT1|1|Order Type Master 1|1|42500.00|0.00|42500.00|0.00|0.00|0.00|42500.00|0.00|42500.00|1|42500.00|1|0|0.00|0.00|0.00|58|14
FPMI|Restaurante|1|Restaurante|1|BANDEJA PAISA| |9520036|BANDEJA PAISA| |9520036|Major Group 10|10|Major Group 10|10|Family Group 1008|1008|Family Group 1008|1008|OT1|1|Order Type Master 1|1|42500.00|0.00|42500.00|0.00|0.00|0.00|42500.00|0.00|42500.00|1|42500.00|1|0|0.00|0.00|0.00|64|15
FPMI|Domicilios|20|Domicilios|20|AREPA DE CHOCOLO| |9506036|AREPA DE CHOCOLO| |9506036|Major Group 10|10|Major Group 10|10|Family Group 1008|1008|Family Group 1008|1008|OT2|2|Order Type Master 2|2|20185.00|0.00|20185.00|0.00|0.00|0.00|20185.00|0.00|20185.00|73|20185.00|1|0|0.00|0.00|0.00|74|18
FPMI|Domicilios|20|Domicilios|20|Mod CocaCola Zero 400ml| |980000103|Mod CocaCola Zero 400ml| |980000103|Major Group 10|10|Major Group 10|10|Family Group 1008|1008|Family Group 1008|1008|OT2|2|Order Type Master 2|2|0.00|0.00|0.00|0.00|0.00|0.00|0.00|0.00|0.00|1|0.00|1|0|0.00|0.00|0.00|54|13
FPMI|Domicilios|20|Domicilios|20|HOGAO| |9500200|HOGAO| |9500200|Major Group 10|10|Major Group 10|10|Family Group 1008|1008|Family Group 1008|1008|OT2|2|Order Type Master 2|2|0.00|0.00|0.00|0.00|0.00|0.00|0.00|0.00|0.00|73|0.00|1|0|0.00|0.00|0.00|60|14
FPMI|Domicilios|20|Domicilios|20|Mensaje Bebidas 2024| |980000095|Mensaje Bebidas 2024| |980000095|Major Group 10|10|Major Group 10|10|Family Group 1008|1008|Family Group 1008|1008|OT2|2|Order Type Master 2|2|0.00|0.00|0.00|0.00|0.00|0.00|0.00|0.00|0.00|1|0.00|1|0|0.00|0.00|0.00|60|14
FPMI|Domicilios|20|Domicilios|20|Mod 3/4| |980000004|Mod 3/4| |980000004|Major Group 10|10|Major Group 10|10|Family Group 1008|1008|Family Group 1008|1008|OT2|2|Order Type Master 2|2|0.00|0.00|0.00|0.00|0.00|0.00|0.00|0.00|0.00|1|0.00|2|0|0.00|0.00|0.00|52|12
FPMI|Domicilios|20|Domicilios|20|Mensaje Bebidas 2024| |980000095|Mensaje Bebidas 2024| |980000095|Major Group 10|10|Major Group 10|10|Family Group 1008|1008|Family Group 1008|1008|OT2|2|Order Type Master 2|2|0.00|0.00|0.00|0.00|0.00|0.00|0.00|0.00|0.00|1|0.00|1|0|0.00|0.00|0.00|52|12
FPMI|Domicilios|20|Domicilios|20|MJE ALM| |90000037|MJE ALM| |90000037|Major Group 10|10|Major Group 10|10|Family Group 1008|1008|Family Group 1008|1008|OT2|2|Order Type Master 2|2|0.00|0.00|0.00|0.00|0.00|0.00|0.00|0.00|0.00|1|0.00|2|0|0.00|0.00|0.00|60|14
FPMI|Domicilios|20|Domicilios|20|PECHUGA A LA PARRILLA 230 gr CRIOLLA| |9506118|PECHUGA A LA PARRILLA 230 gr CRIOLLA| |9506118|Major Group 10|10|Major Group 10|10|Family Group 1008|1008|Family Group 1008|1008|OT2|2|Order Type Master 2|2|24815.00|0.00|24815.00|0.00|0.00|0.00|24815.00|0.00|24815.00|73|24815.00|1|0|0.00|0.00|0.00|56|13
FPMI|Plataformas|21|Plataformas|21|TORTA MILKYWAY| |9514163|TORTA MILKYWAY| |9514163|Major Group 10|10|Major Group 10|10|Family Group 1008|1008|Family Group 1008|1008|OT7|7|Order Type Master 7|7|11944.00|0.00|11944.00|0.00|0.00|0.00|11944.00|0.00|11944.00|161|11944.00|1|0|0.00|0.00|0.00|81|20
FPMI|Plataformas|21|Plataformas|21|PUNTA DE ANCA 250 gr ARROZ| |9502230|PUNTA DE ANCA 250 gr ARROZ| |9502230|Major Group 10|10|Major Group 10|10|Family Group 1008|1008|Family Group 1008|1008|OT7|7|Order Type Master 7|7|57130.00|0.00|57130.00|0.00|0.00|0.00|57130.00|0.00|57130.00|153|57130.00|1|0|0.00|0.00|0.00|51|12
FPMI|Plataformas|21|Plataformas|21|AREPA DE CHOCOLO| |9506036|AREPA DE CHOCOLO| |9506036|Major Group 10|10|Major Group 10|10|Family Group 1008|1008|Family Group 1008|1008|OT7|7|Order Type Master 7|7|21111.00|0.00|21111.00|0.00|0.00|0.00|21111.00|0.00|21111.00|153|21111.00|1|0|0.00|0.00|0.00|83|20
FPMI|Plataformas|21|Plataformas|21|AJIACO  POLLO| |9520008|AJIACO  POLLO| |9520008|Major Group 10|10|Major Group 10|10|Family Group 1008|1008|Family Group 1008|1008|OT7|7|Order Type Master 7|7|35741.00|0.00|35741.00|0.00|0.00|0.00|35741.00|0.00|35741.00|153|35741.00|1|0|0.00|0.00|0.00|83|20
FPMI|Restaurante|1|Restaurante|1|GASEOSA 400 ml| |9606131|GASEOSA 400 ml| |9606131|Major Group 20|20|Major Group 20|20|Family Group 3000|3000|Family Group 3000|3000|OT1|1|Order Type Master 1|1|7593.00|0.00|7593.00|0.00|0.00|0.00|7593.00|0.00|7593.00|1|7593.00|1|0|0.00|0.00|0.00|62|15
FPMI|Restaurante|1|Restaurante|1|TINTO COLADO AEX| |9602121|TINTO COLADO AEX| |9602121|Major Group 20|20|Major Group 20|20|Family Group 3000|3000|Family Group 3000|3000|OT1|1|Order Type Master 1|1|4537.00|0.00|4537.00|0.00|0.00|0.00|4537.00|0.00|4537.00|1|4537.00|1|0|0.00|0.00|0.00|57|14
FPMI|Restaurante|1|Restaurante|1|JUGO DE MANDARINA| |9604044|JUGO DE MANDARINA| |9604044|Major Group 20|20|Major Group 20|20|Family Group 3000|3000|Family Group 3000|3000|OT1|1|Order Type Master 1|1|14074.00|0.00|14074.00|0.00|0.00|0.00|14074.00|0.00|14074.00|1|14074.00|1|0|0.00|0.00|0.00|58|14
FPMI|Restaurante|1|Restaurante|1|JUGO DE NARANJA| |9604048|JUGO DE NARANJA| |9604048|Major Group 20|20|Major Group 20|20|Family Group 3000|3000|Family Group 3000|3000|OT1|1|Order Type Master 1|1|11667.00|0.00|11667.00|0.00|0.00|0.00|11667.00|0.00|11667.00|1|11667.00|1|0|0.00|0.00|0.00|58|14
FPMI|Restaurante|1|Restaurante|1|LIMONADA NATURAL| |9604060|LIMONADA NATURAL| |9604060|Major Group 20|20|Major Group 20|20|Family Group 3000|3000|Family Group 3000|3000|OT1|1|Order Type Master 1|1|8519.00|0.00|8519.00|0.00|0.00|0.00|8519.00|0.00|8519.00|1|8519.00|1|0|0.00|0.00|0.00|56|13
FPMI|Restaurante|1|Restaurante|1|CERVEZA CLUB COLOMBIA| |9608004|CERVEZA CLUB COLOMBIA| |9608004|Major Group 20|20|Major Group 20|20|Family Group 3000|3000|Family Group 3000|3000|OT1|1|Order Type Master 1|1|11296.00|0.00|11296.00|0.00|0.00|0.00|11296.00|0.00|11296.00|1|11296.00|1|0|0.00|0.00|0.00|56|13
FPMI|Restaurante|1|Restaurante|1|LIMONADA DE PANELA| |9604067|LIMONADA DE PANELA| |9604067|Major Group 20|20|Major Group 20|20|Family Group 3000|3000|Family Group 3000|3000|OT1|1|Order Type Master 1|1|9074.00|0.00|9074.00|0.00|0.00|0.00|9074.00|0.00|9074.00|1|9074.00|1|0|0.00|0.00|0.00|73|18
FPMI|Restaurante|1|Restaurante|1|AGUA MANANTIAL SIN GAS 500 ML CON LIMON| |9606137|AGUA MANANTIAL SIN GAS 500 ML CON LIMON| |9606137|Major Group 20|20|Major Group 20|20|Family Group 3000|3000|Family Group 3000|3000|OT1|1|Order Type Master 1|1|8519.00|0.00|8519.00|0.00|0.00|0.00|8519.00|0.00|8519.00|1|8519.00|1|0|0.00|0.00|0.00|58|14
FPMI|Restaurante|1|Restaurante|1|JUGO DE PINA - HIERBABUENA AGUA| |9604263|JUGO DE PINA - HIERBABUENA AGUA| |9604263|Major Group 20|20|Major Group 20|20|Family Group 3000|3000|Family Group 3000|3000|OT1|1|Order Type Master 1|1|11019.00|0.00|11019.00|0.00|0.00|0.00|11019.00|0.00|11019.00|1|11019.00|1|0|0.00|0.00|0.00|51|12
FPMI|Domicilios|20|Domicilios|20|LIMONADA NATURAL| |9604060|LIMONADA NATURAL| |9604060|Major Group 20|20|Major Group 20|20|Family Group 3000|3000|Family Group 3000|3000|OT2|2|Order Type Master 2|2|8519.00|0.00|8519.00|0.00|0.00|0.00|8519.00|0.00|8519.00|73|8519.00|1|0|0.00|0.00|0.00|60|14
FPMI|Domicilios|20|Domicilios|20|GASEOSA 400 ml| |9606131|GASEOSA 400 ml| |9606131|Major Group 20|20|Major Group 20|20|Family Group 3000|3000|Family Group 3000|3000|OT2|2|Order Type Master 2|2|7593.00|0.00|7593.00|0.00|0.00|0.00|7593.00|0.00|7593.00|73|7593.00|1|0|0.00|0.00|0.00|52|12
FPMI|Restaurante|1|Restaurante|1|MAYONESA| |9500485|MAYONESA| |9500485|Major Group 10|10|Major Group 10|10|Family Group 1008|1008|Family Group 1008|1008|OT1|1|Order Type Master 1|1|0.00|0.00|0.00|0.00|0.00|0.00|0.00|0.00|0.00|1|0.00|1|0|0.00|0.00|0.00|59|14
FPMI|Restaurante|1|Restaurante|1|LONGANIZA 100 gr| |9502092|LONGANIZA 100 gr| |9502092|Major Group 10|10|Major Group 10|10|Family Group 1008|1008|Family Group 1008|1008|OT1|1|Order Type Master 1|1|12593.00|0.00|12593.00|0.00|0.00|0.00|12593.00|0.00|12593.00|1|12593.00|1|0|0.00|0.00|0.00|70|17
FPMI|Restaurante|1|Restaurante|1|MADURITOS| |9500252|MADURITOS| |9500252|Major Group 10|10|Major Group 10|10|Family Group 1008|1008|Family Group 1008|1008|OT1|1|Order Type Master 1|1|3426.00|0.00|3426.00|0.00|0.00|0.00|3426.00|0.00|3426.00|1|3426.00|1|0|0.00|0.00|0.00|56|13
FPMI|Restaurante|1|Restaurante|1|Mensaje Bebidas 2024| |980000095|Mensaje Bebidas 2024| |980000095|Major Group 10|10|Major Group 10|10|Family Group 1008|1008|Family Group 1008|1008|OT1|1|Order Type Master 1|1|0.00|0.00|0.00|0.00|0.00|0.00|0.00|0.00|0.00|1|0.00|1|0|0.00|0.00|0.00|56|13
FPMI|Restaurante|1|Restaurante|1|COMO ENTRADA| |90000038|COMO ENTRADA| |90000038|Major Group 10|10|Major Group 10|10|Family Group 1008|1008|Family Group 1008|1008|OT1|1|Order Type Master 1|1|0.00|0.00|0.00|0.00|0.00|0.00|0.00|0.00|0.00|1|0.00|1|0|0.00|0.00|0.00|55|13
FPMI|Restaurante|1|Restaurante|1|AREPA DE CHOCOLO| |9506036|AREPA DE CHOCOLO| |9506036|Major Group 10|10|Major Group 10|10|Family Group 1008|1008|Family Group 1008|1008|OT1|1|Order Type Master 1|1|20185.00|0.00|20185.00|0.00|0.00|0.00|20185.00|0.00|20185.00|1|20185.00|1|0|0.00|0.00|0.00|56|13
FPMI|Restaurante|1|Restaurante|1|COMO ENTRADA| |90000038|COMO ENTRADA| |90000038|Major Group 10|10|Major Group 10|10|Family Group 1008|1008|Family Group 1008|1008|OT1|1|Order Type Master 1|1|0.00|0.00|0.00|0.00|0.00|0.00|0.00|0.00|0.00|1|0.00|1|0|0.00|0.00|0.00|64|15
FPMI|Restaurante|1|Restaurante|1|Mod A Punto| |980000005|Mod A Punto| |980000005|Major Group 10|10|Major Group 10|10|Family Group 1008|1008|Family Group 1008|1008|OT1|1|Order Type Master 1|1|0.00|0.00|0.00|0.00|0.00|0.00|0.00|0.00|0.00|1|0.00|1|0|0.00|0.00|0.00|64|15
FPMI|Domicilios|20|Domicilios|20|TAZA DE FRIJOLES| |9520049|TAZA DE FRIJOLES| |9520049|Major Group 10|10|Major Group 10|10|Family Group 1008|1008|Family Group 1008|1008|OT2|2|Order Type Master 2|2|11667.00|0.00|11667.00|0.00|0.00|0.00|11667.00|0.00|11667.00|73|11667.00|1|0|0.00|0.00|0.00|54|13
FPMI|Domicilios|20|Domicilios|20|PORCION DE ARROZ BLANCO| |9500064|PORCION DE ARROZ BLANCO| |9500064|Major Group 10|10|Major Group 10|10|Family Group 1008|1008|Family Group 1008|1008|OT2|2|Order Type Master 2|2|3426.00|0.00|3426.00|0.00|0.00|0.00|3426.00|0.00|3426.00|73|3426.00|1|0|0.00|0.00|0.00|54|13
FPMI|Domicilios|20|Domicilios|20|CANASTA MINI FRITANGUERA| |9502525|CANASTA MINI FRITANGUERA| |9502525|Major Group 10|10|Major Group 10|10|Family Group 1008|1008|Family Group 1008|1008|OT2|2|Order Type Master 2|2|22130.00|0.00|22130.00|0.00|0.00|0.00|22130.00|0.00|22130.00|73|22130.00|1|0|0.00|0.00|0.00|57|14
FPMI|Domicilios|20|Domicilios|20|PATACON GRATINADO| |9524040|PATACON GRATINADO| |9524040|Major Group 10|10|Major Group 10|10|Family Group 1008|1008|Family Group 1008|1008|OT2|2|Order Type Master 2|2|12593.00|0.00|12593.00|0.00|0.00|0.00|12593.00|0.00|12593.00|73|12593.00|1|0|0.00|0.00|0.00|60|14
FPMI|Domicilios|20|Domicilios|20|Mod CocaCola Zero 400ml| |980000103|Mod CocaCola Zero 400ml| |980000103|Major Group 10|10|Major Group 10|10|Family Group 1008|1008|Family Group 1008|1008|OT2|2|Order Type Master 2|2|0.00|0.00|0.00|0.00|0.00|0.00|0.00|0.00|0.00|1|0.00|2|0|0.00|0.00|0.00|60|14
FPMI|Domicilios|20|Domicilios|20|EMPANADA DE CARNE | |9528004|EMPANADA DE CARNE | |9528004|Major Group 10|10|Major Group 10|10|Family Group 1008|1008|Family Group 1008|1008|OT2|2|Order Type Master 2|2|12222.00|0.00|12222.00|0.00|0.00|0.00|12222.00|0.00|12222.00|73|12222.00|2|0|0.00|0.00|0.00|56|13
FPMI|Plataformas|21|Plataformas|21|SALMON A LA PLANCHA 200 gr ENSALADA| |9504162|SALMON A LA PLANCHA 200 gr ENSALADA| |9504162|Major Group 10|10|Major Group 10|10|Family Group 1008|1008|Family Group 1008|1008|OT7|7|Order Type Master 7|7|45278.00|0.00|45278.00|0.00|0.00|0.00|45278.00|0.00|45278.00|177|45278.00|1|0|0.00|0.00|0.00|46|11
FPMI|Restaurante|1|Restaurante|1|CERVEZA CORONA| |9608012|CERVEZA CORONA| |9608012|Major Group 20|20|Major Group 20|20|Family Group 3000|3000|Family Group 3000|3000|OT1|1|Order Type Master 1|1|12778.00|0.00|12778.00|0.00|0.00|0.00|12778.00|0.00|12778.00|1|12778.00|1|0|0.00|0.00|0.00|57|14
FPMI|Restaurante|1|Restaurante|1|JUGO DE LULO EN AGUA| |9604216|JUGO DE LULO EN AGUA| |9604216|Major Group 20|20|Major Group 20|20|Family Group 3000|3000|Family Group 3000|3000|OT1|1|Order Type Master 1|1|10093.00|0.00|10093.00|0.00|0.00|0.00|10093.00|0.00|10093.00|1|10093.00|1|0|0.00|0.00|0.00|61|15
FPMI|Restaurante|1|Restaurante|1|JUGO DE LULO EN AGUA| |9604216|JUGO DE LULO EN AGUA| |9604216|Major Group 20|20|Major Group 20|20|Family Group 3000|3000|Family Group 3000|3000|OT1|1|Order Type Master 1|1|10093.00|0.00|10093.00|0.00|0.00|0.00|10093.00|0.00|10093.00|1|10093.00|1|0|0.00|0.00|0.00|52|12
FPMI|Restaurante|1|Restaurante|1|AGUA MANANTIAL SIN GAS 500 ML| |9606135|AGUA MANANTIAL SIN GAS 500 ML| |9606135|Major Group 20|20|Major Group 20|20|Family Group 3000|3000|Family Group 3000|3000|OT1|1|Order Type Master 1|1|16296.00|0.00|16296.00|0.00|0.00|0.00|16296.00|0.00|16296.00|1|16296.00|2|0|0.00|0.00|0.00|58|14
FPMI|Restaurante|1|Restaurante|1|AGUA MANANTIAL CON GAS 300 ML CON LIMON| |9606138|AGUA MANANTIAL CON GAS 300 ML CON LIMON| |9606138|Major Group 20|20|Major Group 20|20|Family Group 3000|3000|Family Group 3000|3000|OT1|1|Order Type Master 1|1|6852.00|0.00|6852.00|0.00|0.00|0.00|6852.00|0.00|6852.00|1|6852.00|1|0|0.00|0.00|0.00|51|12
FPMI|Restaurante|1|Restaurante|1|AGUA MANANTIAL SIN GAS 500 ML CON LIMON| |9606137|AGUA MANANTIAL SIN GAS 500 ML CON LIMON| |9606137|Major Group 20|20|Major Group 20|20|Family Group 3000|3000|Family Group 3000|3000|OT1|1|Order Type Master 1|1|8519.00|0.00|8519.00|0.00|0.00|0.00|8519.00|0.00|8519.00|1|8519.00|1|0|0.00|0.00|0.00|55|13
FPMI|Restaurante|1|Restaurante|1|LIMONADA DE PANELA| |9604067|LIMONADA DE PANELA| |9604067|Major Group 20|20|Major Group 20|20|Family Group 3000|3000|Family Group 3000|3000|OT1|1|Order Type Master 1|1|9074.00|0.00|9074.00|0.00|0.00|0.00|9074.00|0.00|9074.00|1|9074.00|1|0|0.00|0.00|0.00|47|11
FPMI|Domicilios|20|Domicilios|20|AGUA MANANTIAL CON GAS 300 ML| |9606136|AGUA MANANTIAL CON GAS 300 ML| |9606136|Major Group 20|20|Major Group 20|20|Family Group 3000|3000|Family Group 3000|3000|OT2|2|Order Type Master 2|2|6389.00|0.00|6389.00|0.00|0.00|0.00|6389.00|0.00|6389.00|73|6389.00|1|0|0.00|0.00|0.00|67|16
FPMI|Restaurante|1|Restaurante|1|PICADA INDIVIDUAL  ENSALADA| |9502579|PICADA INDIVIDUAL  ENSALADA| |9502579|Major Group 10|10|Major Group 10|10|Family Group 1008|1008|Family Group 1008|1008|OT1|1|Order Type Master 1|1|38704.00|0.00|38704.00|0.00|0.00|0.00|38704.00|0.00|38704.00|1|38704.00|1|0|0.00|0.00|0.00|61|15
FPMI|Restaurante|1|Restaurante|1|MJE ALM| |90000037|MJE ALM| |90000037|Major Group 10|10|Major Group 10|10|Family Group 1008|1008|Family Group 1008|1008|OT1|1|Order Type Master 1|1|0.00|0.00|0.00|0.00|0.00|0.00|0.00|0.00|0.00|1|0.00|1|0|0.00|0.00|0.00|57|14
FPMI|Restaurante|1|Restaurante|1|COMO ENTRADA| |90000038|COMO ENTRADA| |90000038|Major Group 10|10|Major Group 10|10|Family Group 1008|1008|Family Group 1008|1008|OT1|1|Order Type Master 1|1|0.00|0.00|0.00|0.00|0.00|0.00|0.00|0.00|0.00|1|0.00|1|0|0.00|0.00|0.00|58|14
FPMI|Restaurante|1|Restaurante|1|COMO ENTRADA| |90000038|COMO ENTRADA| |90000038|Major Group 10|10|Major Group 10|10|Family Group 1008|1008|Family Group 1008|1008|OT1|1|Order Type Master 1|1|0.00|0.00|0.00|0.00|0.00|0.00|0.00|0.00|0.00|41|0.00|1|0|0.00|0.00|0.00|52|12
FPMI|Restaurante|1|Restaurante|1|CAZUELA DE FRIJOLES| |9520032|CAZUELA DE FRIJOLES| |9520032|Major Group 10|10|Major Group 10|10|Family Group 1008|1008|Family Group 1008|1008|OT1|1|Order Type Master 1|1|36852.00|0.00|36852.00|0.00|0.00|0.00|36852.00|0.00|36852.00|1|36852.00|1|0|0.00|0.00|0.00|56|13
FPMI|Restaurante|1|Restaurante|1|ENSALADA FRESCA ACOMPANAMIENTO| |9500164|ENSALADA FRESCA ACOMPANAMIENTO| |9500164|Major Group 10|10|Major Group 10|10|Family Group 1008|1008|Family Group 1008|1008|OT1|1|Order Type Master 1|1|7222.00|0.00|7222.00|0.00|0.00|0.00|7222.00|0.00|7222.00|1|7222.00|1|0|0.00|0.00|0.00|73|18
FPMI|Restaurante|1|Restaurante|1|ADICION DE AGUACATE 100 gr| |9500032|ADICION DE AGUACATE 100 gr| |9500032|Major Group 10|10|Major Group 10|10|Family Group 1008|1008|Family Group 1008|1008|OT1|1|Order Type Master 1|1|5648.00|0.00|5648.00|0.00|0.00|0.00|5648.00|0.00|5648.00|1|5648.00|1|0|0.00|0.00|0.00|61|15
FPMI|Restaurante|1|Restaurante|1|PINCHO DE LOMO X 100 GRS| |9502526|PINCHO DE LOMO X 100 GRS| |9502526|Major Group 10|10|Major Group 10|10|Family Group 1008|1008|Family Group 1008|1008|OT1|1|Order Type Master 1|1|18333.00|0.00|18333.00|0.00|0.00|0.00|18333.00|0.00|18333.00|1|18333.00|1|0|0.00|0.00|0.00|48|11
FPMI|Restaurante|1|Restaurante|1|BANDEJA PAISA| |9520036|BANDEJA PAISA| |9520036|Major Group 10|10|Major Group 10|10|Family Group 1008|1008|Family Group 1008|1008|OT1|1|Order Type Master 1|1|42500.00|0.00|42500.00|0.00|0.00|0.00|42500.00|0.00|42500.00|1|42500.00|1|0|0.00|0.00|0.00|52|12
FPMI|Restaurante|1|Restaurante|1|CALENTADO PAISA| |9518008|CALENTADO PAISA| |9518008|Major Group 10|10|Major Group 10|10|Family Group 1008|1008|Family Group 1008|1008|OT1|1|Order Type Master 1|1|35093.00|0.00|35093.00|0.00|0.00|0.00|35093.00|0.00|35093.00|1|35093.00|1|0|0.00|0.00|0.00|47|11
FPMI|Domicilios|20|Domicilios|20|EMPANADA CACHACA| |9528008|EMPANADA CACHACA| |9528008|Major Group 10|10|Major Group 10|10|Family Group 1008|1008|Family Group 1008|1008|OT2|2|Order Type Master 2|2|12222.00|0.00|12222.00|0.00|0.00|0.00|12222.00|0.00|12222.00|73|12222.00|2|0|0.00|0.00|0.00|78|19
FPMI|Domicilios|20|Domicilios|20|CAZUELA DE FRIJOLES| |9520032|CAZUELA DE FRIJOLES| |9520032|Major Group 10|10|Major Group 10|10|Family Group 1008|1008|Family Group 1008|1008|OT2|2|Order Type Master 2|2|36852.00|0.00|36852.00|0.00|0.00|0.00|36852.00|0.00|36852.00|73|36852.00|1|0|0.00|0.00|0.00|60|14
FPMI|Domicilios|20|Domicilios|20|LOMO NINOS| |9542013|LOMO NINOS| |9542013|Major Group 10|10|Major Group 10|10|Family Group 1008|1008|Family Group 1008|1008|OT2|2|Order Type Master 2|2|25926.00|0.00|25926.00|0.00|0.00|0.00|25926.00|0.00|25926.00|81|25926.00|1|0|0.00|0.00|0.00|60|14
FPMI|Domicilios|20|Domicilios|20|CANASTA MINI FRITANGUERA| |9502525|CANASTA MINI FRITANGUERA| |9502525|Major Group 10|10|Major Group 10|10|Family Group 1008|1008|Family Group 1008|1008|OT2|2|Order Type Master 2|2|22130.00|0.00|22130.00|0.00|0.00|0.00|22130.00|0.00|22130.00|73|22130.00|1|0|0.00|0.00|0.00|56|13
FPMI|Domicilios|20|Domicilios|20|CUCHUCO CON ESPINAZO| |9520020|CUCHUCO CON ESPINAZO| |9520020|Major Group 10|10|Major Group 10|10|Family Group 1008|1008|Family Group 1008|1008|OT2|2|Order Type Master 2|2|34167.00|0.00|34167.00|0.00|0.00|0.00|34167.00|0.00|34167.00|73|34167.00|1|0|0.00|0.00|0.00|56|13
FPMI|Plataformas|21|Plataformas|21|CANASTA DE 4 EMPANADAS DE CARNE| |9528034|CANASTA DE 4 EMPANADAS DE CARNE| |9528034|Major Group 10|10|Major Group 10|10|Family Group 1008|1008|Family Group 1008|1008|OT7|7|Order Type Master 7|7|23611.00|0.00|23611.00|0.00|0.00|0.00|23611.00|0.00|23611.00|153|23611.00|1|0|0.00|0.00|0.00|81|20
FPMI|Plataformas|21|Plataformas|21|CAZUELA DE FRIJOLES| |9520032|CAZUELA DE FRIJOLES| |9520032|Major Group 10|10|Major Group 10|10|Family Group 1008|1008|Family Group 1008|1008|OT7|7|Order Type Master 7|7|38611.00|0.00|38611.00|0.00|0.00|0.00|38611.00|0.00|38611.00|153|38611.00|1|0|0.00|0.00|0.00|51|12
FPMI|Plataformas|21|Plataformas|21|BANDEJA PAISA| |9520036|BANDEJA PAISA| |9520036|Major Group 10|10|Major Group 10|10|Family Group 1008|1008|Family Group 1008|1008|OT7|7|Order Type Master 7|7|89074.00|0.00|89074.00|0.00|0.00|0.00|89074.00|0.00|89074.00|153|89074.00|2|0|0.00|0.00|0.00|50|12
FPMI|Plataformas|21|Plataformas|21|CAZUELA DE FRIJOLES| |9520032|CAZUELA DE FRIJOLES| |9520032|Major Group 10|10|Major Group 10|10|Family Group 1008|1008|Family Group 1008|1008|OT7|7|Order Type Master 7|7|38611.00|0.00|38611.00|0.00|0.00|0.00|38611.00|0.00|38611.00|153|38611.00|1|0|0.00|0.00|0.00|46|11
FPMI|Plataformas|21|Plataformas|21|Mod 3/4| |980000004|Mod 3/4| |980000004|Major Group 10|10|Major Group 10|10|Family Group 1008|1008|Family Group 1008|1008|OT7|7|Order Type Master 7|7|0.00|0.00|0.00|0.00|0.00|0.00|0.00|0.00|0.00|1|0.00|1|0|0.00|0.00|0.00|51|12
FPMI|Plataformas|21|Plataformas|21|TORTA MILKYWAY| |9514163|TORTA MILKYWAY| |9514163|Major Group 10|10|Major Group 10|10|Family Group 1008|1008|Family Group 1008|1008|OT7|7|Order Type Master 7|7|11944.00|0.00|11944.00|0.00|0.00|0.00|11944.00|0.00|11944.00|161|11944.00|1|0|0.00|0.00|0.00|83|20
FPMI|Restaurante|1|Restaurante|1|AGUA MANANTIAL CON GAS 300 ML CON LIMON| |9606138|AGUA MANANTIAL CON GAS 300 ML CON LIMON| |9606138|Major Group 20|20|Major Group 20|20|Family Group 3000|3000|Family Group 3000|3000|OT1|1|Order Type Master 1|1|13704.00|0.00|13704.00|0.00|0.00|0.00|13704.00|0.00|13704.00|1|13704.00|2|0|0.00|0.00|0.00|61|15
FPMI|Restaurante|1|Restaurante|1|LIMONADA HIERBABUENA| |9604066|LIMONADA HIERBABUENA| |9604066|Major Group 20|20|Major Group 20|20|Family Group 3000|3000|Family Group 3000|3000|OT1|1|Order Type Master 1|1|8519.00|0.00|8519.00|0.00|0.00|0.00|8519.00|0.00|8519.00|1|8519.00|1|0|0.00|0.00|0.00|64|15
FPMI|Domicilios|20|Domicilios|20|JUGO DE MANGO EN AGUA| |9604156|JUGO DE MANGO EN AGUA| |9604156|Major Group 20|20|Major Group 20|20|Family Group 3000|3000|Family Group 3000|3000|OT2|2|Order Type Master 2|2|10093.00|0.00|10093.00|0.00|0.00|0.00|10093.00|0.00|10093.00|73|10093.00|1|0|0.00|0.00|0.00|51|12
FPMI|Domicilios|20|Domicilios|20|JUGO DE MANDARINA| |9604044|JUGO DE MANDARINA| |9604044|Major Group 20|20|Major Group 20|20|Family Group 3000|3000|Family Group 3000|3000|OT2|2|Order Type Master 2|2|28148.00|0.00|28148.00|0.00|0.00|0.00|28148.00|0.00|28148.00|73|28148.00|2|0|0.00|0.00|0.00|56|13
FPMI|Plataformas|21|Plataformas|21|LIMONADA DE PANELA| |9604067|LIMONADA DE PANELA| |9604067|Major Group 20|20|Major Group 20|20|Family Group 3000|3000|Family Group 3000|3000|OT7|7|Order Type Master 7|7|9537.00|0.00|9537.00|0.00|0.00|0.00|9537.00|0.00|9537.00|153|9537.00|1|0|0.00|0.00|0.00|79|19
FPMI|Restaurante|1|Restaurante|1|TRES LECHES| |9514016|TRES LECHES| |9514016|Major Group 10|10|Major Group 10|10|Family Group 1008|1008|Family Group 1008|1008|OT1|1|Order Type Master 1|1|12500.00|0.00|12500.00|0.00|0.00|0.00|12500.00|0.00|12500.00|1|12500.00|1|0|0.00|0.00|0.00|55|13
FPMI|Restaurante|1|Restaurante|1|CHICHARRON 90 gr| |9528024|CHICHARRON 90 gr| |9528024|Major Group 10|10|Major Group 10|10|Family Group 1008|1008|Family Group 1008|1008|OT1|1|Order Type Master 1|1|26667.00|0.00|26667.00|0.00|0.00|0.00|26667.00|0.00|26667.00|1|26667.00|1|0|0.00|0.00|0.00|52|12
FPMI|Restaurante|1|Restaurante|1|Mod 1/2| |980000002|Mod 1/2| |980000002|Major Group 10|10|Major Group 10|10|Family Group 1008|1008|Family Group 1008|1008|OT1|1|Order Type Master 1|1|0.00|0.00|0.00|0.00|0.00|0.00|0.00|0.00|0.00|1|0.00|1|0|0.00|0.00|0.00|73|18
FPMI|Restaurante|1|Restaurante|1|CHICHARRON 90 gr| |9528024|CHICHARRON 90 gr| |9528024|Major Group 10|10|Major Group 10|10|Family Group 1008|1008|Family Group 1008|1008|OT1|1|Order Type Master 1|1|26667.00|0.00|26667.00|0.00|0.00|0.00|26667.00|0.00|26667.00|1|26667.00|1|0|0.00|0.00|0.00|50|12
FPMI|Restaurante|1|Restaurante|1|AJIACO  POLLO| |9520008|AJIACO  POLLO| |9520008|Major Group 10|10|Major Group 10|10|Family Group 1008|1008|Family Group 1008|1008|OT1|1|Order Type Master 1|1|34074.00|0.00|34074.00|0.00|0.00|0.00|34074.00|0.00|34074.00|1|34074.00|1|0|0.00|0.00|0.00|58|14
FPMI|Restaurante|1|Restaurante|1|SALMON A LA PLANCHA 200 gr ENSALADA| |9504162|SALMON A LA PLANCHA 200 gr ENSALADA| |9504162|Major Group 10|10|Major Group 10|10|Family Group 1008|1008|Family Group 1008|1008|OT1|1|Order Type Master 1|1|49815.00|0.00|49815.00|0.00|0.00|0.00|49815.00|0.00|49815.00|1|49815.00|1|0|0.00|0.00|0.00|58|14
FPMI|Restaurante|1|Restaurante|1|Mod BienAsado| |980000006|Mod BienAsado| |980000006|Major Group 10|10|Major Group 10|10|Family Group 1008|1008|Family Group 1008|1008|OT1|1|Order Type Master 1|1|0.00|0.00|0.00|0.00|0.00|0.00|0.00|0.00|0.00|1|0.00|1|0|0.00|0.00|0.00|58|14
FPMI|Restaurante|1|Restaurante|1|Mensaje Bebidas 2024| |980000095|Mensaje Bebidas 2024| |980000095|Major Group 10|10|Major Group 10|10|Family Group 1008|1008|Family Group 1008|1008|OT1|1|Order Type Master 1|1|0.00|0.00|0.00|0.00|0.00|0.00|0.00|0.00|0.00|1|0.00|2|0|0.00|0.00|0.00|52|12
FPMI|Restaurante|1|Restaurante|1|ENTRECOT 180 gr  ARROZ| |9502508|ENTRECOT 180 gr  ARROZ| |9502508|Major Group 10|10|Major Group 10|10|Family Group 1008|1008|Family Group 1008|1008|OT1|1|Order Type Master 1|1|36852.00|0.00|36852.00|0.00|0.00|0.00|36852.00|0.00|36852.00|1|36852.00|1|0|0.00|0.00|0.00|55|13
FPMI|Restaurante|1|Restaurante|1|BISTEC CHURRASCO 250 gr ARROZ| |9502433|BISTEC CHURRASCO 250 gr ARROZ| |9502433|Major Group 10|10|Major Group 10|10|Family Group 1008|1008|Family Group 1008|1008|OT1|1|Order Type Master 1|1|55370.00|0.00|55370.00|0.00|0.00|0.00|55370.00|0.00|55370.00|1|55370.00|1|0|0.00|0.00|0.00|51|12
FPMI|Restaurante|1|Restaurante|1|ENTRECOT 180 gr  FRANCESA| |9502504|ENTRECOT 180 gr  FRANCESA| |9502504|Major Group 10|10|Major Group 10|10|Family Group 1008|1008|Family Group 1008|1008|OT1|1|Order Type Master 1|1|36852.00|0.00|36852.00|0.00|0.00|0.00|36852.00|0.00|36852.00|1|36852.00|1|0|0.00|0.00|0.00|53|13
FPMI|Restaurante|1|Restaurante|1|MADURITOS| |9500252|MADURITOS| |9500252|Major Group 10|10|Major Group 10|10|Family Group 1008|1008|Family Group 1008|1008|OT1|1|Order Type Master 1|1|3426.00|0.00|3426.00|0.00|0.00|0.00|3426.00|0.00|3426.00|1|3426.00|1|0|0.00|0.00|0.00|53|13
FPMI|Domicilios|20|Domicilios|20|SALMON A LA PLANCHA 200 gr ENSALADA| |9504162|SALMON A LA PLANCHA 200 gr ENSALADA| |9504162|Major Group 10|10|Major Group 10|10|Family Group 1008|1008|Family Group 1008|1008|OT2|2|Order Type Master 2|2|49815.00|0.00|49815.00|0.00|0.00|0.00|49815.00|0.00|49815.00|73|49815.00|1|0|0.00|0.00|0.00|52|12
FPMI|Plataformas|21|Plataformas|21|Mod BienAsado| |980000006|Mod BienAsado| |980000006|Major Group 10|10|Major Group 10|10|Family Group 1008|1008|Family Group 1008|1008|OT7|7|Order Type Master 7|7|0.00|0.00|0.00|0.00|0.00|0.00|0.00|0.00|0.00|1|0.00|1|0|0.00|0.00|0.00|46|11
FPMI|Plataformas|21|Plataformas|21|PUNTA DE ANCA 250 gr ENSALADA| |9502234|PUNTA DE ANCA 250 gr ENSALADA| |9502234|Major Group 10|10|Major Group 10|10|Family Group 1008|1008|Family Group 1008|1008|OT7|7|Order Type Master 7|7|57130.00|0.00|57130.00|0.00|0.00|0.00|57130.00|0.00|57130.00|153|57130.00|1|0|0.00|0.00|0.00|81|20
FPMI|Restaurante|1|Restaurante|1|GASEOSA 400 ml| |9606131|GASEOSA 400 ml| |9606131|Major Group 20|20|Major Group 20|20|Family Group 3000|3000|Family Group 3000|3000|OT1|1|Order Type Master 1|1|7593.00|0.00|7593.00|0.00|0.00|0.00|7593.00|0.00|7593.00|1|7593.00|1|0|0.00|0.00|0.00|73|18
FPMI|Restaurante|1|Restaurante|1|JUGO DE MANDARINA| |9604044|JUGO DE MANDARINA| |9604044|Major Group 20|20|Major Group 20|20|Family Group 3000|3000|Family Group 3000|3000|OT1|1|Order Type Master 1|1|14074.00|0.00|14074.00|0.00|0.00|0.00|14074.00|0.00|14074.00|1|14074.00|1|0|0.00|0.00|0.00|53|13
FPMI|Restaurante|1|Restaurante|1|GASEOSA 400 ml| |9606131|GASEOSA 400 ml| |9606131|Major Group 20|20|Major Group 20|20|Family Group 3000|3000|Family Group 3000|3000|OT1|1|Order Type Master 1|1|-7593.00|0.00|-7593.00|0.00|0.00|0.00|-7593.00|0.00|-7593.00|1|-7593.00|-1|0|0.00|0.00|0.00|64|15
FPMI|Domicilios|20|Domicilios|20|GASEOSA 400 ml| |9606131|GASEOSA 400 ml| |9606131|Major Group 20|20|Major Group 20|20|Family Group 3000|3000|Family Group 3000|3000|OT2|2|Order Type Master 2|2|7593.00|0.00|7593.00|0.00|0.00|0.00|7593.00|0.00|7593.00|73|7593.00|1|0|0.00|0.00|0.00|54|13
FPMI|Domicilios|20|Domicilios|20|AGUA MANANTIAL SIN GAS 500 ML| |9606135|AGUA MANANTIAL SIN GAS 500 ML| |9606135|Major Group 20|20|Major Group 20|20|Family Group 3000|3000|Family Group 3000|3000|OT2|2|Order Type Master 2|2|8148.00|0.00|8148.00|0.00|0.00|0.00|8148.00|0.00|8148.00|73|8148.00|1|0|0.00|0.00|0.00|76|18
FPMI|Restaurante|1|Restaurante|1|TRUCHA A LA PLANCHA 350 gr ENSALADA| |9504163|TRUCHA A LA PLANCHA 350 gr ENSALADA| |9504163|Major Group 10|10|Major Group 10|10|Family Group 1008|1008|Family Group 1008|1008|OT1|1|Order Type Master 1|1|35741.00|0.00|35741.00|0.00|0.00|0.00|35741.00|0.00|35741.00|1|35741.00|1|0|0.00|0.00|0.00|57|14
FPMI|Restaurante|1|Restaurante|1|MADURITOS| |9500252|MADURITOS| |9500252|Major Group 10|10|Major Group 10|10|Family Group 1008|1008|Family Group 1008|1008|OT1|1|Order Type Master 1|1|10278.00|0.00|10278.00|0.00|0.00|0.00|10278.00|0.00|10278.00|1|10278.00|3|0|0.00|0.00|0.00|58|14
FPMI|Restaurante|1|Restaurante|1|TRUCHA A LA PLANCHA 350 gr ARROZ| |9504165|TRUCHA A LA PLANCHA 350 gr ARROZ| |9504165|Major Group 10|10|Major Group 10|10|Family Group 1008|1008|Family Group 1008|1008|OT1|1|Order Type Master 1|1|35741.00|0.00|35741.00|0.00|0.00|0.00|35741.00|0.00|35741.00|1|35741.00|1|0|0.00|0.00|0.00|53|13
FPMI|Restaurante|1|Restaurante|1|CARNE MOLIDA| |9500108|CARNE MOLIDA| |9500108|Major Group 10|10|Major Group 10|10|Family Group 1008|1008|Family Group 1008|1008|OT1|1|Order Type Master 1|1|7870.00|0.00|7870.00|0.00|0.00|0.00|7870.00|0.00|7870.00|1|7870.00|1|0|0.00|0.00|0.00|56|13
FPMI|Restaurante|1|Restaurante|1|BISTEC ENTRECOT 180 gr  ARROZ | |9502522|BISTEC ENTRECOT 180 gr  ARROZ | |9502522|Major Group 10|10|Major Group 10|10|Family Group 1008|1008|Family Group 1008|1008|OT1|1|Order Type Master 1|1|38704.00|0.00|38704.00|0.00|0.00|0.00|38704.00|0.00|38704.00|1|38704.00|1|0|0.00|0.00|0.00|56|13
FPMI|Restaurante|1|Restaurante|1|BISTEC CHURRASCO 250 gr ARROZ| |9502433|BISTEC CHURRASCO 250 gr ARROZ| |9502433|Major Group 10|10|Major Group 10|10|Family Group 1008|1008|Family Group 1008|1008|OT1|1|Order Type Master 1|1|55370.00|0.00|55370.00|0.00|0.00|0.00|55370.00|0.00|55370.00|1|55370.00|1|0|0.00|0.00|0.00|73|18
FPMI|Restaurante|1|Restaurante|1|ADICION DE AGUACATE 100 gr| |9500032|ADICION DE AGUACATE 100 gr| |9500032|Major Group 10|10|Major Group 10|10|Family Group 1008|1008|Family Group 1008|1008|OT1|1|Order Type Master 1|1|5648.00|0.00|5648.00|0.00|0.00|0.00|5648.00|0.00|5648.00|1|5648.00|1|0|0.00|0.00|0.00|58|14
FPMI|Restaurante|1|Restaurante|1|SOPA DE VERDURAS| |9520050|SOPA DE VERDURAS| |9520050|Major Group 10|10|Major Group 10|10|Family Group 1008|1008|Family Group 1008|1008|OT1|1|Order Type Master 1|1|13148.00|0.00|13148.00|0.00|0.00|0.00|13148.00|0.00|13148.00|1|13148.00|1|0|0.00|0.00|0.00|61|15
FPMI|Restaurante|1|Restaurante|1|Mod 3/4| |980000004|Mod 3/4| |980000004|Major Group 10|10|Major Group 10|10|Family Group 1008|1008|Family Group 1008|1008|OT1|1|Order Type Master 1|1|0.00|0.00|0.00|0.00|0.00|0.00|0.00|0.00|0.00|1|0.00|2|0|0.00|0.00|0.00|61|15
FPMI|Restaurante|1|Restaurante|1|PAPA FRANCESA| |9500452|PAPA FRANCESA| |9500452|Major Group 10|10|Major Group 10|10|Family Group 1008|1008|Family Group 1008|1008|OT1|1|Order Type Master 1|1|7222.00|0.00|7222.00|0.00|0.00|0.00|7222.00|0.00|7222.00|1|7222.00|1|0|0.00|0.00|0.00|51|12
FPMI|Restaurante|1|Restaurante|1|Mensaje Bebidas 2024| |980000095|Mensaje Bebidas 2024| |980000095|Major Group 10|10|Major Group 10|10|Family Group 1008|1008|Family Group 1008|1008|OT1|1|Order Type Master 1|1|0.00|0.00|0.00|0.00|0.00|0.00|0.00|0.00|0.00|1|0.00|1|0|0.00|0.00|0.00|53|13
FPMI|Restaurante|1|Restaurante|1|AREPA DE CHOCOLO| |9506036|AREPA DE CHOCOLO| |9506036|Major Group 10|10|Major Group 10|10|Family Group 1008|1008|Family Group 1008|1008|OT1|1|Order Type Master 1|1|20185.00|0.00|20185.00|0.00|0.00|0.00|20185.00|0.00|20185.00|1|20185.00|1|0|0.00|0.00|0.00|64|15
FPMI|Domicilios|20|Domicilios|20|Mod 3/4| |980000004|Mod 3/4| |980000004|Major Group 10|10|Major Group 10|10|Family Group 1008|1008|Family Group 1008|1008|OT2|2|Order Type Master 2|2|0.00|0.00|0.00|0.00|0.00|0.00|0.00|0.00|0.00|1|0.00|1|0|0.00|0.00|0.00|60|14
FPMI|Domicilios|20|Domicilios|20|MADURITOS| |9500252|MADURITOS| |9500252|Major Group 10|10|Major Group 10|10|Family Group 1008|1008|Family Group 1008|1008|OT2|2|Order Type Master 2|2|3426.00|0.00|3426.00|0.00|0.00|0.00|3426.00|0.00|3426.00|73|3426.00|1|0|0.00|0.00|0.00|56|13
FPMI|Domicilios|20|Domicilios|20|BISTEC ENTRECOT 180 gr  FRANCESA| |9502518|BISTEC ENTRECOT 180 gr  FRANCESA| |9502518|Major Group 10|10|Major Group 10|10|Family Group 1008|1008|Family Group 1008|1008|OT2|2|Order Type Master 2|2|38704.00|0.00|38704.00|0.00|0.00|0.00|38704.00|0.00|38704.00|73|38704.00|1|0|0.00|0.00|0.00|56|13
FPMI|Plataformas|21|Plataformas|21|PAPA FRANCESA| |9500452|PAPA FRANCESA| |9500452|Major Group 10|10|Major Group 10|10|Family Group 1008|1008|Family Group 1008|1008|OT7|7|Order Type Master 7|7|7500.00|0.00|7500.00|0.00|0.00|0.00|7500.00|0.00|7500.00|153|7500.00|1|0|0.00|0.00|0.00|79|19
FPMI|Plataformas|21|Plataformas|21|PECHUGA A LA PARRILLA 230 gr ARROZ| |9506120|PECHUGA A LA PARRILLA 230 gr ARROZ| |9506120|Major Group 10|10|Major Group 10|10|Family Group 1008|1008|Family Group 1008|1008|OT7|7|Order Type Master 7|7|52038.00|0.00|52038.00|0.00|0.00|0.00|52038.00|0.00|52038.00|153|52038.00|2|0|0.00|0.00|0.00|51|12
